Environmental Parameters/RCP 85/2050/Net_Primary_Production.asc
ncols 720
nrows 360
xllcorner -180.00
yllcorner -90.00
cellsize 0.5
NODATA_value -9999
[rows 0 to 24 of 360, columns 504 to 559 of 720]
0.743707293 0.743715063 0.747722544 0.747729762 0.747736747 0.747743412 0.747749873 0.738005445 0.737925468 0.73784549 0.737765513 0.73868563 0.73860577 0.738525967 0.738446135 0.738366332 0.738286559 0.738206785 0.738127041 0.738047296 0.737967552 0.737887836 0.737808121 0.737728376 0.737648661 0.737568946 0.737489172 0.738409435 0.738329662 0.738249859 0.740170042 0.74009021 0.740010379 0.739930489 0.73985057 0.739770592 0.739690586 0.73152408 0.73152507 0.731526117 0.731527165 0.731528271 0.731529464 0.731530687 0.732531946 0.732533226 0.732534536 0.732535962 0.732537388 0.732538902 0.732540444 0.732541987 0.732543675 0.732545363 0.732547109 0.732548855
0.74163446 0.741475204 0.741323107 0.742177974 0.743039593 0.742907927 0.740782707 0.735202135 0.734660774 0.734119647 0.734578789 0.734038127 0.733497698 0.732957444 0.733417372 0.732877437 0.732337619 0.732797926 0.732258311 0.731718814 0.731179345 0.730639906 0.731100474 0.729561027 0.729021558 0.728482089 0.727942475 0.727402803 0.726863072 0.727323204 0.726783124 0.726242928 0.72870258 0.728162006 0.727621198 0.729080115 0.728538842 0.719225616 0.719295145 0.719368283 0.720445183 0.720525859 0.720610464 0.720699056 0.724791695 0.725888298 0.725989114 0.726093887 0.726202532 0.726314378 0.726425555 0.727465434 0.727364852 0.728303683 0.728618063 0.728923245
0.751767308 0.7512382 0.755752553 0.755341636 0.756039051 0.755872636 0.755856046 0.758983428 0.75923148 0.75956824 0.759961549 0.761384494 0.76281678 0.764244294 0.764658151 0.765052886 0.754047476 0.75392751 0.75480598 0.754683337 0.754559936 0.756436057 0.757311966 0.757187983 0.757064379 0.756941445 0.7568195 0.756699039 0.75658047 0.757942296 0.757826056 0.756705296 0.755582238 0.754460401 0.753344968 0.750243082 0.749163417 0.748115388 0.745106721 0.744140852 0.744215504 0.743323821 0.74245641 0.741604104 0.740758871 0.736914808 0.736067479 0.734214118 0.733352965 0.732482964 0.732603774 0.732715416 0.731817971 0.731912005 0.715731003 0.714124297
0.741853873 0.741826458 0.742791395 0.741747295 0.74069362 0.737629947 0.736557471 0.735478359 0.734396541 0.733316963 0.733245251 0.732185727 0.732141372 0.730112864 0.728099199 0.727097882 0.727106322 0.725121499 0.724141253 0.723163685 0.722187397 0.718762865 0.718977302 0.727584644 0.727562467 0.726541039 0.726521743 0.726506027 0.725496007 0.725494087 0.725502905 0.72552482 0.725561433 0.727612438 0.727675972 0.727748062 0.727823994 0.728898711 0.728968356 0.728030311 0.729083142 0.731126813 0.73116197 0.731189561 0.732210785 0.733226741 0.729657302 0.729002728 0.729331048 0.718469499 0.719510048 0.717557617 0.717612769 0.718675932 0.718747062 0.723825477
0.816140207 0.813847757 0.807580043 0.804343377 0.801146613 0.792002276 0.770110433 0.766232901 0.761365663 0.759499875 0.758618407 0.757695467 0.753705419 0.751640036 0.750516192 0.742362463 0.741203141 0.741053023 0.739918876 0.739802752 0.745773403 0.745436817 0.746103236 0.745768135 0.744426594 0.745325349 0.747536513 0.747775688 0.748034683 0.749293831 0.750517938 0.750660256 0.752683671 0.753587956 0.755409506 0.756193331 0.756972382 0.762764801 0.771038001 0.772243598 0.773454783 0.774670101 0.776888715 0.785109936 0.786333199 0.789558137 0.789386017 0.790943915 0.796582608 0.798303023 0.803082017 0.806462165 0.805790653 0.804875628 0.807136938 0.807476172
0.890043244 0.891082193 0.89112253 0.876070379 0.867888448 0.862651301 0.856379484 0.855085149 0.852775702 0.848455966 0.836129446 0.825840223 0.823200506 0.82462345 0.821952388 0.821516936 0.817123073 0.81579361 0.812696759 0.811607257 0.809517776 0.809428282 0.806338707 0.802249124 0.805159681 0.80407018 0.802980678 0.800646521 0.799302041 0.798897236 0.796947686 0.799355767 0.799706671 0.796003209 0.788444857 0.787087862 0.788736157 0.786392164 0.784059841 0.783745141 0.781458104 0.783436932 0.781527255 0.779598282 0.780874951 0.780738337 0.781370472 0.782486459 0.783723139 0.784883276 0.785893295 0.786739198 0.778527581 0.778225192 0.775574095 0.774544722
0.919073645 0.91757311 0.910136732 0.906863948 0.899786362 0.897860562 0.89201791 0.892204378 0.867522496 0.862979941 0.857615756 0.858277694 0.857871608 0.858423009 0.858010782 0.858774438 0.858823885 0.859113352 0.858502608 0.856887462 0.846912415 0.843103713 0.837284053 0.831469952 0.829533034 0.823153154 0.819749199 0.813406281 0.810265657 0.807420845 0.802801864 0.803259987 0.800692884 0.800060487 0.779023336 0.776787318 0.774590997 0.768829195 0.770690123 0.768602709 0.76962114 0.770792045 0.771111605 0.772511878 0.772904459 0.775231078 0.773474545 0.773643347 0.773838576 0.770221668 0.772315689 0.77153524 0.770927494 0.775520602 0.77931062 0.780726201
0.953968964 0.942455285 0.92772182 0.910925737 0.901944644 0.893711811 0.886315538 0.881900574 0.872550881 0.866285875 0.865343463 0.854911923 0.852950179 0.852988189 0.854015903 0.852017401 0.854980492 0.857910811 0.857830863 0.860760658 0.862707908 0.864671281 0.842233741 0.843250687 0.844275579 0.844309601 0.850350771 0.85039041 0.851416087 0.850421289 0.852410187 0.853391102 0.85337073 0.847761577 0.839972694 0.837124855 0.833329745 0.829583354 0.82784734 0.826037693 0.818075961 0.815974898 0.810811296 0.803272706 0.797553366 0.793098472 0.790965016 0.789910118 0.789935555 0.788177276 0.791096507 0.796311971 0.798378431 0.802653987 0.80516818 0.811825972
0.948931935 0.943774823 0.925975881 0.903993554 0.896213634 0.880549254 0.879053463 0.874962192 0.871404307 0.865924289 0.858320273 0.854811515 0.849325879 0.846889801 0.828846009 0.828103599 0.829236989 0.828304939 0.827178097 0.825822179 0.83387937 0.833070313 0.834263657 0.835455779 0.823131093 0.827361248 0.833566417 0.834228209 0.832673541 0.830480072 0.832057704 0.829127996 0.82514892 0.822145637 0.82013561 0.807301112 0.809965481 0.809670921 0.806590047 0.800258422 0.79679073 0.79442226 0.788348698 0.782012037 0.774331333 0.76819965 0.758414273 0.759567891 0.758958107 0.758977025 0.763819116 0.770427228 0.773674838 0.778680784 0.781554932 0.785403012
1.025303878 1.016899332 0.998617936 0.967905566 0.938254467 0.913373486 0.896011596 0.888807728 0.875457277 0.870278483 0.866594288 0.84788457 0.841261557 0.833482918 0.826644391 0.806089345 0.806447701 0.807774049 0.81115283 0.814832514 0.806988188 0.807780569 0.80556405 0.80335181 0.802162976 0.799491099 0.796691253 0.797016633 0.797989109 0.787655299 0.784483971 0.783319265 0.781174778 0.781171897 0.779832422 0.779008871 0.777867186 0.780420232 0.780757022 0.778434216 0.777912384 0.778469548 0.77994293 0.779319467 0.779616908 0.786940131 0.787935773 0.789096841 0.790327962 0.792569946 0.794762716 0.797845278 0.799769477 0.805851276 0.812185142 0.81639408
1.093219238 1.0944526 1.065530669 1.034046756 1.004200749 0.991235167 0.944578293 0.938432873 0.918211706 0.914957258 0.907800946 0.90581947 0.903937267 0.870530435 0.863754365 0.83964775 0.837259809 0.836881925 0.836779509 0.837033644 0.836399093 0.825660798 0.82439743 0.815909501 0.815036561 0.815149921 0.81415812 0.813043531 0.811899488 0.809783785 0.803029048 0.791268976 0.790326972 0.788354897 0.787309196 0.786200835 0.784091942 0.783015566 0.782051007 0.785349897 0.785115524 0.784641219 0.78389488 0.792110746 0.794293534 0.795962405 0.798824913 0.803764269 0.810797792 0.818510016 0.823531678 0.829642697 0.834931765 0.837400934 0.840052497 0.844827824
1.11756142 1.125472598 1.111559686 1.067485573 1.028101105 1.00299489 0.968846929 0.927410641 0.897601334 0.889104907 0.883165572 0.877483515 0.869508134 0.863685942 0.861831708 0.82695263 0.824468443 0.822983624 0.820104411 0.818624801 0.814945612 0.813409482 0.82276226 0.822200265 0.81908112 0.817971857 0.816957414 0.816037966 0.81713681 0.8120641 0.812959915 0.812840124 0.812691054 0.811599515 0.81164483 0.811753736 0.809117337 0.809830439 0.807029632 0.805630145 0.802727649 0.80403316 0.807395263 0.811407925 0.822572183 0.827065291 0.827937125 0.831963 0.835727988 0.84048073 0.839156215 0.838486478 0.841763453 0.842996204 0.84413329 0.84506502
1.132519101 1.135141123 1.110039069 1.042107237 0.996618066 0.973504502 0.945680629 0.916232268 0.907557434 0.890929135 0.89065361 0.876182254 0.869675685 0.867238967 0.843744376 0.838291831 0.827894459 0.821689959 0.816948886 0.814753381 0.815703155 0.817100401 0.82032918 0.820524205 0.832561665 0.830694073 0.832380872 0.834938081 0.836819847 0.839747227 0.842682522 0.846259936 0.848391355 0.846233917 0.850506302 0.854875048 0.85736395 0.863023859 0.869080948 0.875504658 0.871672848 0.8768728 0.876047678 0.878639898 0.881364336 0.885518035 0.886572379 0.891553209 0.89447471 0.896323123 0.897139427 0.896979094 0.896876532 0.896534009 0.89547981 0.898305239
1.13409519 1.143202186 1.118474756 1.063912787 1.024399768 0.977782969 0.935730495 0.926294451 0.921095023 0.921240338 0.925821951 0.929571514 0.926950393 0.924123655 0.921710627 0.902422616 0.894451601 0.881060201 0.878337305 0.874163612 0.872867851 0.871985801 0.870249467 0.870499294 0.874079182 0.871242897 0.871894095 0.869864132 0.870793156 0.872706209 0.877707615 0.878170074 0.879762316 0.882529974 0.884211186 0.886978931 0.886430935 0.885394926 0.8842104 0.884071575 0.879044004 0.877871673 0.872692064 0.872659439 0.871913478 0.871398108 0.867966766 0.868686009 0.868622679 0.871624012 0.867968396 0.867108931 0.866980932 0.865754788 0.869234122 0.869888085
1.136258827 1.137380401 1.111048827 1.07705401 1.039094554 0.998767588 0.964392064 0.94627167 0.930838927 0.937413453 0.949522946 0.941648876 0.942917541 0.940078258 0.9379572 0.933117 0.965667539 0.945542764 0.946289307 0.942943909 0.937323261 0.930057606 0.940212398 0.902709173 0.903042586 0.90097182 0.896490994 0.895181904 0.876644946 0.87504508 0.872268924 0.870881282 0.86424136 0.861812587 0.874300487 0.864222035 0.864234433 0.871521042 0.874148682 0.874125835 0.870151591 0.861100096 0.851897843 0.848020485 0.850645563 0.867229915 0.859682448 0.858836022 0.863668858 0.862915127 0.859946973 0.848012598 0.851647608 0.85594086 0.858125888 0.867821131
1.366890967 1.370140555 1.319614879 1.216096251 1.160684536 1.117611158 1.097744011 1.052992389 1.039990864 1.040930685 1.030942716 1.021197415 1.017814036 1.012981171 1.005909056 1.003669691 1.021129108 1.059527189 1.057416754 1.05792773 1.05892733 1.061126532 1.04905304 1.045529265 1.040772098 1.030767336 1.028312137 0.97403914 0.974987401 0.966103282 0.951428316 0.951428985 0.92393253 0.904433808 0.898946833 0.881301385 0.874546968 0.869119278 0.873595651 0.855862309 0.849013828 0.836799853 0.834017177 0.834524544 0.832370657 0.844212773 0.843138609 0.841608038 0.842991823 0.845884628 0.84387105 0.845306466 0.848546013 0.842372378 0.842950569 0.843477217
1.506336499 1.492396405 1.450291515 1.394181221 1.381767477 1.389550685 1.393849467 1.405692834 1.382702991 1.384092466 1.362176146 1.324590063 1.324992336 1.319054514 1.293713634 1.288547763 1.306386752 1.315860689 1.343008276 1.3299977 1.321688003 1.312788198 1.297552197 1.237662684 1.243316889 1.225041138 1.240197773 1.242542698 1.267918356 1.274584996 1.3166508 1.354327193 1.370196231 1.392205042 1.370214159 1.323370758 1.248137152 1.208254136 1.170061936 1.166371017 1.098245062 1.081363152 1.080046757 1.069134538 1.042467804 0.965243933 0.910592295 0.877417217 0.853081277 0.842730762 0.830288904 0.829417259 0.814148894 0.82088288 0.805261399 0.813586521
1.910512714 1.940820861 1.941182389 1.926748228 1.973733073 1.936243934 1.885570673 1.798059064 1.714622282 1.639541733 1.569313812 1.509123831 1.47045395 1.460920641 1.442212553 1.43234586 1.408928278 1.389548357 1.367083954 1.348512655 1.338843314 1.30881666 1.293253968 1.271169982 1.272105321 1.280210156 1.305579266 1.347037789 1.442966226 1.535966003 1.648691949 1.835096569 1.937779598 2.131085144 2.227240824 2.204294957 2.080423874 2.031570009 2.021215536 1.984364964 1.988378266 1.968728233 1.960946538 2.017790161 2.004474401 2.011482662 1.801633567 1.766306785 1.884530386 1.775051089 1.55808439 1.406515075 1.23050253 1.108918863 1.051816886 1.021870208
2.028822899 2.112166869 2.148995583 2.185868827 2.175520407 2.109233668 1.973950653 1.86649416 1.738248917 1.663288567 1.602605975 1.526360633 1.498836267 1.470389892 1.497993479 1.494458527 1.467497612 1.444861176 1.423602866 1.416993444 1.404086885 1.393609913 1.373270759 1.371260732 1.379990368 1.401429006 1.409946242 1.461513632 1.558760763 1.672613085 1.811273862 1.964056341 2.134981216 2.234950778 2.330689982 2.414486196 2.427598462 2.532871964 2.698009135 2.982625563 3.340304014 2.951401926 2.874910482 -9999.0 -9999.0 -9999.0 -9999.0 -9999.0 -9999.0 2.284435905 2.610872616 2.672856412 2.702100217 2.34037773 1.918424765 1.745458721
2.188023616 2.247360593 2.311091492 2.38059563 2.385541098 2.291140612 2.113304334 1.954407111 1.862680423 1.758586732 1.67951826 1.618196256 1.588706858 1.580517855 1.566842024 1.562843972 1.564841717 1.561838726 1.5190345 1.524734194 1.525811094 1.520189282 1.523278479 1.535955525 1.556730596 1.592959452 1.639327907 1.68355502 1.781168452 1.857277763 1.883933146 1.949366706 2.124886552 2.328116854 2.616228943 2.946641354 3.23091069 3.512394207 3.795527678 3.285601735 3.230609582 3.256568569 3.466305587 3.737700015 3.191345442 2.634715555 2.286546906 2.141717385 2.242539587 2.543679246 3.068116988 3.9578953 3.740895278 3.155174199 2.679567348 2.451703069
2.366893488 2.429769054 2.48988322 2.523674688 2.51455215 2.455633483 2.364329004 2.245247713 2.129283966 2.039154526 1.942870673 1.889886975 1.843910897 1.813342562 1.80089887 1.798509329 1.799841761 1.810475893 1.82067469 1.807099732 1.791488379 1.76520762 1.755782578 1.757638529 1.804900705 1.812105125 1.833157614 1.844256243 1.890976506 1.958565786 2.009857912 2.125963976 2.283764363 2.528000099 2.731409797 3.055252542 3.468047304 3.807359375 3.333004541 3.10875196 3.06465925 3.285103769 3.709307464 4.579521774 3.350555024 2.713994319 -9999.0 -9999.0 -9999.0 -9999.0 -9999.0 3.457885769 3.256652832 3.067093086 -9999.0 2.759197465
2.667204593 2.692770388 2.68928759 2.644774853 2.597165818 2.538630855 2.494749438 2.423424565 2.337324957 2.244105272 2.155867231 2.064382075 2.019696054 1.953148632 1.911763044 1.899552124 1.895496564 1.897428301 1.903453958 1.907113299 1.920117531 1.927792269 1.943196461 1.973118633 2.001958608 2.010654542 1.996861538 1.976726868 1.947700453 1.927610196 1.929047459 1.959407236 2.042454842 2.123200567 2.250002814 2.349183953 2.518260502 2.613026707 2.671544382 2.713062742 2.870521799 2.91389809 3.116144682 3.357307112 3.099210095 2.580517612 2.306888113 2.238031942 2.402613638 2.68878958 -9999.0 -9999.0 -9999.0 -9999.0 2.721168043 2.798844565
2.920269384 2.952919167 2.941951563 2.89477699 2.788352896 2.710822329 2.660217811 2.62120855 2.559656568 2.519187634 2.463257115 2.400848723 2.307554416 2.228919999 2.171590109 2.112990944 2.088986279 2.07631517 2.071539056 2.050115552 2.056114085 2.062411862 2.067371737 2.072929521 2.089952701 2.077527635 2.05176929 2.040553838 2.035732323 2.012207056 2.00967415 2.009631426 2.02849682 2.068229602 2.109045861 2.148128173 2.161723329 2.16290867 2.140705474 2.136322844 2.153099922 2.183628385 2.24020693 2.279744891 2.276282001 2.187128994 2.163203026 2.355989476 2.474577574 2.620556566 2.660966653 2.391765709 2.297475236 2.309541625 2.424815379 2.634601842
3.196384932 3.188104136 3.131905047 3.077927802 2.952090581 2.801501541 2.710891655 2.647232031 2.580503176 2.549301716 2.501893381 2.46475148 2.422969497 2.374574891 2.307471063 2.24389066 2.202745178 2.151610039 2.105675288 2.036020567 2.012034762 2.014859812 2.012731624 2.035411366 2.041002037 2.037406899 2.014018595 2.023199573 2.033746219 2.047269722 2.056405647 2.058066602 2.074730466 2.089598565 2.110602974 2.131048357 2.099975885 1.971522172 1.88246445 1.836550771 1.811923517 1.808773901 1.795027812 1.789235976 1.796647324 1.690514619 1.608747116 1.525837113 1.462917309 1.45118119 1.543167746 1.617385482 1.791894611 2.02371151 2.285468043 2.224232536
3.368272854 3.380547569 3.339986724 3.272530739 3.155882761 2.990095294 2.828876663 2.682091901 2.560160123 2.445451508 2.370356931 2.319650375 2.284475369 2.263253788 2.249602869 2.252918843 2.260461682 2.247250814 2.217238361 2.182865457 2.157735464 2.14877323 2.12691963 2.135821502 2.137927571 2.123620245 2.070452669 2.060286584 2.090501424 2.092976123 2.096185286 2.08128884 2.079265192 2.073168056 2.028842981 1.991252182 1.936699089 1.876333263 1.84777542 1.834154536 1.800389611 1.721463865 1.645156357 1.601747004 1.583791221 1.597170951 1.613388071 1.571092696 1.528007269 1.503974549 1.473764598 1.474248827 1.493249845 1.550970133 1.615185291 1.7407345
