Environmental Parameters/RCP 85/2050/Net_Primary_Production.asc
ncols 720
nrows 360
xllcorner -180.00
yllcorner -90.00
cellsize 0.5
NODATA_value -9999
[rows 0 to 24 of 360, columns 280 to 335 of 720]
0.739820156 0.739794632 0.73776854 0.737742113 0.73771528 0.737688126 0.737660797 0.736633316 0.736605696 0.73657796 0.736550108 0.736522197 0.736494258 0.735466194 0.735438196 0.736410118 0.736382091 0.736353977 0.736325921 0.736297865 0.73626978 0.736241695 0.736213609 0.736185611 0.737157563 0.737129594 0.736101589 0.736073649 0.736045709 0.736017741 0.735989859 0.735961978 0.735934096 0.734906236 0.734878413 0.734850648 0.734822883 0.734795176 0.734767411 0.734739675 0.734711968 0.734684319 0.734656671 0.734628993 0.734601403 0.733573805 0.733546156 0.733518624 0.733491062 0.733463559 0.733435998 0.733408466 0.733380992 0.733353489 0.733326015 0.73329857
0.715737988 0.717153685 0.717573828 0.717996067 0.719418778 0.719840493 0.720260025 0.721676508 0.722089084 0.72249709 0.722899742 0.723296747 0.723687437 0.724071317 0.725447957 0.725817081 0.726178172 0.726530852 0.726874743 0.727209612 0.727534993 0.727850653 0.728156185 0.729451363 0.729735941 0.730009575 0.730272179 0.730523345 0.730763044 0.730991072 0.736528513 0.736671558 0.736805552 0.736930902 0.737047783 0.737156573 0.737257506 0.737350958 0.737437105 0.737516442 0.736589136 0.736655522 0.736715854 0.736770453 0.742266828 0.742287724 0.742310396 0.742334843 0.742361066 0.742389238 0.742419215 0.742451142 0.742484874 0.742520584 0.742558186 0.741597672
0.693146838 0.697500363 0.697943469 0.698368676 0.698776392 0.698167656 0.698543707 0.698905933 0.699255557 0.699593889 0.699922093 0.700241333 0.700552482 0.701856276 0.701153476 0.699444441 0.69972963 0.700009085 0.70028269 0.700550037 0.7008104 0.699062657 0.700305187 0.699536322 0.704813021 0.704961392 0.707103842 0.707239582 0.706368301 0.710621127 0.711674715 0.711731409 0.711791276 0.712854409 0.712920766 0.712990295 0.714062684 0.715137663 0.716214912 0.716294133 0.716375042 0.717457093 0.717539981 0.718623312 0.718706549 0.718789088 0.719870179 0.720269367 0.720302109 0.721329299 0.721347402 0.72135235 0.721339515 0.721304736 0.722245051 0.722159108
0.670014997 0.669122848 0.66923839 0.669363217 0.669499161 0.668647932 0.668811117 0.667990185 0.668186316 0.668400229 0.667632383 0.667882385 0.668148918 0.667428889 0.669940346 0.670203415 0.670457928 0.66969567 0.669908797 0.670091598 0.670242996 0.670367648 0.673802773 0.673918548 0.674043084 0.67417536 0.674314098 0.674458017 0.674606214 0.675758056 0.675913208 0.679813413 0.679812307 0.679784018 0.679724762 0.680629921 0.680497906 0.680384896 0.682498823 0.685679668 0.684521248 0.685412815 0.685345061 0.686313171 0.686313899 0.689991866 0.692021917 0.693085574 0.693183014 0.69541391 0.695520372 0.695645082 0.697787356 0.700942968 0.702098507 0.702223129
0.638022932 0.637198391 0.637486984 0.63789633 0.63743096 0.638092519 0.638880651 0.639792794 0.640823157 0.643859297 0.646005821 0.645125809 0.646136643 0.645926804 0.646402681 0.644571614 0.643554929 0.644500455 0.643512089 0.648903282 0.649063441 0.648281421 0.647234934 0.647840963 0.647244888 0.647758483 0.648304034 0.648653833 0.649496738 0.647854467 0.647022243 0.64719349 0.648439192 0.64582139 0.646086439 0.645486463 0.646005356 0.646626635 0.648332963 0.648105808 0.648924703 0.652754243 0.653573661 0.653420895 0.655291573 0.655184413 0.652347837 0.652242335 0.65215514 0.652091985 0.65305474 0.653042138 0.653050578 0.653074414 0.653106632 0.653139519
0.581074681 0.579829386 0.578547362 0.576209452 0.574794249 0.574279926 0.574784121 0.573034573 0.571131706 0.570250704 0.569923228 0.570628443 0.572001038 0.573550875 0.57343478 0.574886566 0.577200641 0.579512998 0.584905385 0.587022514 0.588891038 0.590414595 0.592582393 0.593519682 0.593395467 0.597765204 0.60177187 0.602876389 0.604067347 0.604321103 0.606605929 0.608886447 0.6111291 0.611308671 0.612412812 0.621678482 0.623793196 0.624677516 0.625594694 0.62654569 0.626523484 0.628515816 0.62950849 0.629488786 0.630448601 0.632387295 0.632312906 0.630394701 0.631368661 0.63234655 0.635775126 0.635798729 0.636826444 0.636834069 0.636804325 0.636728393
0.563049165 0.561180874 0.561337132 0.560523185 0.560601882 0.561741326 0.560870336 0.561963505 0.562986563 0.561047898 0.561555178 0.561266323 0.562361005 0.562408677 0.560549641 0.56072179 0.562771282 0.560680346 0.560497487 0.558244821 0.556374696 0.55605371 0.55575071 0.555474893 0.555231381 0.555023842 0.554854603 0.555724371 0.556630694 0.559586188 0.55978421 0.564274407 0.566690433 0.569186726 0.569742959 0.572332588 0.574930629 0.577514991 0.582507782 0.585717702 0.588899624 0.592133758 0.594473997 0.597914011 0.60589955 0.610454095 0.612946838 0.616390695 0.621791231 0.626124762 0.628361333 0.629401387 0.632384996 0.635418808 0.636492128 0.638533238
0.547054922 0.546820258 0.545382529 0.544721028 0.543727016 0.543185946 0.54204039 0.542484777 0.543148693 0.538620603 0.539065921 0.538691878 0.538369874 0.538960914 0.543857721 0.541518064 0.537684537 0.536283711 0.533007871 0.532861799 0.531797356 0.530732854 0.529584795 0.528303703 0.527447351 0.526276388 0.526260497 0.524519215 0.532610313 0.533235754 0.532720063 0.532922946 0.529330253 0.529622077 0.53177576 0.532778213 0.53268671 0.535512023 0.532034639 0.532766659 0.540447654 0.547087518 0.548747572 0.552602985 0.558967207 0.561692141 0.564593764 0.563866924 0.564715418 0.564854301 0.572381774 0.571410084 0.571041543 0.571206154 0.570177624 0.570590346
0.559268927 0.562858622 0.566654635 0.56875954 0.569018739 0.57204999 0.571460492 0.571628974 0.565636321 0.564326358 0.560943532 0.556698564 0.554686674 0.546055118 0.550855329 0.550575031 0.553073158 0.553425547 0.552791724 0.552339305 0.548034528 0.546557974 0.545762683 0.538868917 0.534886552 0.526474905 0.520905858 0.517758628 0.51289695 0.510364043 0.508701749 0.511705381 0.513068604 0.507703138 0.512390543 0.514139567 0.51759003 0.524514471 0.527539436 0.534657447 0.540164561 0.544359325 0.550573634 0.556784682 0.559960958 0.564070768 0.56727475 0.570308999 0.571213226 0.574147823 0.574127072 0.573158351 0.575241487 0.574363745 0.580247259 0.584195717
0.615090772 0.61677536 0.618385908 0.62102091 0.62078971 0.617996848 0.615903467 0.615441764 0.61725569 0.61608653 0.614796183 0.608530652 0.614674587 0.615622208 0.616776466 0.620947569 0.620859151 0.621497747 0.621143437 0.627978763 0.62495016 0.632220064 0.637937686 0.631496019 0.629820453 0.631335191 0.630934548 0.62730792 0.627894653 0.6237661 0.621234358 0.624384556 0.629099901 0.636067241 0.647299283 0.638978148 0.658855541 0.661734259 0.666628359 0.680550584 0.683506485 0.697352923 0.698993797 0.694051909 0.7111085 0.712175155 0.710256631 0.717776042 0.710869412 0.710021355 0.716094073 0.708541891 0.702005171 0.697435462 0.69046623 0.68661134
0.66730479 0.667471148 0.66738372 0.668718363 0.672181603 0.67300431 0.679740508 0.676482276 0.676293217 0.674178242 0.67157211 0.660620863 0.659040175 0.658556761 0.653320923 0.654836535 0.655958662 0.655410578 0.658521603 0.661451253 0.667690532 0.673586037 0.672754017 0.676391064 0.685727282 0.687776017 0.693388167 0.705957646 0.708710868 0.72586257 0.729476509 0.736675458 0.741240918 0.745710975 0.759159739 0.76165871 0.770074315 0.769886479 0.770250685 0.76202437 0.75852283 0.745791302 0.741952448 0.734380272 0.726160419 0.724783109 0.710593711 0.707738276 0.693348353 0.688674452 0.685223727 0.665587548 0.662613427 0.646558998 0.645174994 0.648068264
0.692691829 0.687335152 0.678819197 0.661886996 0.658055651 0.648078101 0.650989066 0.642821949 0.639605103 0.640092534 0.629385293 0.630625815 0.6287047 0.628486305 0.639063655 0.645413587 0.663256913 0.68391033 0.697865151 0.70942915 0.707862608 0.724859303 0.742580276 0.759283488 0.768278493 0.77482115 0.794263557 0.80482359 0.807357428 0.811964856 0.825990632 0.828183081 0.831686775 0.835902232 0.835716783 0.831734447 0.810340047 0.795747677 0.782732561 0.759838498 0.756792782 0.743133132 0.731124717 0.709536602 0.695900817 0.685848063 0.675764866 0.667499437 0.653296942 0.647568202 0.630141003 0.627604721 0.619691389 0.614285353 0.60736289 0.600301835
0.692747592 0.721016375 0.720804324 0.748553895 0.771003484 0.801556744 0.81800489 0.82370796 0.847985677 0.838985434 0.837742002 0.871468161 0.869657029 0.883579836 0.887237489 0.891828095 0.885001791 0.870155985 0.864388712 0.859040592 0.852647645 0.866211776 0.871696975 0.876080128 0.887408038 0.894886849 0.903504668 0.909580151 0.922947715 0.939492485 0.955248775 0.971878238 0.96659991 0.968988519 0.958444842 0.939450518 0.935710792 0.910359493 0.88912528 0.876846432 0.869940268 0.857166888 0.851863704 0.836417021 0.824364484 0.805287447 0.785550394 0.754217908 0.736625225 0.723250152 0.70882251 0.700641773 0.690812652 0.674048148 0.664350344 0.659374869
0.870865551 0.869951968 0.863596651 -9999.0 -9999.0 -9999.0 -9999.0 -9999.0 -9999.0 -9999.0 -9999.0 0.731579581 -9999.0 0.741118507 0.746107544 0.750839186 0.747171318 0.738838964 0.733396184 0.734073386 0.745088473 0.766709796 0.786868797 0.801776318 0.812523882 0.817300635 0.806309865 0.829583616 0.880317064 1.039751049 0.961776299 0.951763475 0.935593387 0.933289935 0.950995134 0.967606262 0.984343234 0.989534252 0.99715055 0.991270645 0.985801045 0.978181954 0.9788241 0.968381821 0.963290571 0.956469798 0.957378361 0.947402092 0.936234079 0.930833688 0.909452967 0.893598772 0.876704697 0.851887395 0.836600142 0.801179558
1.023090386 -9999.0 -9999.0 -9999.0 -9999.0 -9999.0 -9999.0 -9999.0 -9999.0 -9999.0 -9999.0 -9999.0 -9999.0 -9999.0 -9999.0 -9999.0 -9999.0 -9999.0 -9999.0 -9999.0 -9999.0 -9999.0 -9999.0 -9999.0 -9999.0 -9999.0 -9999.0 -9999.0 -9999.0 -9999.0 0.818272587 0.781868002 0.765298202 0.784636592 0.816398126 0.852098863 0.929601316 0.947554421 0.928596768 0.839095621 0.83337602 0.821587921 0.818223751 0.828443852 0.851623307 0.887510658 0.924003718 0.966300082 1.021421107 1.049713348 1.087824057 1.102329872 1.11008028 1.097925415 1.068896614 1.022278157
-9999.0 -9999.0 -9999.0 -9999.0 -9999.0 -9999.0 -9999.0 -9999.0 -9999.0 -9999.0 -9999.0 -9999.0 -9999.0 -9999.0 -9999.0 -9999.0 -9999.0 0.552119527 0.639340331 0.712581721 0.770743965 0.815104198 0.847176896 0.868466552 0.878529041 0.876473161 0.860648594 0.828114396 0.775221168 0.701231082 0.638279016 0.651942639 0.675590913 0.697577081 0.739319948 0.782814692 0.83505502 0.892485899 0.894032884 0.914448814 0.934280513 0.93446736 0.91513776 0.938063778 0.977239048 0.980982266 1.035283902 1.100822235 1.17869 1.233579242 1.250846835 1.287140534 1.320341893 1.316681912 1.27271458 1.253656752
-9999.0 -9999.0 -9999.0 -9999.0 -9999.0 -9999.0 -9999.0 -9999.0 -9999.0 -9999.0 -9999.0 -9999.0 -9999.0 -9999.0 0.471881547 0.345645021 0.494086707 0.614943478 0.713404195 0.793048006 0.856371305 -9999.0 -9999.0 -9999.0 -9999.0 -9999.0 -9999.0 0.929136178 0.876495396 0.795718646 0.677120915 0.500948197 0.568177173 0.641201696 -9999.0 -9999.0 -9999.0 0.897400547 0.786213961 0.824347197 0.848675612 0.895511184 0.955379335 0.959574478 1.004914986 1.052327163 1.140681619 1.313297544 1.470524934 1.646730758 1.739575702 1.941209775 1.898935006 2.110822068 2.209922415 2.114261093
-9999.0 -9999.0 -9999.0 -9999.0 -9999.0 -9999.0 -9999.0 -9999.0 -9999.0 -9999.0 -9999.0 -9999.0 -9999.0 -9999.0 -9999.0 -9999.0 -9999.0 -9999.0 -9999.0 -9999.0 -9999.0 -9999.0 -9999.0 -9999.0 -9999.0 -9999.0 1.088370031 -9999.0 -9999.0 -9999.0 -9999.0 -9999.0 -9999.0 -9999.0 0.716184833 0.765592384 0.772876025 0.753924629 0.827450262 0.893740711 -9999.0 1.003331621 -9999.0 -9999.0 1.199918581 1.275999079 -9999.0 -9999.0 -9999.0 -9999.0 -9999.0 -9999.0 -9999.0 1.855759649 1.847413252 1.779344631
-9999.0 -9999.0 -9999.0 -9999.0 -9999.0 -9999.0 -9999.0 -9999.0 -9999.0 -9999.0 -9999.0 -9999.0 -9999.0 -9999.0 -9999.0 -9999.0 -9999.0 -9999.0 -9999.0 -9999.0 -9999.0 -9999.0 -9999.0 -9999.0 -9999.0 -9999.0 -9999.0 -9999.0 -9999.0 -9999.0 -9999.0 -9999.0 -9999.0 0.857416882 0.82650339 -9999.0 -9999.0 -9999.0 -9999.0 -9999.0 -9999.0 -9999.0 1.17498789 1.263682047 1.372124709 1.476838763 1.535519637 1.60195939 1.661838323 1.700741763 1.729344076 1.776954916 1.860160381 1.711696968 1.68923341 1.6127571
-9999.0 -9999.0 -9999.0 -9999.0 -9999.0 -9999.0 -9999.0 -9999.0 -9999.0 -9999.0 -9999.0 -9999.0 -9999.0 -9999.0 -9999.0 -9999.0 -9999.0 -9999.0 -9999.0 -9999.0 -9999.0 -9999.0 -9999.0 -9999.0 -9999.0 -9999.0 -9999.0 -9999.0 -9999.0 -9999.0 -9999.0 -9999.0 -9999.0 -9999.0 -9999.0 -9999.0 -9999.0 -9999.0 -9999.0 1.021900454 1.116011852 1.199002429 1.286209546 1.391728365 1.534538314 1.677440479 1.724562491 1.77112082 1.860813412 1.814835181 1.76339352 1.716174185 1.713401987 1.706777955 1.714865968 1.73088396
-9999.0 -9999.0 -9999.0 -9999.0 -9999.0 -9999.0 -9999.0 -9999.0 -9999.0 -9999.0 -9999.0 -9999.0 -9999.0 -9999.0 -9999.0 -9999.0 -9999.0 -9999.0 -9999.0 -9999.0 -9999.0 -9999.0 -9999.0 -9999.0 -9999.0 -9999.0 -9999.0 -9999.0 -9999.0 -9999.0 -9999.0 -9999.0 -9999.0 -9999.0 -9999.0 -9999.0 -9999.0 -9999.0 -9999.0 1.072618361 1.184369712 1.289432273 1.370885642 1.501898281 1.653862186 1.92506006 1.880757278 1.825941727 1.860305667 1.899193157 1.920976676 1.902743534 1.904029807 1.893554581 1.900562376 1.887179038
-9999.0 -9999.0 -9999.0 -9999.0 -9999.0 -9999.0 -9999.0 -9999.0 -9999.0 -9999.0 -9999.0 -9999.0 -9999.0 -9999.0 -9999.0 -9999.0 -9999.0 -9999.0 -9999.0 -9999.0 -9999.0 -9999.0 -9999.0 -9999.0 -9999.0 -9999.0 -9999.0 -9999.0 -9999.0 -9999.0 -9999.0 -9999.0 -9999.0 -9999.0 -9999.0 -9999.0 -9999.0 -9999.0 -9999.0 -9999.0 1.238464727 1.38872664 1.56097929 1.550236018 1.655879081 1.794825308 1.898031856 1.984187576 2.089483722 2.086140681 2.021890425 1.953882631 1.981998794 1.951594197 1.947786717 1.966632612
-9999.0 -9999.0 -9999.0 -9999.0 -9999.0 -9999.0 -9999.0 -9999.0 -9999.0 -9999.0 -9999.0 -9999.0 -9999.0 -9999.0 -9999.0 -9999.0 -9999.0 -9999.0 -9999.0 -9999.0 -9999.0 -9999.0 -9999.0 -9999.0 -9999.0 -9999.0 -9999.0 -9999.0 -9999.0 -9999.0 -9999.0 -9999.0 -9999.0 -9999.0 -9999.0 -9999.0 -9999.0 1.272913512 1.239338773 1.211751951 1.340696414 1.482803898 1.538440818 1.702194684 1.867294835 2.004660666 2.142612939 2.205095836 2.179706353 2.171232714 2.130003646 2.094587253 2.09000113 2.100437006 2.107174834 2.107231645
-9999.0 -9999.0 -9999.0 -9999.0 -9999.0 -9999.0 -9999.0 -9999.0 -9999.0 -9999.0 -9999.0 -9999.0 -9999.0 -9999.0 -9999.0 -9999.0 -9999.0 -9999.0 -9999.0 -9999.0 -9999.0 -9999.0 -9999.0 -9999.0 -9999.0 -9999.0 -9999.0 -9999.0 -9999.0 -9999.0 -9999.0 -9999.0 -9999.0 -9999.0 -9999.0 -9999.0 -9999.0 1.453037681 1.400952402 1.339975162 1.462493616 1.579308417 1.761698106 1.879698946 1.994803664 2.104687039 2.227301477 2.295703278 2.297257539 2.291052078 2.249013691 2.250574762 2.288447809 2.314347541 2.30058725 2.287802985
-9999.0 -9999.0 -9999.0 -9999.0 -9999.0 -9999.0 -9999.0 -9999.0 -9999.0 -9999.0 -9999.0 -9999.0 -9999.0 -9999.0 -9999.0 -9999.0 -9999.0 -9999.0 -9999.0 -9999.0 -9999.0 -9999.0 -9999.0 -9999.0 -9999.0 -9999.0 -9999.0 -9999.0 -9999.0 -9999.0 -9999.0 -9999.0 -9999.0 -9999.0 -9999.0 -9999.0 1.748100553 1.630914812 -9999.0 1.489579561 1.540629542 1.643264492 1.527776301 1.825135318 2.060770465 2.20289547 2.212198742 2.288996882 2.437168499 2.645351109 2.801010269 2.84044398 2.786096884 2.73595663 2.68618355 2.644787775
