Environmental Parameters/RCP 85/2050/Net_Primary_Production.asc
ncols 720
nrows 360
xllcorner -180.00
yllcorner -90.00
cellsize 0.5
NODATA_value -9999
[rows 300 to 324 of 360, columns 0 to 55 of 720]
1.8554423 1.670434372 1.630119979 1.747142989 2.006568946 2.339650178 2.573457081 2.641844796 2.687724074 2.766536549 2.802220406 2.778572263 2.909241477 3.126667347 3.194774268 3.107908182 2.964156913 2.828644821 2.680429956 2.409550129 2.303428249 2.341488609 2.483572578 2.628545044 2.73238169 2.77165859 2.695560688 2.423870843 1.871837303 1.646017656 1.705968985 1.968919067 2.301371191 2.606168855 2.919444814 3.103166819 3.12071573 3.036670387 2.91979406 2.845258918 2.734036185 2.645555651 2.632196993 2.642343985 2.660587663 2.553381259 2.230635379 2.036094666 2.178370487 2.566546435 3.012103494 3.323565703 3.55119817 3.927576588 3.855902236 3.642474767
1.649464015 1.603368437 1.572749577 1.587138511 1.747206785 1.98252988 2.184549114 2.312550787 2.514794469 2.782804659 2.86365184 2.855024068 2.975977259 3.158271313 3.105738433 2.853620099 2.6089116 2.431484638 2.329075942 2.318501007 2.33714818 2.399545629 2.450095024 2.432964277 2.489697887 2.556317719 2.504345728 2.310181968 2.067257185 1.962447306 2.119322075 2.27507134 2.394996583 2.594107995 2.899759449 3.148101969 3.184050554 3.096100874 3.017610172 2.924912376 2.837080974 2.778139198 2.660989994 2.571515972 2.44962424 2.226915443 2.179063624 2.42416421 2.693726681 2.991304034 3.221686929 3.436814761 3.571868874 3.710692283 3.673201893 3.582555801
1.397167798 1.49743841 1.653407933 1.678327098 1.781196799 1.9005551 2.06211512 2.383935498 2.655006247 2.948641079 3.078124719 2.992510563 2.88592279 2.88933469 2.85414164 2.756869653 2.556328662 2.354313619 2.205631463 2.146547427 2.203592099 2.351765754 2.470570384 2.396076219 2.354483586 2.417763928 2.429564949 2.418695018 2.281129127 2.112352056 2.154832706 2.274567727 2.369719557 2.505137818 2.785786986 3.076873021 3.330903361 3.468037583 3.458778141 3.384700045 3.225008957 3.065384459 2.921951935 3.009910462 3.007407766 2.962408122 2.929157345 3.001553705 3.204909153 3.514419077 3.642779309 3.635381116 3.507243935 3.557377029 3.484441666 3.413940314
1.300422009 1.332776388 1.512786141 1.682702219 1.918360358 2.210994018 2.531725448 2.800182905 2.96205678 3.047172911 3.051054198 2.875383943 2.621696563 2.571562771 2.631624462 2.723888727 2.712750109 2.498809714 2.438205061 2.587001072 2.759133466 3.125444986 3.151888493 2.937632147 2.802604344 2.76381569 2.653690521 2.510110382 2.379082376 2.318534302 2.475074958 2.639426151 2.612967975 2.556961495 2.583856229 2.701958176 2.826628741 2.982883016 3.065068973 2.851719502 2.880342538 2.877847059 2.862175461 2.950110706 3.026461462 3.0966294 3.219730919 3.431752557 3.643023316 3.649054561 3.588821273 3.568979213 3.561021527 3.526941175 3.456174629 3.42184864
1.736177597 1.683660783 1.748951618 1.856581541 1.932459651 2.187246224 2.569605829 2.896289574 3.049042542 3.083539661 2.997023053 2.766261576 2.573353238 2.557115862 2.622455359 2.590146614 2.592871198 2.561194822 2.62863026 2.836707747 3.053679131 3.264076775 3.268796485 3.12790554 3.005127655 2.823452698 2.65456154 2.519875765 2.549312776 2.614184981 2.665162785 2.737618284 2.762142802 2.69421027 2.66745151 2.635715296 2.606735798 2.64355517 2.696331125 2.670314163 2.691998845 2.752572298 2.939887345 3.174921032 3.357095644 3.581671044 3.860350698 3.994101193 4.016426858 4.012933932 3.873663256 3.751496319 3.588408697 3.501733998 3.419042099 3.330676584
2.039361512 1.931692474 2.123348881 2.260922221 2.227088902 2.234402113 2.392649418 2.671177965 2.909749281 2.950845985 2.707866253 2.478522714 2.396669239 2.424874576 2.587278606 2.640218707 2.531467937 2.478212118 2.483511809 2.646688838 2.915689023 3.052985761 3.072334453 3.057024442 2.955429489 2.830814803 2.799383132 2.936525969 3.173514502 3.256887197 3.171733581 3.048628801 3.062346717 3.192876698 3.355788998 3.352215048 3.310723463 3.246054752 3.281543264 3.320207587 3.407771233 3.555822652 3.683220129 3.759127576 3.77579499 3.683973337 3.667084267 3.675161162 3.705482464 3.730696393 3.724620212 3.627801547 3.463649191 3.402382834 3.343018005 3.231729381
2.35823309 2.140453318 2.213548869 2.48110597 2.58506625 2.524017822 2.286746399 2.35821493 2.688266803 2.914184937 2.864570357 2.677963814 2.437839285 2.210957697 2.10433593 2.322298475 2.39882688 2.396263182 2.397698583 2.600637497 2.827357268 2.866299823 2.970626811 3.018340562 2.931859344 2.942675492 3.062977223 3.174674232 3.109033452 3.050461644 3.157261061 3.255784046 3.332375782 3.389490303 3.331829328 3.159786807 3.032956505 3.048260231 3.257603152 3.307349281 3.418372013 3.52993235 3.771062475 3.839429701 3.765342291 3.741703928 3.774255514 3.711438039 3.531100461 3.409559606 3.377044806 3.273797454 3.241220023 3.182775574 3.116660751 3.114477266
2.755516209 2.354333643 2.383648185 2.600077074 2.740095137 2.613769844 2.42406968 2.420212841 2.700452227 2.844329923 2.415461931 2.17970158 2.136153635 2.150304615 2.190946834 2.283019945 2.380353864 2.467176877 2.629190218 2.873407211 2.887598705 2.877253108 3.056184854 3.051381093 2.891914453 2.806302393 2.835877705 2.892998978 2.828875789 2.897905419 3.033732064 3.141256748 3.320743563 3.399842884 3.323748242 3.042542841 2.715755021 2.580078319 2.579396125 2.579322318 2.741826233 2.916000085 3.001197241 3.158392385 3.444478149 3.468522802 3.495451761 3.48359393 3.433325794 3.363617929 3.279165598 3.212731332 3.136962652 3.083677031 3.080426482 3.098295303
2.488016384 2.279624576 2.225821139 2.387442859 2.54548341 2.493515844 2.441420453 2.552636433 2.646585461 2.628579969 2.423770726 2.231058199 2.188821556 2.259786939 2.524439711 2.645445289 2.792855259 2.926928224 3.086961107 3.14350077 2.997504082 2.927059075 3.065213095 3.126153024 3.14653106 3.115195315 3.060505725 2.984875813 2.860933542 2.761268523 2.696350217 2.612787765 2.499455353 2.603331115 2.682199702 2.601171611 2.398425713 2.326400019 2.249871613 2.188189887 2.168762032 2.299151151 2.470984124 2.641933737 2.799646929 2.818411449 2.779434202 2.750704996 2.885494381 2.959207399 2.9326363 2.800016431 2.725816797 2.752871951 2.835466526 2.905776724
2.35039182 2.439319156 2.455221722 2.46500806 2.501072362 2.463606652 2.467757557 2.611950506 2.779697068 2.769046463 2.587704454 2.329266164 2.361228224 2.543918556 2.722311299 2.829323988 2.951488597 3.010755172 3.122868482 3.225542605 3.173487727 2.995431423 2.994211391 3.05751292 3.054295434 2.992336638 2.882446162 2.630141797 2.486605896 2.402703976 2.283972921 2.261110116 2.272714395 2.313736477 2.357835416 2.404331928 2.277138759 2.117522061 1.948370598 1.794783748 1.71365228 1.720889471 1.81210821 1.975237858 2.15299963 2.171118744 2.139435383 2.148334635 2.365902998 2.508997452 2.440950368 2.307818271 2.23663589 2.413115464 2.592103789 2.606965834
2.459047828 2.594665857 2.601990011 2.464032732 2.458089264 2.472005785 2.530504018 2.675014548 2.877202118 2.744385507 2.527310513 2.423876897 2.456678776 2.509165322 2.65528867 2.829082776 2.932264702 2.985914238 2.96727079 2.990247449 2.995917574 2.852707868 2.800735878 2.785041695 2.869978547 2.945655491 2.739967778 2.509331563 2.437777119 2.46978784 2.543590614 2.469621482 2.391167567 2.366008004 2.322425367 2.172911656 1.967740478 1.726791379 1.561106066 1.426533912 1.422062749 1.54753495 1.673346502 1.696897089 1.687898766 1.72015361 1.806715271 1.925811637 1.914675115 1.903075026 1.952995546 2.06196215 2.230544109 2.335917787 2.373003867 2.377511235
2.907323651 2.83976295 2.729906933 2.573978156 2.631051699 2.685351996 2.60668085 2.535469364 2.543995157 2.578796819 2.553978469 2.456728602 2.388935536 2.36618123 2.41955067 2.578907879 2.769838087 2.76700221 2.612023382 2.472406253 2.381031867 2.367335139 2.375764307 2.441288671 2.473047236 2.487346996 2.440052573 2.342239255 2.269328921 2.199935727 2.222668263 2.202747739 2.262116061 2.176376875 1.90428528 1.645118231 1.42716791 1.281048288 1.290582819 1.438125037 1.628075843 1.771932351 1.807113411 1.748685725 1.72316609 1.793653821 1.844133716 1.826741965 1.748336363 1.740473439 1.756952028 1.78729929 1.836711541 1.909717685 2.057702513 2.193533466
3.334345529 3.18291923 3.007946303 2.818542067 2.706304193 2.748541068 2.779631177 2.778551774 2.846072661 2.870260039 2.800188959 2.679345896 2.518096473 2.366854576 2.298803069 2.26870412 2.252413426 2.134763985 2.002373105 1.86036306 1.796993194 1.743996516 1.695977408 1.649298705 1.671264647 1.742579509 1.771284267 1.765723806 1.883831806 2.058609971 2.079809317 1.993833459 1.895869616 1.694006613 1.448597526 1.228924957 1.089398516 1.051376807 1.148889423 1.370468177 1.524304971 1.533111441 1.499699545 1.485249493 1.544009312 1.606067293 1.635150751 1.634288928 1.607942977 1.598895877 1.560702571 1.587337116 1.651908853 1.76080619 1.883325749 2.034748555
2.779597184 3.030552296 3.187837778 3.212889424 3.193382872 3.103158437 3.028586973 2.958266065 2.854105784 2.698259661 2.474756911 2.243435243 2.112647519 2.07284838 2.011590404 1.968833618 1.864548307 1.756738522 1.728264731 1.774006058 1.772407326 1.680992893 1.561327139 1.433084602 1.3734682 1.364598633 1.442445326 1.529439003 1.555245603 1.545894076 1.535133575 1.546440995 1.581762335 1.419096487 1.08433282 1.003488782 1.053312793 1.152185141 1.178706647 1.104823314 1.131950994 1.257054391 1.208624919 1.211981406 1.245800406 1.308977953 1.340565039 1.323039876 1.26086548 1.260660822 1.362226554 1.277592499 1.305753016 1.37518777 1.500412705 1.641208539
1.922476222 2.209403785 2.696858719 2.815139014 2.780772746 2.843096619 2.894003876 2.865997376 2.682289341 2.343564993 1.937411027 1.708607888 1.566797728 1.503851498 1.466020476 1.51855289 1.604160294 1.680576708 1.72316609 1.720829983 1.564584905 1.387228956 1.214888995 1.099837478 1.09033566 1.161721768 1.253649476 1.340832794 1.340497169 1.254683826 1.129575889 1.022781944 0.91986591 0.815470587 0.77600847 0.742790638 0.701294513 0.687647727 0.664013554 0.589989009 0.625286368 0.702343183 0.729834544 0.736439135 0.736516551 0.638307305 0.652898569 0.776369008 0.82069647 0.841580564 0.795581844 0.779529451 0.843851129 0.932910712 0.984658021 1.046488527
1.609642757 1.81180099 2.197893802 2.355422708 2.217787434 2.188123181 2.186579048 2.277150983 2.442491706 2.418443328 2.243288793 1.996887149 1.805083593 1.751114381 1.691635116 1.72416342 1.738850027 1.733332989 1.679019886 1.608035294 1.522209262 1.391391037 1.276918338 1.262488659 1.156245358 1.041088719 1.042591059 1.025050296 0.990225235 0.950189075 0.909188995 0.891462434 0.908039277 0.851514866 0.785502372 0.720001757 0.647885608 0.669825124 0.625339802 0.64245041 0.627536327 0.57895924 0.582247623 0.563572859 0.526122982 0.523264287 0.575190526 0.68430393 0.761237927 0.802726601 0.779525144 0.757794129 0.760825118 0.792666688 0.837953878 0.890535535
1.444111578 1.580936485 1.688716002 1.62524241 1.561377081 1.761417021 2.078168211 2.152296132 2.160458476 2.233124687 2.14023015 1.925100456 1.763050095 1.734824735 1.69901934 1.593691879 1.515305601 1.459270949 1.452354016 1.43819279 1.404533396 1.369408681 1.334230998 1.279397751 1.189605799 1.142179244 1.150772441 1.09010993 0.999959651 0.891361502 0.827064971 0.796071952 0.686223386 0.596586033 0.51735586 0.521286391 0.570454751 0.643419102 0.712676905 0.70948631 0.690634828 0.667995191 0.647493987 0.563177513 0.510480371 0.538869528 0.551025732 0.541108777 0.58766047 0.671983697 0.705962768 0.659133773 0.673798728 0.709384098 0.782876159 0.915645389
1.23930024 1.267635264 1.343434444 1.511009177 1.752004144 1.615138259 1.484048204 1.50836457 1.520371181 1.484229113 1.539130928 1.672653016 1.717910287 1.53568259 1.380227855 1.298235729 1.246127533 1.199279097 1.097723609 1.116385916 1.149655553 1.170726959 1.050474122 0.971203437 0.956041622 1.038438757 1.09248783 1.059563481 0.985943479 0.901726773 0.733941561 0.500956434 0.452785636 0.540582812 0.756856753 0.920394552 1.030906453 1.014463487 0.935882796 0.856026891 0.691224355 0.620137784 0.570935546 0.411250978 0.331233488 0.317641417 0.361292157 0.434426707 0.548115582 0.624462031 0.555441715 0.615377445 0.695787952 0.753836706 0.742045348 0.771683175
1.487182104 1.694635022 1.811527065 1.753094373 1.654658699 1.526791719 1.436601975 1.397977583 1.381376293 1.334235421 1.306681079 1.302903984 1.338905771 1.349464874 1.297645271 1.171057927 1.054059132 0.983503531 0.935287215 0.879253726 0.822726637 0.805673306 0.845502014 0.861176522 0.850996119 0.854932587 0.899224426 0.976826181 0.988649437 0.911176321 0.785590732 0.693541951 0.656025601 0.655640848 0.689049135 0.764254713 0.913220458 1.016695402 1.015353715 0.961315352 0.870435033 0.765424687 0.620358391 0.517305569 0.402919715 0.452639186 0.612609088 0.774744665 0.88281848 0.888065435 0.832017045 0.797243789 0.759472256 0.751775573 0.726188999 0.699711731
1.855813898 1.855294686 1.811549184 1.711919205 1.593514695 1.432710444 1.264552702 1.24877959 1.252392307 1.18999579 1.14102324 1.178629464 1.226437395 1.235924661 1.170843258 1.12327747 1.093750354 1.064999145 1.022982877 1.007648651 1.018387266 0.998282689 0.945371576 0.926639303 0.889576855 0.852580182 0.877518556 0.898796483 0.884190551 0.863447087 0.873042503 0.848491909 0.78072655 0.727639766 0.728577957 0.742156524 0.796126551 0.914278207 0.997713767 0.999934273 0.977465766 0.946361106 0.770788756 0.643361476 0.53545041 0.602377928 0.705082086 0.709872809 0.727724866 0.739788869 0.711402972 0.700273784 0.698434887 0.697211013 0.659217825 0.621624291
1.906113815 1.887890161 1.782694948 1.642802265 1.490522991 1.393684885 1.340088435 1.33697188 1.295479829 1.144044218 1.044427161 1.083561569 1.140272943 1.131342025 1.077829627 1.026873942 1.003418583 1.000766526 0.990992761 0.977262389 0.971328816 0.975965988 0.934067415 0.889707473 0.851213932 0.851532561 0.867184252 0.987220905 0.982286409 0.941832201 0.919852871 0.879970146 0.873363111 0.894768164 0.897248276 0.907771755 0.985123683 1.051579253 1.153945341 1.142104389 0.977100339 0.779173803 0.624963664 0.521079754 0.5226254 0.573624042 0.61431271 0.661914353 0.599102234 0.582284527 0.600162428 0.623717206 0.671133632 0.678409706 0.659509329 0.604403322
1.763270702 1.601544442 1.561186044 1.562610152 1.566165243 1.532063819 1.438258914 1.421929453 1.38184824 1.30431389 1.224620966 1.120438799 1.061899355 1.002806239 0.986313215 1.01690169 1.053810702 1.062540454 1.056436915 1.036794623 0.989262131 0.998901553 1.008271705 1.026663347 1.08138856 1.158379484 1.202783431 1.208036556 1.187424059 1.132923877 1.093596336 1.085662981 1.127426629 1.116827712 1.070701168 1.088532736 1.169308787 1.208258676 1.155202161 1.005779137 0.946267042 0.914041069 0.900004175 0.882050721 0.895443372 0.870998134 0.795292901 0.713693677 0.692076981 0.641930848 0.607800903 0.604506698 0.609990675 0.584693975 0.560372719 0.574181438
1.723459107 1.630970393 1.591740875 1.601233496 1.61770219 1.512156799 1.504747779 1.55882712 1.5902624 1.616196358 1.604815829 1.530858572 1.491640462 1.470503863 1.526822685 1.448743977 1.29347865 1.132148085 1.068659592 1.135396771 1.230671536 1.275337068 1.297715819 1.289306092 1.269775326 1.197521226 1.214300049 1.222526073 1.192583004 1.146831783 1.123250695 1.115205814 1.109363744 1.08061661 1.116279629 1.149088144 1.16339908 1.216755714 1.228909707 1.146146096 0.980710727 0.957824639 0.968592474 0.93953847 0.924093998 0.8899112 0.783838914 0.725939637 0.769581762 0.784448814 0.733333407 0.760359457 0.75826922 0.749448896 0.75447862 0.744108576
1.688500517 1.617748523 1.572070993 1.586818253 1.668512356 1.698390231 1.657313202 1.683877315 1.78347819 1.869792817 1.887448248 1.770193689 1.614200068 1.515566371 1.442273846 1.466633868 1.522209612 1.518941834 1.445104019 1.353100757 1.279776916 1.221593702 1.182739972 1.118201646 1.018438605 0.981949852 0.979194068 0.967059401 0.934066367 0.895865611 0.875033438 0.885796617 0.92288875 0.949069508 0.943551422 0.922901207 0.90533623 0.922304927 0.920137041 0.850859564 0.773305772 0.747793238 0.76813309 0.776775414 0.761842239 0.741885509 0.723925885 0.710442662 0.704952399 0.728286337 0.741738826 0.74268796 0.720084296 0.674024457 0.668577384 0.711173401
1.703798072 1.695342362 1.722658169 1.767067239 1.907712547 1.941327122 1.939508482 1.92813843 1.860531163 1.823751954 1.850080094 1.771881012 1.570751774 1.460703788 1.411348581 1.444624271 1.42300094 1.405674382 1.377023291 1.355443499 1.30998611 1.244744286 1.171599841 1.03332242 1.042704796 1.062817522 1.062531839 1.020474476 0.982485828 0.947101624 0.923212152 0.912141753 0.888914568 0.841443194 0.772661529 0.716021517 0.680965139 0.67519478 0.674032373 0.671881018 0.671630492 0.635162229 0.670786481 0.742833596 0.748084974 0.720507931 0.717173447 0.736915856 0.746068894 0.756701687 0.718298601 0.727705192 0.703866943 0.649480964 0.647173845 0.689551118
