Environmental Parameters/RCP 85/2050/Net_Primary_Production.asc
ncols 720
nrows 360
xllcorner -180.00
yllcorner -90.00
cellsize 0.5
NODATA_value -9999
[rows 25 to 49 of 360, columns 168 to 223 of 720]
1.307278406 1.459504187 1.480304578 1.399453206 1.296633447 1.195192162 1.140308625 1.15092675 1.250280067 1.360051217 1.250648522 1.194501354 1.223952335 1.0679228 1.077666471 1.209694834 1.388227392 1.7658 -9999.0 -9999.0 -9999.0 2.338946935 2.622253567 2.815738371 2.88515658 -9999.0 -9999.0 -9999.0 2.971694799 2.976119835 2.928663205 2.8717315 2.836311149 2.880421409 2.922697284 3.061010677 3.089291975 2.844549483 2.790117287 2.765239798 2.806325327 3.087752033 3.533438663 3.923465963 4.151785513 4.315317492 4.419685807 4.20080754 4.436421092 3.748530173 3.796542995 3.791639116 3.938858397 3.525858512 3.320866963 3.245289656
-9999.0 -9999.0 -9999.0 1.697135333 1.869801607 2.09831103 1.864914782 1.681042835 1.553572773 1.418564003 1.378596935 1.741740736 2.168727689 2.697291435 -9999.0 3.135955951 -9999.0 -9999.0 -9999.0 -9999.0 -9999.0 2.740921465 3.008096972 -9999.0 -9999.0 -9999.0 -9999.0 3.326386834 -9999.0 3.525027204 -9999.0 -9999.0 -9999.0 3.033078377 3.08614684 2.880327287 2.668018453 2.294875681 2.182662254 2.312575351 2.603245317 2.788261045 2.851808327 2.759470837 2.780954703 2.902585315 3.148254124 3.424432478 3.823690931 4.2119961 3.635380883 3.542024293 3.618032206 3.503045766 3.462000241 3.386897311
2.047872928 1.658144349 1.665019314 1.835210249 2.160566335 2.992967668 2.170708089 -9999.0 -9999.0 -9999.0 1.852113925 2.232963569 2.81917234 3.719452478 5.129880679 5.237472418 4.455262679 3.687575809 3.478605649 3.44989443 2.995148127 3.014108981 3.294543363 3.799747967 3.849641071 3.805415006 3.795585595 3.582087345 3.890733118 4.333231016 3.640562529 3.250074224 3.025737475 2.905297966 2.90213956 2.655271557 2.412584494 2.188490238 2.13451474 2.148121479 2.333066193 2.487528254 2.597550047 2.728941385 2.817081171 2.932909294 3.019573516 3.025000449 2.982904203 3.023488214 3.178351559 3.27336276 3.472201526 3.459072206 3.506833804 3.49838112
1.306440798 1.4624428 1.862099511 2.067442867 1.866193488 1.881661417 2.132446214 2.106549218 -9999.0 -9999.0 -9999.0 -9999.0 3.065889468 3.943680378 5.383535812 4.870082135 4.264851596 3.615019727 3.267724533 2.892157296 2.800041053 3.029796935 3.306435829 3.46567732 3.609102452 3.685505479 3.630073392 3.583221463 3.518888028 3.348657396 2.76040507 2.569665317 2.48831918 2.530665486 2.468135674 2.341040061 2.302748966 2.283878159 2.336857026 2.419205732 2.568603028 2.760829404 2.951010945 3.027120722 3.100697417 3.081526491 2.990386216 2.875178354 2.821071655 2.824994852 2.885083435 3.006452695 3.219541861 3.411324346 3.484573797 3.555489238
2.313535777 -9999.0 -9999.0 -9999.0 2.211598039 2.147837426 2.273645077 2.436941431 -9999.0 -9999.0 -9999.0 -9999.0 -9999.0 -9999.0 4.091202783 -9999.0 -9999.0 -9999.0 -9999.0 2.867888434 -9999.0 -9999.0 -9999.0 -9999.0 -9999.0 -9999.0 -9999.0 -9999.0 -9999.0 -9999.0 -9999.0 3.008711268 2.841623034 2.565521398 2.540496527 2.403852879 2.312862664 2.355300589 2.423414844 2.489267034 2.624682849 2.782598021 2.961112186 3.109923564 3.235289361 3.378587659 3.515694872 3.612030763 3.681859002 3.738554544 3.741685883 3.725277027 3.681167844 3.628431587 3.534600371 3.454364603
3.243575571 3.747147392 3.068068414 2.871578734 2.779096772 2.872870013 2.827791555 2.925716748 2.671526163 2.592054603 2.579223132 2.650469551 2.820652328 2.898088977 2.869697237 2.875741244 3.023620175 2.993388625 2.85557739 2.771171625 2.731947345 2.758149407 2.764700679 2.793917432 2.959305421 3.248114837 3.066706238 3.044766607 2.935361117 2.57677841 2.486771555 3.292586538 3.251909395 2.624775865 2.415902214 2.351913834 2.350377268 2.345742658 2.399363788 2.486037207 2.606871771 2.739113756 2.86413182 2.987418906 3.128320095 3.272625734 3.422928625 3.592326306 3.710283781 3.768220078 3.726999392 3.603177262 3.504325985 3.404957126 3.311963635 3.23093147
2.842026006 3.079891205 3.168390132 3.211608913 3.19423445 3.144621442 3.10119387 2.914483543 2.82266835 2.742319833 2.810145146 2.791820094 2.753830224 2.601594781 2.513267158 2.578972664 2.622088476 2.765766345 2.784578304 2.854114689 2.735699876 2.655081451 2.546237782 2.400840982 2.287168289 2.322886954 2.574496088 2.911180956 2.819626359 2.404492581 2.076310222 2.031469718 1.923656324 1.90091168 1.83614518 1.851816429 1.851447159 1.910809311 2.007119125 2.141031087 2.300726832 2.41437566 2.559339744 2.713957219 2.912615892 3.100932576 3.24633799 3.424533061 3.522625775 3.538718447 3.47457407 3.359996597 3.232808551 3.107231925 3.000860102 2.926144167
2.750680258 2.783830801 2.630030795 -9999.0 -9999.0 -9999.0 -9999.0 -9999.0 -9999.0 -9999.0 2.368171117 2.866253781 2.462235163 2.118720848 2.102076833 2.251262893 2.515942091 2.733038156 2.391437942 2.252236591 2.68452079 2.55735917 2.340112813 2.075517434 2.118804725 2.236953354 2.301449189 2.259674307 2.120123187 1.977503882 1.976943226 2.046087175 1.946190256 1.88542821 1.826385502 1.889276667 1.947103185 1.968123717 1.926858211 2.029149677 2.010730794 2.104812535 2.205443219 2.408336382 2.586109214 2.793143969 2.990177483 3.118230728 3.234669217 3.265797626 3.225222463 3.131928854 3.034101683 2.947369474 2.860907698 2.813659841
2.21995014 -9999.0 -9999.0 -9999.0 -9999.0 -9999.0 -9999.0 -9999.0 1.964517753 2.052971802 1.935879409 1.670842583 1.750188065 2.06918054 2.116222284 -9999.0 -9999.0 -9999.0 -9999.0 1.55008935 1.623091302 1.749098625 1.96296256 1.947045093 2.130962675 -9999.0 -9999.0 -9999.0 -9999.0 1.250388781 1.195144214 1.685943242 -9999.0 -9999.0 -9999.0 -9999.0 -9999.0 2.763028373 2.852501231 2.492404776 2.262959606 2.252612961 2.317129285 2.410248038 2.516782843 2.657958888 2.804804943 2.953313524 3.025202313 3.023098921 2.988672699 2.974472009 2.93257134 2.870481461 2.805270371 2.73457705
2.195803158 2.09684157 -9999.0 1.479527076 1.534991257 1.577991236 1.577828778 1.551364316 1.503409236 1.341007359 1.378566551 1.609189494 1.841355872 1.938261266 -9999.0 -9999.0 -9999.0 -9999.0 1.601643526 1.454889101 1.429793128 1.814771355 1.799170547 -9999.0 -9999.0 -9999.0 -9999.0 -9999.0 -9999.0 -9999.0 1.486960841 1.589000994 1.585665746 2.283902111 3.275155152 3.398692992 3.305692982 3.286352148 3.415075829 3.097324749 2.748172381 2.568520023 2.402151003 2.342052641 2.373418421 2.474817564 2.548985067 2.622725442 2.653035801 2.64118379 2.601768239 2.584799775 2.61647359 2.677728888 2.673962852 2.659464488
1.840876881 2.101859369 -9999.0 1.585834427 1.498828991 1.340615388 1.230955881 1.195650781 1.205655921 1.282812853 1.449863368 1.681774331 1.749423041 -9999.0 -9999.0 -9999.0 -9999.0 -9999.0 -9999.0 1.567408371 1.740767078 2.01667871 1.737076278 -9999.0 -9999.0 -9999.0 -9999.0 -9999.0 -9999.0 -9999.0 1.714851262 1.590174808 1.617002492 1.844643979 1.979081659 2.149806278 -9999.0 -9999.0 -9999.0 -9999.0 2.794736414 2.78041407 3.09791998 2.627117909 2.408146975 2.315802616 2.286869218 2.278661937 2.271907171 2.224833588 2.189114923 2.189796302 2.224197844 2.264069743 2.313001198 2.342253109
1.484615845 1.667615841 1.642615767 1.537665143 1.390079909 1.259672747 1.163484761 1.157725579 1.197439618 1.288508007 1.380970934 1.644477074 1.632867497 -9999.0 -9999.0 -9999.0 -9999.0 -9999.0 -9999.0 1.548496457 1.530524347 1.758586037 1.652794448 -9999.0 -9999.0 -9999.0 -9999.0 -9999.0 -9999.0 -9999.0 -9999.0 -9999.0 -9999.0 -9999.0 -9999.0 -9999.0 -9999.0 -9999.0 -9999.0 -9999.0 -9999.0 -9999.0 2.446889655 2.287784126 2.196784131 2.122029779 2.295057988 2.344457316 2.284558956 2.130023786 2.043369925 1.989388256 1.960681868 1.959622838 1.968671568 2.02168175
1.504861185 -9999.0 -9999.0 -9999.0 -9999.0 1.340235467 1.21828611 1.134481456 1.157281222 1.201838022 1.25391921 1.432668476 1.619839051 1.567691797 1.626850513 1.624282915 1.618289156 1.587869578 1.568422478 1.563725844 1.566899427 1.588120831 1.587796327 -9999.0 -9999.0 -9999.0 -9999.0 -9999.0 -9999.0 -9999.0 -9999.0 -9999.0 -9999.0 -9999.0 -9999.0 -9999.0 -9999.0 -9999.0 -9999.0 -9999.0 -9999.0 -9999.0 -9999.0 -9999.0 2.696213051 2.721219473 -9999.0 2.899606348 3.04974243 3.351331805 2.917735022 2.23216333 2.02642451 1.941457973 1.878005918 1.842405181
-9999.0 -9999.0 -9999.0 -9999.0 -9999.0 -9999.0 1.34534057 1.189358009 1.130865247 1.165850961 1.204141183 1.278424519 1.418075815 1.570123888 1.555830648 1.544690633 1.583831669 -9999.0 -9999.0 -9999.0 -9999.0 -9999.0 1.965075913 -9999.0 -9999.0 -9999.0 -9999.0 -9999.0 -9999.0 -9999.0 -9999.0 -9999.0 -9999.0 1.874075837 1.797381317 -9999.0 -9999.0 -9999.0 -9999.0 -9999.0 -9999.0 -9999.0 -9999.0 -9999.0 -9999.0 -9999.0 -9999.0 3.471501514 3.343683871 3.264982519 3.230190694 3.101009526 2.846009447 2.747445134 2.522623166 2.206165693
-9999.0 -9999.0 -9999.0 -9999.0 -9999.0 -9999.0 -9999.0 1.22333772 1.176555932 1.135014347 1.135371858 1.169192896 1.251994458 1.360367751 1.545559848 1.658523688 1.585763704 1.572351088 1.590468222 1.525730127 1.565511615 1.732600969 2.243387047 2.857297299 -9999.0 4.608269621 -9999.0 5.878311335 5.487620998 4.179513926 2.986524021 2.392121183 -9999.0 1.92492822 1.694928214 1.594928268 1.794617345 -9999.0 -9999.0 -9999.0 -9999.0 -9999.0 -9999.0 -9999.0 -9999.0 -9999.0 -9999.0 -9999.0 -9999.0 3.061042698 -9999.0 -9999.0 2.662982373 2.643499583 2.58156436 2.731564338
0.889386383 0.948132003 0.995130369 1.066426739 1.178638187 -9999.0 1.30637805 1.326403057 1.161446853 1.179474348 1.130449062 1.132480334 1.172600489 1.186731679 1.191648422 1.202283544 1.20260776 1.224906649 1.25580054 1.339860202 1.551970141 1.744750945 2.419700089 3.215934965 3.538931225 4.893600126 6.815470522 8.022368478 6.7859884 4.291048681 2.778754861 2.487201127 2.256662701 2.026469971 1.652050647 1.461078878 1.680056448 2.008762502 1.829848334 -9999.0 -9999.0 -9999.0 -9999.0 -9999.0 -9999.0 -9999.0 -9999.0 -9999.0 -9999.0 -9999.0 -9999.0 2.75285188 2.380120903 2.442803074 2.447063744 2.438068517
0.893501267 0.822495584 0.808088123 0.850226066 0.877254166 -9999.0 -9999.0 -9999.0 -9999.0 -9999.0 1.530759095 1.493092161 1.379613183 1.23418367 1.150539785 1.086192846 1.084648597 1.10277225 1.120678964 1.146311988 1.286008919 1.595498703 2.205558063 -9999.0 -9999.0 -9999.0 -9999.0 6.63319719 5.753952486 4.376468249 3.131519537 2.268635435 1.955171232 1.794695272 1.683480572 1.153099933 1.027182036 1.190798474 0.985166756 1.068517391 1.389539917 1.204839675 -9999.0 -9999.0 -9999.0 -9999.0 -9999.0 -9999.0 -9999.0 -9999.0 -9999.0 -9999.0 -9999.0 -9999.0 -9999.0 2.288785574
1.44294241 1.490086079 1.42682353 1.3461775 1.417284751 -9999.0 -9999.0 -9999.0 -9999.0 -9999.0 -9999.0 2.015163154 2.072857082 -9999.0 -9999.0 1.254893141 1.060669543 1.024762169 1.03826425 1.048029459 1.143475878 1.253232243 1.852863723 -9999.0 -9999.0 -9999.0 3.04454632 2.882977693 3.272332135 2.564213122 2.215349639 1.878762618 1.744685753 1.669375168 1.286858518 0.901074149 0.761979376 0.718763156 0.716558541 0.79022476 0.583268004 0.545490999 0.609900279 0.884836423 1.017194734 -9999.0 -9999.0 -9999.0 -9999.0 -9999.0 -9999.0 -9999.0 -9999.0 2.578294348 2.532127415 2.549794153
2.081006096 1.528657607 1.062029649 0.89012721 -9999.0 -9999.0 -9999.0 -9999.0 -9999.0 -9999.0 -9999.0 2.630915173 -9999.0 -9999.0 -9999.0 1.503964246 1.254749077 1.155202277 1.074912841 1.016282593 1.215312863 -9999.0 -9999.0 -9999.0 -9999.0 -9999.0 -9999.0 2.981395402 1.925576362 1.592213928 1.516058692 1.444788068 1.387524419 1.297037932 1.139832311 0.928451598 0.813348102 0.752000196 0.783117255 0.792800973 0.93843136 1.033855719 1.013367088 1.021326112 1.040173869 1.136679493 1.933619322 -9999.0 -9999.0 -9999.0 -9999.0 -9999.0 -9999.0 -9999.0 -9999.0 -9999.0
2.652277866 3.103311286 -9999.0 -9999.0 -9999.0 -9999.0 -9999.0 -9999.0 -9999.0 -9999.0 -9999.0 -9999.0 -9999.0 -9999.0 -9999.0 1.516742865 1.303178433 1.270403678 1.340237563 1.254196919 -9999.0 -9999.0 -9999.0 -9999.0 -9999.0 -9999.0 -9999.0 2.320436688 1.629819395 1.440755208 1.286927087 1.260257151 1.205346081 1.108632365 1.024904079 0.964561244 1.015344402 1.084564428 -9999.0 -9999.0 -9999.0 0.721167889 0.738235423 0.864253205 1.184345514 1.458140498 1.905912824 3.053346241 -9999.0 -9999.0 -9999.0 -9999.0 -9999.0 -9999.0 -9999.0 -9999.0
5.254554015 5.046696822 -9999.0 -9999.0 -9999.0 -9999.0 -9999.0 -9999.0 -9999.0 -9999.0 -9999.0 -9999.0 -9999.0 -9999.0 -9999.0 -9999.0 1.626391415 1.58755196 1.499731967 -9999.0 -9999.0 -9999.0 -9999.0 -9999.0 -9999.0 -9999.0 -9999.0 -9999.0 -9999.0 1.599407289 1.311298402 1.192945754 1.148181502 1.113945211 1.063525793 0.997675466 1.037604758 1.272038673 1.052635256 1.059651084 0.798644149 0.637151883 0.679614197 0.905691995 1.502361381 2.626137226 3.733792866 4.052132077 -9999.0 -9999.0 -9999.0 -9999.0 -9999.0 -9999.0 -9999.0 -9999.0
-9999.0 -9999.0 -9999.0 -9999.0 -9999.0 -9999.0 -9999.0 -9999.0 -9999.0 -9999.0 -9999.0 -9999.0 -9999.0 -9999.0 -9999.0 -9999.0 -9999.0 -9999.0 1.561576228 1.489521934 1.633013695 1.830436124 1.990700464 1.980821085 1.941354261 -9999.0 1.689390447 1.511951676 1.530950016 1.210982853 1.112174417 1.073663472 1.070870494 1.078468631 1.065194607 0.986473053 0.911791227 0.854403013 0.770298997 0.65702945 0.579254061 0.537038897 0.581314729 0.855024671 1.91944954 4.069054266 3.877750249 -9999.0 -9999.0 -9999.0 -9999.0 -9999.0 -9999.0 -9999.0 -9999.0 -9999.0
-9999.0 -9999.0 -9999.0 -9999.0 -9999.0 -9999.0 -9999.0 -9999.0 -9999.0 -9999.0 -9999.0 -9999.0 -9999.0 -9999.0 -9999.0 -9999.0 -9999.0 -9999.0 1.687869488 1.490856695 1.542922051 2.237687993 2.390152833 2.137559059 1.713512815 1.552284404 1.183673274 1.017113158 0.96384174 0.971490808 0.981981517 1.001998375 1.024192024 1.032740518 0.99579239 0.924307271 0.854239974 0.777972571 0.700644741 0.59089181 0.510215934 0.510454876 0.660717313 0.932395691 2.25717487 -9999.0 -9999.0 -9999.0 -9999.0 -9999.0 -9999.0 -9999.0 -9999.0 -9999.0 -9999.0 2.394497154
-9999.0 -9999.0 -9999.0 -9999.0 -9999.0 -9999.0 -9999.0 -9999.0 -9999.0 -9999.0 -9999.0 4.891987461 2.646984787 2.649119793 2.434733065 2.290024608 -9999.0 -9999.0 1.932117444 2.064921544 1.773291151 1.61923829 1.59814721 1.674107916 1.298171526 1.075193752 0.915863086 0.89598092 0.902729982 0.948516245 0.989778375 1.000775374 1.002172183 0.989074062 0.922399107 0.816833228 0.742814154 0.697850715 0.62221085 0.551650126 0.503022689 0.497903617 0.538671447 0.666834123 2.070596267 -9999.0 -9999.0 -9999.0 -9999.0 -9999.0 -9999.0 -9999.0 -9999.0 -9999.0 -9999.0 5.610204244
-9999.0 -9999.0 -9999.0 -9999.0 -9999.0 -9999.0 -9999.0 -9999.0 -9999.0 -9999.0 -9999.0 -9999.0 -9999.0 2.69123161 2.477440121 2.382121162 2.369204029 2.357743855 1.91583921 1.958885114 -9999.0 1.585781785 1.194358694 1.215601107 1.080478658 0.99347136 0.972522714 0.970224966 0.996659452 1.038683113 1.076558488 1.10265566 1.117473817 1.074266213 1.012609631 0.974472146 1.220928738 1.683836628 1.701290254 0.983731938 0.870771881 0.853946141 0.933166943 1.344960474 -9999.0 -9999.0 -9999.0 -9999.0 -9999.0 -9999.0 -9999.0 -9999.0 -9999.0 -9999.0 -9999.0 -9999.0
