Environmental Parameters/RCP 85/2050/Sea-surface_salinity.asc
ncols 720
nrows 360
xllcorner -180.00
yllcorner -90.00
cellsize 0.5
NODATA_value -9999
[rows 225 to 249 of 360, columns 448 to 503 of 720]
-9999.0 -9999.0 -9999.0 -9999.0 -9999.0 -9999.0 -9999.0 34.93968201 35.0683136 35.19398499 35.25411987 35.30386353 35.34220886 35.35192108 35.35247803 35.36243439 35.37522888 35.38312912 35.38955307 35.39237976 35.39772797 35.41020584 35.4226265 35.4283638 35.4278717 35.42972183 35.42544937 35.42414856 35.43387604 35.43143845 35.42926407 35.43473816 35.439785 35.44920349 35.44877243 35.4426384 35.44625092 35.46628571 35.48139572 35.48348618 35.48622131 35.48516846 35.4943428 35.5058136 35.50937271 35.51118088 35.5101738 35.49319839 35.48886108 35.50084305 35.50862122 35.50891113 35.51308823 35.53415298 35.55448532 35.56162262
-9999.0 -9999.0 -9999.0 -9999.0 -9999.0 -9999.0 -9999.0 34.96985245 35.13402939 35.22938919 35.27989578 35.33176422 35.36791611 35.38169861 35.39032364 35.39410782 35.40189743 35.41078949 35.41109848 35.41151047 35.41519165 35.42642975 35.43813324 35.44791412 35.45737076 35.46182632 35.47150803 35.47833633 35.47838211 35.47046661 35.46915054 35.47836685 35.48719406 35.49599075 35.50157547 35.51089859 35.51724243 35.532547 35.5512886 35.56194305 35.56750488 35.57803726 35.58815384 35.5916214 35.59667587 35.59324646 35.58620071 35.56913376 35.5630455 35.57926941 35.58779907 35.58168793 35.59024811 35.61481094 35.63423538 35.64378357
-9999.0 -9999.0 -9999.0 -9999.0 -9999.0 -9999.0 -9999.0 35.02898788 35.17889023 35.25540924 35.30619812 35.35520172 35.38925934 35.40583038 35.41266251 35.4206543 35.43317032 35.43145752 35.42660522 35.42420959 35.42672348 35.43982315 35.4561882 35.47260284 35.4900322 35.49884415 35.49816132 35.50444031 35.50572586 35.50367737 35.50680923 35.51819992 35.52736282 35.53836441 35.54620743 35.56142426 35.56859589 35.58369827 35.60412979 35.61868668 35.63403702 35.64593124 35.65745926 35.67294312 35.67327118 35.67408752 35.66714859 35.64665604 35.64098358 35.64962769 35.65403748 35.64836884 35.64577866 35.65700912 35.66661835 35.68016815
-9999.0 -9999.0 -9999.0 -9999.0 -9999.0 -9999.0 35.14115255 35.09395981 35.21651077 35.27795029 35.32436752 35.37573242 35.41308975 35.4340477 35.43415451 35.44274902 35.46146774 35.46180344 35.45117187 35.44744492 35.44347763 35.45689774 35.48722458 35.50945663 35.5266571 35.53409958 35.53149796 35.53400803 35.52881622 35.52592468 35.53371429 35.55114746 35.5645256 35.57295227 35.57371521 35.58545685 35.59572983 35.60314178 35.6257515 35.64670181 35.67073822 35.68267441 35.68823624 35.70285416 35.72001648 35.73354721 35.72730255 35.71094513 35.70418549 35.7088089 35.70600891 35.70226288 35.69704437 35.69590378 35.70185471 35.70621109
35.27743912 -9999.0 -9999.0 -9999.0 -9999.0 -9999.0 35.20965958 35.12944031 35.23802567 35.30268478 35.36027145 35.41582108 35.4445076 35.45450974 35.45332336 35.45443726 35.46783829 35.47225571 35.46694946 35.47304535 35.48381805 35.49451828 35.51277542 35.53282928 35.55274582 35.56918335 35.57478714 35.57420731 35.5643692 35.55997467 35.5679512 35.58893204 35.60727692 35.60663986 35.60839081 35.61417389 35.62028122 35.62738419 35.63379669 35.65205002 35.67843628 35.68929291 35.69195557 35.71152496 35.73641205 35.74816513 35.74607086 35.74801636 35.75071716 35.75203705 35.74626541 35.74380112 35.74376297 35.7411499 35.74092102 35.74581909
35.32948685 35.34157944 35.35992531 35.37695694 35.3813324 35.33909988 35.24088287 35.17254257 35.27537155 35.33586502 35.40466309 35.45927811 35.48176956 35.48455429 35.47405624 35.46498489 35.47276306 35.48044586 35.48930359 35.50278473 35.51635361 35.52604675 35.53843689 35.55361557 35.57010651 35.59022141 35.60213852 35.60105133 35.59595871 35.59583282 35.60511017 35.62659454 35.64396667 35.64574432 35.64884186 35.6508255 35.65842438 35.66369247 35.66307068 35.67406464 35.69786453 35.70756149 35.7090416 35.72968292 35.75878143 35.76194382 35.76749039 35.77539062 35.77357864 35.77656174 35.77732086 35.78068542 35.78236008 35.77735519 35.78733063 35.79586029
35.35241318 35.38524628 35.41319275 35.40680695 35.35589981 35.30205154 35.23224258 35.24151993 35.31929398 35.37806702 35.44599915 35.49348831 35.51423645 35.51411819 35.49635315 35.48315048 35.4887085 35.49766541 35.5174408 35.53569412 35.5502243 35.56338882 35.56934738 35.58049393 35.58946228 35.59860229 35.61234283 35.61797714 35.61883545 35.62311554 35.63884735 35.65245056 35.65691757 35.65025711 35.65969467 35.6726532 35.68874741 35.692379 35.6890831 35.69728851 35.71411514 35.72835541 35.73786163 35.76557159 35.79225922 35.79627991 35.80102539 35.80501175 35.80269241 35.80764008 35.81315994 35.81285477 35.82358932 35.83129883 35.84226608 35.8458519
35.40112686 35.39797974 35.38623428 35.33721924 35.3060379 35.28358459 35.2821846 35.32523727 35.37717056 35.41785049 35.47158813 35.51526642 35.52578354 35.52932358 35.51639938 35.51285172 35.51717377 35.518013 35.52774048 35.55298615 35.56921768 35.58551788 35.59706879 35.60614014 35.60914612 35.615345 35.62621689 35.63246918 35.63003159 35.6281395 35.64428711 35.65740204 35.65093994 35.64447784 35.6570282 35.68302536 35.7028923 35.7026329 35.69007111 35.69560242 35.72166061 35.74354553 35.76046753 35.78504944 35.80775452 35.81332016 35.82016754 35.82758713 35.83982849 35.85316467 35.85885239 35.86161804 35.87145996 35.87640762 35.88358307 35.88816833
35.39921951 35.36909485 35.34384918 35.32713318 35.33369446 35.35072327 35.3825798 35.42146683 35.4355278 35.47657013 35.52421188 35.5461235 35.55287933 35.55924225 35.5606575 35.56565094 35.55793381 35.54515076 35.55315399 35.57535172 35.59409714 35.60166931 35.602108 35.60704041 35.61281586 35.63295364 35.63788605 35.64426422 35.64845276 35.65367889 35.66110992 35.66072464 35.65360641 35.64406586 35.64970779 35.67063904 35.68533707 35.68650818 35.68610001 35.69330215 35.71292877 35.74116898 35.76700592 35.79264069 35.80437469 35.81427383 35.82596588 35.84563828 35.8669014 35.88824463 35.8981781 35.90343857 35.91044998 35.91625214 35.92034531 35.92340088
35.41439056 35.40056992 35.39548492 35.40007401 35.4172821 35.44345474 35.47325516 35.49219513 35.49276733 35.51863861 35.5535202 35.57583237 35.58812714 35.5934639 35.59400558 35.59952545 35.59482574 35.57935333 35.58482361 35.59941483 35.61120224 35.61127853 35.60796356 35.60904312 35.61675262 35.6369133 35.65774155 35.66957855 35.6819458 35.68940353 35.69074249 35.68736267 35.68192673 35.67172623 35.66098022 35.67411423 35.68300247 35.68318558 35.68458557 35.69419861 35.71650696 35.74847031 35.77441788 35.79228592 35.81217575 35.82310104 35.82966232 35.84610367 35.87417603 35.90319061 35.91578293 35.92131805 35.92887115 35.94141006 35.93959045 35.94234467
35.47194672 35.45974731 35.45843506 35.46045685 35.47603607 35.5010376 35.51966476 35.52841187 35.52390289 35.53450012 35.56997681 35.59020615 35.60020828 35.60239792 35.59891891 35.61553574 35.61605072 35.60201645 35.60358047 35.61953354 35.62748337 35.62086487 35.61876678 35.6267128 35.63758469 35.65609741 35.68024445 35.69575882 35.70542145 35.71374512 35.720047 35.72132111 35.71139526 35.70090866 35.69446564 35.69403458 35.69954681 35.7060318 35.70940781 35.71627426 35.73374939 35.75762177 35.78075409 35.7998085 35.80998993 35.81671524 35.82385254 35.84555435 35.88690948 35.91772461 35.91657639 35.91864395 35.92511368 35.92253113 35.92061615 35.94444656
35.51662064 35.51724625 35.52182007 35.52358246 35.53371048 35.55000687 35.55145645 35.55770493 35.55411148 35.55483246 35.56629944 35.58003616 35.58996582 35.6014328 35.61040115 35.62469101 35.62529755 35.61982727 35.61983109 35.6231575 35.62804413 35.63044739 35.64513397 35.66823578 35.67427826 35.68442535 35.70219803 35.71444321 35.71957016 35.7199707 35.72031403 35.7215538 35.72332764 35.71896362 35.71761703 35.72083282 35.72623444 35.73095703 35.7288475 35.7266922 35.73359299 35.75431824 35.78381729 35.79838181 35.81115341 35.81289291 35.81683731 35.84097672 35.87392426 35.89731216 35.90820313 35.91331482 35.91169357 35.90471649 35.8875885 35.87769318
35.56987381 35.58218002 35.59393311 35.59916687 35.60083389 35.59943771 35.5867691 35.5724678 35.56882095 35.57479858 35.58163071 35.58850861 35.5982666 35.61346817 35.62540436 35.63446808 35.63866425 35.64154434 35.64976501 35.64964294 35.65568924 35.6607399 35.67726898 35.69916153 35.71269608 35.71972656 35.72989655 35.73443222 35.73738861 35.73967743 35.7352562 35.73210144 35.73048019 35.72600174 35.72763443 35.739151 35.74983597 35.7525177 35.75223923 35.74939728 35.75072098 35.76079178 35.77506256 35.78645706 35.79324341 35.80109406 35.81346893 35.83486938 35.86429596 35.88493729 35.89695358 35.89902115 35.89804459 35.87717438 35.85840988 35.842453
35.60744858 35.62502289 35.64247131 35.6510849 35.64916229 35.64129257 35.61887741 35.59846497 35.59756088 35.60116959 35.61296844 35.61869049 35.62260056 35.63183975 35.63842773 35.64941406 35.65561295 35.66661072 35.68046951 35.67932892 35.67951202 35.68318558 35.69408035 35.70554352 35.71869278 35.7293129 35.73727798 35.74824905 35.75302505 35.75588226 35.7564621 35.75468445 35.75364304 35.74515915 35.74230576 35.75265121 35.77007675 35.78033447 35.78010178 35.77787018 35.77999115 35.78390884 35.79316711 35.79324341 35.79380035 35.79486465 35.80464554 35.82238388 35.84883499 35.86681747 35.87141418 35.86507034 35.86260605 35.85675812 35.84329224 35.83469009
35.62321854 35.63683701 35.65520859 35.66352463 35.65869904 35.64828873 35.63665771 35.63116837 35.63089371 35.63029099 35.63580704 35.63447952 35.63223648 35.63002396 35.63851929 35.65749359 35.67588425 35.68828583 35.69576645 35.69208908 35.68780136 35.68642044 35.69310379 35.70324326 35.71022034 35.71491241 35.71920776 35.72820663 35.73703003 35.73373032 35.73461151 35.74945831 35.76041031 35.75633621 35.74904633 35.75617981 35.77658844 35.79499817 35.79711914 35.78543472 35.78590775 35.78678131 35.79049301 35.79312515 35.79547882 35.78843307 35.7944603 35.81425095 35.83452988 35.83481979 35.82340622 35.8143158 35.81095886 35.81021118 35.8200798 35.83154297
35.63956451 35.64812851 35.6650238 35.67070389 35.66689301 35.65961456 35.6546402 35.65371704 35.65119171 35.64719772 35.6430397 35.63741302 35.63383484 35.63612747 35.64100266 35.65552139 35.67075348 35.67951202 35.68072128 35.67956161 35.68310547 35.68562698 35.6926651 35.70161057 35.71079254 35.71612167 35.71124268 35.71369171 35.72017288 35.71603012 35.71894455 35.73792267 35.75417709 35.75855255 35.74648666 35.74219131 35.74683762 35.76617813 35.77222061 35.77362061 35.77275085 35.76845551 35.76570129 35.76977158 35.77210999 35.76566315 35.76892471 35.78953934 35.80685043 35.80682755 35.79319763 35.77811813 35.77012253 35.77446747 35.79224014 35.80757523
35.66473389 35.672966 35.68162918 35.68312454 35.67974472 35.67815399 35.67321396 35.6726799 35.6697464 35.66801071 35.6683197 35.66897964 35.66764832 35.66643524 35.66630173 35.66714478 35.67182541 35.67326736 35.67518616 35.68012619 35.69033813 35.69817352 35.71172333 35.71899414 35.729496 35.74024582 35.73395157 35.73438263 35.72761154 35.7195816 35.72014618 35.73049927 35.74107742 35.74675369 35.72566605 35.70893478 35.7078743 35.71920395 35.72781372 35.73230362 35.73122406 35.72126389 35.71547699 35.71504593 35.72638321 35.72875595 35.73067474 35.74520111 35.76088715 35.76268387 35.75871658 35.74798203 35.73265457 35.73203659 35.7460022 35.75888443
35.68784714 35.69031906 35.6889534 35.69097519 35.69103622 35.69393158 35.70167923 35.7107048 35.71218872 35.70694733 35.7039032 35.70147324 35.69911575 35.69509125 35.68964386 35.68890762 35.68914795 35.69054413 35.69071579 35.69279099 35.7048378 35.72005463 35.73591995 35.74704361 35.75205994 35.74887848 35.74200821 35.73379517 35.72397232 35.71867371 35.7233429 35.72715378 35.72475052 35.71743774 35.7044487 35.69052505 35.68317413 35.68883514 35.69314957 35.69083405 35.68151093 35.66825485 35.6608696 35.66001892 35.66574097 35.67627716 35.68341064 35.68818665 35.69602585 35.70139694 35.70745087 35.70050812 35.68439865 35.67300034 35.68153763 35.68985367
35.67829132 35.65769958 35.65594101 35.66849518 35.68390274 35.70565033 35.7208786 35.73236847 35.74079514 35.74067307 35.73817825 35.73103333 35.72288513 35.71614075 35.70697784 35.70495224 35.70911407 35.70904541 35.70475388 35.70050812 35.70797729 35.72319794 35.73299408 35.74209595 35.74122238 35.73539352 35.72114563 35.70424271 35.67457199 35.66392899 35.66139603 35.66091156 35.67330551 35.67550278 35.67525864 35.6772728 35.67747498 35.67422485 35.66572189 35.65474319 35.64696884 35.64295959 35.64051056 35.63258362 35.62396622 35.62527084 35.62128067 35.61899185 35.62006378 35.62508011 35.63778687 35.63283539 35.63267136 35.6281395 35.62630844 35.61896133
35.64902496 35.63741302 35.63408661 35.64498901 35.66783142 35.69245148 35.70931244 35.72494888 35.73736572 35.73630905 35.7317009 35.71691132 35.70053864 35.69602585 35.69854355 35.70375824 35.70471573 35.69017792 35.68520737 35.68356323 35.68606567 35.69255066 35.69629669 35.69271851 35.68922806 35.6885376 35.6619072 35.64365387 35.62526321 35.61386108 35.61000824 35.61371613 35.62311935 35.6333046 35.64383316 35.63641739 35.62988281 35.62095261 35.60732269 35.59860611 35.59722519 35.60295868 35.60748672 35.60180283 35.57953262 35.5709877 35.56299973 35.55702209 35.55101395 35.54355621 35.53964233 35.54399872 35.5617981 35.56285858 35.5568428 35.54854965
35.63007355 35.62307358 35.61669922 35.6229248 35.64213943 35.664505 35.67817307 35.68276978 35.69813156 35.69651031 35.68724442 35.67531967 35.66547394 35.6628418 35.66322708 35.66090775 35.64736176 35.64514542 35.64207458 35.63850403 35.63735199 35.63793945 35.63445663 35.63054276 35.62991333 35.6197052 35.61439896 35.6017952 35.59115601 35.58187866 35.57689667 35.57613373 35.58293533 35.59122849 35.58528137 35.57630157 35.56158447 35.5448494 35.53294754 35.52922821 35.53063202 35.53433228 35.53859711 35.53350449 35.51883316 35.50746918 35.49816132 35.48931122 35.47940445 35.46600342 35.45941925 35.46807098 35.48008728 35.48368835 35.47602463 35.47231293
35.59353256 35.58765793 35.58875656 35.58948517 35.5949707 35.60952377 35.61978912 35.62879944 35.63780594 35.63637161 35.63229752 35.63724518 35.63103485 35.61785507 35.61485672 35.61057663 35.60168457 35.59932709 35.59534454 35.59462738 35.59903717 35.59600449 35.57952499 35.57201385 35.5712204 35.57055664 35.56454849 35.5532608 35.54263687 35.53890228 35.53785706 35.5327301 35.53242111 35.52814484 35.51490021 35.50107956 35.48940277 35.47911453 35.47307587 35.47129822 35.46772766 35.46839523 35.46923828 35.46900177 35.4593277 35.4503212 35.44515991 35.44031143 35.42375946 35.40235519 35.39626312 35.40147018 35.40644455 35.40099716 35.39651489 35.40090942
35.55674362 35.553936 35.55484009 35.55524445 35.55554962 35.55717087 35.56748199 35.57050323 35.5729866 35.56961441 35.56787109 35.56516266 35.56291199 35.56134033 35.55821228 35.55727005 35.54950714 35.54561996 35.53853989 35.5354805 35.53464508 35.53279877 35.53063583 35.52542877 35.52197647 35.52149582 35.51573563 35.50089645 35.49224854 35.48418808 35.4794426 35.47908401 35.47650146 35.46099854 35.43992615 35.42726135 35.41241455 35.40866852 35.40811539 35.41316605 35.41685867 35.41780853 35.41296768 35.40205383 35.39707947 35.3910675 35.38602066 35.37154007 35.35477829 35.33827209 35.32894897 35.32858658 35.32123184 35.31365585 35.31487274 35.32179642
35.53636932 35.53726959 35.5385437 35.5383606 35.53747177 35.53366089 35.53108597 35.53076935 35.53396606 35.52876282 35.52407837 35.51940536 35.51821518 35.51525116 35.51066208 35.50634384 35.50161362 35.49682617 35.49417496 35.49017334 35.48717499 35.48374939 35.48134995 35.47902679 35.47976303 35.48537827 35.47976303 35.47195435 35.46657181 35.45818329 35.44771957 35.44512939 35.43945694 35.42332458 35.40645599 35.39028931 35.38038635 35.37628555 35.37530899 35.37423325 35.37466049 35.37291718 35.36836624 35.35997391 35.35044861 35.34780121 35.33934402 35.32366562 35.30739594 35.29069901 35.2783432 35.26665497 35.24863052 35.23500443 35.23805237 35.24887085
35.51760483 35.51644516 35.51740265 35.51377869 35.51235199 35.50788879 35.50186539 35.5009079 35.50205612 35.49964523 35.49398422 35.49339676 35.49184036 35.48750687 35.48349762 35.47633743 35.47265244 35.469944 35.46821976 35.46360779 35.46007919 35.45850754 35.45750427 35.45731354 35.45758057 35.46302032 35.46279526 35.45663452 35.44770432 35.43831253 35.43009186 35.4236908 35.41438675 35.40409088 35.39267349 35.38191986 35.36869431 35.36080933 35.35637665 35.3495636 35.34410858 35.33951569 35.33164597 35.32515335 35.31761169 35.30916977 35.30200577 35.29022217 35.27896118 35.26092911 35.2443428 35.23033905 35.21728134 35.20595551 35.19646454 35.19435501
