Environmental Parameters/RCP 85/2050/Sea-bottom_dissolved_oxygen.asc
ncols 720
nrows 360
xllcorner -180.00
yllcorner -90.00
cellsize 0.5
NODATA_value -9999
[rows 25 to 49 of 360, columns 392 to 447 of 720]
293.1003609 -9999.0 323.3878174 325.7680664 326.5149536 322.6454468 314.5460205 317.3084106 329.191803 352.4691467 366.6801758 347.9324036 345.5042725 328.0971069 318.1140747 312.1495361 320.7215881 327.5997314 324.8698425 322.1022644 305.5212708 302.826416 299.3844299 299.4661255 300.1001282 300.1793213 299.7997131 299.6531067 299.2612305 299.1366882 298.790863 297.7146912 297.9147644 300.5765991 301.9371338 303.9024353 304.6651001 306.0787048 309.2050476 309.8845215 312.059967 312.5035706 312.5635986 312.4646606 313.4906006 314.4547119 314.0832214 315.7841492 315.3183899 315.7979736 313.8902588 313.7163391 313.9974365 313.9974365 313.2247314 312.6891174
303.0287476 309.584137 316.5843506 303.4616394 308.9578552 323.1530457 309.8797302 310.0421143 310.10495 343.4488525 343.0001221 353.9804688 310.916687 304.3246765 306.9690552 328.2426758 342.7736206 342.3516541 335.2367859 327.5110474 318.181427 306.1462708 303.9310913 300.1303711 301.3733826 297.6651306 296.5999756 296.2926941 297.0973816 297.2923889 297.47052 297.2054749 297.888916 298.5041809 302.2961731 304.7470093 302.5531921 305.1287842 302.4846802 304.4307556 304.9403076 305.4219055 306.9436951 307.5411072 310.1958923 310.8908997 311.2881165 309.8218384 310.7270508 308.2921143 309.7823486 310.5489197 311.8594666 310.7559509 310.9929504 310.8164368
294.8060608 294.3458862 291.8054504 289.8447266 293.4873962 296.2713013 301.0195313 303.528595 304.7756348 306.3760681 307.466156 308.1160889 311.9588928 324.6229248 325.3396606 326.6421204 319.6584778 317.7107544 313.0921326 303.5582275 297.5329285 297.8206482 298.809082 300.881134 296.8203125 296.4297485 295.4387512 294.1424866 294.1693726 294.505249 292.6128845 295.0917358 295.3783875 295.6081238 296.1787415 296.1350403 295.5819397 295.039032 294.6739502 294.3478394 299.525177 300.5123291 302.8093567 304.6150513 305.6304016 305.3192139 304.941803 306.2468567 307.3151245 307.9009705 308.4606323 308.8425903 309.2068787 309.3681641 309.6065979 309.6212463
282.4648132 285.7144165 289.1276245 293.6946411 295.6976013 303.598999 317.5871277 332.8636475 336.1981812 337.8880005 339.420105 326.0189514 323.8434448 320.059906 306.1759949 307.10495 304.6162415 304.6291809 300.8334656 297.1473389 296.2151794 295.7090759 294.4772644 294.2696838 294.4649048 294.8483582 294.177948 292.9887695 293.2405701 293.2820435 292.9998474 294.5124512 298.0079346 298.3536987 300.4637146 301.9204102 303.3471069 304.7593384 305.2944336 305.3233032 305.004364 305.3205872 306.0176392 303.4023437 302.7968445 303.8657837 306.4809875 303.995575 305.0942078 306.363678 308.2145996 308.5767517 299.980835 300.0484619 308.5434265 307.9082336
285.9384155 287.683075 290.0840149 295.3865051 319.6611023 328.0432739 323.575531 325.129303 319.4436035 322.0962219 319.1841125 315.769928 307.7721863 306.0151062 295.6609192 295.124939 292.6875916 293.1810608 292.7069702 294.0275574 293.5357666 295.3068237 294.993103 293.2020569 292.7886658 292.534668 290.316864 290.2290649 290.1769714 290.6987915 290.6375122 297.2889099 300.1013794 301.9972229 304.8526306 307.7559509 308.916687 309.4105835 308.5714417 309.4946289 309.2180176 309.7490234 308.6738586 305.5334473 305.2286377 306.8721924 304.3060303 305.1359558 308.8253784 308.794342 309.4475403 310.1678772 309.7745056 308.496582 300.2305298 307.7297363
281.5226135 282.7004089 283.8082581 284.8675232 287.2183228 290.4519043 294.0128784 304.5969849 297.9986267 300.7895203 290.7489929 289.4159241 294.6252441 293.596405 293.5118103 293.0167542 292.5557861 292.8510132 292.5299072 291.2055969 290.4119263 290.9071045 291.4309692 290.0478821 290.2565918 291.5273437 292.1279602 292.5180359 292.2163696 292.3111267 297.0603638 298.1711731 301.8991089 304.0545959 302.7073364 301.4555359 301.8939819 301.7617493 303.3352356 304.2697144 305.9984741 308.017334 308.9199829 310.4356384 312.2446289 310.4491272 309.7597351 310.834137 311.3538208 311.1681519 311.5503235 311.8848572 312.116394 310.3916931 306.8259888 306.7110596
278.6624451 282.1859131 283.0439758 285.4763489 287.4577637 304.0701904 295.6007996 288.7791443 286.7989807 286.075531 287.9964294 287.0173035 288.3564758 289.5960999 289.1327515 287.8572083 287.9787292 287.6464233 288.3334961 288.1844482 288.1082458 287.8335266 288.4974976 288.4380493 288.6865234 288.6821899 290.7625122 290.3647156 291.962616 293.1029663 294.4559326 295.8051453 296.3000183 294.5304871 295.3630371 296.67099 297.6945801 297.8117371 297.5645447 297.7030945 303.4156799 304.2440491 307.8044434 309.3501282 310.48703 311.1150818 311.5159912 310.6633911 312.2999268 311.4302063 312.2332153 309.65802 309.2134399 307.1042786 306.8756104 304.610321
279.051239 280.0210571 280.8729248 277.1946106 278.7998962 278.0595093 281.120636 282.9699097 284.8979187 285.074585 268.2764893 268.6740417 286.5443115 286.6916199 288.1201782 289.0139465 289.0026245 289.4576111 289.616394 289.5872803 289.5116272 287.4481506 287.3821411 287.3943481 287.5027161 287.1775513 287.4888306 287.8852234 289.2080994 289.3423462 290.2658386 290.329071 290.8050537 292.4206848 290.8476563 290.5727539 292.0260925 292.2553711 297.3881226 300.2466125 302.3381042 303.576355 306.3016052 307.6006775 308.5481262 307.5470886 309.4573364 310.1163025 308.4412537 306.5249023 303.8754883 300.7224731 300.5419617 300.3417358 300.2574158 286.2049255
274.3901062 273.7494507 271.8877869 277.3861694 280.4020081 282.6410522 283.8357544 283.8916626 284.5249939 284.1231689 284.7115479 286.1126404 288.1469727 288.5380249 290.048584 290.6329041 290.7256775 289.7333069 289.0057373 288.3251038 290.0279541 289.4698792 287.2176819 286.5515747 286.1212158 285.991272 286.0560913 286.6018982 286.9866028 287.0899048 287.9609985 288.384613 289.2155151 290.3592529 290.8569031 292.3138733 292.8954468 295.7037354 298.4570313 300.2215271 301.9109497 303.8864746 305.1625366 306.2626648 304.2917786 307.4465027 305.6816406 303.7496338 303.9408569 301.283844 303.942688 300.7089233 300.5843201 302.4371948 300.5723877 300.3067322
274.4682922 277.0247498 279.2895508 280.1748352 277.1994324 284.1427002 285.6641541 286.0943298 286.2184448 287.8218994 286.7294006 287.4525452 288.54599 289.5326843 290.0549927 287.8261108 289.9195862 287.8117676 287.2001953 287.1107483 286.6896057 286.1999817 283.4980469 283.2183533 285.9324951 282.4485474 282.434845 283.4700317 283.2735291 284.5023804 285.1773071 287.7821655 288.2229614 289.7217102 291.4462891 293.3237 295.9524841 298.4901123 300.5925598 302.4310608 303.5865479 305.2685242 306.6936951 307.817749 305.7456055 306.3551941 304.8362732 302.5667419 304.6049805 302.6583862 302.6535645 302.7062988 302.6228943 304.5307617 305.1859131 303.4132385
271.4125977 272.3320923 272.0865173 280.9074707 277.0895386 278.509613 277.3808594 277.8806152 277.2946167 277.1456909 277.0705566 277.3318176 277.9068298 277.7197876 278.0596924 278.1061401 278.3432617 279.3760376 280.4927673 281.3673096 280.9190369 281.8040161 282.4353333 280.9346619 280.9035339 281.5762939 281.2715759 281.6777344 279.9309692 280.4741516 281.3323975 285.3722534 281.4054565 286.5779724 291.2757874 292.7697144 293.0931702 294.0943604 301.2374878 304.4476929 305.3399353 307.1237183 307.5478821 306.8606262 307.2893677 305.6663818 304.1325378 302.237915 288.5834351 301.9984131 303.0024414 302.9837036 303.1885071 304.0834656 304.7735291 305.2236938
270.6334839 270.6425781 271.9990845 272.8817139 274.2571716 275.4404907 276.4951782 277.5263062 277.1485901 275.041687 274.2505798 280.2005615 277.9552002 277.7935486 272.7455444 273.3016052 274.5099182 276.315094 276.9544983 279.7828674 280.8326416 279.8999329 278.6907349 278.4371338 278.1156311 278.7679443 279.1670837 279.0439148 281.5473022 280.4854431 280.9067383 281.5630188 281.5233765 282.2408142 288.1656494 290.0659485 292.5447388 297.0881348 300.8704834 301.6305847 304.0011902 302.9415588 302.9321594 301.8673096 301.736908 288.7697754 288.7086182 301.1328735 300.9017639 301.0602417 302.1088562 301.9293518 301.6412964 302.9938354 301.9544983 303.122467
287.7010193 271.1709595 271.5001221 273.2743835 274.0941162 274.5917053 276.0694885 277.1731873 277.7236023 277.6524658 274.2581482 273.4033508 278.0846558 287.2546387 277.9718323 277.5869141 274.7839966 274.9849548 276.9040527 277.0946655 277.0072327 276.777832 277.2487793 281.8139648 283.8235168 283.446106 280.921814 277.4710999 277.7631836 279.7752075 282.1237793 283.1371155 287.228241 286.5823975 287.3864746 289.1275635 291.2446899 293.2858582 295.4571533 300.4543762 303.3204346 304.8108521 303.9730835 303.8216553 301.4718323 301.4674683 287.7849731 300.9578247 301.3482361 302.2002258 302.6804504 302.9498901 302.6671143 303.2622681 304.2036438 305.3349304
288.072937 288.184967 271.7691956 274.1763916 273.8327026 274.071106 279.9995728 278.916626 277.8749084 277.863678 279.4699097 274.3581848 288.2262878 286.6882629 289.9767761 284.7848816 293.3139343 293.1991577 297.0000305 292.9336243 291.5741272 287.9001465 296.6933899 -9999.0 286.216095 290.0405273 294.7801514 288.7952271 282.8558655 283.6042175 288.0739136 289.0816956 290.6464539 292.260376 295.684082 296.0314636 294.8516846 295.6335144 296.8649902 296.3920593 297.046051 297.7088318 297.9020081 301.9833984 303.4442139 303.0166016 303.1456909 302.9500732 301.9597778 305.0662231 308.8308716 309.7819824 310.1140442 310.0093689 310.7236328 309.1585999
287.6615601 288.7687988 273.0336609 279.2086182 281.1844788 282.664917 291.877533 292.9247131 285.2792053 282.4892578 287.8062744 285.6254578 272.5725098 292.1809311 281.5552845 -9999.0 -9999.0 295.1862411 296.053978 297.0711899 -9999.0 298.4300604 -9999.0 -9999.0 -9999.0 294.9916582 294.0026445 293.3369751 292.0244446 297.9484558 290.7532959 284.3113403 285.6601868 296.1414185 292.1277771 293.0028381 292.0592651 295.9652405 299.5717773 300.3631592 299.0179138 297.0068054 296.588623 296.9421692 299.3852844 298.6632996 298.3321533 300.2679749 302.1199341 304.566803 306.0451965 312.6916504 314.4063721 315.6527405 317.1739502 316.3671875
287.5469971 273.5178528 275.8385925 272.8339539 277.4736938 291.2736435 286.7279329 280.370575 284.2126389 290.9992781 290.8018675 291.4275579 -9999.0 -9999.0 -9999.0 -9999.0 -9999.0 -9999.0 -9999.0 -9999.0 -9999.0 -9999.0 -9999.0 -9999.0 -9999.0 -9999.0 -9999.0 297.5054321 295.12146 292.7025146 294.0254822 292.4714966 292.6750488 301.125824 297.9157715 294.3132935 297.9574585 294.5651245 297.5334167 297.4779053 299.9299622 301.917572 302.9490967 301.927063 302.2244568 302.1457214 301.241272 299.2494507 301.2751465 305.7147217 304.2227783 307.1249695 311.6481018 313.1572266 313.0264893 315.6617432
271.1390076 289.3663635 284.8993225 284.0884705 288.1257944 293.3862057 292.5639849 -9999.0 297.261076 -9999.0 -9999.0 -9999.0 -9999.0 -9999.0 -9999.0 -9999.0 -9999.0 -9999.0 -9999.0 -9999.0 -9999.0 -9999.0 -9999.0 -9999.0 -9999.0 -9999.0 -9999.0 -9999.0 -9999.0 -9999.0 -9999.0 -9999.0 -9999.0 291.8939209 292.334259 298.2839966 292.8927612 293.4210072 293.3713989 299.4561462 294.4755249 297.0749512 296.6648865 296.9370422 298.6840515 302.4085388 305.2208252 305.5427551 307.1006775 310.2355957 312.2141418 313.6395264 317.2192078 318.1558533 320.2369385 322.8820496
281.9979515 285.4146938 287.2824297 -9999.0 -9999.0 -9999.0 -9999.0 -9999.0 -9999.0 -9999.0 -9999.0 -9999.0 -9999.0 -9999.0 -9999.0 -9999.0 -9999.0 -9999.0 -9999.0 -9999.0 -9999.0 -9999.0 -9999.0 -9999.0 -9999.0 -9999.0 -9999.0 -9999.0 -9999.0 -9999.0 -9999.0 -9999.0 -9999.0 -9999.0 -9999.0 -9999.0 -9999.0 -9999.0 -9999.0 -9999.0 -9999.0 295.1530457 294.3433228 304.7750854 303.9129333 307.026123 308.0114441 308.4203796 310.1245117 315.0287781 314.9251709 315.9311829 316.1006165 316.1860046 323.700592 322.3069458
283.8469124 284.8404007 285.1101112 -9999.0 -9999.0 -9999.0 -9999.0 -9999.0 -9999.0 -9999.0 -9999.0 -9999.0 -9999.0 -9999.0 -9999.0 -9999.0 -9999.0 -9999.0 -9999.0 -9999.0 -9999.0 -9999.0 -9999.0 -9999.0 -9999.0 -9999.0 -9999.0 -9999.0 -9999.0 -9999.0 -9999.0 -9999.0 -9999.0 -9999.0 -9999.0 -9999.0 -9999.0 -9999.0 -9999.0 -9999.0 -9999.0 -9999.0 -9999.0 -9999.0 299.1025419 300.4674072 315.3971252 317.4641418 316.9678955 319.9201355 320.1008301 322.5376282 319.8040771 321.133728 330.2766418 336.6017761
-9999.0 -9999.0 -9999.0 -9999.0 -9999.0 -9999.0 -9999.0 -9999.0 -9999.0 -9999.0 -9999.0 -9999.0 -9999.0 -9999.0 -9999.0 -9999.0 -9999.0 -9999.0 -9999.0 -9999.0 -9999.0 -9999.0 -9999.0 -9999.0 -9999.0 -9999.0 -9999.0 -9999.0 -9999.0 -9999.0 -9999.0 -9999.0 -9999.0 -9999.0 -9999.0 -9999.0 -9999.0 -9999.0 -9999.0 -9999.0 -9999.0 -9999.0 -9999.0 -9999.0 -9999.0 -9999.0 -9999.0 -9999.0 312.6720886 322.9487 319.4252014 319.6171265 320.1297302 335.4990845 345.105896 340.8700562
-9999.0 -9999.0 -9999.0 -9999.0 -9999.0 -9999.0 -9999.0 -9999.0 -9999.0 -9999.0 -9999.0 -9999.0 -9999.0 -9999.0 -9999.0 -9999.0 -9999.0 -9999.0 -9999.0 -9999.0 -9999.0 -9999.0 -9999.0 -9999.0 -9999.0 -9999.0 -9999.0 -9999.0 -9999.0 -9999.0 -9999.0 326.9695392 325.8736501 321.6423974 -9999.0 -9999.0 -9999.0 -9999.0 -9999.0 -9999.0 -9999.0 -9999.0 -9999.0 -9999.0 -9999.0 -9999.0 -9999.0 -9999.0 -9999.0 -9999.0 334.90448 338.3037415 342.4456787 342.8695374 340.9941711 332.5182495
-9999.0 -9999.0 -9999.0 -9999.0 -9999.0 -9999.0 -9999.0 -9999.0 -9999.0 -9999.0 -9999.0 -9999.0 -9999.0 -9999.0 -9999.0 -9999.0 -9999.0 -9999.0 -9999.0 -9999.0 -9999.0 -9999.0 -9999.0 -9999.0 -9999.0 -9999.0 -9999.0 -9999.0 -9999.0 -9999.0 -9999.0 -9999.0 -9999.0 332.1486206 304.5718689 333.3806458 297.7146301 273.4227905 270.8485553 -9999.0 -9999.0 -9999.0 -9999.0 -9999.0 -9999.0 -9999.0 -9999.0 -9999.0 -9999.0 330.6416931 341.1138306 318.1551208 345.0822144 328.7318115 329.2582397 342.6078186
-9999.0 -9999.0 -9999.0 -9999.0 -9999.0 -9999.0 -9999.0 -9999.0 -9999.0 -9999.0 -9999.0 -9999.0 -9999.0 -9999.0 -9999.0 -9999.0 -9999.0 -9999.0 -9999.0 -9999.0 -9999.0 -9999.0 -9999.0 -9999.0 -9999.0 -9999.0 -9999.0 -9999.0 -9999.0 -9999.0 -9999.0 -9999.0 -9999.0 -9999.0 -9999.0 333.2520752 234.6419067 293.0718994 235.3863068 266.961792 348.7120667 345.2325745 300.7170105 280.1243896 276.7253418 285.1437626 300.871582 319.6389771 339.6075745 320.2255859 330.1549072 328.0065613 332.3132629 332.3870239 332.5484009 346.251411
-9999.0 -9999.0 -9999.0 -9999.0 -9999.0 -9999.0 -9999.0 -9999.0 -9999.0 -9999.0 -9999.0 -9999.0 374.9718323 376.967926 383.4214172 382.179718 379.2537515 373.6041131 369.0616388 -9999.0 -9999.0 -9999.0 -9999.0 -9999.0 -9999.0 -9999.0 -9999.0 -9999.0 -9999.0 -9999.0 -9999.0 -9999.0 -9999.0 -9999.0 -9999.0 -9999.0 -9999.0 334.7740784 276.7718201 231.5241852 222.5794525 231.5583344 258.8023682 253.7698517 269.9450684 275.2500916 304.3674316 317.146637 329.4722595 329.1870422 -9999.0 -9999.0 -9999.0 -9999.0 -9999.0 -9999.0
-9999.0 -9999.0 -9999.0 -9999.0 -9999.0 -9999.0 -9999.0 -9999.0 -9999.0 -9999.0 374.7823658 374.7631836 412.3198547 409.9025879 392.7334595 412.2407532 397.3985291 391.791748 375.1436768 -9999.0 -9999.0 -9999.0 -9999.0 -9999.0 -9999.0 -9999.0 -9999.0 -9999.0 -9999.0 -9999.0 -9999.0 -9999.0 -9999.0 -9999.0 -9999.0 -9999.0 333.0609436 350.3003235 278.6673584 288.3195801 261.3729858 289.3237305 271.3087158 261.7716064 261.984436 261.9709778 287.0370483 357.5892944 337.074707 -9999.0 -9999.0 -9999.0 -9999.0 -9999.0 -9999.0 -9999.0
