Environmental Parameters/RCP 85/2050/Sea-surface_salinity.asc
ncols 720
nrows 360
xllcorner -180.00
yllcorner -90.00
cellsize 0.5
NODATA_value -9999
[rows 300 to 324 of 360, columns 336 to 391 of 720]
34.13737488 34.13436508 34.13186264 34.13304901 34.13585663 34.13820267 34.13906479 34.14038086 34.14351273 34.14964294 34.15527344 34.15742111 34.15387344 34.14496994 34.13290405 34.11753464 34.10494995 34.10287476 34.10768509 34.11621475 34.12518311 34.13257217 34.14128113 34.15473175 34.16933441 34.18533325 34.19326782 34.19688797 34.19713593 34.19642258 34.19462967 34.19499207 34.19796753 34.2015419 34.19790268 34.18967438 34.18246078 34.1754303 34.16743851 34.15735245 34.14519882 34.13663864 34.13960648 34.1394577 34.13143921 34.11348343 34.09085464 34.07926559 34.07428741 34.06917572 34.06274033 34.05831146 34.04489899 34.02447128 34.00276566 33.98086548
34.14326477 34.13492203 34.12703323 34.12333679 34.12180328 34.1192131 34.11840439 34.11587524 34.11544418 34.117836 34.12217712 34.12542343 34.12630081 34.12440491 34.11733246 34.1061821 34.09738922 34.09729767 34.10334015 34.11306381 34.12176514 34.12709045 34.13284302 34.1399231 34.15275192 34.16633606 34.17766571 34.1821785 34.18268967 34.1837616 34.18609619 34.18919373 34.19203568 34.19219971 34.18605423 34.17082977 34.15537643 34.13790512 34.12446594 34.11587524 34.10174561 34.0864296 34.07892609 34.07601166 34.06853867 34.056633 34.04392624 34.03889465 34.03961945 34.03785324 34.03399277 34.03004456 34.02097702 34.00069809 33.98056793 33.95844269
34.13961792 34.13134766 34.12273788 34.11606598 34.10942841 34.09990311 34.09061813 34.08058167 34.07378006 34.07345963 34.08103561 34.08518982 34.09191513 34.09609604 34.09754944 34.09614944 34.09503937 34.09595108 34.09926224 34.10443878 34.10536957 34.10607529 34.11183167 34.12168121 34.13318253 34.14473724 34.15502167 34.16235352 34.16862488 34.17097092 34.17276764 34.1690979 34.17033768 34.16727448 34.15603638 34.13533783 34.11234283 34.09627151 34.08249664 34.07460022 34.06230164 34.0500679 34.04207611 34.03813553 34.03176117 34.02124023 34.01347733 34.01025391 34.01247025 34.01354218 34.01049042 34.00299454 33.98706436 33.96683121 33.94629669 33.92829895
34.12803268 34.11933517 34.11181259 34.10513306 34.09627533 34.08525848 34.07200241 34.0582962 34.0474472 34.04401779 34.04664612 34.0547142 34.06587601 34.07415771 34.07887268 34.08106613 34.0841217 34.08694839 34.08558655 34.08254242 34.07843018 34.07637405 34.07763672 34.08675766 34.09426117 34.10341644 34.11387634 34.11670303 34.11633682 34.11288452 34.10895157 34.10569 34.10708237 34.10058212 34.08496475 34.06385422 34.04882431 34.04161453 34.03869629 34.03710175 34.03090668 34.02355194 34.0180397 34.01383209 34.00475311 33.99556351 33.99019623 33.98868561 33.98773956 33.98677063 33.98412704 33.9723053 33.95077133 33.9302063 33.9142189 33.91124725
34.11231995 34.1099968 34.10906982 34.10569 34.09451675 34.07561111 34.05457306 34.03580856 34.02643967 34.02675247 34.03462982 34.04458237 34.05530167 34.06398773 34.06645966 34.06452179 34.06083679 34.05924225 34.05838013 34.05622482 34.05398941 34.05413055 34.05485916 34.05343628 34.05363464 34.05557251 34.05746078 34.05620193 34.05181885 34.04533768 34.04026031 34.03543472 34.03177643 34.02830124 34.0219574 34.01274109 34.00379562 34.00336075 34.00523758 34.00349426 33.99468994 33.98475266 33.98082352 33.97712326 33.96828461 33.96112442 33.95687103 33.95137024 33.94561386 33.93502808 33.92805099 33.92456818 33.91698837 33.90778732 33.90156555 33.89684296
34.10838318 34.10472107 34.10147095 34.09792709 34.09073257 34.0761795 34.05828476 34.04227066 34.03542328 34.03731155 34.04078674 34.0460701 34.05129242 34.0545311 34.05707169 34.05728149 34.0560112 34.05376053 34.04931641 34.04395676 34.04026031 34.038517 34.03636169 34.03248978 34.02515793 34.01712799 34.01086044 34.00352097 33.99612045 33.98992157 33.98260117 33.97631836 33.9752388 33.97764206 33.97818375 33.97537613 33.97098541 33.97068405 33.97448349 33.97750854 33.97565842 33.96932602 33.96520615 33.96471024 33.95362854 33.93688965 33.92024231 33.91222382 33.90816498 33.89984512 33.88929367 33.88233566 33.88237381 33.88502884 33.88993073 33.89863205
34.11191559 34.1029129 34.09423828 34.0875473 34.08288956 34.07521439 34.06528091 34.0564003 34.05208969 34.05274963 34.05310822 34.05131912 34.05296326 34.0555687 34.05991745 34.06394577 34.06380463 34.05758667 34.04930115 34.04383087 34.04255676 34.04045868 34.03220749 34.02132797 34.00567627 33.98806763 33.97525406 33.96730042 33.95967865 33.95454788 33.9523201 33.95189285 33.95256805 33.951828 33.950634 33.94853973 33.94593048 33.94564819 33.94776917 33.95178604 33.94944 33.94458389 33.94102097 33.9361763 33.92226791 33.90231705 33.88715363 33.87661743 33.87384033 33.86577225 33.86067581 33.86612701 33.87676239 33.88602066 33.89762878 33.91258621
34.10864639 34.09379578 34.08139038 34.07420731 34.07182312 34.0684967 34.06165314 34.05593109 34.05512619 34.05750656 34.06212616 34.06636047 34.06910706 34.07203674 34.07503128 34.07334518 34.06529999 34.05382156 34.04308701 34.03602219 34.03085327 34.02383041 34.01419449 34.00516891 33.99926376 33.99411392 33.99861526 34.00821686 34.01929855 34.0223465 34.01199722 33.99752426 33.98680496 33.97473526 33.95912933 33.94376373 33.9327774 33.92437744 33.91914749 33.9162178 33.91310883 33.90782166 33.90201569 33.89474106 33.88544083 33.87065125 33.85964966 33.854496 33.85235596 33.85079575 33.85331726 33.86070633 33.86991501 33.88612366 33.90382767 33.91949844
34.09463882 34.08100128 34.07062912 34.06349564 34.05905151 34.05555344 34.0534935 34.0545578 34.05858612 34.06316376 34.06827164 34.07323074 34.07666779 34.0803299 34.08314133 34.08112717 34.07392883 34.06560516 34.05979156 34.05697632 34.05753708 34.05739975 34.05195618 34.05023575 34.05585861 34.06879044 34.0870018 34.10414886 34.11135483 34.10639191 34.08965302 34.064888 34.04195404 34.01943207 33.99552155 33.97264099 33.95365906 33.93600464 33.92172241 33.91222 33.90248489 33.89294434 33.88426971 33.87686157 33.86897659 33.85956573 33.85188293 33.84809875 33.84766388 33.85155487 33.86175156 33.87582016 33.89176941 33.90894699 33.92448807 33.93458939
34.09246445 34.08255768 34.07402802 34.06808853 34.06508255 34.06437302 34.06864548 34.07059479 34.07228088 34.07567978 34.07986069 34.08430862 34.08716965 34.08945465 34.09127426 34.09252167 34.09064484 34.08816528 34.08824158 34.08880997 34.09328461 34.10116577 34.10907745 34.11955261 34.1301384 34.14404297 34.15265274 34.15464783 34.14340591 34.12536621 34.10428619 34.08068466 34.05537033 34.02748108 33.9988327 33.97052765 33.94601822 33.92592621 33.91428375 33.90500259 33.89603424 33.8888855 33.8795929 33.87140274 33.86542892 33.86170578 33.85844803 33.85607147 33.85743713 33.86375809 33.87504578 33.88834763 33.90116119 33.91347504 33.9236412 33.92797852
34.11461258 34.10985184 34.10502243 34.10037613 34.09656143 34.09050751 34.08577728 34.0826416 34.08088303 34.08342361 34.08642197 34.09126282 34.0945549 34.09534836 34.09220505 34.08929825 34.08830261 34.08991241 34.09459686 34.10017776 34.10566711 34.11453247 34.12459946 34.13135147 34.13874054 34.15007401 34.16177368 34.15956879 34.14622879 34.12651825 34.1068573 34.08603287 34.05567932 34.01846313 33.98601913 33.95975113 33.93870163 33.92453384 33.91166687 33.90012741 33.89209366 33.88403702 33.87508392 33.86893845 33.86496353 33.86056137 33.85996628 33.86421967 33.87053299 33.8756752 33.88196945 33.89054489 33.89744186 33.90383148 33.91584015 33.93029022
34.13547897 34.13339233 34.13118744 34.1282196 34.12334442 34.11462402 34.10346603 34.09199142 34.08290482 34.07810211 34.07898712 34.08016586 34.08074951 34.07774353 34.07425308 34.07073593 34.07030487 34.07125092 34.07440567 34.08370209 34.09401703 34.10660553 34.11513901 34.12358093 34.13360977 34.14544296 34.15201569 34.14961624 34.14102554 34.1294899 34.11513519 34.0946846 34.06283951 34.02585983 33.99515915 33.97383881 33.95739746 33.94071198 33.92393112 33.90951538 33.89687729 33.8871727 33.87810516 33.8690033 33.86210251 33.85792923 33.85950089 33.86830902 33.87837601 33.88710785 33.89756012 33.91069031 33.92224884 33.9280014 33.9301033 33.93622208
34.16309738 34.16081238 34.15358734 34.14589691 34.13612747 34.12602997 34.11627197 34.10665512 34.09805298 34.09162903 34.08805084 34.08663177 34.08419037 34.08300781 34.08176041 34.07926178 34.07494354 34.06877518 34.06197739 34.05621719 34.06210327 34.07513428 34.09505844 34.11374664 34.12657166 34.1305542 34.13178635 34.13444138 34.13500214 34.12600708 34.10902023 34.08677292 34.06101227 34.03358841 34.00766373 33.98540115 33.96549988 33.94570541 33.9272995 33.91272354 33.90020752 33.88693619 33.8758049 33.86899567 33.86694717 33.86959076 33.87939072 33.89231873 33.90498734 33.91368866 33.92266083 33.9356308 33.95057297 33.96322632 33.97277832 33.97688293
34.17755127 34.17058182 34.16532898 34.15977097 34.14981079 34.14057541 34.13131714 34.12356186 34.11621475 34.10867691 34.10149765 34.09705353 34.09707642 34.09702301 34.09711838 34.09516144 34.09181213 34.08753586 34.08092117 34.07123947 34.06895065 34.07401276 34.09145737 34.1121788 34.12758255 34.13134384 34.12901306 34.12802124 34.12459946 34.11286545 34.09374619 34.06812286 34.04292297 34.01924133 33.99546814 33.97313309 33.95909119 33.94749451 33.93360519 33.91782761 33.90234375 33.8928566 33.89287949 33.90184402 33.91596603 33.93740845 33.95776367 33.96559525 33.96462631 33.97084045 33.97914124 33.98759079 33.99478149 34.00404358 34.01392746 34.01752853
34.15535736 34.14079666 34.13350296 34.13257217 34.13477707 34.1348381 34.13191223 34.12429047 34.11727142 34.1117897 34.11088562 34.11681747 34.12832642 34.13811111 34.14188766 34.1402092 34.13344955 34.13375473 34.13382721 34.13254929 34.13096237 34.13222122 34.13821793 34.14529419 34.14893723 34.14912033 34.14513016 34.13939285 34.12665558 34.10716629 34.08626938 34.06529236 34.04283524 34.02082825 34.00144577 33.98677444 33.97431946 33.95882034 33.94015884 33.92430496 33.9160347 33.9167366 33.92891312 33.95549774 33.98160553 33.99842072 34.00106812 34.00230789 34.00879669 34.01632309 34.02209091 34.02934265 34.04190445 34.05392456 34.05473709 34.04496765
34.13780975 34.12275314 34.11633301 34.11906052 34.12547684 34.13015747 34.13572311 34.14286041 34.14917374 34.1544342 34.16205597 34.17042542 34.17899704 34.18371582 34.18362427 34.18039322 34.17762756 34.17362976 34.16886902 34.1667099 34.16688919 34.16706467 34.16571045 34.16422272 34.16165161 34.15704727 34.14996338 34.13780212 34.11916733 34.09636688 34.07345581 34.05271912 34.03354263 34.01595688 34.00098038 33.98768234 33.97490692 33.96083069 33.94727325 33.94099045 33.94540405 33.95840454 33.97874069 33.99649429 34.00319672 34.00233078 33.99356461 33.98162079 33.97727203 33.99461746 34.02367783 34.04665375 34.05978775 34.06735992 34.06930542 34.06885529
34.11758041 34.11007309 34.10857773 34.11174393 34.11779022 34.12467957 34.13622284 34.14502335 34.15256119 34.15621185 34.16062927 34.16740799 34.17407608 34.17861557 34.17840958 34.17424774 34.17027283 34.16684341 34.16339493 34.1604538 34.15966034 34.16134644 34.16381836 34.16317749 34.15834427 34.15009689 34.14044952 34.1271286 34.10655212 34.0791893 34.04946899 34.021698 33.99861526 33.98060989 33.96751785 33.95752716 33.95350647 33.95302582 33.95561218 33.96115875 33.97024536 33.98300171 33.99515915 34.00418472 34.0121727 34.00841904 33.98870087 33.94516754 33.91412354 33.92216873 33.94786072 33.97562027 33.9937706 34.00172806 34.01043701 34.02019882
34.12978745 34.12044144 34.1186142 34.11986923 34.121521 34.12247849 34.12173843 34.11965561 34.11576462 34.10872269 34.09830093 34.09268951 34.08975983 34.09154892 34.09959412 34.10864639 34.1164093 34.12091446 34.11758423 34.10571671 34.09048462 34.07706833 34.07126236 34.06848526 34.07061386 34.07694626 34.08220673 34.07780457 34.05968475 34.03539658 34.00693512 33.98376083 33.97135162 33.96756744 33.96843719 33.9716835 33.97743607 33.98926544 33.99784088 34.00741577 34.01721954 34.02281952 34.02597809 34.02560043 34.01498032 33.98542023 33.93103027 33.88202667 33.85055161 33.83975601 33.84784317 33.8583107 33.8664093 33.87429428 33.88622284 33.89698029
34.13954163 34.13055038 34.12337112 34.11814499 34.11207199 34.10868454 34.10618591 34.10630035 34.10842514 34.10876465 34.10057449 34.08510208 34.07268143 34.05856323 34.04856491 34.04641724 34.05276489 34.05870056 34.0581665 34.05047607 34.03617096 34.02404022 34.01000214 33.96731186 34.00527954 34.01323318 34.01941681 34.02023315 34.01644516 34.00931549 34.00775528 34.00762177 34.01013184 34.01296616 34.01264572 34.00864029 34.00436783 34.00276566 34.00049973 34.00543594 34.00757599 34.00537491 34.00030899 33.9870224 33.95317078 33.90297318 33.85004425 33.80558777 33.76506042 33.71397018 33.66937637 33.62784195 33.57274628 33.52811432 33.50852966 33.59959412
34.1135788 34.10972595 34.10156631 34.08673096 34.06864929 34.06538391 34.06942368 34.0644455 34.0546608 34.04704666 34.03862381 34.02915955 34.01167297 33.98760605 33.96496201 33.95499039 33.95043564 33.94313049 33.92623901 33.8841629 33.82218552 33.74977112 33.7507782 33.73823929 33.71738815 33.81005859 33.85797501 33.89195251 33.92517853 33.95241928 33.96481705 33.96903992 33.96536636 33.95878601 33.94340515 33.91866684 33.8838768 33.82037735 33.76853943 33.74045181 33.71740723 33.70672607 33.73053741 33.76651001 33.75733948 33.7302475 33.70305634 33.67867661 33.633564 33.57181549 33.53996277 33.52432251 33.45906448 33.38734436 33.3114357 33.22777939
34.06753159 34.05298996 34.02788544 33.99911499 33.97022629 33.94106674 33.9134407 33.89237976 33.86647415 33.83321381 33.80488586 33.77175903 33.74822617 33.74008942 33.7306633 33.71863174 33.71308136 33.72331238 33.73839569 33.73679352 33.73694611 33.73231888 33.72628403 33.72086334 33.71927261 33.71760941 33.71257782 33.70655441 33.70085907 33.69411087 33.68591309 33.67611694 33.66436768 33.6444397 33.62648773 33.60799026 33.59476471 33.59378052 33.59167099 33.58795929 33.58253479 33.57538605 33.56512451 33.55761337 33.55083847 33.53863907 33.5321846 33.5273056 33.52703857 33.52017593 33.51305771 33.50603485 33.49815369 33.49091721 33.48514175 33.48023605
33.94573212 33.86497498 33.77438354 33.72850037 33.76843262 33.77003098 33.75786209 33.73644638 33.72327423 33.70162201 33.68199921 33.68252563 33.70038223 33.69911194 33.70020676 33.69228745 33.6734581 33.65032196 33.6468811 33.65077591 33.66906738 33.69018555 33.69342041 33.68611145 33.67485428 33.66031265 33.65221786 33.64766312 33.64143372 33.63557816 33.62932205 33.62347031 33.61835098 33.61232376 33.60553179 33.5991478 33.59445953 33.58964157 -9999.0 -9999.0 -9999.0 -9999.0 -9999.0 -9999.0 33.52161504 33.51249695 33.51057816 33.50305557 33.50139535 -9999.0 -9999.0 -9999.0 -9999.0 -9999.0 -9999.0 -9999.0
33.71491623 33.73680878 33.74108887 33.73806381 33.6562233 33.66020584 33.66249466 33.67022705 33.67159271 -9999.0 -9999.0 33.66712682 33.66637345 33.66438335 33.66200048 33.65952331 33.65721305 33.65534078 33.65413376 33.65373611 33.64850616 33.63771057 33.6255188 33.6206398 33.61872482 33.61552429 33.6116773 33.60752337 -9999.0 -9999.0 -9999.0 -9999.0 -9999.0 -9999.0 -9999.0 -9999.0 -9999.0 -9999.0 -9999.0 -9999.0 -9999.0 -9999.0 -9999.0 -9999.0 -9999.0 -9999.0 -9999.0 -9999.0 -9999.0 -9999.0 -9999.0 -9999.0 -9999.0 -9999.0 -9999.0 -9999.0
33.74745941 33.73925781 33.73170853 -9999.0 -9999.0 -9999.0 33.63499451 33.63796616 33.63922882 -9999.0 -9999.0 -9999.0 -9999.0 -9999.0 -9999.0 -9999.0 -9999.0 -9999.0 -9999.0 -9999.0 -9999.0 -9999.0 33.62435922 33.62045106 -9999.0 -9999.0 -9999.0 -9999.0 -9999.0 -9999.0 -9999.0 -9999.0 -9999.0 -9999.0 -9999.0 -9999.0 -9999.0 -9999.0 -9999.0 -9999.0 -9999.0 -9999.0 -9999.0 -9999.0 -9999.0 -9999.0 -9999.0 -9999.0 -9999.0 -9999.0 -9999.0 -9999.0 -9999.0 -9999.0 -9999.0 -9999.0
33.74839401 33.75043869 -9999.0 -9999.0 -9999.0 -9999.0 -9999.0 -9999.0 -9999.0 -9999.0 -9999.0 -9999.0 -9999.0 -9999.0 -9999.0 -9999.0 -9999.0 -9999.0 -9999.0 -9999.0 -9999.0 -9999.0 -9999.0 -9999.0 -9999.0 -9999.0 -9999.0 -9999.0 -9999.0 -9999.0 -9999.0 -9999.0 -9999.0 -9999.0 -9999.0 -9999.0 -9999.0 -9999.0 -9999.0 -9999.0 -9999.0 -9999.0 -9999.0 -9999.0 -9999.0 -9999.0 -9999.0 -9999.0 -9999.0 -9999.0 -9999.0 -9999.0 -9999.0 -9999.0 -9999.0 -9999.0
