Environmental Parameters/RCP 85/2050/Sea-surface_temperature.asc
ncols 720
nrows 360
xllcorner -180.00
yllcorner -90.00
cellsize 0.5
NODATA_value -9999
[rows 50 to 74 of 360, columns 171 to 227 of 720]
-9999.0 -9999.0 -9999.0 -9999.0 -9999.0 -9999.0 -9999.0 -9999.0 -9999.0 -9999.0 -9999.0 -9999.0 -9999.0 1.507436484 1.632043183 1.637057066 1.609691799 -9999.0 -9999.0 -9999.0 -9999.0 -9999.0 0.676508695 0.471995533 0.532042921 0.578321189 0.590812534 0.568744957 0.521725416 0.441782057 0.356967986 0.325587749 0.332719505 -9999.0 -9999.0 -9999.0 -9999.0 0.778259158 0.901198596 1.196764392 1.116522886 1.065892659 1.018954195 -9999.0 -9999.0 -9999.0 -9999.0 -9999.0 -9999.0 -9999.0 -9999.0 -9999.0 -9999.0 -9999.0 -9999.0 -9999.0 0.614139514
-9999.0 1.679614007 1.688415885 -9999.0 -9999.0 -9999.0 -9999.0 -9999.0 1.583224297 1.63392365 1.659808218 1.692806184 1.798937142 1.823823512 1.875377297 1.915960073 1.858824849 -9999.0 -9999.0 -9999.0 -9999.0 1.220042214 1.145524487 1.020223195 -9999.0 0.58193785 0.578799009 0.594354898 0.586712062 0.623644799 0.632875919 0.596378267 0.533699512 0.526450038 0.585271537 0.658303827 0.735371068 0.79818128 0.838478118 0.901761182 0.948272962 0.95358238 0.92997521 0.968896605 -9999.0 -9999.0 -9999.0 -9999.0 -9999.0 -9999.0 -9999.0 -9999.0 -9999.0 -9999.0 -9999.0 -9999.0 -9999.0
-9999.0 1.81151408 1.82232976 1.820028365 1.798587382 1.742405236 1.696852148 1.676018357 1.695702076 1.849155486 1.899238527 1.907232702 1.967126906 1.985037744 1.9953264 1.982125521 1.914957404 1.806539714 -9999.0 -9999.0 1.560221672 1.723282278 1.672771871 1.55936265 1.21757412 0.995515682 0.910790913 0.836621128 0.777615927 0.835047774 0.896710284 0.904681951 0.819361836 0.750719607 0.745749682 0.806389451 0.893143751 0.996409277 1.079049304 1.159329213 1.160095908 1.09200553 0.945192985 0.904661186 0.93098826 0.879131876 0.83961384 -9999.0 -9999.0 -9999.0 -9999.0 0.300994903 0.284634411 0.284091681 0.339904547 -9999.0 -9999.0
-9999.0 -9999.0 -9999.0 -9999.0 -9999.0 -9999.0 1.770501852 1.793890595 1.922615647 2.12915206 2.222247124 2.295478702 2.309077978 2.230242014 2.138800263 2.142792344 2.124698877 2.084793687 2.021235406 1.949434221 1.908252239 1.888020158 1.843674481 1.735913455 1.63378185 1.524064064 1.430793166 1.381589651 1.435178369 1.45635283 1.417849034 1.321073592 1.175113671 1.142315324 1.013590321 1.051356897 1.124563162 1.211216651 1.284592181 1.367659137 1.433364898 1.442322165 1.384207845 1.254223838 1.115418598 0.992136514 0.932173831 0.869948 -9999.0 -9999.0 -9999.0 -9999.0 0.269426703 0.190728486 0.259093493 0.319838494 0.358835518
-9999.0 -9999.0 -9999.0 2.037942111 2.009218454 1.954485774 1.909899592 2.043448448 2.300479412 2.518895149 2.610089898 2.567596078 2.510417581 2.442088723 2.394035935 2.354164124 2.297908187 2.194790721 2.115332663 2.096960247 2.066322625 1.992637753 1.9383443 1.867178321 1.926418483 1.922129512 2.002979934 2.064180195 2.05510354 2.021089673 1.966848075 1.911193848 1.783869356 1.633337289 1.576660156 1.591239035 1.624502569 1.633259088 1.604186475 1.548529118 1.503392637 1.496143952 1.490974277 1.451732576 1.368262559 1.237458378 1.109699264 1.048660383 1.029961778 0.972724129 0.847238332 -9999.0 -9999.0 0.532539994 0.436090469 0.36338526 0.420547247
-9999.0 -9999.0 2.231417298 2.130251169 2.119952917 2.179540515 2.314529061 2.482656837 2.598254085 2.691163301 2.686886549 2.611011505 2.52966702 2.48537147 2.461185336 2.441593647 2.410559297 2.377159476 2.32982111 2.253502488 2.15585655 2.169484258 2.131941974 2.126001596 2.170090377 2.236561835 2.30773747 2.335803449 2.30296284 2.280118883 2.277139366 2.286444664 2.129610956 2.04935807 -9999.0 1.946650863 1.855326414 1.754074842 1.762090832 1.701762557 1.61112988 1.525138885 1.434119612 1.41195263 1.440373003 1.443662018 1.394045383 1.330178171 1.264854163 1.179355919 1.06889803 0.989643939 0.946536437 0.867096633 0.64874509 0.526869416 0.4894889
-9999.0 2.447877884 2.412114501 2.33986783 2.343019843 2.483017802 2.605167747 2.656325817 2.682152152 2.682302475 2.627325177 2.526153088 2.467237592 2.428235769 2.400788426 2.377193093 2.373417974 2.367087841 2.347169399 2.327595115 2.301117063 2.272701025 2.288844705 2.309896588 2.328103065 2.347281098 2.385361075 2.405924916 2.434093952 2.500552416 2.557640314 2.596294761 2.569764972 2.359164 2.270114779 -9999.0 -9999.0 -9999.0 -9999.0 -9999.0 -9999.0 -9999.0 -9999.0 1.435066074 1.342049107 1.387346596 1.421507388 1.436667979 1.407781094 1.339122146 1.207583696 1.054904416 0.943036079 0.880627543 0.788794845 0.667607456 0.590581417
2.464245319 2.476626992 2.487428904 2.553598762 2.632345557 2.66753459 2.654475927 2.623404384 2.560271263 2.538995981 2.493608475 2.433603644 2.362005949 2.32096839 2.263918638 2.240516543 2.220379114 2.225561261 2.231972098 2.252030134 2.289240837 2.315027118 2.31964922 2.309413075 2.322497487 2.349150419 2.376982808 2.396765947 2.452669978 2.570654988 2.706827879 2.774991989 2.723625064 2.595096588 -9999.0 -9999.0 -9999.0 -9999.0 -9999.0 -9999.0 -9999.0 -9999.0 -9999.0 -9999.0 -9999.0 1.318516672 1.347909212 1.386638403 1.385005832 1.347388804 1.272126287 1.159522206 1.073734976 0.980774846 0.905242696 0.850602254 0.761687607
2.474023938 2.504856348 2.591358423 2.66433537 2.66242075 2.586046576 2.481553793 2.402952313 2.366545916 2.350452423 2.312412739 2.280153513 2.235275984 2.179248929 2.154266596 2.127008438 2.140710235 2.154594421 2.189133167 2.241584539 2.285208225 2.323096752 2.356180549 2.3847121 2.403804064 2.401539564 2.415807128 2.450352669 2.527241468 2.646328926 2.775723934 2.869137287 2.87799108 2.869695544 2.712426066 -9999.0 -9999.0 -9999.0 -9999.0 -9999.0 -9999.0 -9999.0 -9999.0 -9999.0 -9999.0 -9999.0 -9999.0 -9999.0 1.231305718 1.28127493 1.168811306 1.183733672 1.16467838 1.137385577 1.109791018 1.100925766 1.090725123
2.570075512 2.621008635 2.626415133 2.622466564 2.578553081 2.489296198 2.362520695 2.295260072 2.251196742 2.18693018 2.152031779 2.105160832 2.093258142 2.039201975 2.009864211 1.986252666 2.033017516 2.092451215 2.132791877 2.199711204 2.276242733 2.319634914 2.361576796 2.40079546 2.406651974 2.414230108 2.434664845 2.490296483 2.55516541 2.669414639 2.852431536 3.049720764 3.123615265 3.072644591 2.864230633 -9999.0 -9999.0 -9999.0 -9999.0 -9999.0 -9999.0 -9999.0 -9999.0 -9999.0 -9999.0 -9999.0 -9999.0 1.248764098 1.170839161 1.002678424 1.000134483 0.984132089 0.88997189 0.898277409 0.983682819 1.049917288 1.076174811
2.627625823 2.657697797 2.594880104 2.551054955 2.530582428 2.445562601 2.347933173 2.257920027 2.160291076 2.079887033 2.034372211 1.992591858 1.971085191 1.950606465 1.926409602 1.925619841 1.937167764 1.97301662 2.034141779 2.095698595 2.22702229 2.360263944 2.438995123 2.486573458 2.507931113 2.51374805 2.530970931 2.545740366 2.613942862 2.75624907 2.933746815 3.108322501 3.160254598 3.098565698 2.996590853 -9999.0 -9999.0 -9999.0 -9999.0 -9999.0 -9999.0 -9999.0 -9999.0 -9999.0 -9999.0 -9999.0 -9999.0 -9999.0 -9999.0 1.069113538 1.089818895 1.031633317 0.914685625 0.859000113 0.880808377 0.935467675 1.066657111
2.845029473 2.844999075 2.68138957 2.598995924 2.522858739 2.440682292 2.371087313 2.26961565 2.14294827 2.077593565 2.053485036 2.028484344 2.025643826 2.003350496 1.977237105 1.963675261 1.960424662 1.962313533 1.975668073 2.049478292 2.179962158 2.361219287 2.461075306 2.510367751 2.554575801 2.640779734 2.699246407 2.684174299 2.752387881 2.912933946 3.082409263 3.181086659 3.155077815 3.176885486 -9999.0 -9999.0 -9999.0 -9999.0 -9999.0 -9999.0 -9999.0 -9999.0 -9999.0 -9999.0 -9999.0 -9999.0 -9999.0 -9999.0 -9999.0 1.239703 1.203342348 1.140542313 1.048333883 0.977296323 0.985820368 1.090915143 1.373848498
2.978802562 3.007933497 2.913949966 2.847354412 2.762432456 2.60332346 2.430856586 2.306248426 2.220151067 2.176657319 2.165637493 2.128078103 2.111871839 2.07100606 2.027744412 1.978678584 1.997168899 2.027852178 2.054771423 2.099671602 2.193989158 2.32332623 2.423606992 2.478215456 2.536174059 2.642368555 2.719897866 2.76458621 2.850816488 3.005364537 3.194581389 3.299308181 3.353207946 -9999.0 -9999.0 -9999.0 -9999.0 -9999.0 -9999.0 -9999.0 -9999.0 -9999.0 -9999.0 -9999.0 -9999.0 -9999.0 -9999.0 -9999.0 1.392409205 1.336366475 1.374239653 1.42027393 1.446371198 1.485635698 1.536660433 1.634002566 1.936626315
3.117806554 -9999.0 2.968293607 2.921337008 2.93102777 2.802902937 2.62830472 2.492003322 2.399603844 2.297626257 2.224986553 2.15069592 2.106119633 2.088160634 2.05467999 2.022529721 2.03638196 2.098158002 2.14296174 2.167755961 2.215278268 2.28237474 2.355824709 2.43177247 2.512275577 2.600449681 2.667243838 2.72433877 2.747578263 2.795500875 3.030830741 3.266934991 3.451623797 3.538591504 3.413236022 -9999.0 -9999.0 -9999.0 -9999.0 -9999.0 -9999.0 -9999.0 -9999.0 -9999.0 -9999.0 -9999.0 -9999.0 -9999.0 -9999.0 -9999.0 -9999.0 1.720577955 1.737940729 1.767633796 1.902099133 1.978601933 2.023195684
-9999.0 -9999.0 -9999.0 2.925231338 3.036410689 3.084102988 3.009011626 2.847971916 2.660548806 2.523801088 2.354123473 2.239155889 2.149351358 2.085423946 2.058482647 2.064913988 2.075430036 2.107710361 2.154765129 2.204374671 2.202165604 2.238419294 2.327549934 2.419401526 2.503677249 2.557040572 2.59057796 2.635804653 2.632262826 2.625458717 2.732028604 2.91538918 3.206571698 3.469471097 3.575312257 3.459299207 -9999.0 -9999.0 -9999.0 -9999.0 -9999.0 -9999.0 -9999.0 -9999.0 -9999.0 -9999.0 -9999.0 -9999.0 -9999.0 -9999.0 -9999.0 -9999.0 -9999.0 -9999.0 -9999.0 -9999.0 -9999.0
-9999.0 -9999.0 -9999.0 3.35022366 3.163872123 3.199430108 3.091008067 2.889079452 2.781689763 2.730091095 2.622548819 2.477766275 2.328298092 2.228844643 2.146562815 2.089133024 2.063050389 2.071434379 2.128303647 2.193631411 2.210836887 2.237448692 2.286365509 2.344983935 2.400544524 2.476870894 2.539515018 2.608120203 2.568174958 2.570256233 2.641567707 2.696962833 2.926463008 3.255042195 3.532271028 3.626484036 -9999.0 -9999.0 -9999.0 -9999.0 -9999.0 -9999.0 -9999.0 -9999.0 -9999.0 -9999.0 -9999.0 -9999.0 -9999.0 -9999.0 -9999.0 -9999.0 -9999.0 -9999.0 -9999.0 -9999.0 -9999.0
-9999.0 -9999.0 -9999.0 3.71145016 -9999.0 -9999.0 -9999.0 -9999.0 -9999.0 2.827046871 2.673897624 2.469643831 2.421115279 2.374210477 2.305945158 2.226865292 2.146211743 2.112170577 2.150763035 2.202952504 2.22781229 2.248449802 2.275761604 2.312562227 2.354166389 2.440509677 2.567876458 2.648948789 2.629897952 2.632977366 2.727210641 2.851394773 3.012090325 3.237182856 3.524801135 3.702602744 3.705468297 -9999.0 -9999.0 -9999.0 -9999.0 -9999.0 -9999.0 -9999.0 -9999.0 -9999.0 -9999.0 -9999.0 -9999.0 -9999.0 -9999.0 -9999.0 -9999.0 -9999.0 -9999.0 -9999.0 -9999.0
-9999.0 -9999.0 -9999.0 -9999.0 -9999.0 -9999.0 -9999.0 -9999.0 -9999.0 -9999.0 -9999.0 -9999.0 -9999.0 2.505680919 2.54064405 2.489352345 2.380570173 2.276024461 2.230556965 2.217966199 2.253520489 2.310355186 2.351461053 2.366631269 2.374422789 2.422535777 2.579047561 2.719195604 2.76987958 2.839693546 3.037441254 3.16698885 3.337506175 3.546734452 3.761215091 3.922053218 -9999.0 -9999.0 -9999.0 -9999.0 -9999.0 -9999.0 -9999.0 -9999.0 -9999.0 -9999.0 -9999.0 -9999.0 -9999.0 -9999.0 -9999.0 -9999.0 -9999.0 -9999.0 -9999.0 -9999.0 -9999.0
-9999.0 -9999.0 -9999.0 -9999.0 -9999.0 -9999.0 -9999.0 -9999.0 -9999.0 -9999.0 -9999.0 -9999.0 -9999.0 -9999.0 2.838635564 2.66104418 2.504983664 2.495393038 2.463783145 2.412765026 2.402394891 2.446807504 2.486127615 2.512321591 2.519955277 2.567941785 2.709414363 2.88329339 2.903192997 3.074552178 3.403578639 3.684255719 3.863592744 4.002620816 4.033637166 4.067667842 -9999.0 -9999.0 -9999.0 -9999.0 -9999.0 -9999.0 -9999.0 -9999.0 -9999.0 -9999.0 -9999.0 -9999.0 -9999.0 -9999.0 -9999.0 -9999.0 -9999.0 -9999.0 -9999.0 -9999.0 -9999.0
-9999.0 -9999.0 -9999.0 -9999.0 -9999.0 -9999.0 -9999.0 -9999.0 -9999.0 -9999.0 -9999.0 -9999.0 -9999.0 -9999.0 -9999.0 -9999.0 -9999.0 -9999.0 2.566927433 2.564904928 2.559579968 2.551652312 2.570474982 2.621036768 2.647134185 2.688291073 2.794249535 2.948956132 3.198885322 3.414099574 3.66645658 3.864880204 3.999659061 4.047872305 4.116293669 -9999.0 -9999.0 -9999.0 -9999.0 -9999.0 -9999.0 -9999.0 -9999.0 -9999.0 -9999.0 -9999.0 -9999.0 -9999.0 -9999.0 -9999.0 -9999.0 -9999.0 -9999.0 -9999.0 -9999.0 -9999.0 -9999.0
-9999.0 -9999.0 -9999.0 -9999.0 -9999.0 -9999.0 -9999.0 -9999.0 -9999.0 -9999.0 -9999.0 -9999.0 -9999.0 -9999.0 -9999.0 -9999.0 -9999.0 -9999.0 -9999.0 -9999.0 -9999.0 -9999.0 -9999.0 -9999.0 2.965678334 2.921774983 3.009894967 3.240843415 3.501333117 3.643320799 3.663225651 3.919468641 -9999.0 -9999.0 -9999.0 -9999.0 -9999.0 -9999.0 -9999.0 -9999.0 -9999.0 -9999.0 -9999.0 -9999.0 -9999.0 -9999.0 -9999.0 -9999.0 -9999.0 -9999.0 -9999.0 -9999.0 -9999.0 -9999.0 -9999.0 -9999.0 -9999.0
-9999.0 -9999.0 -9999.0 -9999.0 -9999.0 -9999.0 -9999.0 -9999.0 -9999.0 -9999.0 -9999.0 -9999.0 -9999.0 -9999.0 -9999.0 -9999.0 -9999.0 -9999.0 -9999.0 -9999.0 -9999.0 -9999.0 -9999.0 -9999.0 3.380933046 3.360174894 3.362524509 3.472659349 3.715616941 3.935946465 3.915115356 4.066650629 -9999.0 -9999.0 -9999.0 -9999.0 -9999.0 -9999.0 -9999.0 -9999.0 -9999.0 -9999.0 -9999.0 -9999.0 -9999.0 -9999.0 -9999.0 -9999.0 -9999.0 -9999.0 -9999.0 -9999.0 -9999.0 -9999.0 -9999.0 -9999.0 -9999.0
-9999.0 -9999.0 -9999.0 -9999.0 -9999.0 -9999.0 -9999.0 -9999.0 -9999.0 -9999.0 -9999.0 -9999.0 -9999.0 -9999.0 -9999.0 -9999.0 -9999.0 -9999.0 -9999.0 -9999.0 -9999.0 -9999.0 -9999.0 -9999.0 3.881679296 3.920421362 3.82753849 3.783773661 3.756766319 3.928830147 4.157828569 4.23704648 -9999.0 -9999.0 -9999.0 -9999.0 -9999.0 -9999.0 -9999.0 -9999.0 -9999.0 -9999.0 -9999.0 -9999.0 -9999.0 -9999.0 -9999.0 -9999.0 -9999.0 -9999.0 -9999.0 -9999.0 -9999.0 -9999.0 -9999.0 -9999.0 -9999.0
-9999.0 -9999.0 -9999.0 -9999.0 -9999.0 -9999.0 -9999.0 -9999.0 -9999.0 -9999.0 -9999.0 -9999.0 -9999.0 -9999.0 -9999.0 -9999.0 -9999.0 -9999.0 -9999.0 -9999.0 -9999.0 -9999.0 -9999.0 -9999.0 4.263957977 4.249378204 4.131635666 3.984549761 3.794102907 3.790604115 4.142601967 4.40516448 -9999.0 -9999.0 -9999.0 -9999.0 -9999.0 -9999.0 -9999.0 -9999.0 -9999.0 -9999.0 -9999.0 -9999.0 -9999.0 -9999.0 -9999.0 -9999.0 -9999.0 -9999.0 -9999.0 -9999.0 -9999.0 -9999.0 -9999.0 -9999.0 -9999.0
-9999.0 -9999.0 -9999.0 -9999.0 -9999.0 -9999.0 -9999.0 -9999.0 -9999.0 -9999.0 -9999.0 -9999.0 -9999.0 -9999.0 -9999.0 -9999.0 -9999.0 -9999.0 -9999.0 -9999.0 -9999.0 -9999.0 -9999.0 -9999.0 4.674535275 4.774373055 4.749843597 4.328270674 4.138018608 4.090629101 4.234763384 4.422230959 -9999.0 -9999.0 -9999.0 -9999.0 -9999.0 -9999.0 -9999.0 -9999.0 -9999.0 -9999.0 -9999.0 -9999.0 -9999.0 -9999.0 -9999.0 -9999.0 -9999.0 -9999.0 -9999.0 -9999.0 -9999.0 -9999.0 -9999.0 -9999.0 -9999.0
