Environmental Parameters/RCP 85/2050/Sea-bottom_dissolved_oxygen.asc
ncols 720
nrows 360
xllcorner -180.00
yllcorner -90.00
cellsize 0.5
NODATA_value -9999
[rows 125 to 149 of 360, columns 168 to 223 of 720]
182.9664307 191.6274872 188.749115 192.8456268 177.3046265 170.4336243 189.7873383 194.2297058 194.5583191 195.0129395 195.7226105 196.7636566 196.2528839 197.643158 199.2431641 200.6802826 201.3991852 201.5965881 201.6483459 201.988678 201.4552155 186.322403 174.8032684 190.9359283 218.2018585 215.3314972 209.932312 208.015306 -9999.0 -9999.0 -9999.0 202.059021 164.7086945 169.13797 212.1606445 218.8787537 209.9579315 250.1729126 266.7106171 272.6562653 272.5252228 271.9969025 271.2016754 271.7801361 269.6567993 267.7809296 265.0865326 264.5571747 261.8767548 260.7519073 260.6661377 260.6752472 260.6701202 261.6084747 262.0090332 262.1397858
192.6128693 191.0655365 192.6263428 192.1052856 193.2088013 193.0887299 190.7064209 191.2129211 190.1435852 191.8712769 193.4051208 193.6526337 193.5260468 194.6824493 198.4421234 199.7026672 200.4483643 201.0388641 201.1870728 201.7827148 201.5273743 201.8123169 158.3829498 170.2099304 214.0415039 215.3830109 211.9367065 207.5308685 206.3608201 -9999.0 -9999.0 195.116394 165.2735901 167.4673157 210.3820038 209.7868805 203.2559814 213.4703827 274.3894196 272.0725098 272.0545654 271.5220184 271.4105682 271.0200806 269.1479797 265.0012207 264.7536469 264.3279419 261.7447357 260.6865845 260.5650177 260.5329895 260.43367 260.3793793 261.5570831 261.7591705
191.9069519 191.0137177 182.9833527 184.4212036 188.0708008 187.0454559 188.8523254 188.5389862 189.2746735 190.9151611 184.5785522 186.2025604 188.2677917 193.102005 196.6037903 198.7662964 199.3626862 199.9232025 200.8894501 201.3104858 201.6336517 202.0072937 156.2687531 175.3114777 208.7440643 216.8657684 211.6530762 208.6084137 206.0740662 -9999.0 -9999.0 202.7182007 165.1111145 165.9492187 169.1371002 221.8175659 206.9319153 212.4824066 272.7098541 272.4560089 271.1607971 269.9245605 270.5446777 267.4671936 262.4701691 264.3317566 261.7595062 261.6029663 260.7055511 260.670639 260.5532837 260.4713745 260.4525452 260.4061279 260.3996124 261.5026398
177.2640686 180.4373474 165.0466309 165.5765686 165.7754822 166.3761749 167.1763 182.1414948 178.6643219 173.7042236 164.596283 178.0783234 180.1266327 183.3954773 192.6788788 195.3680115 194.504776 197.1360016 199.739502 200.9645538 202.2780151 202.2843018 185.7850647 177.1956635 193.9171448 215.4185944 211.4471893 207.9804077 205.0352478 203.0555725 -9999.0 210.2439423 168.6340485 208.2798462 209.8311005 210.6522217 216.9699097 273.1013641 275.6503754 271.1681213 271.390274 269.8728943 270.4656982 267.1768799 262.5093842 261.179245 261.4142151 260.3148651 260.3869934 260.5276489 260.5799408 260.5454559 260.4628448 260.4164581 260.5175476 260.7370148
187.6924133 164.2055969 157.8136597 153.8838806 153.9953003 158.4958649 159.1465149 159.7914886 168.8534851 162.3090515 163.5860138 165.4230347 167.0851135 168.3013306 168.2050323 167.9538422 193.246582 197.3189087 199.2052612 200.8405914 202.0111084 203.1338806 204.4237061 182.5183716 201.9124451 214.5715332 211.4844055 206.3826752 203.9449768 201.8291473 200.2642059 212.1786957 168.6458893 167.4455261 198.8581085 198.5249634 272.3693848 256.0192871 218.6302185 226.3929749 272.2089386 270.0303345 268.9117584 264.2904968 264.1714783 261.9817657 260.5652618 259.9629517 259.7676086 260.1530151 260.5037231 260.5874939 260.3984222 260.2377472 260.2791443 260.4062042
179.7636108 157.635025 153.8764496 153.9566345 154.0453339 154.2801056 154.5598145 155.1016083 155.7974243 156.8105316 157.3529053 163.823349 165.7589874 166.9039612 166.9676056 196.2554169 197.7055817 199.5973511 199.7570801 200.8949432 202.0606995 202.711853 203.3152924 206.0030212 215.9216461 234.1313934 205.504837 202.1574097 201.368515 200.1873474 202.2847748 162.5805817 179.9371033 194.9450836 198.6034088 198.2958374 217.4468994 207.8021698 244.8236542 211.7739868 227.2687836 268.1661224 266.809433 267.7533875 261.5896149 260.8321686 260.2530975 259.5772095 259.1006927 259.1477814 259.6340637 259.8909454 259.851944 259.3725586 259.1633606 259.1501007
175.0906982 157.2516632 153.8380127 153.8280334 153.8887634 154.1331482 154.5432587 155.0794373 155.7462921 156.6124725 157.1372681 157.1178741 164.4633484 166.4057617 194.0383911 145.0879059 148.5108185 185.4461975 199.170578 183.8061523 195.5918579 204.2473297 206.8302307 205.2166443 190.9362183 169.1456451 161.6276703 162.7144928 161.3583374 163.3972168 172.1040955 163.9860229 162.5621643 181.0670319 198.4342346 198.116272 203.3677826 155.6571579 210.4923859 268.370285 259.052063 264.8185425 274.0772858 263.3277588 261.1146851 260.5485992 260.0567627 259.1994324 258.6823883 258.5227661 258.6236725 258.6432495 258.4754791 258.8118134 258.9367676 258.8264465
168.6352386 156.3891754 153.7220154 153.7439575 241.1987305 154.0336761 154.425354 155.0141602 155.6984253 156.4054413 156.9485168 157.1509399 176.4828949 145.7285767 202.8965759 168.5866547 163.3606415 153.727417 190.069931 202.6634064 203.6777649 206.6188965 207.496048 206.323761 208.1425781 205.7704773 206.0318146 208.0483551 209.3838654 206.8184662 195.098175 206.5996857 209.5314026 162.9634399 199.6951599 197.7412872 205.328598 233.3876572 226.9773941 199.8225632 264.9441376 268.7171783 169.756073 269.3163452 262.7659302 261.0301361 260.1275024 259.9310608 259.465332 258.8740082 258.4828644 258.2427216 258.116745 258.3700562 258.4135895 258.5744781
177.2530212 155.8044281 153.6877899 153.7032776 153.783432 153.9922791 154.4878387 155.1193542 155.5489349 156.1309509 164.6428375 193.1354828 138.0453796 179.9103088 206.3947601 211.0372467 211.653595 223.9053802 163.4645081 203.114563 183.6637268 206.1751251 209.7453461 209.2406158 212.693573 209.932785 213.787674 160.4473724 176.2375336 214.8988342 206.6845703 161.5178223 164.7003326 160.6082001 206.0720367 197.6706543 197.3480072 190.7815323 190.4445114 197.28302 203.938446 213.6340942 272.7206116 274.7936859 272.0028992 262.5217285 262.3600922 261.8930664 261.1250916 259.3041077 258.568161 258.4502869 258.2900391 258.1356049 258.4425049 258.3999939
171.2284088 159.3030243 153.6391907 153.6668701 153.7803497 153.9751282 154.4888306 154.9697723 155.5261688 192.5924072 147.4441833 173.0767059 216.171875 214.3660736 211.2538452 210.3804016 208.9901581 211.473053 159.7320404 186.5598145 192.8517456 211.9480438 215.8379974 175.8288574 201.597229 204.4879303 200.6075304 197.0841217 194.3740319 -9999.0 -9999.0 185.467041 180.8852997 175.890213 172.0172424 159.315155 199.4415741 197.654892 197.6056061 197.6890106 265.3995819 268.326889 269.5929108 227.1296539 260.2920532 274.7229156 268.0512695 264.7789917 262.3079987 261.8852844 260.1951599 259.1296997 259.5223083 259.3020325 259.1718597 259.0189209
169.9705811 163.9180145 154.9485168 153.7328796 155.0825806 155.5606842 160.0583344 180.7199707 209.9018707 210.0806732 215.3818512 211.6343994 210.1517334 210.0338898 209.7996826 203.2953033 208.753006 208.7301331 188.535202 175.4603119 224.8749847 231.0776062 205.87146 209.5438995 203.4185994 196.5150299 196.7275238 196.636795 196.3891602 217.0300446 222.0440369 211.1517792 -9999.0 186.4488713 184.116333 199.944931 198.4633484 164.0942535 162.8204803 182.5013733 209.1944122 219.0193481 275.3323669 219.5259247 270.2577362 261.2843018 274.3113861 273.4328308 273.2752533 264.3473053 260.9593506 260.62854 260.0625153 260.2396698 260.1774445 259.9884033
174.1816864 163.5088196 154.9431 155.0205994 163.8630066 159.0271454 170.1511841 211.3818054 207.6154633 207.7993622 205.0183716 204.2471313 204.4938049 203.3631897 200.6899109 208.9589386 204.1897736 201.4631348 205.5926819 199.2425079 236.7762451 236.7572784 239.9041748 243.2914124 241.5574188 205.3913269 215.0641479 205.0521545 204.9749451 204.911972 239.370636 241.8069611 204.1343384 196.9624951 194.967706 -9999.0 188.5939636 164.2299652 259.1475983 261.1839447 231.2770233 266.7887726 272.2645569 266.5326538 256.5973358 274.3103943 275.6535797 180.495697 208.2613373 273.7367401 271.3876343 261.2472382 261.1239471 260.7529907 260.944046 260.7289429
179.425354 169.004303 158.4281158 169.1128998 177.2267303 177.4081268 174.3248596 222.6365814 204.4250641 205.1658173 200.9119873 199.4363098 200.6184082 200.8015747 201.1203461 -9999.0 -9999.0 194.3472013 204.5441589 208.7050018 238.7675171 246.1229553 245.9672546 245.7686768 245.4867249 245.1526642 245.0617523 245.0989227 245.1160889 246.3417358 246.7198029 245.2008972 172.3505249 205.5843048 196.2177734 195.7522848 -9999.0 189.7636328 193.5472565 164.6714935 257.6575775 262.2369385 265.7375031 267.0695953 265.4730988 178.5975647 275.541153 272.836441 223.5786896 213.0450134 273.1263733 271.1992035 273.500412 261.1191559 261.4728394 261.2832336
181.2682343 173.2167206 163.7451019 181.516098 181.5721893 181.6412659 177.4763489 224.1396637 202.555069 206.6361694 198.1725311 198.6931763 -9999.0 -9999.0 -9999.0 -9999.0 -9999.0 180.3482361 213.2494812 209.4195709 246.4679871 246.2308044 245.9361267 245.8079834 245.6638794 245.6082001 245.8455048 247.571167 245.254837 244.78862 248.5871582 244.6170349 246.7093048 246.4580231 206.2069855 196.8955383 202.7409353 204.4711776 -9999.0 -9999.0 209.5120544 220.9452667 256.4336243 268.0825653 236.7491913 264.2420959 275.1641693 274.3902588 272.155899 197.3208771 263.2323456 273.9565735 181.8412018 273.5037994 261.510849 260.6999969
180.9731445 173.2589111 173.262619 191.5890656 191.6605377 192.1323853 192.1665955 124.8452225 207.3128662 200.6625061 197.1573486 197.8633502 -9999.0 -9999.0 -9999.0 -9999.0 -9999.0 161.6559143 210.3710785 238.6298523 246.6436005 246.1055298 245.9621735 245.8450928 245.7436066 245.7315063 245.9662018 246.470459 245.2906494 245.2313843 243.8982849 244.6794128 247.0929871 249.4798584 249.1578064 235.0965881 206.9724731 227.1339569 -9999.0 232.1785736 234.9214325 241.9606018 253.9739532 258.861618 258.3364105 254.8925781 255.1064301 275.2738647 273.6614075 273.652771 273.3964233 273.1758728 163.995163 270.6732941 273.5229034 259.9141083
187.8238373 178.7760468 180.9832153 192.0093994 176.483429 176.3675385 145.6247711 198.7833099 210.1711578 200.4856262 196.874649 197.2265706 -9999.0 -9999.0 -9999.0 -9999.0 202.8706512 188.5976257 236.8319855 246.7408905 251.6681366 251.3606262 246.0912781 246.2764893 245.6388855 245.2563782 247.292038 249.3612061 249.3964233 246.9284058 247.695343 218.0991211 169.1169739 231.7110291 234.1751251 253.5570984 257.9113922 260.139328 261.1751099 261.1231079 258.7337799 259.1914368 255.8462677 252.344635 264.002594 256.2846375 238.0308075 207.8280792 219.3222351 221.3632813 214.9889221 169.7629242 272.8760223 270.772644 273.1687012 259.4809418
147.2716827 187.8939819 191.9885559 183.6526184 146.2812805 137.5070343 163.7696991 209.2583313 199.3526459 197.1491394 197.0310059 -9999.0 -9999.0 -9999.0 -9999.0 -9999.0 208.6538239 218.9707642 246.592514 246.7720947 246.6824493 251.5198212 246.4690552 247.2510681 245.8119812 246.8291321 251.3588409 252.1997223 239.7901917 243.6809082 253.9906921 260.8774719 261.1622009 261.3264313 261.4425659 261.5929108 261.7428131 260.47229 260.4015808 258.9897614 259.5606232 259.2009888 260.2386627 259.7074585 169.199234 257.316925 217.3115997 -9999.0 -9999.0 -9999.0 -9999.0 -9999.0 215.4669495 207.8667145 268.3371277 259.8478851
181.3240814 202.9058075 139.9704285 126.6957932 203.0342865 217.83255 200.5834351 198.0558014 196.6179657 197.4037476 -9999.0 -9999.0 -9999.0 -9999.0 -9999.0 196.4069214 211.8524475 173.749939 247.0621185 246.9197235 246.9445496 247.6127625 247.4811249 235.9525909 236.8070526 214.5895081 253.9212189 261.1657257 261.3357544 255.1834106 259.8172302 260.0997467 259.9805603 260.2362823 259.9602814 260.6106415 260.6690826 260.5151367 260.0417938 258.5046692 254.3362579 257.5300751 256.3761444 186.2660828 238.4990387 168.6381836 201.7588196 205.5015211 202.009696 -9999.0 -9999.0 -9999.0 -9999.0 -9999.0 211.5599976 183.2969513
-9999.0 -9999.0 191.9989777 198.7456055 199.7742157 199.0315552 198.1765594 -9999.0 196.8351986 -9999.0 -9999.0 -9999.0 -9999.0 -9999.0 -9999.0 205.1925964 184.0755463 241.1970215 246.8386993 248.0101318 248.0617371 243.0962372 249.0472565 256.1625061 259.4575348 251.7069092 253.923996 252.3404083 261.4810486 254.0939941 259.7288361 251.3740692 259.8985901 256.0964355 249.5561676 207.4673157 221.3438263 233.5867767 247.2576599 251.4974518 256.342865 234.3318787 224.5819702 227.7566528 207.4749908 207.74263 207.3016357 215.0177002 200.5297394 192.3631439 177.8318634 214.702652 215.3549347 198.5548096 206.9674225 213.3544159
-9999.0 -9999.0 -9999.0 -9999.0 -9999.0 -9999.0 -9999.0 -9999.0 -9999.0 -9999.0 -9999.0 -9999.0 -9999.0 -9999.0 -9999.0 204.0977173 183.9984589 245.7197876 247.8050842 247.326004 250.0702515 256.05896 257.4256592 259.4922333 260.075943 260.9762878 261.1260986 258.1824036 254.9936829 248.4962921 236.1941376 251.8161926 246.5949707 208.2229767 209.7106934 173.2920685 166.7098541 207.9450684 239.5450592 186.4526825 199.61763 217.5987701 242.6994781 203.9820099 221.6549225 234.4509735 202.8651733 202.5504456 180.9133453 210.5452118 202.4327393 202.8940277 206.4089813 202.7286224 208.0455017 202.7496643
-9999.0 -9999.0 -9999.0 -9999.0 -9999.0 -9999.0 -9999.0 -9999.0 -9999.0 -9999.0 -9999.0 -9999.0 -9999.0 -9999.0 -9999.0 208.1542816 190.9259338 245.7555237 247.5015717 249.9315643 255.7816925 254.7735748 248.6118622 243.3648071 242.6199646 235.3110504 232.087738 214.3267517 207.4259491 207.9726257 162.6036987 225.2626038 233.4327698 224.913559 212.8072052 213.8865204 166.9846802 217.013916 230.7735291 223.663269 243.7169189 239.9105225 205.5507202 203.8619232 202.8247833 207.1201324 202.7998505 202.6856689 222.0171967 202.8391571 203.059906 202.8764496 254.6365204 260.7161713 260.7108612 260.9332275
-9999.0 -9999.0 -9999.0 -9999.0 -9999.0 -9999.0 -9999.0 -9999.0 -9999.0 -9999.0 -9999.0 -9999.0 -9999.0 -9999.0 -9999.0 202.8316956 224.3269196 243.6386261 248.8620453 259.4868622 213.127533 213.0075989 233.9940643 191.748764 234.342514 234.6707764 163.4817505 161.1835022 162.7164764 162.79776 208.7564697 166.820816 208.3804169 229.2497864 237.4786987 199.4461975 229.6432953 234.1625366 238.72966 227.943573 238.3599243 216.4828491 204.3912964 204.2611694 213.4975739 203.1367035 203.0900269 208.627533 204.766098 203.2396393 203.497345 203.5712128 203.3987427 203.3407898 203.2313995 202.9310608
-9999.0 139.8393869 200.5352488 179.4975281 186.4872589 -9999.0 -9999.0 -9999.0 -9999.0 -9999.0 -9999.0 -9999.0 -9999.0 -9999.0 202.2555838 216.4063721 235.3918304 224.465332 173.3599091 212.5184479 214.8719635 198.5428619 184.8423004 191.368042 163.1085968 205.4700623 205.5678711 201.0874939 215.1152344 167.2866211 162.2515411 168.2878418 209.8710632 231.9046631 237.805069 224.9000092 217.8830109 217.7227325 217.9146576 217.9301605 235.8670044 208.0481262 205.212738 202.9215698 202.8930664 203.4528351 203.741806 203.9991608 203.8312225 203.5911102 203.6581573 203.7422943 203.8833771 203.8247681 203.6768036 203.3076019
6.223997887 1.871558149 4.252493179 38.16466026 184.4951344 191.1824036 -9999.0 -9999.0 -9999.0 -9999.0 -9999.0 -9999.0 -9999.0 -9999.0 200.060317 203.9559937 206.5794525 202.7010193 203.7785645 204.4865341 206.464252 207.0345306 209.6808624 210.1298828 203.3237762 196.4000092 196.6159515 195.9996796 201.9137115 200.4528503 221.9465942 222.3157806 234.2101593 217.1783447 234.0787201 213.4585876 212.7569427 205.972168 212.1642151 205.8626556 204.2450562 203.8700256 202.9544678 212.3985443 203.3411865 204.3638 206.0380707 204.1347809 204.0341187 203.8687744 203.9253235 204.0269012 204.1609192 204.1145477 203.8801575 203.103714
135.9533836 117.9548552 37.7240019 6.121455943 7.749892656 202.3154768 185.1521912 -9999.0 -9999.0 -9999.0 -9999.0 -9999.0 -9999.0 -9999.0 -9999.0 -9999.0 -9999.0 -9999.0 -9999.0 -9999.0 -9999.0 -9999.0 -9999.0 201.3094552 195.6893005 195.7203674 196.2263794 196.5880432 200.974411 172.298233 228.8612213 233.4571228 221.9141235 213.2461548 213.4221191 217.356369 212.686142 204.1142273 203.564743 204.2444611 203.8270721 202.896698 203.0235291 204.1580505 203.3255463 204.4657593 204.7784729 204.5277557 204.3447418 203.9364319 203.8660889 204.0027466 204.2361908 204.2270508 203.2993469 203.3265991
