Environmental Parameters/RCP 85/2050/Sea-bottom_dissolved_oxygen.asc
ncols 720
nrows 360
xllcorner -180.00
yllcorner -90.00
cellsize 0.5
NODATA_value -9999
[rows 150 to 174 of 360, columns 224 to 279 of 720]
202.8334351 202.3658142 202.6868896 202.6984558 202.768219 204.6067047 204.8848267 205.1954041 211.7176971 210.9870148 209.85112 220.4073944 211.2621307 175.5104065 177.7069092 273.0791779 272.8522949 272.7791901 271.8911896 271.9892883 261.4160919 260.7866821 259.6404266 259.1916809 258.7297821 258.4123077 258.1504822 257.9822388 257.8508148 257.6178894 256.5548248 256.8416595 255.9505615 255.1520691 254.3427277 254.1235962 260.0310364 260.5995026 260.0927277 259.2835999 259.0882721 257.8721771 257.0046539 255.969696 254.8049545 253.9050751 252.9768906 249.5156937 248.1886444 246.9709778 246.2944031 246.7492828 247.1497116 247.3536987 246.8294678 247.0150757
202.8265228 202.9061584 202.8362427 203.1273193 203.7011719 204.8013306 204.9758911 205.2029419 212.0935822 207.6289825 210.04953 210.7542419 223.2445374 213.932312 226.2049866 265.7141571 273.1544189 273.0920868 271.1029663 272.1840363 261.2393494 260.6548615 260.0344849 260.0665588 259.5420074 258.4704285 258.0667419 257.7596741 257.5930328 256.6396332 255.9908447 255.4699554 254.9546356 254.7162476 254.1306305 254.5124054 255.137146 253.5520477 252.8694916 256.2932434 257.5893402 253.2577515 255.7912674 253.8682785 252.7231064 252.1702957 250.8251648 248.2212982 246.0681229 244.6734161 243.6139603 243.4654541 242.7324295 243.1983948 243.0152588 243.2204514
203.1677399 203.1694336 203.1045837 203.4273224 204.4383545 204.9253998 204.9319153 205.2798462 211.1678009 191.0523071 209.8474884 208.6611176 218.736557 209.8829041 203.7928467 267.4364624 180.3392944 269.2158813 272.825943 272.3883362 264.9827576 262.7060394 260.7871704 260.0544281 259.2872314 258.0345612 257.2360382 256.9891968 257.3335266 256.4196472 255.6800537 256.6130371 256.0270386 254.2234344 254.2849274 252.8795013 253.1965179 253.5964203 255.3393784 249.5527191 253.3204498 252.7658691 253.4770355 252.4962463 251.0895233 248.5847015 247.9127426 244.8118668 243.1085663 242.3737183 241.2184448 240.6957626 240.8653259 240.4087372 241.3323135 241.7307053
204.9875488 203.6561432 203.2348633 203.2152557 204.4314575 204.8282776 204.8212585 205.0903625 211.9687653 197.4387054 208.6423187 208.6287079 218.7296753 221.4930573 241.2878265 253.4573364 171.2207489 272.8828583 273.210022 272.6123962 270.978653 263.1614227 262.284317 261.5202332 260.7171631 258.8881073 257.6805725 257.3615723 258.4245453 257.2837067 255.3281403 254.6624451 254.4708099 253.7716827 253.0089111 252.0147095 251.4203491 250.882431 251.2145081 247.727211 248.4372101 252.9768295 250.068161 249.9077148 248.8843307 246.7014847 245.0620651 242.8293839 241.5168991 239.367691 238.924118 238.7131348 238.9994354 239.0982742 239.9905243 240.8024139
204.3960419 204.9115143 204.3259583 203.0679016 203.4086151 203.8421783 204.6483154 204.8504333 210.9971161 210.152359 208.3174896 208.3763275 213.2788391 215.759201 223.621521 245.6463623 221.0124359 261.4325867 267.1986389 273.3830719 272.9389954 267.4971924 267.8542938 265.4956818 264.5804291 262.2485199 259.9890137 258.0713654 257.3082275 256.3372498 255.2793884 254.6000214 254.1133881 253.5901947 253.0540161 252.2498474 251.3522644 252.6797791 249.5358582 249.2123566 248.0713348 250.3824921 247.3011703 248.250061 244.8971024 246.3328094 244.125473 242.2860489 240.6056595 238.4099655 237.4889603 237.3448639 238.3919067 238.7639923 239.6187286 240.2625961
184.969223 204.7583008 206.0931854 204.064743 204.4853821 204.4943542 204.3864136 207.2010803 171.1391296 208.2088165 207.4655151 208.7711334 161.0464783 212.3741913 256.7054749 233.6961823 251.8088074 274.1127319 267.2436371 272.3983765 273.0726624 268.1902466 267.4476929 266.5656433 265.5489349 263.2539978 262.2480316 260.9645538 258.7121277 257.6943359 255.5840912 255.0906677 254.7166595 254.4729919 253.9988556 253.2588348 252.1012573 250.990799 250.46064 248.5380859 246.810585 248.7118683 247.5749817 246.4922638 243.2355804 243.8837204 245.6054153 243.6498642 240.9291992 242.9584885 239.7498169 238.2552719 238.5468521 239.2927322 240.0642548 240.6210251
214.9790497 211.410675 174.415329 169.9403992 211.9168701 204.239624 210.6407013 156.7527924 178.3991089 172.9360504 178.4490509 184.0442047 178.92276 213.072113 254.5104523 260.9101105 262.2843781 270.2388306 266.4642639 273.4713593 273.2431793 269.8999939 267.9417267 267.0786133 264.7339478 263.9872589 261.6615906 260.6309052 259.7343903 258.8273315 257.8226013 255.9090576 255.8180847 256.2192383 255.324295 254.8124847 254.0209503 252.9195404 251.1301422 250.2311249 247.9757233 246.4611206 248.7201691 250.1861267 249.4790955 250.2376099 248.5187912 246.4098816 244.2104721 246.3255234 243.4537201 242.662323 242.519104 243.5738525 243.5786667 242.9498367
214.6238251 214.2042236 183.8095856 166.012619 128.5651703 123.0535583 152.1105499 212.2510071 216.0921936 209.9369812 207.9636383 178.1365662 161.9561157 173.8991547 213.8261566 246.3478546 265.7747192 258.3519287 266.3176117 273.8382568 273.3919373 271.7550964 269.8904724 267.6559906 267.1222687 266.2595673 263.7961121 262.8756714 260.5366364 259.8544159 259.1331635 258.6124573 257.9631348 257.5257568 257.0922089 256.1194916 255.9316254 254.9788361 254.1412201 253.1695709 250.4546204 248.5722198 248.5620804 246.5876007 246.3968201 249.8087463 253.5023575 250.3165588 245.9011841 250.2836456 249.8769455 249.8230743 249.5035324 248.6102524 247.2067108 246.1841888
184.0751495 167.759613 156.8704529 180.5360107 186.6329422 166.0381241 133.2975693 211.138443 205.3879852 206.0859985 206.155426 210.8415375 203.9817657 198.6777802 211.5462189 180.6546936 217.4738617 258.6417694 272.7323151 273.9310455 273.3945465 272.9249878 272.8071747 271.660141 269.526947 269.0180817 266.4385681 265.4902039 263.0714569 262.3977966 261.0227356 260.5177307 259.9435272 259.4200134 257.5545654 258.7404175 258.4671173 257.3318024 256.2525635 255.045639 253.3085327 252.1873169 250.8754578 250.7278748 249.9555969 250.8349457 256.3082581 256.8607559 255.5540924 248.9069595 250.9533234 251.843071 253.0938568 252.8179474 251.6689072 250.0856934
-9999.0 -9999.0 -9999.0 210.4101372 216.4020081 217.5766754 216.7405396 214.7441101 212.1518228 -9999.0 209.056237 208.6605067 207.4685031 202.6054993 204.275116 160.133667 192.4446869 258.6424561 272.7998352 273.7400665 273.4147491 273.3453827 273.291275 272.7819824 272.5348511 271.1963806 269.0181732 266.6769409 264.5961304 262.6637115 262.6247253 262.4846497 262.3226471 261.8531494 261.4698334 260.8630371 260.230011 259.4301605 258.2503662 258.5241547 255.5391693 254.0592194 253.1995697 252.4938354 251.9396057 251.5420074 251.2518768 256.5872116 254.5255814 252.5763168 253.8064346 253.8197403 258.7317505 257.5461197 258.1959457 255.9259415
-9999.0 -9999.0 -9999.0 -9999.0 -9999.0 -9999.0 -9999.0 -9999.0 -9999.0 -9999.0 -9999.0 207.6203375 206.396031 205.9214325 201.6915131 192.0031738 168.3188019 259.0601196 273.6588287 273.7190094 273.3957062 273.3153992 273.2758179 273.2107239 273.0396729 272.9928284 269.2118683 267.0166321 265.166748 264.9450836 263.5622559 263.5991211 263.4597168 263.1553955 262.6300049 261.9138184 261.1817474 262.6625061 259.0116425 260.6320648 256.5444489 255.4689636 254.7394714 254.1767731 253.7068939 257.5856934 254.2581787 253.2516098 256.3646393 259.501152 260.1161346 259.1492462 261.8316269 263.1497269 261.5168228 259.5207062
-9999.0 -9999.0 -9999.0 -9999.0 -9999.0 -9999.0 -9999.0 -9999.0 -9999.0 -9999.0 -9999.0 -9999.0 -9999.0 -9999.0 207.3514709 206.3193665 212.7611389 178.1431427 270.4818115 273.8375702 273.6649628 273.3801727 273.1987915 273.1351318 273.1871185 273.1968994 273.6219635 272.9031219 267.0551147 265.4845123 265.5651703 265.7016907 264.0867004 265.6299591 265.2239532 264.6657867 264.0593414 263.454895 262.8153534 261.928833 260.731781 259.7097015 259.0579834 257.966568 256.3693085 254.7719574 255.1932526 254.4381714 255.4341583 255.7563477 258.4968948 264.3925095 266.5915909 266.3302231 266.6799011 263.984108
-9999.0 -9999.0 -9999.0 -9999.0 -9999.0 -9999.0 -9999.0 -9999.0 -9999.0 -9999.0 -9999.0 -9999.0 -9999.0 -9999.0 201.139389 204.5984039 205.2115326 215.7030487 175.2356415 265.906662 273.2053223 273.7482605 273.3065033 273.1783447 273.1693878 273.3257294 273.7962036 227.4502716 238.9778137 270.7057343 266.0107269 266.1285858 266.2228851 266.0927277 265.7097778 266.8125763 264.6738739 265.8030243 263.4224854 262.7037354 264.4401855 261.0617676 260.2446899 259.2897491 258.0253906 256.3842621 255.7693405 255.3742065 255.5930023 256.6073227 257.9173584 264.2477036 269.9124298 269.5129166 268.3980255 265.7684784
-9999.0 -9999.0 -9999.0 -9999.0 -9999.0 -9999.0 -9999.0 -9999.0 -9999.0 -9999.0 -9999.0 -9999.0 -9999.0 -9999.0 -9999.0 -9999.0 201.7707672 205.3626709 205.6680603 215.6814575 184.7079315 263.2792206 266.4333038 273.610321 273.0088196 273.6553955 250.5652466 216.025589 227.21698 224.4953461 273.449234 272.4814453 266.322113 267.695282 267.5817108 267.2664795 266.828064 266.4286804 266.0684509 265.7303162 265.420578 265.0019379 264.4776306 263.7039032 262.7991943 257.5341797 259.5611572 256.3363953 256.8348465 259.2187042 260.7279968 270.8730698 261.3417358 265.3276672 264.6404495 263.0836182
-9999.0 -9999.0 -9999.0 -9999.0 -9999.0 -9999.0 -9999.0 -9999.0 -9999.0 -9999.0 -9999.0 -9999.0 -9999.0 -9999.0 -9999.0 -9999.0 -9999.0 201.6584468 202.3206024 203.0227966 204.971405 177.7678223 217.5486298 260.0720673 258.9518127 258.6713409 180.9128265 181.2555084 180.8085785 200.8501129 236.5978699 272.7769928 269.3530121 269.2265015 269.2245941 268.9411926 268.5761108 268.1970673 267.867981 267.5914612 267.3398285 267.080719 265.2281647 264.6334534 263.8113403 262.8370972 257.449295 256.9968567 257.6893692 258.2854309 259.2848358 260.0843506 261.0665665 260.4291 263.849678 259.1950989
-9999.0 -9999.0 -9999.0 -9999.0 -9999.0 -9999.0 -9999.0 -9999.0 -9999.0 -9999.0 -9999.0 -9999.0 -9999.0 -9999.0 -9999.0 -9999.0 -9999.0 -9999.0 201.0545654 202.7148743 203.3848724 200.8890228 207.6193695 163.3531494 163.2689209 166.2907715 208.5807648 159.7046509 174.2299194 172.274292 183.5985413 273.3370209 271.6447449 270.6027374 269.403595 270.4416809 270.0292053 268.4949493 269.1565399 267.7485504 267.4207001 267.1604156 266.9397278 266.5347443 266.1514587 265.6950836 261.793808 256.6062775 256.977684 256.407692 258.7817612 258.7745972 259.333519 259.6456299 259.6323242 259.3672256
-9999.0 -9999.0 -9999.0 -9999.0 -9999.0 -9999.0 -9999.0 -9999.0 -9999.0 -9999.0 -9999.0 -9999.0 -9999.0 -9999.0 -9999.0 -9999.0 -9999.0 -9999.0 200.4851015 200.6998749 202.3316193 203.4262848 202.4964752 201.8369751 200.9743805 198.7395477 187.1767426 188.9702148 200.3114319 198.4898682 177.6179047 273.5069122 272.4353333 272.1215668 271.4620514 271.4777527 271.3694916 269.9742432 269.5111389 268.9031525 268.2359161 267.7008667 267.2930603 267.0873413 265.4282379 265.036438 260.1639557 258.5139999 254.2313156 256.2207489 257.2928238 257.6540985 258.5596848 259.2693558 261.8705368 260.8170776
-9999.0 -9999.0 -9999.0 -9999.0 -9999.0 -9999.0 -9999.0 -9999.0 -9999.0 -9999.0 -9999.0 -9999.0 -9999.0 -9999.0 -9999.0 -9999.0 -9999.0 -9999.0 199.7457049 -9999.0 200.4526048 201.6579742 202.9949799 201.3619995 201.5690002 202.4681549 204.7689819 198.3112793 200.4096375 193.6750031 195.8082581 183.0796509 273.4020081 272.8402863 272.3787231 271.9137726 271.9263306 271.8903351 270.9632416 270.3720703 269.5769501 268.4580231 267.8470612 267.2774506 266.930069 265.54953 264.9218063 257.7905502 255.6857986 254.6572037 255.4760818 256.4327011 258.1705399 259.2867966 260.6219101 261.7690201
-9999.0 -9999.0 -9999.0 -9999.0 -9999.0 -9999.0 -9999.0 -9999.0 -9999.0 -9999.0 -9999.0 -9999.0 -9999.0 -9999.0 -9999.0 -9999.0 -9999.0 -9999.0 -9999.0 -9999.0 -9999.0 200.0644579 201.0257597 201.7599335 201.65065 201.742569 201.9212952 201.8345032 200.4658661 206.4235077 195.9235229 195.0629883 169.3195343 184.7781982 272.8028564 272.3102417 272.1022949 272.298111 272.0543976 271.7857208 271.2185516 269.2735291 268.2971497 266.7005615 265.9557114 265.3822327 265.5039368 264.2121964 259.4079742 254.4994583 256.0630493 258.6173096 258.4239655 259.6764832 261.1034851 262.724556
-9999.0 -9999.0 -9999.0 -9999.0 -9999.0 -9999.0 -9999.0 -9999.0 -9999.0 -9999.0 -9999.0 -9999.0 -9999.0 -9999.0 -9999.0 -9999.0 -9999.0 -9999.0 -9999.0 -9999.0 -9999.0 -9999.0 -9999.0 -9999.0 -9999.0 -9999.0 -9999.0 -9999.0 -9999.0 204.5824127 210.0211792 198.1178741 193.980011 200.5160217 179.0376587 273.4016876 272.4039154 272.5256042 272.5407867 272.1178741 271.7357483 270.6583405 269.1782379 267.2939301 265.262558 263.3531418 262.7793808 264.4686127 263.1229172 258.5159225 253.9415283 255.8357925 258.4047852 259.4130783 261.3194122 263.355835
-9999.0 -9999.0 -9999.0 -9999.0 -9999.0 -9999.0 -9999.0 -9999.0 -9999.0 -9999.0 -9999.0 -9999.0 -9999.0 -9999.0 -9999.0 -9999.0 -9999.0 -9999.0 -9999.0 -9999.0 -9999.0 -9999.0 -9999.0 -9999.0 -9999.0 -9999.0 -9999.0 -9999.0 -9999.0 -9999.0 -9999.0 209.646347 211.9858246 194.9578247 201.1469574 181.5048676 272.9641571 273.480072 273.4607086 273.3629456 272.6134186 271.6618195 269.8020782 267.6757507 265.8083344 264.9927063 262.889183 262.4457779 264.8436737 263.2501678 254.1487427 252.9088364 253.6757813 254.8293304 257.6337433 258.32444
-9999.0 -9999.0 -9999.0 -9999.0 -9999.0 -9999.0 -9999.0 -9999.0 -9999.0 -9999.0 -9999.0 -9999.0 -9999.0 -9999.0 -9999.0 -9999.0 -9999.0 -9999.0 -9999.0 -9999.0 -9999.0 -9999.0 -9999.0 -9999.0 -9999.0 -9999.0 -9999.0 -9999.0 -9999.0 -9999.0 -9999.0 -9999.0 211.3135834 209.9880981 196.453064 198.9006805 183.0359497 187.7545776 200.5329742 270.6038971 273.3016968 272.7812347 271.1440887 269.4781189 268.0541077 264.3250275 263.9052887 260.4072571 266.1677704 265.0464401 261.431366 262.7873611 262.8089828 257.3820572 257.1348343 256.8827591
-9999.0 -9999.0 -9999.0 -9999.0 -9999.0 -9999.0 -9999.0 -9999.0 -9999.0 -9999.0 -9999.0 -9999.0 -9999.0 -9999.0 -9999.0 -9999.0 -9999.0 -9999.0 -9999.0 -9999.0 -9999.0 -9999.0 -9999.0 -9999.0 -9999.0 -9999.0 -9999.0 -9999.0 -9999.0 -9999.0 -9999.0 -9999.0 -9999.0 213.1470184 198.7289734 195.2595825 193.0729675 197.6626129 185.0057983 192.6559448 257.8186798 273.2375336 272.0812988 270.5445709 268.9992828 267.0268402 264.2050171 263.6440659 259.8005142 265.2010574 261.3117905 266.3611526 265.7870102 265.6098099 262.4707031 262.1447678
-9999.0 -9999.0 -9999.0 -9999.0 -9999.0 -9999.0 -9999.0 -9999.0 -9999.0 -9999.0 -9999.0 -9999.0 -9999.0 -9999.0 -9999.0 -9999.0 -9999.0 -9999.0 -9999.0 -9999.0 -9999.0 -9999.0 -9999.0 -9999.0 -9999.0 -9999.0 -9999.0 -9999.0 -9999.0 -9999.0 -9999.0 -9999.0 -9999.0 214.2395782 216.4431 212.8990784 195.2537384 193.0896454 184.2093048 184.8130493 202.8160248 265.6226501 272.8274841 271.9116669 269.7940521 267.8481445 264.6683197 263.8150177 260.1845551 257.3000107 260.2761002 259.900032 258.9012375 266.1936569 263.7929993 263.4383469
-9999.0 -9999.0 -9999.0 -9999.0 -9999.0 -9999.0 -9999.0 -9999.0 -9999.0 -9999.0 -9999.0 -9999.0 -9999.0 -9999.0 -9999.0 -9999.0 -9999.0 -9999.0 -9999.0 -9999.0 -9999.0 -9999.0 -9999.0 -9999.0 -9999.0 -9999.0 -9999.0 -9999.0 -9999.0 -9999.0 -9999.0 -9999.0 -9999.0 -9999.0 218.6309662 218.9864655 209.2823639 196.9900055 199.4621582 199.1356964 188.6995087 257.3617554 273.3313751 272.4962463 270.9723358 268.9265137 265.9996338 265.8130112 264.1503143 261.5735397 260.9443893 260.553154 260.9197922 261.1201401 260.1122513 259.3811493
