Environmental Parameters/RCP 85/2050/Sea-surface_salinity.asc
ncols 720
nrows 360
xllcorner -180.00
yllcorner -90.00
cellsize 0.5
NODATA_value -9999
[rows 250 to 274 of 360, columns 0 to 55 of 720]
35.53217316 35.51735306 35.51486588 35.50623703 35.48225403 35.45346832 35.43266678 35.40213776 35.37525558 35.35477448 35.33151245 35.31710815 35.30130768 35.28752899 35.28376007 35.27163696 35.25114822 35.23813248 35.23501587 35.22824478 35.22101974 35.21657181 35.20859909 35.20137787 35.18815613 35.17113495 35.15333557 35.13890839 35.12312698 35.10657501 35.08921051 35.07998657 35.08483124 35.10079956 35.10855103 35.10454178 35.09547806 35.08262253 35.08067703 35.09041595 35.10021591 35.10858917 35.10552597 35.09806442 35.08676529 35.07357407 35.05742264 35.03895187 35.01870728 35.00741577 34.99167633 34.97612381 34.95466995 34.92518234 34.89094543 34.85381317
35.51239395 35.49341583 35.48501205 35.48321533 35.46292496 35.42741013 35.39689636 35.36704636 35.33918381 35.30462265 35.27983475 35.26676941 35.25262451 35.23642349 35.22323227 35.20700073 35.18399429 35.17184448 35.16407394 35.15265656 35.15098953 35.15754318 35.15545273 35.14218521 35.1244812 35.1021347 35.07917404 35.05968857 35.03840256 35.01784897 34.99732208 34.98314667 34.98514938 34.99967957 35.01266861 35.0036087 34.98714066 34.97179031 34.97016144 34.9797554 34.99308777 35.00089264 35.00048065 34.99061584 34.9790535 34.96734619 34.94429779 34.91137695 34.87932205 34.86253357 34.85778046 34.85636902 34.83826447 34.80847549 34.77361298 34.7395134
35.51403809 35.47745895 35.44756699 35.4295311 35.4092598 35.38086319 35.35237503 35.32425308 35.29140472 35.2549057 35.23304749 35.22442627 35.21334076 35.19837952 35.17524338 35.15159607 35.12645721 35.11090469 35.10030746 35.08865738 35.08091736 35.0821228 35.07600784 35.06432343 35.05249786 35.02859497 35.00294876 34.98263931 34.96409225 34.93989563 34.91275406 34.89529419 34.89660263 34.9139595 34.91848373 34.90504074 34.88489914 34.86188889 34.85097122 34.84833527 34.85030365 34.85323715 34.85609818 34.85045624 34.84501648 34.8399086 34.81204605 34.78043365 34.7556839 34.7414856 34.73406219 34.72567368 34.71219254 34.69087982 34.66181564 34.63761139
35.53288269 35.47904968 35.42795563 35.39050293 35.36410141 35.34498978 35.32047653 35.29360199 35.26041794 35.22690964 35.200737 35.18339157 35.16852188 35.14987946 35.12714386 35.10361862 35.08639145 35.07185364 35.05251312 35.02872086 35.00734711 35.00087738 34.99567795 34.98552704 34.97674179 34.96884918 34.94981766 34.92716599 34.90431595 34.8770752 34.84739304 34.83350754 34.83839798 34.84487915 34.84331131 34.83360291 34.81889725 34.79163361 34.76853943 34.75362778 34.74114609 34.73888397 34.73705292 34.73669815 34.73467255 34.73245621 34.70714951 34.67878342 34.66313171 34.64383316 34.63217163 34.62026215 34.60670471 34.59048843 34.56681442 34.55049896
35.54230881 35.48337936 35.42645645 35.37838364 35.3476944 35.3242836 35.3029747 35.28128815 35.24670029 35.21012115 35.18050766 35.15410233 35.12983704 35.10622406 35.08423233 35.06648636 35.05260468 35.03792191 35.01403427 34.98644257 34.95920563 34.94303513 34.93581009 34.92348862 34.91110229 34.90317535 34.89422989 34.8717308 34.84313583 34.81791306 34.79363632 34.7818985 34.77891541 34.7730751 34.75773239 34.73937607 34.72977829 34.70611572 34.68265915 34.66459656 34.65507889 34.64431381 34.62789917 34.61893082 34.61118317 34.60203934 34.58494568 34.57369614 34.56545639 34.54755402 34.53126907 34.51733398 34.50791168 34.49986267 34.48927689 34.48284531
35.52576447 35.46718597 35.41275406 35.3634758 35.32690811 35.29857635 35.26951218 35.2468071 35.22401428 35.20123291 35.17790222 35.15489578 35.13180923 35.10404968 35.07577896 35.0524559 35.03439713 35.02293396 35.00657272 34.98777008 34.96343994 34.9371109 34.91656113 34.89844513 34.88169098 34.87052155 34.85932541 34.83898163 34.8125267 34.79160309 34.76826859 34.74999237 34.73537064 34.71780014 34.6972084 34.6776619 34.66509628 34.64773178 34.62769318 34.60660172 34.58773804 34.57824707 34.55923843 34.54483414 34.53215408 34.51753235 34.50377274 34.49700928 34.49241638 34.48564148 34.47296524 34.45988083 34.4525032 34.44952393 34.44527054 34.43809509
35.49156952 35.43727493 35.38405991 35.33889771 35.30067444 35.26239395 35.234272 35.21197891 35.19907761 35.18882751 35.17452621 35.15707397 35.13885117 35.11245346 35.08319473 35.05623627 35.03477478 35.02314377 35.01070023 34.99606323 34.97280121 34.94868469 34.92020798 34.89406586 34.87265015 34.8549614 34.83734131 34.81988907 34.79524994 34.77151489 34.74707794 34.72727203 34.70427322 34.68429947 34.66404724 34.64232635 34.6236496 34.60588074 34.58263779 34.55501938 34.53631592 34.52584457 34.51512527 34.49808884 34.48091888 34.46609497 34.45644379 34.44903183 34.4426918 34.43489456 34.43003464 34.42977524 34.42362976 34.4141655 34.40245056 34.39036179
35.45344543 35.40350723 35.35902786 35.32118225 35.28809357 35.25173569 35.22195435 35.20098877 35.18907166 35.17677307 35.16356659 35.15005875 35.13330841 35.11175537 35.09040833 35.06768036 35.04810715 35.03110504 35.0125885 34.99470139 34.97143936 34.94918442 34.92542267 34.8997345 34.87786102 34.85656357 34.84114456 34.81432724 34.7869873 34.76647568 34.73859024 34.70845413 34.67986679 34.6479187 34.627388 34.61633682 34.60374451 34.58762741 34.56258774 34.53225708 34.51595306 34.50222015 34.48843002 34.46615982 34.44352722 34.42876434 34.41838455 34.40478516 34.39476013 34.38708878 34.38551331 34.38724518 34.38715744 34.3789978 34.36504364 34.35510635
35.42305756 35.38875961 35.35829926 35.33414459 35.30521011 35.26979446 35.23338699 35.20548248 35.19246674 35.18032455 35.16482925 35.14498901 35.12108612 35.09923935 35.08398819 35.06923294 35.05223465 35.03358841 35.01564789 34.99480057 34.96881866 34.94380188 34.9223175 34.90069962 34.88380432 34.87306976 34.85544968 34.82992172 34.80197144 34.77720642 34.75329208 34.70840836 34.66560745 34.62601471 34.60419846 34.59525299 34.59257126 34.5798378 34.55129242 34.52316284 34.50185394 34.48611832 34.46936417 34.44560242 34.4230957 34.40711594 34.39509201 34.38290024 34.36820602 34.3559494 34.35682297 34.36014557 34.35992432 34.35446167 34.3433609 34.33640671
35.42227173 35.39474487 35.3782959 35.3690567 35.35378647 35.32342148 35.2577858 35.22416687 35.2092247 35.19579697 35.17534256 35.15193558 35.12820816 35.10580444 35.08855438 35.07006836 35.04814529 35.03483582 35.01487732 34.99015427 34.96430588 34.9397316 34.9177475 34.89567566 34.89507675 34.8789978 34.85920715 34.83246613 34.80312729 34.77559662 34.7501297 34.71378326 34.66978073 34.61987686 34.60498428 34.59575272 34.58721542 34.57472229 34.55241776 34.52476501 34.50299072 34.48660278 34.47043991 34.45023346 34.43178177 34.41976547 34.40742874 34.39038086 34.37168884 34.35705566 34.34996414 34.34732056 34.34671021 34.34428024 34.34142685 34.33960342
35.4120369 35.39838028 35.39924622 35.41822052 35.42723465 35.39075851 35.32894135 35.26002121 35.23099518 35.21649933 35.19903183 35.17366409 35.1557579 35.13866806 35.11600494 35.08952332 35.05848312 35.03684235 35.00928879 34.98014832 34.95716476 34.94039154 34.9280777 34.90747452 34.8873558 34.86428833 34.83737946 34.80559158 34.7756691 34.75022507 34.72403336 34.68726349 34.65316391 34.62982941 34.61679077 34.61463547 34.6059494 34.59112167 34.56573486 34.53377151 34.50734711 34.49308395 34.48188019 34.46340561 34.44971466 34.44179153 34.43178177 34.41158676 34.39048004 34.37537766 34.36278534 34.35657501 34.35314178 34.35227585 34.3535881 34.35523987
35.37060928 35.379879 35.42593384 35.48799515 35.50815582 35.47154236 35.40214539 35.33117676 35.26738739 35.2421875 35.23016739 35.21133804 35.19405746 35.17453384 35.14779663 35.12120438 35.09524918 35.06340408 35.03502655 35.00531387 34.97624969 34.96464157 34.95035934 34.92820358 34.90293884 34.86380768 34.8151741 34.77187729 34.74194717 34.72192001 34.69931412 34.67247009 34.65373611 34.64584732 34.64415741 34.63640594 34.63381958 34.61113739 34.57053757 34.53601837 34.51032257 34.49821854 34.49119186 34.48134613 34.46759033 34.46136093 34.45316315 34.43760681 34.41838455 34.40626526 34.39315796 34.38743591 34.38755798 34.38363647 34.39553833 34.39690781
35.34793472 35.37050629 35.44423294 35.51638031 35.53787613 35.51012039 35.44966507 35.36858368 35.31036758 35.26948166 35.25314713 35.24663162 35.23641968 35.22005463 35.19120026 35.17185593 35.1608963 35.11841965 35.06876755 35.03532028 35.01716995 35.01230621 34.99861526 34.96504211 34.93038559 34.88269806 34.82616043 34.77771378 34.74019623 34.70962906 34.68136978 34.65711594 34.64283752 34.63497162 34.63136673 34.62385941 34.61011124 34.59044266 34.56524277 34.53652954 34.5144043 34.49563599 34.4815712 34.4718132 34.4648056 34.45689011 34.45098114 34.44502258 34.43914032 34.43344498 34.42378235 34.42136002 34.42872238 34.43111801 34.4332962 34.43361664
35.35492706 35.39373398 35.45627594 35.50192261 35.51781464 35.49772263 35.44250488 35.38467407 35.33011627 35.2911911 35.2769165 35.28049469 35.28031158 35.27583694 35.27676773 35.25330734 35.22513199 35.17353821 35.11650467 35.07727814 35.05025482 35.03843689 35.02749634 35.00542068 34.95317841 34.9035759 34.85101318 34.79678726 34.74665451 34.70851898 34.6779213 34.655056 34.63961411 34.62980652 34.62155151 34.61173248 34.59536743 34.57370377 34.55095673 34.5277977 34.50796127 34.49360657 34.47761154 34.47241592 34.47122955 34.46908569 34.46485138 34.46025848 34.45554733 34.45306396 34.46012115 34.45886993 34.46271133 34.46634674 34.46736526 34.46558762
35.38817215 35.4168129 35.43426895 35.42263412 35.41130447 35.39932251 35.37506485 35.33995819 35.29995346 35.27933884 35.28084183 35.30136871 35.33665848 35.34493637 35.34290695 35.32278061 35.28340149 35.21590805 35.16724777 35.12862015 35.08579636 35.06245041 35.03116989 34.99463654 34.95301437 34.90770721 34.85361862 34.79983521 34.74809265 34.70432281 34.67129517 34.64710999 34.62759399 34.61174774 34.60650635 34.60684967 34.59476089 34.57060242 34.54714203 34.52132034 34.50415421 34.49187851 34.48243713 34.47719574 34.47924805 34.48355103 34.48255157 34.47665024 34.47237778 34.47304535 34.47766495 34.48316956 34.48638535 34.4838295 34.48067093 34.47873688
35.29790878 35.2573967 35.2244873 35.21049118 35.20149994 35.18663788 35.1676445 35.15066147 35.14188004 35.1622963 35.20800018 35.26598358 35.32908249 35.35856247 35.35933304 35.32546234 35.27521896 35.21641922 35.18053818 35.1388588 35.10059357 35.05948257 35.01349258 34.96533966 34.92054367 34.88550186 34.84167099 34.79384232 34.74617004 34.70539474 34.66674423 34.63659286 34.61147308 34.5958786 34.58853531 34.58028793 34.56888962 34.54901886 34.53144073 34.51770782 34.50730133 34.49764633 34.48682785 34.48013687 34.48540497 34.49359512 34.49598312 34.48815155 34.48021317 34.48064423 34.48407364 34.48583603 34.48776245 34.48621368 34.48432541 34.48703384
35.00118637 34.96965408 34.96321487 34.96265411 34.94576263 34.91999435 34.92476654 34.95461273 34.99757004 35.06135941 35.15169144 35.25013733 35.3273735 35.35377121 35.32812119 35.25450134 35.19416046 35.14562988 35.11361694 35.09617615 35.07529068 35.03763199 34.98744965 34.92797852 34.8717041 34.83548737 34.80198288 34.76694489 34.73154449 34.69755936 34.66508102 34.63931274 34.61035919 34.58981705 34.5751152 34.56380081 34.5500412 34.53663635 34.52998352 34.52366257 34.5175705 34.50760651 34.50039673 34.49560547 34.49463654 34.49425507 34.49243546 34.48707962 34.48347855 34.48451996 34.48862076 34.49056244 34.4893074 34.48579407 34.4839859 34.48462296
34.773983 34.72072601 34.72471237 34.78546906 34.79815292 34.7985611 34.79563522 34.79507065 34.85655594 35.00701904 35.16931534 35.28283691 35.33517456 35.31468964 35.24111176 35.1632576 35.09739685 35.05991745 35.03814316 35.02259064 35.0069046 34.9838562 34.93335342 34.88185883 34.83489609 34.80113602 34.77729416 34.75501633 34.72864532 34.70027161 34.67120743 34.64442825 34.62351608 34.60469055 34.57937241 34.5605278 34.54688644 34.53996658 34.53950119 34.5383606 34.53245163 34.52275085 34.51493835 34.51186752 34.50768661 34.50277328 34.49819946 34.493927 34.49319839 34.49799728 34.50019836 34.50069046 34.49774933 34.4927597 34.48674011 34.48001862
34.47293091 34.49560547 34.51303864 34.54468155 34.5739212 34.6615181 34.72657776 34.71787262 34.75716782 34.98184586 35.18640137 35.25928116 35.26451874 35.22423172 35.16510391 35.10218811 35.04818344 35.0033493 34.97306824 34.94721985 34.93387604 34.92033768 34.8939209 34.86003113 34.82482529 34.8002739 34.7843132 34.77056503 34.74288559 34.71336365 34.68294144 34.66364288 34.64934158 34.63008118 34.6086998 34.58760071 34.57307434 34.57143021 34.56850815 34.56048584 34.54741669 34.53612137 34.52630234 34.51793671 34.51116562 34.5086174 34.51002121 34.51008987 34.51244354 34.51247406 34.51080704 34.51185989 34.51092529 34.50481415 34.49491501 34.48466873
34.3546524 34.37957764 34.40755463 34.4359169 34.46126556 34.50730133 34.57671356 34.64049911 34.73323059 34.96325302 35.10462952 35.12172318 35.11068344 35.09961319 35.06484222 35.02253723 34.97127151 34.93969345 34.91954422 34.9021759 34.88809204 34.87694931 34.86061478 34.83369446 34.80926132 34.7908783 34.77811432 34.76431274 34.74350739 34.72167587 34.70073318 34.67921066 34.66188049 34.65048218 34.63988876 34.62898254 34.61960602 34.61218262 34.60173798 34.58721161 34.56572342 34.54727173 34.52839661 34.51314163 34.50608444 34.50575256 34.51162338 34.5148468 34.51502228 34.5150528 34.51433945 34.5132637 34.51119232 34.50700378 34.49875259 34.48992538
34.33926392 34.36309814 34.39464188 34.43263245 34.47179031 34.52217102 34.59416962 34.70209122 34.83105469 34.94636154 34.96633148 34.94393921 34.92798996 34.92349625 34.91295624 34.91679764 34.90166092 34.88877869 34.88191223 34.87569427 34.86305618 34.84644318 34.82972717 34.80236053 34.77861786 34.764431 34.75624084 34.74708557 34.73327637 34.71831131 34.70163727 34.682827 34.66915131 34.66123962 34.65546799 34.65114594 34.64670181 34.63851929 34.6263504 34.60990524 34.59029388 34.56761932 34.53955841 34.52114487 34.51253891 34.51144791 34.51296997 34.51387405 34.51343536 34.51512909 34.51742172 34.51427841 34.50945282 34.50578308 34.50141144 34.49533844
34.33172226 34.36222076 34.40493774 34.45415878 34.5043335 34.57014084 34.6589241 34.75021362 34.82909393 34.86520386 34.85461807 34.83488846 34.81965256 34.81843948 34.82537842 34.83021545 34.82712555 34.83375168 34.83724976 34.84036255 34.83759308 34.82367706 34.80579758 34.78570938 34.76505661 34.74716949 34.73925018 34.7324295 34.72449875 34.71437454 34.70241928 34.6942482 34.68577957 34.67764664 34.6696434 34.66424179 34.66223526 34.65651703 34.64653397 34.63131714 34.61332321 34.59250641 34.56784058 34.54447556 34.52872467 34.52431107 34.52346802 34.52312469 34.52320099 34.5219574 34.51982498 34.51757431 34.51551056 34.513237 34.5091095 34.50405502
34.31819534 34.34879684 34.39358139 34.4499855 34.51397324 34.59547043 34.69007111 34.75812912 34.789505 34.78899765 34.7756958 34.76031494 34.75031662 34.75188828 34.75613022 34.76182175 34.76466751 34.76718521 34.77296829 34.78544998 34.79374695 34.79719543 34.78876877 34.77508926 34.75882339 34.74398422 34.73319244 34.72484589 34.71612549 34.70204544 34.68870544 34.68476105 34.68357849 34.68099213 34.67491531 34.66983032 34.66988373 34.66806412 34.66150665 34.64829254 34.63129425 34.61107635 34.58864594 34.56583786 34.55009842 34.54203415 34.53801346 34.53583145 34.53445435 34.53154373 34.5281868 34.52463913 34.52097702 34.51823807 34.51381683 34.50741577
34.29954147 34.31983185 34.35618973 34.40794373 34.47495651 34.56718826 34.65517044 34.71580887 34.73376083 34.7234726 34.70570374 34.69440842 34.68933868 34.69070435 34.70149231 34.7122879 34.71953583 34.72364807 34.72380066 34.7310791 34.74044037 34.74603271 34.74727249 34.74727631 34.73878098 34.72545624 34.71683502 34.71007538 34.701828 34.68798828 34.67115402 34.6613884 34.66072845 34.66146088 34.66289139 34.66298676 34.66274261 34.66035843 34.65595627 34.64836884 34.63635635 34.61899948 34.59764481 34.57830811 34.56474686 34.55662918 34.55096054 34.54715347 34.54374313 34.54004288 34.53736115 34.53319931 34.5291481 34.52530289 34.52228165 34.51788712
34.25230026 34.25779343 34.27785492 34.3194313 34.3827858 34.46380615 34.55346298 34.62854767 34.66262054 34.66630554 34.65752029 34.65316772 34.65016937 34.64960861 34.65036392 34.6609726 34.67763138 34.68554687 34.68359375 34.68134308 34.68322754 34.68627167 34.68478394 34.68285751 34.67797852 34.67774582 34.67433167 34.67426682 34.6678772 34.65527344 34.64117432 34.63236237 34.63332367 34.63674545 34.64477158 34.64738464 34.64777756 34.64608765 34.64278412 34.63765335 34.62582779 34.61503983 34.60104752 34.58537674 34.57404327 34.56458664 34.55762863 34.55186844 34.54621887 34.53911209 34.53551865 34.53501129 34.53432465 34.53161621 34.530056 34.52695847
