Environmental Parameters/RCP 85/2050/Sea-surface_temperature.asc
ncols 720
nrows 360
xllcorner -180.00
yllcorner -90.00
cellsize 0.5
NODATA_value -9999
[rows 300 to 324 of 360, columns 456 to 512 of 720]
-0.283571482 -0.319576383 -0.359779418 -0.372452676 -0.367803097 -0.365630507 -0.351377726 -0.328730583 -0.297334671 -0.25861764 -0.237766623 -0.227395296 -0.254243791 -0.305111527 -0.374937177 -0.432684124 -0.476478338 -0.495603681 -0.490935981 -0.467028379 -0.397355676 -0.306779444 -0.243011177 -0.210125953 -0.218151093 -0.226396024 -0.234257817 -0.212054968 -0.205208749 -0.203058511 -0.212183565 -0.238860875 -0.285437614 -0.321667761 -0.347554415 -0.339263737 -0.295146465 -0.250690252 -0.22835663 -0.242002547 -0.279247135 -0.31569773 -0.344559014 -0.370580852 -0.377331078 -0.387719274 -0.416915536 -0.478527367 -0.552037597 -0.606775463 -0.681676984 -0.777459979 -0.815481782 -0.826354384 -0.831141889 -0.825395167 -0.810150504
-0.399230361 -0.439335525 -0.47932595 -0.507526338 -0.511736035 -0.503264308 -0.478233159 -0.439698398 -0.397151411 -0.353487909 -0.333253622 -0.324533939 -0.342457771 -0.426072061 -0.482522726 -0.531266093 -0.54590714 -0.529090285 -0.517915308 -0.493657529 -0.449826598 -0.4053635 -0.351407409 -0.340150893 -0.369642794 -0.39566946 -0.401632369 -0.397572875 -0.41337496 -0.435049117 -0.455304801 -0.482679188 -0.490907371 -0.497582555 -0.494845331 -0.469269454 -0.422301888 -0.384802043 -0.374312162 -0.400416791 -0.437602162 -0.470606029 -0.496720254 -0.512383461 -0.518369794 -0.527992606 -0.558761775 -0.592583835 -0.602703154 -0.588497341 -0.622986078 -0.686596334 -0.742815971 -0.777547419 -0.800121069 -0.833251834 -0.878088415
-0.540562928 -0.578803062 -0.618046641 -0.64873147 -0.659765422 -0.647144258 -0.610381603 -0.563443184 -0.490523994 -0.424325824 -0.414427042 -0.42004025 -0.450597882 -0.501922011 -0.540150583 -0.559602916 -0.552101493 -0.548315465 -0.543798029 -0.52839762 -0.505456746 -0.484793663 -0.462647498 -0.450831354 -0.471375644 -0.511514366 -0.539036572 -0.575220704 -0.601592302 -0.615829289 -0.620630503 -0.629906178 -0.645676196 -0.647271156 -0.630394995 -0.576081932 -0.52815491 -0.512887239 -0.510856092 -0.528402805 -0.560528815 -0.5973593 -0.614454329 -0.613277793 -0.619680583 -0.625614762 -0.626296341 -0.622932971 -0.607824028 -0.602450132 -0.621371448 -0.656588793 -0.688478351 -0.720414162 -0.7266137 -0.746791303 -0.822892666
-0.666213214 -0.688330114 -0.709924102 -0.728778183 -0.713438809 -0.650642037 -0.603778839 -0.567964077 -0.530062497 -0.492069244 -0.464170873 -0.457148969 -0.487996936 -0.538181603 -0.563217819 -0.564758301 -0.574409366 -0.590412438 -0.601701558 -0.593239665 -0.586347878 -0.599266946 -0.587526202 -0.554855764 -0.558347642 -0.588435173 -0.621359706 -0.652242184 -0.680592239 -0.69140327 -0.693083286 -0.706072628 -0.730174303 -0.726346195 -0.700422883 -0.664461195 -0.636156917 -0.61401993 -0.596479237 -0.606624067 -0.656974494 -0.697135627 -0.705255091 -0.724557579 -0.733114421 -0.713882327 -0.694235623 -0.678648472 -0.669335961 -0.681669533 -0.738734841 -0.775455236 -0.791900396 -0.791329503 -0.791140199 -0.796754777 -0.81764257
-0.750704288 -0.764484465 -0.759413719 -0.739482284 -0.704681695 -0.664835393 -0.635388553 -0.619763434 -0.597502172 -0.562066197 -0.522652328 -0.507604778 -0.517613053 -0.551380575 -0.579876602 -0.61405772 -0.677355528 -0.711386263 -0.719622195 -0.692853689 -0.690284193 -0.692951202 -0.672715664 -0.639879584 -0.627666533 -0.649579108 -0.680575252 -0.723754227 -0.749683022 -0.75045979 -0.751578748 -0.75383693 -0.756728053 -0.755314529 -0.73103416 -0.706864238 -0.698474586 -0.695141554 -0.692989647 -0.70970422 -0.738807261 -0.773265839 -0.798277915 -0.831713974 -0.846345603 -0.848712504 -0.835913062 -0.822908819 -0.824022412 -0.854134202 -0.887862265 -0.905216455 -0.911874235 -0.901565492 -0.894949555 -0.873314559 -0.877254426
-0.782097995 -0.780057132 -0.764620841 -0.732729018 -0.712473452 -0.694868743 -0.685186565 -0.674213052 -0.657565951 -0.630494356 -0.601565123 -0.582901716 -0.588771403 -0.629669607 -0.689386308 -0.753133595 -0.807439148 -0.814635158 -0.786260426 -0.758687973 -0.751742184 -0.732396722 -0.702777803 -0.67555517 -0.676093459 -0.700314224 -0.73263067 -0.75978446 -0.774010241 -0.783919096 -0.78485775 -0.790192544 -0.777449846 -0.768785775 -0.751152635 -0.743491054 -0.754349411 -0.764637411 -0.761091113 -0.754841387 -0.783388674 -0.829666376 -0.900810122 -0.94130969 -0.956869066 -0.956742048 -0.95092833 -0.94194752 -0.934630871 -0.945816517 -0.959529698 -0.958905101 -0.954367757 -0.939690173 -0.924954176 -0.906330347 -0.881632745
-0.784758866 -0.781917334 -0.776556253 -0.772479892 -0.767661691 -0.755897999 -0.739152074 -0.720176697 -0.717069387 -0.717126369 -0.710401893 -0.722241104 -0.758725822 -0.817325115 -0.872197032 -0.912158132 -0.889427781 -0.825139523 -0.778212905 -0.76704812 -0.76317668 -0.748951912 -0.729619622 -0.71604979 -0.713580132 -0.72333312 -0.737261057 -0.752519608 -0.772417188 -0.772390485 -0.781316996 -0.794128299 -0.790193677 -0.778821111 -0.765517831 -0.767222643 -0.778355002 -0.794126153 -0.792878032 -0.796729565 -0.815872192 -0.844514608 -0.877756834 -0.901365995 -0.923736453 -0.928607583 -0.946732044 -0.942261934 -0.947510123 -0.964011192 -0.978062868 -0.975641727 -0.93683064 -0.898422599 -0.871394277 -0.870583653 -0.871366739
-0.786456808 -0.786095962 -0.794446453 -0.800696373 -0.806454062 -0.809020281 -0.808861136 -0.814885616 -0.831607938 -0.859260201 -0.889850974 -0.933006167 -0.956906438 -0.967725277 -0.947135553 -0.902874216 -0.844152316 -0.810428023 -0.80087316 -0.797724366 -0.783403635 -0.774463534 -0.766263247 -0.760737419 -0.767565608 -0.777329564 -0.795416594 -0.816000104 -0.821689725 -0.807339668 -0.79255259 -0.777279377 -0.772155166 -0.789657235 -0.804561853 -0.824887991 -0.84806335 -0.863831401 -0.858574986 -0.860645533 -0.870695591 -0.881146789 -0.901464105 -0.916466832 -0.929951295 -0.934209451 -0.931154713 -0.930654749 -0.940995336 -0.954893231 -0.962153792 -0.965514064 -0.954795361 -0.940305471 -0.923482537 -0.902885318 -0.877049208
-0.784558296 -0.786671042 -0.796614647 -0.816254497 -0.84089613 -0.860109687 -0.877926946 -0.886337757 -0.882069349 -0.877646089 -0.882682443 -0.891951799 -0.904718161 -0.903638363 -0.884646416 -0.862848639 -0.85250771 -0.845530391 -0.837129354 -0.821014166 -0.802573442 -0.797477841 -0.796327472 -0.793375731 -0.813678503 -0.84267652 -0.876939654 -0.903617501 -0.892557621 -0.863422871 -0.827776909 -0.793413162 -0.779020548 -0.794612288 -0.828403711 -0.861581326 -0.889110804 -0.906421065 -0.911332369 -0.917130947 -0.931747556 -0.955824971 -0.991774917 -1.006399274 -1.00715673 -0.990794063 -0.972345352 -0.971631393 -0.984888181 -0.997404918 -0.996662363 -0.987886176 -0.984593615 -0.987699017 -0.985443696 -0.976190075 -0.957071528
-0.961608052 -0.966849804 -0.968271255 -0.988334179 -1.0134902 -1.03929317 -1.066975474 -1.067451119 -1.050839424 -1.037822485 -1.050798059 -1.066837549 -1.069844246 -1.054267764 -1.039109588 -1.028348327 -0.992210984 -0.966467857 -0.945093751 -0.910053849 -0.889267921 -0.884267449 -0.879788399 -0.871073604 -0.88583982 -0.910884261 -0.924294829 -0.935174704 -0.928339243 -0.916568875 -0.899707794 -0.876401067 -0.861808419 -0.866721272 -0.885954738 -0.902591825 -0.929615974 -0.981052041 -1.016673923 -1.045618892 -1.068725467 -1.080447078 -1.077476859 -1.072091103 -1.065386653 -1.058450341 -1.065437198 -1.068804026 -1.073884606 -1.074798822 -1.068645239 -1.060015082 -1.068368673 -1.072933435 -1.066942096 -1.054427624 -1.049672842
-1.168860674 -1.184531331 -1.187876225 -1.206898451 -1.221999407 -1.23338604 -1.24984169 -1.268311977 -1.271429896 -1.267225504 -1.273992658 -1.284582376 -1.287224174 -1.271342874 -1.255904436 -1.237871051 -1.190599799 -1.121342421 -1.067076087 -1.028187871 -0.995127916 -0.973681092 -0.963259578 -0.968304992 -0.978748202 -0.994773626 -1.013451576 -1.034578919 -1.045027852 -1.038375616 -1.005442739 -0.996960402 -1.01524055 -1.03291142 -1.057964683 -1.077872038 -1.085096359 -1.089319825 -1.096001267 -1.113643289 -1.120268226 -1.114395738 -1.111808062 -1.113978878 -1.1197225 -1.122004271 -1.121446609 -1.120039344 -1.120034456 -1.130092978 -1.114693165 -1.115145206 -1.120535374 -1.124066949 -1.126174808 -1.126452208 -1.121752858
-1.280490041 -1.275197625 -1.26631403 -1.2706604 -1.294488788 -1.326907277 -1.354183674 -1.373584032 -1.392877221 -1.402773023 -1.412973523 -1.42324245 -1.424836636 -1.420716524 -1.413016558 -1.394467115 -1.371045113 -1.335424304 -1.260151625 -1.216650248 -1.164836168 -1.121430039 -1.090018988 -1.081681967 -1.09873867 -1.117278934 -1.132431626 -1.137609363 -1.125645757 -1.103264093 -1.092353225 -1.104611993 -1.131198287 -1.15530777 -1.170367122 -1.165975571 -1.150657296 -1.147469759 -1.155986667 -1.164675355 -1.167792559 -1.167007685 -1.161068201 -1.154052854 -1.145746589 -1.143364668 -1.141099215 -1.130245328 -1.119153619 -1.114529252 -1.115982413 -1.12345016 -1.138472199 -1.159119606 -1.180715442 -1.2055372 -1.22474575
-1.386851072 -1.392408729 -1.401105285 -1.41421175 -1.428421974 -1.442742825 -1.445587754 -1.404934853 -9999.0 -9999.0 -9999.0 -9999.0 -9999.0 -9999.0 -9999.0 -1.458438635 -1.4621315 -1.45518589 -1.443462729 -1.405551195 -1.359105825 -1.293029666 -1.249060869 -1.222582102 -1.218632698 -1.217426896 -1.21180594 -1.201425552 -1.182494879 -1.16100359 -1.16271174 -1.169887066 -1.168045878 -1.167070746 -1.162564039 -1.158879876 -1.156342864 -1.157084823 -1.169819593 -1.208274961 -1.219833732 -1.205400825 -1.18885088 -1.17043519 -1.153951764 -1.146089196 -1.14172101 -1.136285424 -1.12501955 -1.125599027 -1.115468264 -1.13470149 -1.171853542 -1.216889143 -1.254341483 -1.27620554 -1.285454512
-1.426510096 -1.444095373 -1.41784656 -1.412136793 -1.407982111 -1.392888784 -9999.0 -9999.0 -9999.0 -9999.0 -9999.0 -9999.0 -9999.0 -9999.0 -9999.0 -9999.0 -1.528476417 -1.566034079 -1.55048275 -1.523467064 -1.505493522 -1.480457544 -1.434721708 -1.377015948 -1.335120082 -1.288848996 -1.255200028 -1.21556437 -1.219714761 -1.234230638 -1.24297142 -1.243521929 -1.232421517 -1.202501535 -1.169944644 -1.155773163 -1.135123014 -1.126636028 -1.118807435 -1.114130139 -1.10913229 -1.099271178 -1.085726619 -1.079095125 -1.049455643 -1.067138076 -1.053682089 -1.051113248 -1.044931889 -1.040305376 -1.056998134 -1.09462142 -1.142639041 -1.183651924 -1.214907527 -1.224126339 -1.225512385
-1.48413682 -1.502642393 -1.502056539 -1.504206628 -1.507806003 -1.514735013 -9999.0 -9999.0 -9999.0 -9999.0 -9999.0 -9999.0 -9999.0 -9999.0 -9999.0 -9999.0 -1.534076557 -1.540875718 -1.548728347 -1.525092363 -1.63184803 -1.745055556 -1.742844343 -1.710486531 -1.620576262 -1.58123374 -1.545742989 -1.517411947 -1.505348325 -1.534144163 -1.533570051 -1.528390646 -1.51323688 -1.479244709 -1.411673307 -1.392149568 -1.391495228 -1.386587024 -1.380196691 -1.331783295 -1.307348728 -1.309231639 -1.324200034 -1.308044672 -1.304035306 -1.25656426 -1.147358298 -1.023801923 -0.943086505 -0.914719105 -0.919186711 -0.938887596 -1.01047945 -1.086708307 -1.155165911 -1.179382443 -1.165870786
-1.513045609 -1.513344765 -9999.0 -9999.0 -9999.0 -9999.0 -9999.0 -9999.0 -9999.0 -9999.0 -9999.0 -9999.0 -9999.0 -9999.0 -9999.0 -9999.0 -9999.0 -9999.0 -9999.0 -9999.0 -9999.0 -9999.0 -9999.0 -9999.0 -9999.0 -9999.0 -1.559768587 -1.549988702 -1.528864115 -1.508104905 -1.494252324 -9999.0 -1.483700678 -1.480500042 -1.478232205 -1.48360084 -1.514833689 -1.48714292 -1.463591695 -1.426691294 -1.417034149 -1.432387114 -1.470561385 -1.508995295 -1.487726092 -1.380568743 -1.268704891 -1.12970531 -0.995219827 -0.891243219 -0.826987624 -0.803158402 -0.804542422 -0.883877158 -1.013814211 -1.069149256 -1.065172076
-9999.0 -9999.0 -9999.0 -9999.0 -9999.0 -9999.0 -9999.0 -9999.0 -9999.0 -9999.0 -9999.0 -9999.0 -9999.0 -9999.0 -9999.0 -9999.0 -9999.0 -9999.0 -9999.0 -9999.0 -9999.0 -9999.0 -9999.0 -9999.0 -9999.0 -9999.0 -9999.0 -9999.0 -9999.0 -9999.0 -9999.0 -9999.0 -9999.0 -9999.0 -9999.0 -9999.0 -9999.0 -9999.0 -9999.0 -9999.0 -9999.0 -9999.0 -9999.0 -1.501465321 -1.446457982 -1.307595134 -1.16555059 -1.055961251 -0.947729945 -0.872148156 -0.793679357 -0.740495324 -0.725559831 -0.767280579 -0.845546722 -0.925609708 -0.978247762
-9999.0 -9999.0 -9999.0 -9999.0 -9999.0 -9999.0 -9999.0 -9999.0 -9999.0 -9999.0 -9999.0 -9999.0 -9999.0 -9999.0 -9999.0 -9999.0 -9999.0 -9999.0 -9999.0 -9999.0 -9999.0 -9999.0 -9999.0 -9999.0 -9999.0 -9999.0 -9999.0 -9999.0 -9999.0 -9999.0 -9999.0 -9999.0 -9999.0 -9999.0 -9999.0 -9999.0 -9999.0 -9999.0 -9999.0 -9999.0 -9999.0 -9999.0 -1.401073575 -1.391434669 -1.366535306 -1.307932496 -1.196885943 -1.130068183 -1.028655648 -0.923967481 -0.811953425 -0.738601565 -0.708033562 -0.711947918 -0.748060584 -0.80349791 -0.862352014
-9999.0 -9999.0 -9999.0 -9999.0 -9999.0 -9999.0 -9999.0 -9999.0 -9999.0 -9999.0 -9999.0 -9999.0 -9999.0 -9999.0 -9999.0 -9999.0 -9999.0 -9999.0 -9999.0 -9999.0 -9999.0 -9999.0 -9999.0 -9999.0 -9999.0 -9999.0 -9999.0 -9999.0 -9999.0 -9999.0 -9999.0 -9999.0 -9999.0 -9999.0 -9999.0 -9999.0 -9999.0 -9999.0 -9999.0 -9999.0 -9999.0 -1.357389361 -1.341711044 -1.326832891 -1.268592715 -1.198522568 -1.167413116 -1.130404472 -1.110170126 -1.05534482 -0.937498093 -0.925534368 -0.928772688 -0.932190418 -0.955497503 -1.003103852 -1.055281043
-9999.0 -9999.0 -9999.0 -9999.0 -9999.0 -9999.0 -9999.0 -9999.0 -9999.0 -9999.0 -9999.0 -9999.0 -9999.0 -9999.0 -9999.0 -9999.0 -9999.0 -9999.0 -9999.0 -9999.0 -9999.0 -9999.0 -9999.0 -9999.0 -9999.0 -9999.0 -9999.0 -9999.0 -9999.0 -9999.0 -9999.0 -9999.0 -9999.0 -9999.0 -9999.0 -9999.0 -9999.0 -9999.0 -9999.0 -9999.0 -9999.0 -1.323952436 -1.311858773 -1.286609292 -1.225219369 -1.149900556 -1.106455922 -1.081696987 -1.062581897 -1.049790263 -1.044611573 -1.043449521 -1.050889373 -1.061048269 -1.072378635 -1.080433249 -9999.0
-9999.0 -9999.0 -9999.0 -9999.0 -9999.0 -9999.0 -9999.0 -9999.0 -9999.0 -9999.0 -9999.0 -9999.0 -9999.0 -9999.0 -9999.0 -9999.0 -9999.0 -9999.0 -9999.0 -9999.0 -9999.0 -9999.0 -9999.0 -9999.0 -9999.0 -9999.0 -9999.0 -9999.0 -9999.0 -9999.0 -9999.0 -9999.0 -9999.0 -9999.0 -9999.0 -9999.0 -9999.0 -9999.0 -9999.0 -9999.0 -9999.0 -1.344967425 -1.308921695 -1.29354012 -1.214622378 -1.15261507 -1.135932922 -1.12447679 -1.120734453 -1.119979978 -9999.0 -9999.0 -9999.0 -9999.0 -9999.0 -9999.0 -9999.0
-9999.0 -9999.0 -9999.0 -9999.0 -9999.0 -9999.0 -9999.0 -9999.0 -9999.0 -9999.0 -9999.0 -9999.0 -9999.0 -9999.0 -9999.0 -9999.0 -9999.0 -9999.0 -9999.0 -9999.0 -9999.0 -9999.0 -9999.0 -9999.0 -9999.0 -9999.0 -9999.0 -9999.0 -9999.0 -9999.0 -9999.0 -9999.0 -9999.0 -9999.0 -9999.0 -9999.0 -9999.0 -9999.0 -9999.0 -9999.0 -9999.0 -9999.0 -1.354507685 -1.316668868 -1.242078185 -1.189619064 -1.177226305 -1.172985077 -1.201362103 -9999.0 -9999.0 -9999.0 -9999.0 -9999.0 -9999.0 -9999.0 -9999.0
-9999.0 -9999.0 -9999.0 -9999.0 -9999.0 -9999.0 -9999.0 -9999.0 -9999.0 -9999.0 -9999.0 -9999.0 -9999.0 -9999.0 -9999.0 -9999.0 -9999.0 -9999.0 -9999.0 -9999.0 -9999.0 -9999.0 -9999.0 -9999.0 -9999.0 -9999.0 -9999.0 -9999.0 -9999.0 -9999.0 -9999.0 -9999.0 -9999.0 -9999.0 -9999.0 -9999.0 -9999.0 -9999.0 -9999.0 -9999.0 -9999.0 -1.360320449 -1.358435035 -1.347355366 -1.284559846 -1.264065385 -1.27385211 -9999.0 -9999.0 -9999.0 -9999.0 -9999.0 -9999.0 -9999.0 -9999.0 -9999.0 -9999.0
-9999.0 -9999.0 -9999.0 -9999.0 -9999.0 -9999.0 -9999.0 -9999.0 -9999.0 -9999.0 -9999.0 -9999.0 -9999.0 -9999.0 -9999.0 -9999.0 -9999.0 -9999.0 -9999.0 -9999.0 -9999.0 -9999.0 -9999.0 -9999.0 -9999.0 -9999.0 -9999.0 -9999.0 -9999.0 -9999.0 -9999.0 -9999.0 -9999.0 -9999.0 -9999.0 -9999.0 -9999.0 -9999.0 -9999.0 -9999.0 -1.287896663 -1.287442684 -1.298731327 -1.300794005 -1.299766898 -1.287231445 -1.286117792 -9999.0 -9999.0 -9999.0 -9999.0 -9999.0 -9999.0 -9999.0 -9999.0 -9999.0 -9999.0
-9999.0 -9999.0 -9999.0 -9999.0 -9999.0 -9999.0 -9999.0 -9999.0 -9999.0 -9999.0 -9999.0 -9999.0 -9999.0 -9999.0 -9999.0 -9999.0 -9999.0 -9999.0 -9999.0 -9999.0 -9999.0 -9999.0 -9999.0 -9999.0 -9999.0 -9999.0 -9999.0 -9999.0 -9999.0 -9999.0 -9999.0 -9999.0 -9999.0 -9999.0 -9999.0 -9999.0 -9999.0 -9999.0 -9999.0 -9999.0 -1.310914516 -1.310516089 -1.310185313 -9999.0 -9999.0 -9999.0 -9999.0 -9999.0 -9999.0 -9999.0 -9999.0 -9999.0 -9999.0 -9999.0 -9999.0 -9999.0 -9999.0
