Environmental Parameters/RCP 85/2050/Sea-surface_temperature.asc
ncols 720
nrows 360
xllcorner -180.00
yllcorner -90.00
cellsize 0.5
NODATA_value -9999
[rows 275 to 299 of 360, columns 57 to 113 of 720]
10.87864208 10.79683113 10.73600101 10.70384884 10.67299938 10.65479469 10.6501627 10.62670898 10.58190918 10.54714966 10.4970274 10.43105698 10.38453484 10.35548115 10.33677959 10.35555172 10.38409615 10.415905 10.41848946 10.40081692 10.36245823 10.33060455 10.32189178 10.32201862 10.32521343 10.31753826 10.2984333 10.272439 10.25548267 10.22402954 10.17348957 10.12308788 10.08423901 10.0775938 10.09289551 10.09251022 10.06003857 10.01654148 9.974716187 9.941700935 9.921121597 9.899083138 9.877968788 9.856966972 9.835395813 9.819437981 9.794487 9.767283916 9.740144253 9.717213154 9.694269657 9.666770458 9.653666496 9.623542786 9.607469559 9.574796677 9.537068367
10.72421837 10.64948273 10.58962917 10.55017757 10.5064888 10.46384525 10.43956375 10.41921043 10.39459896 10.37737274 10.34104061 10.30753136 10.26616955 10.23763657 10.24684525 10.27138519 10.30337143 10.3194561 10.30966473 10.27561188 10.22197628 10.16359615 10.12958527 10.12741375 10.13159657 10.12935829 10.11197996 10.08697939 10.05988359 10.02001619 9.974737644 9.940357208 9.917233467 9.913964272 9.924340725 9.921562672 9.884152889 9.831117153 9.770718098 9.713474751 9.670149326 9.646128178 9.616865635 9.594837666 9.580848217 9.565088749 9.556382656 9.545608997 9.532450199 9.519813061 9.497112751 9.466103077 9.468615055 9.462278843 9.459589481 9.432853222 9.366395473
10.59183884 10.5313797 10.46966648 10.41038132 10.36711121 10.32625484 10.29453659 10.27632809 10.25496197 10.22241116 10.1786375 10.14176655 10.15021801 10.1549778 10.16070557 10.16344547 10.15724373 10.14304066 10.11826324 10.07776642 10.01157284 9.962809563 9.932227135 9.918287754 9.916489124 9.926425457 9.927296162 9.916927814 9.894385815 9.853623867 9.810358524 9.781181812 9.763784885 9.749744892 9.749547482 9.741902828 9.707012653 9.6550107 9.578039646 9.526631832 9.50472784 9.482487202 9.436504841 9.391274929 9.389634609 9.371733189 9.361809254 9.354611874 9.364326 9.352740765 9.329386234 9.292872906 9.266972065 9.255658627 9.248141766 9.214791775 9.144360065
10.41266251 10.34374809 10.29000378 10.26105595 10.23591137 10.20738602 10.18240929 10.16160107 10.13796902 10.10863686 10.07100201 10.05090046 10.05363655 10.0651474 10.0768013 10.05637312 10.0211997 9.977797031 9.930803776 9.887961864 9.830575466 9.773153782 9.747456074 9.755991459 9.757954121 9.76069212 9.755244732 9.75035429 9.731624126 9.694397449 9.661612988 9.64464426 9.632221699 9.610258579 9.575376034 9.535478115 9.484644413 9.445473194 9.414300442 9.387456417 9.365490437 9.327931881 9.268564701 9.210775852 9.171869755 9.148351192 9.138763428 9.13111496 9.115961075 9.094920158 9.078386784 9.046821117 9.023887157 9.005662441 8.968981266 8.931199551 8.8808074
10.2073164 10.13666058 10.07620144 10.05083561 10.03785229 10.02762985 10.02537537 10.03033638 10.03232384 10.01540565 9.975904465 9.944859505 9.937390327 9.952334881 9.957745075 9.946793079 9.904803753 9.841689587 9.784705639 9.730843067 9.673318386 9.614634037 9.58390379 9.576581478 9.582167149 9.599153996 9.612098217 9.592574596 9.571279049 9.557890415 9.544209957 9.530891895 9.512243748 9.473340511 9.417354107 9.364921093 9.328714848 9.296318531 9.265360355 9.239263058 9.215846062 9.183941841 9.134573936 9.079458237 9.034330368 9.013788223 8.995141983 8.961562157 8.916921616 8.877048492 8.83505249 8.787999153 8.764180183 8.755290985 8.731535912 8.694558144 8.641007423
10.04454803 9.934397697 9.839169502 9.765644073 9.712335587 9.7048769 9.751864433 9.806726456 9.836375237 9.841124535 9.821649551 9.793948174 9.787029743 9.803475857 9.803503513 9.805762768 9.789896488 9.741555691 9.684412479 9.628303051 9.573330402 9.519231319 9.468758106 9.437866688 9.430632114 9.43338728 9.424829006 9.407264233 9.403885365 9.396318913 9.39298296 9.379908085 9.358062267 9.309038639 9.245353699 9.187286377 9.145637512 9.123738289 9.094096184 9.077328682 9.051598549 9.026989937 8.990671158 8.952877045 8.922651291 8.883550644 8.830361366 8.776583672 8.718985558 8.660687923 8.608687878 8.567679405 8.549553394 8.533634663 8.509754181 8.481715202 8.436105728
9.918217182 9.783164978 9.640845776 9.49869585 9.372098446 9.336550236 9.385470867 9.457740307 9.501719952 9.514574528 9.521271229 9.515481472 9.519116879 9.531345844 9.535775661 9.567726612 9.588782787 9.589282513 9.569658756 9.535649776 9.500104427 9.449668407 9.376473904 9.328262806 9.308264256 9.28089571 9.243902683 9.210310459 9.197927475 9.198817253 9.200825691 9.205226898 9.179314613 9.128060341 9.064476013 9.001581192 8.95481205 8.902191162 8.857502937 8.829572678 8.825361252 8.807620049 8.787278175 8.771525383 8.755833626 8.722535133 8.665021896 8.601584435 8.531835079 8.467894554 8.410918713 8.36988306 8.348468304 8.323422909 8.291110039 8.259963512 8.219816208
9.829866886 9.686443806 9.520555973 9.348541737 9.212722301 9.145404339 9.117605686 9.129298687 9.153473377 9.130245686 9.098696232 9.064287663 9.038174152 9.042797565 9.080019474 9.163514614 9.227618694 9.2810359 9.30824995 9.320623875 9.326492786 9.304844379 9.247222424 9.17220211 9.107758522 9.059535027 9.009033203 8.96325779 8.952264786 8.962482452 8.971464157 8.981467247 8.979021072 8.943077087 8.88018322 8.788899422 8.710900307 8.640036583 8.579210281 8.542970181 8.515619278 8.504586697 8.52252388 8.522796154 8.510023117 8.486970425 8.443833828 8.389728546 8.333404541 8.266499996 8.203670979 8.162937641 8.134242535 8.104000092 8.085186958 8.058326721 8.01593399
9.689898968 9.5882411 9.441585064 9.285229206 9.169970989 9.105473042 9.070460796 9.016424656 8.950048923 8.826180935 8.70331192 8.56375742 8.443912029 8.390013695 8.409393311 8.505421162 8.615376949 8.708458424 8.796023846 8.866115093 8.906546116 8.919765472 8.903652191 8.848072052 8.768530846 8.695026398 8.639679909 8.61180687 8.605643272 8.626987934 8.669826031 8.715501785 8.740889549 8.738847733 8.683639526 8.58279705 8.466467857 8.36954689 8.293185711 8.238273144 8.206577301 8.207253456 8.216114044 8.220441341 8.212420464 8.195705891 8.162926674 8.118814945 8.068205833 8.009525776 7.950230598 7.905220509 7.863805294 7.837707996 7.838965893 7.832962036 7.800407887
9.306219101 9.263582706 9.183920383 9.102015972 9.043604374 9.023719311 9.00211668 8.936792374 8.837700844 8.696574211 8.503477097 8.196694374 7.902718544 7.722557545 7.668315887 7.720167637 7.816059589 7.917683601 8.019942284 8.119538307 8.188963413 8.234979153 8.258010387 8.251745701 8.199172497 8.12164259 8.063033104 8.043196201 8.055265903 8.135734558 8.235523701 8.341553688 8.426091671 8.466594219 8.437346935 8.351750851 8.24569416 8.1439538 8.065756798 8.016559601 7.979300499 7.962263107 7.954671383 7.942787647 7.927958012 7.912914276 7.883491039 7.833657742 7.769300461 7.737519264 7.723492146 7.703896046 7.673237324 7.645643234 7.62582016 7.599441528 7.552041531
8.646733284 8.660897732 8.670307636 8.689963341 8.726099491 8.76914072 8.82023859 8.806777 8.728366852 8.587311745 8.343952179 8.020258904 7.666332245 7.340028763 7.107077122 7.059588909 7.106368065 7.194410801 7.338149548 7.438548088 7.472623348 7.476119995 7.4955616 7.509838104 7.491810799 7.425710201 7.356324673 7.299317837 7.297121525 7.356472969 7.481268883 7.643302917 7.82850647 7.958392143 8.020971775 8.032594204 8.006456852 7.976431847 7.947039127 7.903940678 7.855619907 7.821946621 7.790258408 7.742603302 7.68647337 7.638692856 7.594760895 7.546691418 7.524046898 7.535449982 7.551080227 7.54957056 7.524847984 7.480855942 7.429242134 7.363556862 7.299684048
7.743758202 7.804173946 7.907458305 8.045340538 8.208799362 8.384746552 8.517671585 8.556837559 8.505122185 8.368115902 8.126144409 7.820935249 7.461495876 7.118934631 6.874444962 6.75683403 6.774039745 6.836584091 6.934303761 7.004492283 7.001859188 6.957018375 6.936279297 6.946401119 6.93213129 6.82611084 6.720786572 6.630300999 6.581167698 6.588937283 6.65464592 6.766273975 6.932790756 7.128722668 7.319456577 7.475511074 7.599446774 7.695028782 7.767202854 7.794658661 7.781538486 7.7493577 7.691807747 7.615921497 7.538302422 7.466359138 7.397568703 7.343670845 7.329197884 7.334719181 7.35291481 7.353854656 7.317816734 7.259101868 7.202982903 7.152288437 7.101118088
6.781722546 6.881925583 7.027888298 7.218421459 7.445650101 7.687455654 7.844821453 7.892624378 7.841725349 7.680819511 7.490708351 7.288741589 7.069530487 6.843404293 6.656945705 6.553782463 6.495091915 6.491244316 6.539957047 6.594130039 6.627313137 6.618803501 6.61054945 6.628399849 6.588099957 6.454440594 6.27973938 6.101541519 5.957748413 5.885085106 5.862980366 5.896785259 6.00297451 6.146268368 6.328632832 6.544928551 6.776186466 6.989280701 7.195600033 7.360764503 7.460985661 7.502277851 7.497553349 7.479099274 7.456710815 7.410872936 7.338261127 7.269260406 7.214406013 7.188006878 7.189821243 7.190299511 7.139881134 7.051067829 6.971868038 6.917123795 6.863508224
5.80775547 5.828138828 5.908517838 6.077248096 6.190415859 6.318524361 6.418568611 6.46625042 6.449103355 6.366864681 6.300488472 6.233800411 6.293869495 6.300470829 6.298927307 6.288228989 6.222392082 6.138982296 6.092792988 6.08443594 6.097195148 6.140619278 6.201723099 6.246782303 6.208005428 6.070004463 5.87748003 5.668159485 5.473492622 5.319770813 5.2283144 5.196575165 5.211560249 5.262398243 5.333815575 5.442948818 5.617528439 5.847260952 6.104107857 6.3686409 6.636562347 6.849168301 7.006982327 7.129212379 7.22906208 7.284197807 7.285178661 7.272889614 7.239146233 7.201402187 7.163143158 7.121963501 7.041148663 6.923423767 6.819084644 6.747411728 6.696274281
5.062786818 4.940581799 4.881058693 4.814574718 4.731393099 4.661331654 4.643315077 4.638994694 4.61176157 4.658712387 4.773102283 4.972520828 5.232555866 5.510570049 5.773491859 5.948980808 5.993619442 5.959228039 5.864699841 5.748284817 5.657857895 5.618013382 5.639892578 5.669911861 5.658452034 5.592742443 5.481091499 5.335679054 5.177858829 5.01530838 4.873874664 4.779322147 4.74093771 4.747576237 4.751691103 4.759784937 4.779193878 4.852503777 4.991324902 5.184537411 5.440991879 5.749078274 6.04544735 6.338105679 6.614471912 6.824222088 6.97436142 7.082923889 7.142897129 7.172462463 7.168694496 7.123970509 7.049517632 6.946401119 6.842830658 6.754354 6.70472765
4.395614624 4.228184223 4.093044281 3.925413847 3.748375416 3.575288773 3.409346819 3.302037239 3.281727552 3.355852842 3.540936708 3.810470581 4.158471823 4.584277153 5.028153896 5.388970375 5.618089199 5.691888332 5.69278717 5.601455688 5.47872448 5.346758842 5.259935379 5.233248711 5.234609127 5.229435921 5.187430382 5.10611248 4.991203785 4.825062752 4.648373842 4.502163649 4.416318417 4.39214921 4.36285615 4.338485003 4.334401846 4.345550299 4.389159918 4.472320557 4.576608419 4.718836784 4.924039364 5.207724571 5.545663357 5.88316679 6.171949387 6.405732155 6.608283043 6.782975197 6.912674427 6.989640236 6.989062309 6.927258492 6.849306583 6.774306774 6.726839066
3.609544754 3.519506454 3.434778929 3.333360195 3.196077824 3.006905079 2.76360178 2.566530228 2.5043962 2.566927552 2.721317053 2.884018183 3.104488134 3.478137493 3.890420437 4.327591896 4.731300831 5.08095026 5.337743282 5.400731564 5.383246422 5.262056828 5.156075478 5.107251644 5.101827621 5.103365898 5.090798855 5.032730103 4.899741173 4.69312501 4.447660685 4.249449968 4.097994566 4.002081633 3.973008871 3.999223709 4.064252377 4.143764973 4.195663214 4.242597103 4.231055737 4.239468575 4.290104389 4.409332752 4.611310959 4.878928185 5.154414177 5.431672096 5.711145878 5.980650902 6.231458187 6.431636333 6.546249866 6.585490227 6.565474987 6.53110075 6.4360075
2.881516218 2.876654625 2.843460083 2.787671804 2.664926291 2.50302124 2.310963392 2.163705111 2.110708594 2.135189533 2.201498985 2.178766727 2.179510117 2.272475243 2.447379708 2.740545392 3.149156809 3.640968323 4.180561304 4.639481783 4.9453578 5.078365326 5.104952812 5.117064953 5.122364044 5.11626339 5.07051754 4.951467991 4.758116722 4.472587824 4.145019054 3.867705822 3.678399086 3.576035023 3.605362892 3.724215746 3.85739994 3.945238352 4.020831585 4.066977978 4.081110239 4.061231375 4.062937737 4.108605862 4.185003519 4.298055172 4.450887918 4.657235622 4.91261816 5.189063072 5.470098495 5.690334797 5.837242126 5.903538227 5.883047581 5.863333702 5.742856026
2.17163682 2.156645775 2.126302004 2.071996331 1.974874139 1.869426131 1.774340987 1.756226659 1.806639791 1.81284827 1.70435369 1.503183067 1.329707861 1.273523808 1.360814929 1.525275648 1.68441087 1.959890008 2.378356814 2.910721779 3.438565969 3.893052816 4.247106791 4.476213217 4.578588486 4.592447042 4.558646202 4.441620588 4.231179714 3.935322046 3.610285521 3.364336967 3.214255333 3.129166603 3.194022655 3.360184669 3.511887312 3.642908573 3.753768444 3.82871604 3.883621931 3.900933981 3.90533185 3.932713747 3.988904238 4.076044798 4.191175938 4.353846312 4.561151028 4.773184299 4.97598505 5.159364223 5.275230408 5.288832188 5.223185062 5.147449017 5.004202366
1.529614508 1.472921669 1.426485419 1.311151862 1.148959398 0.992185295 0.863072038 0.874205619 0.974434018 0.96642971 0.875590324 0.77219981 0.729661435 0.799425483 0.981585056 1.206872165 1.298012912 1.34417963 1.441112638 1.629148781 1.88263917 2.177073956 2.49314332 2.790328264 3.022746801 3.149157763 3.180148602 3.170325994 3.11359024 2.993601322 2.860193729 2.770217896 2.725039005 2.698075056 2.751736164 2.867643118 3.050181627 3.236222744 3.408545494 3.536409378 3.610634327 3.635925531 3.635307312 3.673326731 3.753713131 3.878548622 4.021655083 4.194380283 4.37515831 4.544118881 4.715681791 4.838767767 4.897497416 4.856500864 4.719384432 4.585426807 4.41765976
1.084317029 1.028841317 0.965581745 0.740635157 0.5255218 0.366581026 0.296559008 0.294154562 0.335372824 0.381215166 0.437558547 0.56343329 0.717795491 0.855326205 1.049565166 1.203745574 1.267901897 1.283616185 1.301396787 1.345643163 1.405584812 1.447150052 1.520336032 1.623681068 1.722502708 1.795856833 1.855855346 1.94675231 2.049436331 2.133389115 2.157050371 2.173827767 2.204016089 2.28112483 2.367433071 2.482932568 2.671007872 2.908418417 3.176190615 3.335462093 3.403409004 3.409061432 3.40958643 3.454030752 3.541547298 3.649931669 3.778707981 3.999870777 4.173157215 4.319037437 4.427261114 4.471896648 4.452055693 4.357921362 4.209441185 4.077236414 3.878692627
0.800124258 0.699645296 0.569885731 0.396949163 0.216317065 0.094724625 0.092709154 0.179769412 0.307600543 0.401430123 0.538038381 0.733606823 0.887346387 0.990389735 1.104583263 1.206016362 1.26061815 1.30824253 1.353173196 1.395118713 1.419062078 1.444999158 1.480006874 1.52106905 1.522155702 1.51734966 1.526987553 1.562485933 1.622260332 1.677593231 1.726714611 1.7774266 1.835530281 1.903234124 2.036235213 2.222190261 2.474743843 2.73999238 2.977684259 3.166225433 3.275684834 3.316153288 3.308443785 3.344435453 3.449052811 3.570214748 3.701761961 3.825097561 3.940740824 4.036302328 4.094700336 4.073428392 3.994269371 3.813333511 3.65870142 3.553728104 3.459043026
0.383895725 0.296118539 0.187625125 0.047335461 -0.067281783 -0.075092584 0.066410691 0.230044886 0.352151453 0.415929109 0.55233767 0.7602387 0.927506775 1.028017148 1.1005193 1.157860547 1.208139151 1.258430272 1.303147197 1.347103626 1.371240765 1.397633731 1.423917592 1.447446525 1.473972142 1.474825442 1.459476829 1.461213112 1.457973242 1.444418967 1.436943829 1.436601937 1.453514576 1.480469227 1.582407832 1.750391364 1.996112823 2.27825141 2.538423419 2.746582747 2.879987001 2.960598469 3.012497902 3.079427481 3.202146769 3.36493516 3.510634899 3.606403828 3.664408922 3.708088398 3.720677853 3.646639824 3.523262262 3.353595734 3.247169971 3.181540012 3.132912397
-0.094353169 -0.13078779 -0.157607317 -0.206085026 -0.209158927 -0.045168638 0.105878174 0.221979499 0.307112843 0.362518668 0.490161285 0.672366471 0.840916552 0.948072024 1.028100982 1.079229221 1.119571999 1.152116507 1.170363307 1.189235806 1.189678043 1.188909978 1.203599155 1.212975442 1.243499339 1.274069667 1.305431604 1.335191131 1.33801955 1.327500701 1.305346847 1.298573017 1.304308653 1.300880969 1.299906969 1.327674091 1.428100407 1.630215168 1.843299985 2.005057931 2.097074866 2.120342374 2.179034472 2.268263459 2.424699068 2.649996519 2.919889927 3.083216906 3.217969179 3.258000851 3.248306274 3.174681187 3.101568699 3.027566195 2.938743353 2.87534523 2.862638235
-0.333610237 -0.310250282 -0.293889344 -0.284585893 -0.198747903 -0.031316012 0.081951827 0.170798004 0.252032131 0.290315449 0.383962288 0.525423974 0.67784337 0.835924854 0.926376615 0.994791545 1.047017008 1.064236417 1.046713114 0.990912855 0.957602844 0.934496194 0.937579006 0.976447254 1.020581216 1.058840722 1.102493793 1.144137919 1.168747395 1.192399383 1.210395873 1.217056394 1.237729907 1.263459921 1.289161146 1.31504178 1.358850837 1.449130833 1.511376798 1.551676273 1.535073936 1.502079666 1.513807654 1.57318306 1.684185982 1.878689408 2.102638245 2.308670163 2.513842106 2.701198816 2.801415682 2.823456764 2.803396225 2.758845568 2.693223953 2.656765699 2.655569792
