Environmental Parameters/RCP 85/2050/Sea-surface_temperature.asc
ncols 720
nrows 360
xllcorner -180.00
yllcorner -90.00
cellsize 0.5
NODATA_value -9999
[rows 50 to 74 of 360, columns 342 to 398 of 720]
7.418490887 7.222480774 7.299981594 7.341529846 7.572105408 7.780035973 8.063644409 8.315542698 8.48478651 8.678842545 8.818172932 9.048474312 9.313743114 9.678594112 9.8963027 10.05277157 10.19386864 10.22842121 10.1863575 10.33727169 10.35775185 10.47071362 10.58787537 10.6983242 10.83011818 10.77273655 10.73606014 10.56125546 10.49550056 10.44464397 10.37751102 10.36746979 10.33602333 10.34945869 10.35748196 10.33804798 10.33170033 10.26719379 10.05732059 9.795417786 9.59479475 9.543996334 -9999.0 -9999.0 -9999.0 -9999.0 -9999.0 -9999.0 -9999.0 -9999.0 -9999.0 -9999.0 -9999.0 -9999.0 -9999.0 -9999.0 -9999.0
9.285966873 8.87149477 8.535292149 8.193905354 8.01599884 8.121428967 8.242180824 8.383169174 8.484494686 8.592374802 8.721765041 9.025372982 9.355706692 9.670519352 9.885811329 9.94423008 9.822983742 9.890658379 9.852651596 9.898308754 10.09213829 10.26576614 10.53843212 10.71344662 10.74866486 10.77376461 10.60569 10.52737904 10.45745564 10.3758831 10.32700253 10.28537941 10.30889511 10.34136486 10.29683208 10.19079781 10.06003571 9.935498238 9.8174963 9.624724388 9.527935386 -9999.0 -9999.0 -9999.0 -9999.0 -9999.0 -9999.0 -9999.0 -9999.0 -9999.0 -9999.0 -9999.0 -9999.0 -9999.0 -9999.0 -9999.0 -9999.0
9.836993217 9.741977692 9.605537891 9.438007832 8.978394508 8.778317451 8.792030334 8.707902431 8.648935318 8.837521076 8.942116737 9.15967083 9.426160812 9.64184618 9.728101254 9.872631073 9.810787201 9.976176262 10.01291275 10.09502792 10.30448723 10.51488113 10.73474789 10.87338829 10.87698746 10.86037254 10.6631546 10.49449062 10.45640659 10.31445026 10.18729973 10.13253975 10.17104244 10.09892845 9.938706398 9.764472008 9.717347145 9.690468788 9.621373177 9.549909592 9.436036944 -9999.0 -9999.0 -9999.0 -9999.0 -9999.0 -9999.0 -9999.0 -9999.0 -9999.0 -9999.0 -9999.0 -9999.0 -9999.0 -9999.0 -9999.0 7.68277359
9.832919121 9.913318634 9.930166245 9.871530533 9.651117325 9.496055603 9.390942097 9.119686127 9.016140461 9.134836197 9.206382275 9.325900078 9.593211651 9.805620193 9.936720848 10.15162277 10.16363525 10.20361519 10.32054138 10.41072369 10.59540176 10.75967216 10.87365437 10.89785004 10.88844872 10.75133419 10.63322544 10.44894409 10.31434917 10.16830635 10.07698822 10.06918907 10.03694725 9.881127357 9.734104156 9.749605179 9.719244003 9.706764817 9.675035059 9.631599247 -9999.0 -9999.0 -9999.0 -9999.0 -9999.0 -9999.0 -9999.0 -9999.0 -9999.0 -9999.0 -9999.0 -9999.0 -9999.0 8.044915915 7.963881373 7.869813919 7.890323639
10.17680645 10.08000278 9.962990761 9.926427841 9.810383797 9.837722778 9.835828781 9.720104218 9.631795883 9.594367981 9.615184784 9.767916679 9.934739113 10.03426838 10.1200304 10.15675163 10.27154255 10.37412548 10.47669792 10.57935524 10.67982674 10.81384277 10.87691975 10.85499287 10.7774725 10.55748272 10.35892773 10.18268204 10.08694839 9.998949051 9.848472595 9.712504387 9.631353378 9.645488262 9.651407957 9.751858532 -9999.0 -9999.0 -9999.0 -9999.0 -9999.0 -9999.0 -9999.0 -9999.0 -9999.0 -9999.0 -9999.0 -9999.0 -9999.0 -9999.0 -9999.0 -9999.0 8.099864721 8.024365902 8.015230656 8.163813114 8.284459114
9.973044395 9.609828949 9.314861298 9.239553452 9.245150566 9.494487762 9.813914299 9.960478783 10.09992981 10.12977028 10.09936428 10.21981239 10.38174057 10.47808456 10.43538666 10.38322544 10.44457626 10.58724976 10.62525082 10.72664738 10.78122616 10.82322216 10.80714512 10.80576515 10.68271351 10.46955681 10.29438114 10.10012341 9.945524216 9.825745583 9.70296669 9.5510692 9.456764638 -9999.0 -9999.0 -9999.0 -9999.0 -9999.0 -9999.0 -9999.0 -9999.0 -9999.0 -9999.0 -9999.0 -9999.0 -9999.0 -9999.0 -9999.0 -9999.0 -9999.0 -9999.0 -9999.0 8.024795532 7.999781132 8.112476826 8.300734043 8.46003294
9.861218452 9.622608185 9.448992729 9.339863777 9.428197861 9.715111732 9.92663765 10.08120918 10.3042326 10.43995667 10.45502567 10.5979929 10.5773735 10.47155666 10.55214119 10.60564804 10.73299694 10.84289169 10.86654091 10.89381027 10.888834 10.85491943 10.78793907 10.72408867 10.6615839 10.422369 10.24125099 9.987689018 9.777774811 9.65430361 9.446911216 9.440909266 -9999.0 -9999.0 -9999.0 -9999.0 -9999.0 -9999.0 -9999.0 -9999.0 -9999.0 -9999.0 -9999.0 -9999.0 -9999.0 -9999.0 -9999.0 -9999.0 -9999.0 -9999.0 -9999.0 -9999.0 7.926491261 8.03537035 8.246292591 8.295907021 8.625476837
9.835566521 9.834446907 9.809639931 9.587348938 9.573124886 9.944813728 10.26796627 10.36934757 10.47319317 10.50006199 10.43965435 10.59443951 10.54534149 10.53121853 10.61126041 10.74857044 10.81786919 10.87110233 10.8745966 10.89966965 10.90170956 10.93382263 10.94455814 10.77487469 10.60198116 10.43328762 10.30423355 10.06159973 9.859562874 9.726811171 9.612341046 9.51005429 9.40550822 9.651670992 -9999.0 -9999.0 -9999.0 -9999.0 -9999.0 -9999.0 -9999.0 -9999.0 -9999.0 -9999.0 -9999.0 -9999.0 -9999.0 -9999.0 -9999.0 -9999.0 -9999.0 -9999.0 8.109714985 8.148233414 8.221215248 8.441777229 8.658929825
9.678993225 9.834888458 9.910925865 9.761359215 9.577656746 9.739980698 9.947160721 10.1393795 10.31838131 10.34519768 10.34534931 10.45727158 10.57299232 10.5288229 10.39568043 10.33036232 10.43109703 10.64468479 10.78197765 10.8244791 10.80884743 10.81069469 10.87266254 10.84211826 10.54284096 10.33501244 10.3352747 10.16074085 9.955225945 9.868249953 -9999.0 9.694545686 9.685199857 -9999.0 -9999.0 -9999.0 -9999.0 -9999.0 -9999.0 -9999.0 -9999.0 -9999.0 -9999.0 -9999.0 -9999.0 -9999.0 -9999.0 -9999.0 -9999.0 -9999.0 -9999.0 -9999.0 8.118150711 8.223586082 8.325280666 8.473042488 8.63839817
10.0453558 10.10802841 10.0996027 10.09735012 10.0410223 10.0824995 10.18121052 10.31778908 10.46918678 10.63725281 10.67481804 10.62424564 10.4599123 10.21717739 9.985060692 10.01840782 10.26762676 10.57513523 10.73080444 10.73712921 10.74078751 10.7427063 10.79173088 10.82641792 10.69961166 10.53998566 10.53156567 10.37259483 10.11950111 10.02360916 9.98506546 9.908519328 -9999.0 -9999.0 -9999.0 -9999.0 -9999.0 -9999.0 -9999.0 -9999.0 -9999.0 -9999.0 -9999.0 -9999.0 -9999.0 -9999.0 -9999.0 -9999.0 -9999.0 -9999.0 -9999.0 -9999.0 -9999.0 -9999.0 8.380969048 8.534075737 8.669672489
10.54045582 10.53906822 10.588027 10.68358135 10.72869396 10.74343204 10.7403717 10.7729187 10.80395699 10.71084309 10.52751637 10.23583508 10.08394718 10.00169659 9.895570755 10.0564003 10.3422451 10.52711773 10.61175442 10.65177727 10.7020216 10.75097656 10.82385159 10.89830303 10.86016846 10.72335434 10.66599846 10.53229141 10.3093853 10.18136621 10.13301593 10.10259575 -9999.0 -9999.0 -9999.0 -9999.0 -9999.0 -9999.0 10.72848988 10.67878151 -9999.0 -9999.0 -9999.0 -9999.0 -9999.0 -9999.0 -9999.0 -9999.0 -9999.0 -9999.0 -9999.0 -9999.0 -9999.0 -9999.0 8.80727613 8.889293194 8.893255711
10.95645714 10.96427345 10.97363949 10.90236473 10.80506516 10.6819067 10.63540459 10.61373234 10.51251316 10.42707634 10.2898531 10.08453846 9.943203926 9.9388237 10.02944946 10.19898319 10.41219234 10.49457455 10.5449152 10.56089497 10.63595581 10.70803928 10.7811718 10.86392403 10.8599205 10.72219753 10.63911629 10.56049347 10.400774 10.26288795 10.1593703 10.28829378 -9999.0 -9999.0 -9999.0 -9999.0 -9999.0 10.94399023 10.91772366 10.8602953 10.74199009 -9999.0 -9999.0 -9999.0 -9999.0 -9999.0 -9999.0 -9999.0 -9999.0 -9999.0 -9999.0 -9999.0 -9999.0 9.007969856 9.22834301 9.129319191 9.215112686
11.01431656 10.88766956 10.78482056 10.65547085 10.55370808 10.41049004 10.29737854 10.24973202 10.19368744 10.1777153 10.09504032 9.910005569 9.90603447 10.07183456 10.20476437 10.32110023 10.45213604 10.51316357 10.55553627 10.598279 10.61958313 10.68678093 10.74491215 10.80207348 10.80793667 10.73692131 10.66612244 10.61628056 10.50622177 10.43176079 10.43442178 -9999.0 -9999.0 -9999.0 -9999.0 10.83732605 10.9883647 11.19446707 11.25408125 11.17859983 10.95706034 -9999.0 -9999.0 -9999.0 -9999.0 -9999.0 -9999.0 -9999.0 -9999.0 -9999.0 9.282338917 9.160667658 9.216353416 9.266983032 9.392213821 9.581713676 9.757663727
10.92659664 10.74928284 10.48650455 10.43181705 10.26846504 10.22957325 10.14788628 9.953661919 10.15461642 -9999.0 10.55401897 10.23719406 10.08459663 10.1395607 10.23838234 10.34574223 10.45793247 10.52427101 10.57278633 10.61100006 10.63433266 10.65939236 10.67720222 10.73545647 10.80601215 10.83605385 10.80234814 10.75244331 10.7046833 10.67772007 10.70903778 10.66940212 10.71969676 10.78901386 10.85034084 10.96718597 11.03405285 11.09241676 11.15527534 11.146348 10.97702694 10.89300346 -9999.0 -9999.0 -9999.0 -9999.0 -9999.0 -9999.0 -9999.0 -9999.0 -9999.0 9.327397346 9.474131584 9.600356102 9.696630478 9.825241089 9.960542679
10.9781723 10.94912148 10.85951614 10.73356819 10.42940426 10.17174244 10.14136314 10.10955811 -9999.0 10.33696955 10.41111469 10.52734661 10.42301273 10.24330521 10.12926006 10.23770428 10.40044403 10.5193634 10.60191917 10.64997101 10.70306301 10.72552013 10.70207119 10.67448807 10.72656059 10.8006525 10.8571167 10.90416145 10.92969608 10.91950607 10.90486431 10.90620804 10.9087534 10.94086456 10.99828815 11.06035709 11.1201973 11.14735413 11.12030125 11.03685284 10.92722797 10.79476929 -9999.0 -9999.0 -9999.0 -9999.0 -9999.0 -9999.0 -9999.0 -9999.0 -9999.0 9.601947784 9.686936378 9.762576103 9.803982735 9.933508873 10.09594822
11.06403446 11.07072544 10.96930027 10.93154716 10.90053272 10.77901936 10.43191129 10.37689361 -9999.0 -9999.0 -9999.0 -9999.0 -9999.0 10.09677505 10.00604916 10.18507576 10.37131977 10.55114841 10.70273018 10.81057453 10.85321426 10.87399292 10.84298706 10.77481079 10.74369049 10.75274944 10.79144287 10.84835434 10.90259838 10.95385838 11.00644493 11.06273937 11.12821388 11.17442036 11.18640232 11.16638565 11.1244688 10.98199844 10.93894994 10.93190384 10.9613409 10.92630386 10.76284313 -9999.0 -9999.0 -9999.0 -9999.0 -9999.0 -9999.0 -9999.0 9.707788467 9.589989662 9.758416176 9.846590042 9.902747154 10.04497051 10.19591045
11.04322529 10.9767952 11.07286167 11.18579006 11.13014507 10.93422699 10.64848293 10.55183235 -9999.0 -9999.0 -9999.0 -9999.0 10.2662062 10.07846928 10.12076855 10.32835007 10.5533514 10.72692299 10.87426853 10.96018791 11.00923157 11.03394032 10.99539375 10.92435074 10.87646866 10.87376976 10.89198685 10.92073727 10.9807291 11.08216381 11.18092823 11.25747585 11.28904533 11.23624706 11.17926693 11.12297535 -9999.0 -9999.0 10.76234657 10.91285515 11.01325989 11.01816368 10.98294735 10.73802757 -9999.0 -9999.0 -9999.0 -9999.0 -9999.0 -9999.0 9.815224648 9.72913456 9.817777634 9.871086121 9.950945854 10.0986166 10.2597971
11.21012974 11.03672409 11.12020397 11.19067097 11.11032295 10.98827648 10.75401279 10.65083694 10.71273169 -9999.0 10.6272454 10.49887374 10.25848866 10.36503887 10.45208073 10.58075714 10.75010586 10.88972855 10.99301434 11.05398369 11.12043762 11.15596676 11.12199688 11.06814671 11.0530529 11.05420113 11.06916142 11.07914734 11.16810036 11.32765007 11.43421745 11.43082142 11.35855961 11.23265457 11.14597893 -9999.0 -9999.0 -9999.0 10.71896076 10.86056137 11.00082397 11.0351696 10.9251852 10.79627419 -9999.0 -9999.0 10.22290045 10.09279442 10.00056648 9.92210865 9.797091484 9.859960556 9.897420883 9.95261097 10.09077072 10.28697681 10.42498112
11.42672443 11.2489748 11.21907043 10.95828152 11.06628418 11.14522839 11.08299541 11.04255798 10.97848192 10.93970031 -9999.0 10.74828649 10.6524851 10.57944298 10.53219128 10.69127178 10.91407967 11.06190205 11.12787437 11.16256332 11.19470215 11.22719383 11.21804905 11.19881248 11.19144344 11.18214512 11.1624527 11.17847443 11.30003166 11.49145222 11.61542702 11.53874397 11.37015533 11.26981926 11.28526592 -9999.0 -9999.0 10.80019045 10.67843342 10.8231287 10.92182922 10.94458008 10.72222865 10.37179852 10.46509784 -9999.0 10.12390137 10.14579201 10.1539526 10.1427002 10.13395786 10.12863922 10.1532526 10.20501709 10.32361031 10.48187447 10.63017654
11.45902348 11.106287 11.27980614 11.21661854 11.25063133 11.25296211 11.26816177 11.33660603 11.29241103 -9999.0 11.17873603 11.10004759 -9999.0 -9999.0 10.6856184 10.62917042 10.96174812 11.19441128 11.33181763 11.3384285 11.30761242 11.28068542 11.28187275 11.27668953 11.28710938 11.30393505 11.32816792 11.37741566 11.44379234 11.5842638 11.71998692 11.6855154 11.50336838 11.41052818 11.41589546 11.2434721 -9999.0 10.71845937 10.78038889 10.82640553 10.84843731 10.83596516 10.66371059 10.47352219 10.42655373 10.41952991 10.39605141 10.39371681 10.41430092 10.4407053 10.45719814 10.46025467 10.49404907 10.56470394 10.66982174 10.80848789 10.90450287
11.52799225 11.60344265 -9999.0 -9999.0 -9999.0 -9999.0 11.27000141 11.34485722 11.49566555 11.57801533 11.56451988 11.47261602 -9999.0 -9999.0 -9999.0 10.749156 10.95944405 11.22801781 11.41717148 11.4083147 11.35667324 11.40762329 11.48638344 11.51724052 11.52271461 11.54349709 11.59505844 11.64622116 11.70129299 11.79813671 11.89132214 11.83810902 11.67394733 11.58655262 11.56108952 11.52098942 11.31369591 10.79535866 10.93952751 10.96321487 10.88057804 10.78162861 10.65365791 10.59551525 10.63722706 10.69739819 10.68604183 10.67840862 10.69474125 10.71237373 10.76498699 10.76830959 10.73816967 10.73111725 10.8381815 10.98039246 11.07842827
11.54895878 11.76586075 -9999.0 -9999.0 -9999.0 11.58132127 11.51496887 11.57633781 11.72488594 11.8156395 11.90095234 11.87131882 11.62297469 -9999.0 -9999.0 -9999.0 11.06611603 11.06634998 11.14424896 11.19563293 11.24556446 11.37634087 11.52495956 11.61062241 11.66289711 11.7430172 11.77129841 11.80628109 11.86503983 11.92573547 11.93781376 11.85903263 11.79890633 11.8124342 11.87784004 11.9309721 11.59752136 11.27689314 11.00391388 11.05284023 11.03175449 11.06027317 10.9780035 10.94474107 10.9147625 11.0336628 11.03406048 10.92504883 10.87165833 10.89374733 10.95501328 -9999.0 -9999.0 -9999.0 -9999.0 10.91529846 10.91137409
-9999.0 -9999.0 -9999.0 -9999.0 -9999.0 11.72150803 11.8763752 11.93428993 11.88933372 11.94689941 12.0941782 12.13673782 11.84619588 -9999.0 -9999.0 -9999.0 11.36049634 11.28325748 10.9899025 11.08362961 11.20844746 11.35584641 11.48006725 11.59541893 11.73394108 11.84517384 11.90239906 11.96197224 12.01753712 12.00163174 11.91672707 11.82524014 11.73901367 11.82729816 12.0476532 12.06056023 11.99818695 11.85239524 -9999.0 11.65405548 11.57984161 11.51252151 -9999.0 -9999.0 -9999.0 11.2618196 11.18109989 11.23117256 -9999.0 -9999.0 -9999.0 -9999.0 -9999.0 -9999.0 -9999.0 -9999.0 -9999.0
12.13188398 -9999.0 -9999.0 -9999.0 -9999.0 11.89785576 11.80717087 11.91978073 11.95774841 11.97919464 12.14012241 12.15030384 12.06644857 -9999.0 -9999.0 -9999.0 -9999.0 -9999.0 11.48920727 11.53977489 11.46470451 11.51764393 11.67417812 11.84274483 11.99833965 12.09226227 12.1464777 12.21479702 12.22600555 12.12908745 11.99743557 11.99064922 12.04515839 -9999.0 12.28370541 12.32050407 -9999.0 -9999.0 -9999.0 -9999.0 -9999.0 -9999.0 -9999.0 -9999.0 -9999.0 -9999.0 -9999.0 -9999.0 -9999.0 -9999.0 -9999.0 -9999.0 -9999.0 -9999.0 -9999.0 -9999.0 -9999.0
12.31113103 -9999.0 -9999.0 -9999.0 -9999.0 12.11999702 11.99884033 12.07445812 12.24035358 12.35011101 12.33186615 -9999.0 -9999.0 -9999.0 -9999.0 -9999.0 -9999.0 -9999.0 11.71949935 11.86284214 11.79635048 11.73631763 11.98739243 12.27747345 12.41599274 12.38330173 12.40681076 12.4255724 12.55943871 12.51209831 12.58098221 -9999.0 -9999.0 -9999.0 -9999.0 -9999.0 -9999.0 -9999.0 -9999.0 -9999.0 -9999.0 -9999.0 -9999.0 -9999.0 -9999.0 -9999.0 -9999.0 -9999.0 -9999.0 -9999.0 -9999.0 -9999.0 -9999.0 -9999.0 -9999.0 -9999.0 -9999.0
