Environmental Parameters/RCP 85/2050/Sea-surface_salinity.asc
ncols 720
nrows 360
xllcorner -180.00
yllcorner -90.00
cellsize 0.5
NODATA_value -9999
[rows 250 to 274 of 360, columns 224 to 279 of 720]
-9999.0 -9999.0 -9999.0 -9999.0 -9999.0 -9999.0 -9999.0 -9999.0 -9999.0 -9999.0 -9999.0 -9999.0 -9999.0 -9999.0 -9999.0 -9999.0 -9999.0 -9999.0 -9999.0 -9999.0 -9999.0 7.216207169 10.3269434 17.36153221 22.60578346 26.89770317 29.39587021 30.91679382 31.78081894 32.36096954 33.40084076 35.4202919 36.17404938 36.22788239 36.21559143 36.20824051 36.17781067 36.10809708 36.04716492 35.99349594 35.9611969 35.95326996 35.96153641 35.96302414 35.95755386 35.94638062 35.9370575 35.91775894 35.89929199 35.88683319 35.87712097 35.86122894 35.84656525 35.82410431 35.80947495 35.79673386
-9999.0 -9999.0 -9999.0 -9999.0 -9999.0 -9999.0 -9999.0 -9999.0 -9999.0 -9999.0 -9999.0 -9999.0 -9999.0 -9999.0 -9999.0 -9999.0 -9999.0 -9999.0 -9999.0 -9999.0 -9999.0 12.91090393 14.89261436 21.99929047 26.70305634 29.337883 30.36557007 31.37760925 32.17884827 32.79675293 34.56109238 35.97356033 36.14705276 36.14193344 36.10910797 36.08831787 36.03569031 35.97829056 35.9324913 35.90610123 35.90011215 35.91091919 35.92020798 35.92342377 35.92337799 35.90657425 35.8940773 35.87051773 35.84781265 35.83291245 35.83069611 35.82830429 35.81584167 35.79411316 35.77877045 35.76314926
-9999.0 -9999.0 -9999.0 -9999.0 -9999.0 -9999.0 -9999.0 -9999.0 -9999.0 -9999.0 -9999.0 -9999.0 -9999.0 -9999.0 -9999.0 -9999.0 -9999.0 -9999.0 -9999.0 -9999.0 -9999.0 17.17313766 16.06175232 21.36314392 26.53886604 29.0436058 30.79207039 32.19107437 32.97720337 33.84734726 35.47212601 36.02416992 36.04715729 36.03107071 35.98470688 35.91808319 35.86934662 35.83639145 35.82186508 35.82079315 35.82841873 35.84240341 35.86027145 35.8748703 35.87210846 35.85329056 35.83555603 35.8145256 35.79211044 35.77336884 35.76394272 35.76081467 35.75548172 35.74194717 35.73274612 35.72325134
-9999.0 -9999.0 -9999.0 -9999.0 -9999.0 -9999.0 -9999.0 -9999.0 -9999.0 -9999.0 -9999.0 -9999.0 -9999.0 -9999.0 -9999.0 -9999.0 -9999.0 -9999.0 -9999.0 -9999.0 -9999.0 -9999.0 22.34966087 22.80601501 26.95683861 29.71445847 31.89817238 32.99945068 33.78211212 34.78683853 35.69557571 35.93206024 35.94099045 35.91445541 35.83507538 35.76229095 35.73828125 35.73595428 35.75044632 35.76329041 35.77941132 35.79192352 35.80276871 35.80892944 35.81364441 35.80425262 35.78239441 35.76082611 35.74550629 35.73582077 35.72263718 35.70922852 35.69581985 35.6894989 35.68532562 35.67816925
-9999.0 -9999.0 -9999.0 -9999.0 -9999.0 -9999.0 -9999.0 -9999.0 -9999.0 -9999.0 -9999.0 -9999.0 -9999.0 -9999.0 -9999.0 -9999.0 -9999.0 -9999.0 -9999.0 -9999.0 -9999.0 26.23118401 27.10527039 26.75227928 29.50849342 32.07209396 33.38438797 33.80971527 34.48147202 35.15950775 35.65392303 35.81234741 35.84271622 35.790802 35.69382477 35.62923813 35.62077713 35.63594818 35.66518402 35.69446182 35.72489929 35.7374115 35.745327 35.75566864 35.76780701 35.75440979 35.73143387 35.71029282 35.69451904 35.68424988 35.67868042 35.66137314 35.643116 35.63381958 35.62705231 35.62343979
-9999.0 -9999.0 -9999.0 -9999.0 -9999.0 -9999.0 -9999.0 -9999.0 -9999.0 -9999.0 -9999.0 -9999.0 -9999.0 -9999.0 -9999.0 -9999.0 -9999.0 -9999.0 -9999.0 -9999.0 29.20166428 31.43418694 30.37006569 31.11614227 32.55168915 33.69493866 33.91083145 34.19260788 34.71938705 35.24361038 35.60266495 35.73387527 35.73782349 35.67167664 35.58350754 35.54597092 35.56032181 35.58406448 35.609375 35.63319016 35.66624451 35.69267273 35.70240402 35.70810318 35.7179451 35.70948792 35.68623734 35.65744781 35.6358223 35.62076569 35.61179352 35.6014061 35.59030914 35.58575821 35.57655334 35.57144165
-9999.0 -9999.0 -9999.0 -9999.0 -9999.0 -9999.0 -9999.0 -9999.0 -9999.0 -9999.0 -9999.0 -9999.0 -9999.0 -9999.0 -9999.0 -9999.0 -9999.0 -9999.0 -9999.0 31.81645584 33.11294556 32.67672729 32.87651825 33.39714813 33.69487381 33.92296982 34.04206848 34.29735947 34.80195999 35.28959274 35.58382797 35.69826126 35.67528915 35.6082077 35.53339005 35.48667908 35.49482727 35.52081299 35.55104446 35.57395935 35.60611343 35.62931061 35.64785385 35.65653992 35.65714645 35.65304565 35.62963486 35.59461594 35.57147217 35.55033493 35.52917862 35.51861191 35.52045822 35.51915359 35.52458954 35.52907944
-9999.0 -9999.0 -9999.0 -9999.0 -9999.0 -9999.0 -9999.0 -9999.0 -9999.0 -9999.0 -9999.0 31.85933137 31.38690567 31.22583389 31.58724334 32.10011948 32.88877869 34.24565125 34.11881256 33.86396027 33.59629822 33.60725784 33.76034927 33.83737564 33.85375214 33.99392319 34.07339859 34.30252075 34.80449295 35.27511597 35.55680847 35.63490295 35.61333847 35.54759216 35.45989609 35.40457916 35.40635681 35.44809341 35.48692703 35.50544739 35.52176285 35.53804779 35.55906677 35.57053375 35.56493759 35.54957199 35.52651596 35.50048065 35.48353577 35.45045471 35.41806793 35.41558075 35.42422485 35.43449783 35.45060349 35.47459793
-9999.0 -9999.0 -9999.0 -9999.0 -9999.0 -9999.0 -9999.0 -9999.0 -9999.0 -9999.0 -9999.0 34.26636142 34.37463379 34.51681137 34.54084396 34.48691177 34.3837738 34.2801857 34.18936539 34.0786438 34.01296234 33.95875168 33.92212296 33.88962936 33.90399933 34.05473709 34.09662247 34.21618652 34.70553207 35.18782425 35.4836998 35.56454468 35.52431488 35.43271255 35.33108521 35.29224014 35.31842804 35.36001205 35.39809418 35.41732407 35.43422699 35.43824768 35.43535233 35.4321785 35.40648651 35.38150024 35.36602402 35.36359787 35.35293961 35.32423782 35.30134964 35.31698227 35.33242035 35.34407425 35.36042404 35.38514328
-9999.0 -9999.0 -9999.0 -9999.0 -9999.0 -9999.0 -9999.0 -9999.0 -9999.0 -9999.0 -9999.0 33.66629791 34.20413971 34.57257843 34.60795975 34.4835701 34.38214874 34.29519272 34.17443085 34.10321045 34.05217361 33.99796295 33.939888 33.88639069 33.96578598 34.14213943 34.13629913 34.17098999 34.59430695 35.05648422 35.34335709 35.43796539 35.39305115 35.27364349 35.21260834 35.21300507 35.24754715 35.2949295 35.3273201 35.33491898 35.33548737 35.32568359 35.29058456 35.24824905 35.20816422 35.17411423 35.17435455 35.18725967 35.19585037 35.19771576 35.20964813 35.2343483 35.23984146 35.25037384 35.25709534 35.27254486
-9999.0 -9999.0 -9999.0 -9999.0 -9999.0 -9999.0 -9999.0 -9999.0 -9999.0 -9999.0 -9999.0 32.79137802 34.21761703 34.61446381 34.62792206 34.52331543 34.39420319 34.22987747 34.1044693 34.03645706 33.98708725 33.96081543 33.92138672 33.93675995 34.02788925 34.14348602 34.18359756 34.19133377 34.52705765 34.97318268 35.21285629 35.28530884 35.25898361 35.20824051 35.18876266 35.1871109 35.20742416 35.246521 35.27093124 35.25512695 35.23572922 35.20239258 35.13588333 35.06345367 34.98500824 34.95212936 34.95811462 34.9925499 35.04502106 35.09347916 35.13578033 35.16058731 35.16564178 35.13739014 35.11774826 35.11784744
-9999.0 -9999.0 -9999.0 -9999.0 -9999.0 35.10489585 35.42803192 35.42026901 -9999.0 -9999.0 34.15012741 33.51960754 34.44553757 34.68449402 34.66083145 34.53151321 34.31925583 34.14704132 34.06174469 34.00174713 33.96221924 33.96327972 33.95641708 33.99474716 34.06991577 34.17592621 34.26906967 34.31955719 34.60046387 34.99437332 35.20685959 35.22780228 35.2093811 35.19279099 35.18435669 35.17893982 35.19688416 35.21077347 35.21539688 35.20017242 35.15840912 35.08239746 34.97783279 34.8687973 34.77819443 34.73682404 34.75328445 34.81320572 34.8958931 34.98201752 35.03627014 35.06745529 35.0587883 35.01255798 34.95832062 34.92901611
-9999.0 -9999.0 -9999.0 -9999.0 -9999.0 35.26802465 35.77193832 35.75238037 35.6281395 35.33910751 35.01317215 34.77046967 34.8148613 34.78016281 34.68033981 34.50053024 34.27788162 34.12957382 34.06557846 34.02171707 33.97339249 33.95594025 33.97355652 34.01171875 34.09690857 34.28455353 34.41274261 34.50324249 34.73608017 35.04430389 35.18712997 35.19074249 35.15684891 35.12049103 35.13139725 35.13528061 35.14041901 35.15637207 35.1718483 35.15337753 35.08770752 34.98060989 34.84452438 34.70893478 34.63441849 34.60490799 34.62526321 34.69367599 34.77632523 34.85840225 34.91853714 34.94910812 34.92881775 34.8473053 34.78181458 34.75956726
-9999.0 -9999.0 -9999.0 -9999.0 -9999.0 35.14335197 35.70251083 35.6555748 35.51222992 35.34051895 35.18397903 35.03602219 34.92575836 34.79818726 34.63728714 34.45567703 34.28317642 34.15850067 34.08927155 34.03702545 33.98152161 33.95634842 33.98497009 34.00205231 34.08571243 34.31695557 34.50261688 34.67554474 34.91247559 35.08383942 35.11322784 35.06620789 35.00772858 34.97844696 35.01869583 35.05216599 35.07066345 35.09732819 35.11188126 35.07649231 34.97917938 34.85159683 34.69688034 34.5861702 34.51502609 34.47981644 34.50579453 34.5773468 34.66184235 34.73614502 34.78155518 34.79386902 34.75263596 34.68039322 34.6160965 34.58930588
-9999.0 -9999.0 -9999.0 -9999.0 -9999.0 35.10182184 35.61112595 35.52722549 35.16014862 35.03103638 34.98486328 34.90950012 34.80163574 34.63732147 34.46873856 34.32095718 34.18074036 34.10623932 34.05047607 34.00764084 33.98983383 33.98387909 34.00340271 34.01327133 34.06605148 34.24973679 34.4874382 34.7753334 35.00072861 35.08115387 35.03112793 34.90271378 34.82469177 34.82088852 34.87252426 34.93931198 35.00463486 35.03640366 35.0351181 34.98034668 34.84872055 34.70747757 34.58489609 34.49381638 34.42191696 34.38319397 34.39897919 34.45830536 34.53213501 34.59623718 34.62818146 34.63171387 34.59752274 34.53254318 34.45783234 34.44033432
-9999.0 -9999.0 -9999.0 -9999.0 -9999.0 35.0632515 35.10231018 35.1228714 34.94382477 34.90652466 34.84770966 34.74901962 34.61809921 34.47327423 34.33584976 34.22114944 34.11187363 34.04468536 34.00787354 34.0004921 34.01187515 34.01102448 34.0045166 34.02696228 34.09697723 34.23182297 34.4392662 34.67777634 34.84295654 34.89410019 34.84902191 34.74192429 34.67218018 34.7050972 34.77283859 34.83709717 34.90330505 34.93192291 34.91388702 34.84571457 34.7279129 34.5929184 34.48572922 34.40690231 34.36273575 34.34785843 34.35437775 34.39096832 34.44248199 34.48429108 34.5166893 34.51383972 34.48035431 34.41869354 34.34405899 34.33071518
-9999.0 -9999.0 -9999.0 -9999.0 -9999.0 35.01110805 34.92061615 34.90419006 34.86062622 34.807621 34.73191833 34.62301636 34.49714279 34.37065887 34.25693893 34.16169357 34.06803894 34.01130676 33.9994545 34.0137558 34.01800919 34.02762985 34.03718567 34.06641006 34.13565826 34.2387085 34.40335846 34.57100677 34.68869781 34.71780014 34.66118622 34.59869766 34.57204437 34.63323975 34.71116638 34.75869751 34.79157639 34.80422592 34.77496338 34.70600128 34.60913086 34.51319122 34.41761398 34.36863327 34.35723877 34.35277939 34.35591125 34.37592697 34.4061203 34.43148422 34.4457283 34.43890762 34.38342285 34.32730103 34.29149628 34.28548813
-9999.0 -9999.0 -9999.0 -9999.0 -9999.0 34.8559227 34.85689926 34.83321762 34.78608322 34.71662903 34.62736511 34.51381683 34.3836441 34.2594223 34.16681671 34.09454346 34.0252037 33.99835205 34.00915909 34.01898193 34.02426529 34.04966736 34.07939911 34.12117767 34.18507385 34.26633072 34.37198257 34.4812851 34.55898666 34.57592773 34.53637695 34.50943756 34.52639389 34.58167267 34.64955139 34.7003479 34.70612335 34.69575119 34.65938187 34.60183716 34.53373718 34.45884323 34.40971375 34.38345718 34.37519073 34.37261581 34.37299347 34.38331604 34.39992142 34.41222 34.42055893 34.40694427 34.37126541 34.3187561 34.29359436 34.29336548
-9999.0 -9999.0 -9999.0 -9999.0 -9999.0 34.80430222 34.78894424 34.7508812 34.67728806 34.5921669 34.49270248 34.38653946 34.27586746 34.1764679 34.10424423 34.0512619 34.00726318 33.99716949 34.01120758 34.01628876 34.02416992 34.05493164 34.10107422 34.15116119 34.20465088 34.26213455 34.33076859 34.41279984 34.48649597 34.52404404 34.51774597 34.51369095 34.52473831 34.55784225 34.61213303 34.65084457 34.66753387 34.65364838 34.62033844 34.56880951 34.5083847 34.4480629 34.40798187 34.39156342 34.38533401 34.3799057 34.37756348 34.39197922 34.40682983 34.41889954 34.41564941 34.39294815 34.36205673 34.34244919 34.32356644 34.32427216
-9999.0 -9999.0 -9999.0 34.72568372 34.76498413 34.75063705 34.70862579 34.64348602 34.54968643 34.46574783 34.37853622 34.29094315 34.20713425 34.13341141 34.07843018 34.03440857 34.00077438 33.99466705 34.0061264 34.01159286 34.02390289 34.05838013 34.1047287 34.15780258 34.21199036 34.25595474 34.30950165 34.37856674 34.45816803 34.51413727 34.53210449 34.52842712 34.51740646 34.53092575 34.56975555 34.60840988 34.62071991 34.61115265 34.5795784 34.53284836 34.4731636 34.4223175 34.39400864 34.38019562 34.37484741 34.37861252 34.38886642 34.40187073 34.41253281 34.41510773 34.4055748 34.38449478 34.36494446 34.35265732 34.34953308 34.35855865
-9999.0 34.42088751 34.73475647 34.74645233 34.73696899 34.68387985 34.60948181 34.54848099 34.49112701 34.41748428 34.32814789 34.24111938 34.16758728 34.1103363 34.06710052 34.02867889 33.99971008 33.99149704 33.99996567 34.00667191 34.02555847 34.06456375 34.10980225 34.15243912 34.19463348 34.24069977 34.30371857 34.37729263 34.4553299 34.5080452 34.53188324 34.52865982 34.51538086 34.50868988 34.52556992 34.54645157 34.56236649 34.56083298 34.53855515 34.50284195 34.4533844 34.41237259 34.38677597 34.38380051 34.38348389 34.38655472 34.39870071 34.41213989 34.41670609 34.41599655 34.40799332 34.39261627 34.38538742 34.38024521 34.37596512 34.37919998
34.48240387 34.74892044 34.74354553 34.74267197 34.70068359 34.60676193 34.52163696 34.46869278 34.42274475 34.3547821 34.27928925 34.20433426 34.13914108 34.09308624 34.06043625 34.0256691 33.99809265 33.99032593 33.99742889 34.00336075 34.02048111 34.05841827 34.10188675 34.13559341 34.16610336 34.20698166 34.27638245 34.37277222 34.45819855 34.50728226 34.52885056 34.52286911 34.50799179 34.50026321 34.49972153 34.50834656 34.52087784 34.52247238 34.50781631 34.4851265 34.4476738 34.41445923 34.39341736 34.38828278 34.38688278 34.38572693 34.3940239 34.40633392 34.41226959 34.40643692 34.39852905 34.38945007 34.38710403 34.38849258 34.3913002 34.39141464
34.74243546 34.73786545 34.72669601 34.72136688 34.65654373 34.54964828 34.45943451 34.38436508 34.32335281 34.2650528 34.21211243 34.15406036 34.10155869 34.06847763 34.0475235 34.02003479 33.99563217 33.98801041 33.99539185 34.0015831 34.01384354 34.04135895 34.07846832 34.11347961 34.14531708 34.18814087 34.25741196 34.34378815 34.43165588 34.49946594 34.528862 34.52825165 34.51224899 34.49201202 34.48073578 34.47758484 34.48091507 34.48468399 34.47990799 34.46792984 34.45163727 34.43774033 34.42499924 34.4112587 34.39897156 34.38452911 34.37948608 34.38995743 34.40285873 34.40302277 34.39433289 34.3862648 34.38335419 34.38491821 34.38108063 34.37862015
-9999.0 34.70546722 34.68304062 34.647789 34.58390045 34.48798752 34.38792801 34.29794312 34.2293129 34.17619324 34.13315201 34.09331512 34.06285477 34.04518127 34.03025436 34.00807571 33.99185181 33.98451614 33.991436 33.99721909 34.00939941 34.03063965 34.05965805 34.09273911 34.13325119 34.18000412 34.23559952 34.2954483 34.37615967 34.45044708 34.49769592 34.51566696 34.50843048 34.48860931 34.46878815 34.45915985 34.4504509 34.45174026 34.45645523 34.4593544 34.45594788 34.45028305 34.44487381 34.42690659 34.40433502 34.38750839 34.37824249 34.38432693 34.39237213 34.38792801 34.37823486 34.36810684 34.36354065 34.36658859 34.36476898 34.35952759
-9999.0 -9999.0 34.57042631 34.53314209 34.47065353 34.43977356 34.345047 34.24165344 34.1633873 34.11423111 34.08192062 34.05772781 34.04024506 34.03102493 34.01593018 34.00055695 33.98981476 33.98174286 33.98846817 33.99248886 33.9972496 34.00861359 34.02646637 34.05581665 34.09582901 34.14198303 34.19007111 34.23220825 34.29131699 34.35797119 34.41461945 34.45256042 34.46049118 34.45466232 34.45415497 34.44846725 34.43638992 34.4290123 34.42947769 34.43326569 34.43847656 34.43517303 34.42853546 34.41781616 34.4009819 34.38495636 34.37587357 34.37097549 34.3682518 34.35988235 34.34473801 34.33186722 34.3277359 34.33520126 34.33773041 34.33697891
