Environmental Parameters/RCP 85/2050/Sea-bottom_dissolved_oxygen.asc
ncols 720
nrows 360
xllcorner -180.00
yllcorner -90.00
cellsize 0.5
NODATA_value -9999
[rows 0 to 24 of 360, columns 168 to 223 of 720]
302.4549866 302.4526978 302.4504089 302.4481201 302.4458313 302.4436035 302.4413452 302.4390869 302.4367981 302.4269714 302.4159241 302.4136963 302.411377 302.7423706 302.7424927 302.7385559 302.7365417 302.7344666 302.7305298 302.7283325 302.7244263 302.742157 302.7396545 302.7372131 302.7346191 302.7319031 302.7291565 302.7262878 302.7233582 302.7043457 302.7012024 302.6980286 302.6946716 302.6912231 302.6876526 302.6840515 302.6802979 302.6764526 302.6725159 302.6684265 302.6643066 302.6600037 302.6556091 302.6511536 302.6465454 302.6418457 302.6370239 302.6321106 302.6270752 302.6219482 302.600769 302.57901 302.567749 302.5622253 302.5565796 302.5507813
291.3157043 291.8531799 291.9763794 291.9534302 290.6575012 291.2232971 292.5382996 291.7850037 291.021759 291.0114746 290.9473267 289.494873 289.4739685 289.991394 289.504303 289.4765625 289.4780273 288.5450439 288.4910278 288.5518494 295.806427 296.3937683 298.6377258 301.264679 298.6216125 299.5440979 299.3048706 302.6656799 302.7089844 302.892334 302.9672852 302.7032166 302.6399536 302.6137085 303.4570312 303.4497986 303.4425659 303.4501648 303.4343262 303.4291077 303.3916321 303.3864441 303.3870239 303.3731384 303.3056641 303.3298035 303.326416 303.3241577 303.3214417 303.3155212 303.3075256 303.3006897 303.2949524 303.2618103 303.2597656 303.2563477
297.3005981 297.2392578 295.0959473 295.4134827 293.4716492 300.5007324 300.5269165 300.5184326 300.5063477 300.275177 300.5074768 300.0136108 299.9746399 300.2174377 300.5439758 300.4793396 300.4842529 300.5661011 300.8095398 300.8172302 300.85495 300.7786865 300.5587158 300.1400452 300.1283264 300.0927734 300.0216675 302.6366882 302.5349121 302.7142639 302.5210266 302.6100769 304.786377 304.7814941 304.8397217 302.5763855 302.5845337 302.6097412 302.6087646 302.6459351 302.6739197 301.105072 301.1837463 301.0600586 299.5891418 296.5940857 296.6584167 297.0092468 297.0102844 297.2780762 297.0787659 299.581665 299.8863831 299.8668823 300.0327148 301.6783752
286.4855957 288.7330322 288.7698975 288.61026 289.2015991 289.8009949 289.8265991 289.8354797 289.829834 291.4675293 291.4589539 290.047821 292.0585937 292.8453979 292.5458374 291.4556274 291.569458 292.1135254 284.8643188 284.8706055 285.8421326 284.552124 286.1697998 286.1771545 288.1339722 287.8176575 287.8073425 290.0352173 290.0834045 292.4223938 292.7198792 292.8112793 295.4092102 295.4403381 295.3406982 295.4322815 295.2401428 295.6094971 295.9050903 295.9553528 295.9612427 295.9620667 295.9606628 295.968689 295.9317322 295.9261169 295.9464417 302.7095032 302.7830811 302.0298462 301.940979 303.6234741 303.596283 303.5971069 303.5869141 303.5426025
287.7848816 294.1034851 296.4598083 296.4618835 296.5058289 296.5205994 296.5284729 296.5729675 299.2320251 299.2131042 299.0304565 299.028595 298.9689941 301.3418274 301.4413757 301.4701233 301.5446777 303.8442383 303.8417969 305.9788818 305.9501648 305.9330444 303.6146851 303.6239624 301.2846069 298.5942993 298.6546021 293.7511292 291.5908508 284.131012 283.6572876 283.6647949 283.6596375 285.7080383 285.7280273 285.4231873 285.740509 292.6525574 292.6835632 292.7089539 293.6108398 293.0490417 294.5348816 296.8863831 299.4808655 302.3971252 302.4324646 304.7003174 304.921051 306.7802734 306.8488464 308.3537903 309.3857117 309.4345093 309.4861145 309.473938
286.3481445 286.3308716 286.3321533 286.750885 286.6690979 286.0413513 285.6682739 285.6485291 287.9077148 287.8968811 287.9986267 288.0058289 288.059967 288.0238647 285.6303101 285.6199646 285.6343384 285.6879578 285.6619873 285.6211548 285.6765747 285.6305542 285.7077942 285.7117615 285.7005005 285.6837158 285.6906738 285.688324 285.2684937 284.1928711 284.1519775 284.2276917 283.7171326 284.4406128 285.7824402 285.8009033 285.8079529 284.8755493 286.1700745 286.1999512 287.2348633 287.2345276 287.9483948 286.4523621 286.5417786 288.0709534 288.552002 287.1676025 289.5780945 287.8954773 290.7095032 290.6893005 289.6139221 290.3050842 290.2953186 290.3070679
290.4420776 290.3919678 288.0619812 285.8088379 285.7816772 285.7449036 286.0374451 285.3117981 284.6580811 286.3764648 286.0028687 285.8919067 285.9667358 289.815033 291.1254272 291.775116 291.7748413 284.482666 292.4243774 292.4354858 292.4549255 293.0935974 293.1108093 293.1522522 293.7924194 294.3987122 295.0024414 295.0205994 295.0348206 295.0250244 295.0137024 283.7545166 283.7515869 284.4726563 296.2746582 296.2938538 296.2944946 286.5547485 286.5637512 286.5419006 284.8963623 287.0914917 287.9859924 287.9946289 287.5939636 287.6225891 287.3538513 288.4617615 289.4755859 290.1830139 289.7499695 289.7514343 289.7988892 291.0335083 291.0980225 291.7658081
287.991272 288.0010681 288.0282288 286.9969177 286.3135681 286.9298096 286.9056396 286.2249756 286.2068787 283.6550903 283.6359863 285.2932434 285.247467 284.4862671 284.4862671 284.4860535 283.7184753 282.3694763 283.4364319 283.4280396 283.4507751 283.0432739 282.9926758 283.4317627 283.4382019 283.4364624 283.5307617 284.0836792 284.0768127 284.0407715 284.0648499 285.89328 285.9026794 285.8757324 285.8680115 285.9085083 285.8629761 285.9120789 285.910553 288.8387146 288.6835938 288.7105408 288.6385498 288.6123047 288.6361084 288.5752258 288.578125 288.5591431 288.5205383 288.4370117 291.1358337 291.2106628 299.2679749 299.2457886 296.2438049 296.2757568
302.1855774 302.2217407 302.3674927 302.3329468 302.379364 302.3175659 300.0741577 299.9533081 300.1178894 297.3052673 297.6006165 297.8691711 297.7135315 297.7188416 297.7225342 297.8615112 297.5519104 294.2723999 294.1631775 294.1582031 290.6058655 290.4403992 290.2254028 294.0957336 294.1143799 293.8331299 293.7724609 290.0735779 290.164856 290.2202759 290.1571655 290.1231995 290.1855774 290.0884705 290.0004272 289.9580688 289.9295349 289.8809509 289.8985901 292.6393433 292.6242065 292.5027466 295.181427 295.276123 295.0915527 297.1473083 297.2063599 299.8711548 299.8847961 302.6489563 306.3149719 307.4589539 306.3509521 306.5344238 306.4909058 307.4633484
308.3033752 307.0859375 307.0480042 305.1918335 305.1471252 305.0516663 305.0155334 304.9212952 304.9021912 301.3952637 301.2163391 299.104187 298.8983459 298.6462708 298.7169495 298.8061523 294.9378052 294.9172668 294.8843384 294.837616 294.9009094 294.9032593 294.7785645 294.5887451 294.3729248 294.4267883 298.1656799 298.156311 300.6777954 299.5621033 298.8161011 298.5811462 298.4206848 298.3564453 298.3088684 298.22229 298.256958 300.6741028 303.1620483 305.4706116 304.0699463 305.4521179 305.4168091 305.3988953 305.3269958 305.8001404 305.7840271 305.7510681 305.7622375 305.8096924 301.4576721 301.2830811 301.23526 301.2307129 300.6914673 300.3655396
302.5201721 302.6357422 302.4804688 302.1570129 302.2185669 302.335968 301.9286194 301.8984985 303.577179 301.5353394 301.2901306 300.9125977 300.8651733 300.6691589 300.0620728 299.865509 299.8782654 299.7697449 299.690155 298.8570557 294.6836243 294.6002197 294.5078735 294.1996155 298.1712952 297.7983704 300.2288513 298.4120789 298.2822876 303.8474121 305.770752 307.0330505 307.6687622 306.5813904 306.5317383 307.217041 302.3128357 300.8934631 300.906189 300.8526306 300.8027954 301.0584717 301.071167 301.1763 301.1696472 301.1377563 300.9995422 301.0078125 300.6657104 300.136261 300.149292 300.1204529 300.1138916 300.4377441 300.3869019 300.4033203
303.1899719 303.2518616 304.405426 304.4042969 304.449707 302.5539246 301.603363 301.4745483 301.524231 301.4204712 301.0990295 300.8094482 300.256958 301.9289551 301.7583923 301.6325073 301.3223572 300.4793396 300.2633972 300.0271606 299.3703613 298.9318237 298.84552 298.7404175 298.0805664 297.9731445 297.8811646 297.5705566 300.171814 300.113739 299.895874 299.6794128 301.0979004 300.9864807 300.8329163 300.5051575 300.3634949 299.9925537 298.1183167 299.8081055 298.5285645 298.4701233 298.296051 298.5492554 298.4722595 299.8682251 299.8932495 299.85495 298.5842896 299.9984131 300.051178 300.0769043 300.0241394 298.9670105 299.1899719 299.2159119
310.7859497 309.1087952 309.0776978 303.1838379 301.8757324 301.5032349 294.0187988 293.5647888 300.3853455 300.4145203 301.4793091 305.6282043 303.2306519 302.9732666 304.73526 302.3885498 302.3435669 299.6445923 299.535675 299.2897949 299.0256653 298.0134583 296.8468933 296.8704834 296.7305908 298.8995667 301.9067078 302.5818176 302.4256287 301.8426208 301.8313904 298.8852234 298.8219299 298.7703857 299.0341797 298.7405396 298.1988831 297.4023132 296.5031433 296.4550171 296.6254883 297.5844116 299.3710632 299.5625916 299.9046936 302.5870972 305.9393921 312.4709473 315.4601746 320.1469421 319.366333 318.7440186 311.3340149 306.2840881 305.9187317 308.9288635
305.0144958 305.072113 305.0389404 305.2792053 305.2404785 306.6453857 302.717041 302.5085144 302.4556885 302.4728699 303.8330078 303.2849426 303.0454712 305.269104 295.7076416 297.6517029 298.966156 298.8673706 299.3310242 298.7546997 298.047699 297.1269836 295.0842285 296.0329895 295.6868286 295.5004578 295.5089111 295.8065491 297.9413147 307.9423523 298.5234985 296.7235718 297.8294067 297.282135 295.5446472 310.9601746 314.598175 319.157959 323.4351501 332.6977539 325.0996094 313.3952026 312.0618286 315.7018738 325.1534119 321.6017456 322.0662842 325.4247742 328.2385254 329.1203613 332.1211243 301.0088196 299.4274902 294.8431091 297.5221863 301.3385925
299.7771301 299.7795715 300.0369263 299.393219 298.2354431 298.0236206 298.1810608 298.1721802 298.1660767 297.692627 297.2608643 296.3390503 295.5911255 295.4042664 295.5735779 295.4586792 295.6551819 296.1953735 298.113678 303.5774841 298.1225281 296.1670837 294.6601868 297.5664673 293.3912964 294.6913147 297.0805054 297.4879456 302.0811768 300.8210754 299.1001587 307.361145 306.6661682 307.0498352 311.1048279 317.2591248 319.3429871 325.4160156 330.8175964 333.5914307 332.912262 -9999.0 -9999.0 -9999.0 321.2248135 320.7994242 -9999.0 -9999.0 -9999.0 -9999.0 -9999.0 -9999.0 -9999.0 -9999.0 -9999.0 298.3022552
294.5887146 294.3187866 293.7905884 294.5907898 293.9762573 294.5257568 295.4760132 293.7750549 293.5351868 294.9022522 296.6384277 302.3952637 305.3039246 308.6385803 290.8560791 290.3757629 290.3183899 289.1686401 290.684906 292.8572998 354.2408447 325.2966919 308.2138367 295.1055298 289.4603577 290.895813 289.4693909 290.2327881 290.9487 294.2209845 297.624856 300.2346823 -9999.0 -9999.0 -9999.0 -9999.0 -9999.0 -9999.0 -9999.0 -9999.0 -9999.0 -9999.0 -9999.0 -9999.0 -9999.0 -9999.0 -9999.0 -9999.0 -9999.0 -9999.0 -9999.0 -9999.0 -9999.0 -9999.0 -9999.0 -9999.0
294.2149963 294.2136536 293.1498413 293.0214233 293.4642029 294.0592041 294.3320923 298.8694458 312.1547241 296.6443176 291.3998413 284.0018616 287.9352112 289.3261414 281.2142124 282.6750469 -9999.0 285.3975868 -9999.0 -9999.0 -9999.0 -9999.0 -9999.0 -9999.0 -9999.0 -9999.0 -9999.0 -9999.0 -9999.0 -9999.0 -9999.0 -9999.0 -9999.0 -9999.0 -9999.0 -9999.0 -9999.0 -9999.0 -9999.0 -9999.0 -9999.0 -9999.0 -9999.0 -9999.0 -9999.0 -9999.0 -9999.0 -9999.0 -9999.0 -9999.0 -9999.0 -9999.0 -9999.0 -9999.0 -9999.0 -9999.0
299.1620483 294.0909119 295.540802 290.382843 293.9228516 293.3580933 293.9661865 268.5270844 271.3425751 271.2994537 264.5075226 260.5307465 267.5292816 267.0394745 268.1657562 278.1860161 281.310936 281.1718979 286.3610477 299.214283 306.2656937 304.2852116 298.2066517 291.2196465 -9999.0 -9999.0 -9999.0 -9999.0 -9999.0 -9999.0 -9999.0 -9999.0 -9999.0 294.0036392 300.4940739 308.3108826 316.0773144 323.1100245 -9999.0 -9999.0 -9999.0 -9999.0 -9999.0 -9999.0 -9999.0 -9999.0 -9999.0 -9999.0 -9999.0 -9999.0 -9999.0 -9999.0 -9999.0 296.9777536 295.9610786 295.5187955
307.556488 305.651123 303.9828186 297.6700976 -9999.0 -9999.0 -9999.0 -9999.0 -9999.0 270.2824707 270.6924133 275.0508423 275.6420288 266.4403381 280.8757629 280.9188232 278.828186 276.568512 280.159668 288.0521545 293.8956299 290.7377014 287.7926941 283.5775757 278.2000732 274.7157593 276.436409 279.3173046 281.1150131 282.1621094 283.984499 285.9979992 287.8949127 289.5519056 297.880476 306.2336769 314.4358578 322.116065 328.2123737 -9999.0 -9999.0 -9999.0 -9999.0 -9999.0 -9999.0 -9999.0 -9999.0 -9999.0 -9999.0 -9999.0 -9999.0 -9999.0 -9999.0 294.717319 294.8638611 294.302002
305.841095 304.4642944 300.7037109 -9999.0 -9999.0 -9999.0 -9999.0 -9999.0 -9999.0 -9999.0 -9999.0 -9999.0 -9999.0 282.6817932 287.6549988 299.7962036 278.0206604 273.9564514 274.0437012 279.6032715 283.3931274 281.2774658 280.3440552 278.183197 275.2479248 268.5830994 270.89328 276.7470703 278.0934143 278.6216736 278.2541809 -9999.0 -9999.0 -9999.0 -9999.0 -9999.0 -9999.0 -9999.0 -9999.0 -9999.0 -9999.0 -9999.0 -9999.0 -9999.0 -9999.0 -9999.0 -9999.0 -9999.0 -9999.0 295.9466848 299.7805481 298.2372742 296.4802551 288.5136414 281.0153809 286.7733459
305.9190979 298.2032076 295.9462011 296.0262589 -9999.0 -9999.0 -9999.0 -9999.0 -9999.0 -9999.0 -9999.0 -9999.0 -9999.0 -9999.0 -9999.0 -9999.0 -9999.0 269.5161762 269.2258797 275.347168 279.5781403 278.7517757 276.564476 -9999.0 -9999.0 -9999.0 -9999.0 271.7163486 275.2673702 274.2360897 273.7213192 274.2855988 276.0975361 -9999.0 -9999.0 -9999.0 -9999.0 -9999.0 -9999.0 -9999.0 -9999.0 -9999.0 318.1129484 307.3401012 302.0277176 306.4767761 305.2953186 285.9213867 285.1889343 283.9263 281.6579895 286.342926 292.5131836 295.257782 300.079834 303.1127014
294.0134888 289.2747803 286.0817566 295.0670166 294.4839783 294.2058105 294.4223022 295.2620239 -9999.0 -9999.0 -9999.0 -9999.0 -9999.0 -9999.0 -9999.0 -9999.0 -9999.0 -9999.0 269.1202812 276.3535891 280.764802 278.2463465 274.4005671 270.2802334 267.0961361 -9999.0 -9999.0 -9999.0 266.7789459 -9999.0 -9999.0 -9999.0 -9999.0 -9999.0 -9999.0 -9999.0 303.0546083 314.906167 324.9474192 333.9535494 345.8468323 332.8263855 320.1095276 281.4160767 275.0177917 257.1632843 256.8352203 257.0233002 256.8770599 257.1920013 257.1778717 275.243988 277.2397156 273.504425 268.6404419 261.2961731
284.6408386 277.8201294 275.5791321 273.5167847 274.5407104 274.3953857 274.2661438 271.9123755 -9999.0 -9999.0 -9999.0 -9999.0 258.0552101 -9999.0 261.2430744 262.0299263 260.3401127 259.9551678 268.1617603 280.1033912 286.6485469 282.1073079 275.9333992 269.9393196 264.0507126 258.325613 254.6102791 255.7093964 258.707552 -9999.0 -9999.0 -9999.0 -9999.0 -9999.0 -9999.0 -9999.0 -9999.0 -9999.0 -9999.0 323.9695549 300.2841797 287.6386108 288.6647949 286.8709564 283.0630646 282.479538 278.1053009 276.015213 272.7093964 270.5960541 279.0713043 262.2384338 260.8830872 261.0197449 -9999.0 -9999.0
-9999.0 287.5658951 283.4973145 277.119812 268.6168213 259.5939331 249.7183228 247.6130066 249.8146362 250.2770996 250.3406067 249.5188904 249.4107971 251.4711609 252.5664978 251.1504517 254.5548096 256.4291687 257.9081421 293.773407 294.7123108 285.827806 277.3891277 -9999.0 -9999.0 -9999.0 246.5598717 -9999.0 -9999.0 -9999.0 -9999.0 -9999.0 -9999.0 -9999.0 -9999.0 -9999.0 -9999.0 -9999.0 -9999.0 305.3804779 295.0984955 283.6162567 272.5224457 289.1203156 275.2709503 291.311615 297.4863281 296.6570129 -9999.0 -9999.0 -9999.0 -9999.0 -9999.0 -9999.0 -9999.0 -9999.0
310.8506775 295.0855103 302.4835205 307.2861938 270.5278931 308.2953491 259.9189148 249.4098969 250.2385101 250.3440704 245.830246 242.1180573 242.306839 244.2940979 254.6546936 249.2670288 249.947113 256.6487427 258.7746887 259.8210449 275.3215942 280.9205017 277.7834167 270.8582764 255.9033642 243.8952217 236.8260269 -9999.0 242.3411064 -9999.0 -9999.0 -9999.0 -9999.0 -9999.0 -9999.0 262.8540039 282.2866516 306.6893616 304.2003326 289.1012115 264.669342 266.2245331 218.223587 289.0852966 289.4395294 295.5704193 286.1837921 282.5583038 302.4000854 255.2952576 251.3157501 249.4239197 259.1071472 273.7624512 277.6891174 266.3696012
