Environmental Parameters/RCP 85/2100/Net_Primary_Production.asc
ncols 720
nrows 360
xllcorner -180.00
yllcorner -90.00
cellsize 0.5
NODATA_value -9999
[rows 75 to 99 of 360, columns 224 to 279 of 720]
-9999.0 -9999.0 -9999.0 -9999.0 -9999.0 -9999.0 -9999.0 -9999.0 -9999.0 -9999.0 -9999.0 -9999.0 -9999.0 -9999.0 -9999.0 -9999.0 -9999.0 -9999.0 -9999.0 -9999.0 -9999.0 -9999.0 -9999.0 8.660614723 9.023426333 7.510946831 7.888808846 8.185731946 7.815748453 7.255442673 7.380161434 8.308855584 9.591081413 10.34225384 10.36767592 9.333595634 7.940146141 6.767599843 5.935068009 5.619478645 5.613485118 5.59969875 5.55895688 5.604726961 5.584723782 5.567858927 5.557252327 5.56451478 5.517463433 5.446259398 5.373737542 5.309773609 5.302011501 5.35905268 5.308226217 5.117085995
-9999.0 -9999.0 -9999.0 -9999.0 -9999.0 -9999.0 -9999.0 -9999.0 -9999.0 -9999.0 -9999.0 -9999.0 -9999.0 -9999.0 -9999.0 -9999.0 -9999.0 -9999.0 -9999.0 -9999.0 -9999.0 7.949660343 7.735834341 8.284663898 7.82692153 7.750332821 7.913593901 7.784225047 7.413415471 7.253404707 7.528709015 8.031756384 8.4083369 8.915309329 9.770135395 10.04731306 9.172066813 8.022635011 6.711964728 5.927973893 5.696655717 5.622802069 5.53453574 5.598562537 5.629654741 5.58155193 5.602495512 5.602072692 5.623237696 5.611258093 5.555375246 5.505252862 5.502477055 5.485410569 5.442147609 5.235844757
-9999.0 -9999.0 -9999.0 -9999.0 -9999.0 -9999.0 -9999.0 -9999.0 -9999.0 -9999.0 -9999.0 -9999.0 -9999.0 -9999.0 -9999.0 -9999.0 -9999.0 -9999.0 10.50827478 8.390448638 7.258377154 6.539467489 7.60348083 8.810598287 9.88951663 7.607863052 7.637865609 7.450307487 7.291134214 7.359786425 7.31220888 7.137359353 7.241197862 8.039935958 9.126823861 9.75469267 9.740040172 9.218381718 8.322379785 7.202544715 6.314311177 6.051603006 5.873133661 5.817869678 5.803443259 5.746409297 5.782305961 5.844432861 5.815375363 5.717361346 5.757367238 5.741048371 5.705274874 5.844776053 5.842820974 5.660677096
-9999.0 -9999.0 -9999.0 -9999.0 -9999.0 -9999.0 -9999.0 -9999.0 -9999.0 -9999.0 -9999.0 -9999.0 -9999.0 -9999.0 -9999.0 -9999.0 12.53188145 12.02632464 11.2758968 6.288716919 4.545312491 4.96867625 7.26824993 8.807625622 8.780083386 7.990058046 7.366268663 6.848618621 6.830509985 6.913412595 6.948169554 7.031630259 7.493591169 8.246827172 9.115308756 9.4955971 9.436601773 9.27405525 8.80561024 7.975489832 7.13880104 6.571506849 6.073717494 5.954654887 6.087440532 6.157532101 6.24707737 6.340146996 6.316032493 6.175257731 6.086742273 6.003419636 6.030589342 6.162972422 6.29407377 6.191976368
-9999.0 -9999.0 28.74209778 29.97516701 31.48717433 31.98752506 31.06134897 30.34728067 29.53815111 29.13073637 28.63564994 25.12575733 21.69287531 18.23546598 14.78550769 11.71087986 14.74928041 9.149419726 5.620491458 4.232229432 4.518883768 6.476776558 8.338917047 9.600032819 8.492773166 8.084641653 7.768890122 7.392853731 7.24063837 7.344753481 7.585160434 7.687586593 7.912578993 8.178311633 8.667682996 9.016545024 9.00196773 8.983206004 8.703500731 8.028249955 7.200175431 6.139528239 5.874976749 6.154629402 6.455518538 6.684712367 6.782844895 6.931209238 7.130068727 7.053845096 6.814389722 6.71439711 6.669822149 6.638592575 6.699560676 6.62756036
-9999.0 28.66642363 28.65686384 28.49292732 28.05556636 27.78116288 28.72516797 27.32834965 26.88877285 28.48212817 26.43072465 23.85393856 21.04995004 18.13510619 11.30737457 7.29923835 5.872035632 4.592609825 4.027747083 4.259870737 4.620194202 -9999.0 10.33174631 9.856339399 9.459416615 7.912481669 8.389354218 7.940644049 7.08179269 7.303249091 7.671984145 8.054704871 8.41154973 8.468939224 8.568852441 8.623341797 8.715259377 8.730183821 8.515653433 7.9766782 7.113773841 6.186346523 6.128605921 6.459844531 6.778019946 7.080658572 7.386361947 7.552166237 7.673433283 7.661280455 7.409649901 7.109654602 6.880632136 6.814246764 6.809676299 6.783075631
30.71681759 27.72327629 23.34481385 21.61758393 20.71428043 20.14569705 22.75389666 24.48670613 23.19163131 17.32040918 17.58191409 15.95343044 13.53918342 12.46524137 8.723152103 5.11243497 4.261285299 4.055588739 4.6218934 4.859235487 5.681527808 -9999.0 -9999.0 9.560449689 10.61395471 13.04003372 10.8172684 9.265693312 8.27978272 7.646206999 7.868626621 8.025527 8.045898518 8.45087273 9.061319521 8.925786475 8.507437073 8.397947997 8.205292979 7.911237888 7.457127562 6.641447544 6.134181283 6.367456866 7.25043891 7.753758924 7.992329309 8.310015313 8.495305898 8.208691608 7.736260537 7.288887165 6.930635078 6.841314258 6.82410947 6.848649122
30.42236879 27.90821204 -9999.0 -9999.0 -9999.0 -9999.0 -9999.0 19.88651883 19.72867781 15.1662128 9.924397338 8.035949664 8.377121063 7.757374784 5.845175125 4.074122524 3.880665638 4.471417749 5.086697638 5.294675677 -9999.0 -9999.0 -9999.0 -9999.0 -9999.0 -9999.0 -9999.0 10.58934559 11.29641104 8.110073628 7.877159398 7.932388224 7.66123645 7.616925519 7.919175318 9.462667629 9.652673267 8.770750137 8.364945417 7.918578805 7.931278786 7.711224258 7.833265467 8.518621791 9.051722707 9.089352563 8.843645686 8.745334111 9.122321149 9.086300153 8.235367015 7.647998631 7.222707616 7.078322116 7.107134908 7.132205181
-9999.0 -9999.0 25.67505577 23.72627478 21.74365806 20.06210427 16.81748091 16.81175246 17.00502355 14.58206889 11.18231355 8.889038814 7.423044415 6.285617128 5.006933585 4.099284532 4.164671525 5.384580698 6.067796261 5.492527212 -9999.0 -9999.0 -9999.0 -9999.0 -9999.0 -9999.0 -9999.0 12.33965898 10.56257542 8.524568635 7.467736723 7.17873266 6.595729617 6.305482937 6.411636015 7.440765621 9.209556505 10.3110834 10.33793204 9.938739007 9.677579394 9.604064282 9.632610716 9.77090653 9.157794993 8.553441614 8.521489333 8.616676787 9.112952044 9.704161203 8.822816191 8.11539311 7.797841216 7.711565122 7.577278186 7.527506212
-9999.0 -9999.0 -9999.0 23.6809363 22.27851949 22.36237365 16.83251385 13.14258284 12.86795968 11.53461961 9.093049681 7.445534458 6.321052788 5.866947118 5.171829602 4.405717598 4.837705055 5.214219447 5.609221524 5.52681135 5.40003879 5.507677561 5.530500901 5.978542962 7.817507954 9.461478563 11.30786928 14.56260314 10.33214875 7.835737197 7.11621251 6.709293928 6.237501511 5.80752152 5.912942812 6.415796932 7.077829912 8.127103793 9.272582829 10.09345753 10.53786161 10.5901137 10.16641175 9.3002012 8.244751953 7.673423737 7.620157441 8.244249271 8.90654698 9.981975891 9.123902768 8.365407353 8.150052512 8.125909604 8.061106084 8.031414356
-9999.0 -9999.0 -9999.0 -9999.0 -9999.0 17.14816585 11.58217283 7.914619986 7.722442853 7.390331011 6.450014189 5.307641113 5.333374138 4.669998074 4.663235275 4.638095386 4.771353677 4.927186761 5.255912663 5.3206007 5.482214037 4.698488628 4.473492736 4.848174052 6.828743499 8.195522358 10.09887061 12.8212939 8.743018378 7.496796432 7.964418968 6.183768157 5.863562925 5.543140229 5.503592314 5.588893546 5.713035353 6.301329471 7.193103665 8.234077599 9.77113354 10.87684813 9.970279643 9.14373179 8.160611149 7.465282222 7.311845198 7.876490941 9.10101505 10.39689546 9.441329865 8.440187899 8.112867828 7.997769862 8.094731485 8.019011235
-9999.0 -9999.0 -9999.0 -9999.0 -9999.0 -9999.0 11.20550968 8.214490372 4.731145571 4.458598327 4.153849324 4.033022793 4.009209457 5.266458495 5.187958945 4.380429862 4.550626036 4.377271282 4.053035052 3.708652919 3.537173383 3.439782187 3.502277192 4.298275337 4.590076627 5.130956182 5.038192729 5.459588487 6.119698053 6.481709424 7.119797636 5.632105982 5.19683375 4.892098717 4.957510391 5.108688259 5.057366332 5.511829164 6.178227719 7.087589707 9.041526588 10.93061967 10.45852224 9.657230927 9.162656264 8.842427051 8.908653166 9.427558165 10.4269213 10.63827612 9.688941762 9.138692636 8.623943897 8.295360254 7.951189065 7.529323222
-9999.0 -9999.0 -9999.0 -9999.0 -9999.0 -9999.0 12.30176972 9.118139918 6.087116315 4.643772088 5.390034406 4.526787088 4.496583599 5.47252188 5.641556461 6.422230857 5.781803979 4.595190519 4.235716304 3.877728945 3.4265758 3.335458227 3.250385635 3.295707749 3.502452513 4.090198549 4.51865769 5.098195747 5.507926689 5.726267584 5.781476619 5.039782729 4.929878283 4.698235309 4.762790399 4.839940462 5.087774247 5.426662276 6.546244025 7.988509955 10.0357749 10.9091273 10.43520099 10.0996762 10.18575253 10.00369038 9.909256129 9.902007179 9.415735491 9.028705303 8.773305686 8.430689573 7.816203171 7.391915424 7.121025352 6.789818406
-9999.0 -9999.0 -9999.0 -9999.0 -9999.0 14.2524316 14.23361347 11.55655924 8.454631694 5.339691765 8.157070843 7.57524959 7.038925774 5.283091799 5.280081183 5.817318568 5.453633843 4.246566445 3.87318898 3.762391396 3.545419313 3.39623983 3.571691224 3.503617132 3.520100145 4.033042118 4.358524457 4.750772379 4.760887474 4.808056168 4.941345658 4.490413237 4.464589525 4.664817126 4.810176557 5.480331369 6.289658137 6.775491871 8.163902909 9.51844966 10.1429536 9.343008511 8.479163283 8.549046237 8.451123023 8.257054025 8.066847688 7.891494082 7.356747985 6.936459569 6.798871094 6.781131495 6.579152774 6.587955402 6.606907118 6.494649686
-9999.0 19.05626798 18.97312709 20.96135181 14.54714674 12.5890678 14.0794866 14.11705842 9.707616933 6.492750545 -9999.0 -9999.0 5.277892109 4.396644421 4.229621496 4.051809898 3.482211381 2.761628013 2.692727605 2.865130082 3.269168315 3.424580907 3.411740065 3.734369762 4.04681731 3.965607379 4.062897991 4.139531637 4.190163687 4.500454292 4.807526711 4.517599707 4.653499229 5.218020407 5.675366847 6.489864551 7.484372472 8.232777473 9.148364421 9.110797662 8.010514313 7.334546885 7.263184059 7.522028405 7.683986798 7.609721739 7.518295432 7.266868837 6.708070403 6.327166222 6.171801826 6.234779954 6.328617688 6.383668631 6.34325319 6.196101429
16.69496275 15.00771125 17.44579594 14.77286429 13.50844977 11.01595099 -9999.0 9.000650141 7.741530193 6.118312653 5.609297659 4.759076517 3.482840024 3.198621795 3.191362834 2.93122232 2.588394098 2.230412094 2.184577985 2.599342959 2.964489395 3.191238502 3.245513653 3.249084111 3.422620939 3.587020561 3.67858517 3.741356079 3.800259437 3.971630009 4.154620692 3.994629951 4.16310248 4.536784953 4.749052692 5.455595441 7.315904368 8.728863671 8.964446373 7.886344334 6.924626883 6.628384581 6.700376514 7.000321522 7.163944654 7.128090132 7.023488404 6.800410571 6.324614631 5.94426482 5.76146692 5.794348428 5.931993015 5.920334021 5.879868986 5.899309879
9.043352795 6.386376568 8.335519582 9.596479591 9.446920536 -9999.0 6.200172706 4.065594869 3.668522695 3.076499561 2.598655876 2.355118748 2.159992931 1.899491996 1.913407585 2.022585832 2.009457676 2.177752089 2.56122509 2.942462452 3.236223245 3.392074956 3.373640357 3.332371358 3.204463748 3.123595845 3.499121638 3.658134025 3.606790211 3.465590067 3.460046602 3.370602382 3.356145229 3.518447513 3.781716106 5.07317204 7.227240596 8.831169223 8.699749829 7.76872295 7.036890835 6.803544122 6.650522235 6.38023275 6.426832057 6.644091103 6.745458348 6.636836333 6.283433642 5.979492795 5.777134793 5.636097165 5.576244788 5.545235239 5.670422921 5.746827926
3.265404142 3.081655828 3.817738267 7.007815293 6.672311923 3.247559303 3.845026018 2.731848974 2.291799523 1.835145289 1.653542975 1.621752512 1.539855264 1.418249914 1.511272043 1.820491394 2.10162322 2.411826979 2.872071927 3.184451489 3.455516882 3.36143258 3.341451287 3.360925242 3.165108385 3.059400478 3.336908994 3.554740222 3.659647191 3.577858675 3.475947073 3.23212333 2.968262415 2.835994354 3.24032153 5.122871604 7.769838208 8.662188891 8.113469696 7.439127658 7.12402584 6.863514194 6.61291799 6.383387139 6.345106754 6.522694021 6.834915141 6.873586681 6.621335633 6.276979111 5.961468443 5.725320661 5.709980382 5.660119932 5.754539743 5.834151059
2.184770303 2.386277774 2.779152477 3.10583692 2.854155609 2.36904691 2.16424535 1.998794731 1.872268505 1.779540442 1.909914427 1.969045727 2.024087589 1.903122291 2.307013376 2.91327131 3.47869331 3.81172169 4.124317318 4.699254408 4.815406166 4.659651313 4.436919931 3.945370205 3.523199819 3.299857955 3.191144206 3.289056011 3.5840692 3.914391855 3.925370984 3.842053004 3.634688212 3.224526066 3.437035484 4.907110473 6.883961149 7.451766636 7.397141075 7.322432706 7.404443342 7.090822211 7.15487916 6.97872811 6.826491328 6.775730872 6.999263773 7.112915511 6.962378626 6.528692786 6.269808626 6.069169845 5.939918337 5.857775919 6.01208955 6.08074083
2.275443636 2.388749039 2.861849964 3.472136101 3.632778069 3.299060278 2.878862666 3.035346046 3.010087181 3.234381322 3.763860092 4.130387446 4.578240681 4.935888108 5.106944358 5.297928932 5.809633993 5.626822123 5.315413931 4.982052837 4.798636539 4.752296722 4.992294242 4.921741085 4.475472495 3.982963739 3.950487589 3.790270304 3.984713461 4.71917633 4.860059358 4.665135639 4.724619444 5.020910176 4.996319301 5.365113495 5.976257846 6.693029311 6.972905947 7.06385239 7.356479065 7.280704333 7.297916804 7.267171051 7.156693144 7.036612835 6.900415756 6.797504378 6.544252159 6.378547288 6.270920159 6.284341216 6.233932218 6.053352496 6.066739326 6.041824119
3.866318846 3.875545692 4.14086855 4.874770064 5.741395056 6.040331442 5.719350418 6.287557539 6.696392782 6.647912553 6.294745253 6.033530226 6.093926029 6.162730861 6.325518829 6.147933309 6.19694835 6.152879796 6.376047269 6.358350394 5.894950009 5.192984943 4.530936829 4.538429086 4.81137482 4.688263638 4.471461289 4.358645761 4.672849318 5.201663473 5.575487856 5.666669924 5.785326473 6.072452525 6.434140727 6.37354888 6.376417819 6.577885011 6.934320787 7.338935742 7.584098261 7.327990839 7.216064725 7.219774881 7.094675442 6.833793828 6.211315515 5.781193031 5.662607495 5.787324859 5.999239627 6.162802689 6.221407559 6.190022454 6.052429555 5.964489887
5.249834619 5.467404379 6.637674989 6.390079856 7.257187506 7.631662535 7.239525206 7.034832845 7.542059058 7.727518096 7.673550863 6.98529603 6.600659573 6.505323341 6.575499661 6.905910093 6.638068706 6.488557905 6.91902882 7.185549359 6.493410445 5.937845912 5.600114004 5.212601973 5.312627763 5.316395778 5.01655112 5.070879823 5.482107052 5.711680278 5.754843471 5.704335286 5.69122727 5.878037773 6.186542334 6.462649442 6.622258341 6.730845198 7.005857071 7.430152036 7.617034833 7.266269415 6.857954315 6.686158711 6.533954875 6.398544414 5.947828526 5.646144273 5.758414976 5.720717832 5.709956633 5.844980478 5.991866812 6.08515949 6.051891483 6.013114937
7.202194771 8.775862399 9.308193345 9.38818953 9.326075669 8.184653241 7.659918629 7.714511128 8.054496255 8.030871744 8.189176093 7.643339457 7.310357876 7.045644335 7.3050512 7.760687033 7.365509402 7.050303044 7.222117507 7.396410103 7.147589 6.467008847 6.412413088 6.580439862 6.701634265 6.644609966 6.592346472 6.474538823 6.120876991 6.032550009 6.036835024 6.017875858 5.976339802 6.057701772 6.57459069 6.62142504 6.889509736 6.942119217 6.928539253 6.759000593 6.955597433 7.058588555 6.71971275 6.647675647 6.714558578 6.51359628 6.208037375 5.82912832 5.767546943 5.610099877 5.651965388 5.61965548 5.68085711 5.720268469 5.94265596 5.995587213
9.231867502 9.652907262 10.11712523 10.17880801 9.508623625 9.083599551 9.399417671 9.220001404 9.089611704 9.129752405 8.954156656 8.604090894 7.844784181 7.457727683 7.620768854 7.84186332 7.774827303 7.728778757 7.817778038 7.565909997 7.446554373 7.234801538 6.865562289 6.96638599 7.257638266 7.15247239 7.151790429 7.253098534 6.864804542 6.526219193 6.428088062 6.325810682 6.263248855 6.551124854 6.925308146 6.885435898 6.566802971 6.544700358 6.397231482 6.395726581 6.656211568 6.816274486 6.612259895 6.660022307 6.633865065 6.428223569 6.288389908 6.035109283 5.71999664 5.337017006 5.159291788 5.234260228 5.306129111 5.287773442 5.491951713 5.665033823
10.82761888 11.46977651 11.05623879 10.70373971 10.16943471 9.667135542 9.407893172 9.229093441 9.163592244 8.748591295 8.732184186 8.703309228 8.575843996 8.45155539 8.124934626 7.885735133 7.841446786 7.882471895 8.000244386 7.699777605 7.317918353 7.430154597 7.300679921 7.005963358 6.812631385 6.920823245 7.287880755 7.565494161 7.266004686 6.975094788 6.82515488 6.692006718 6.655086996 6.825694581 7.381031057 7.29777175 6.727981148 6.554525346 6.421861704 6.274083047 6.30213879 6.49601547 6.638493855 6.611446966 6.475238828 6.372081814 6.236565881 5.988695309 5.719490233 5.300002405 5.115116248 5.267738947 5.357705057 5.286938511 5.473906174 5.743390881
