Environmental Parameters/RCP 85/2100/Net_Primary_Production.asc
ncols 720
nrows 360
xllcorner -180.00
yllcorner -90.00
cellsize 0.5
NODATA_value -9999
[rows 100 to 124 of 360, columns 56 to 111 of 720]
3.89698986 3.907854203 3.936090507 3.931135405 3.854914336 3.779543797 3.697609995 3.616606584 3.521155799 3.416553838 3.337824019 3.272301285 3.214417025 3.120613284 3.041794989 2.951602452 2.905993955 2.838653745 2.69869389 2.566737123 2.531876322 2.587802941 2.673001727 2.736346098 2.725239843 2.670954447 2.675294876 2.623060253 2.535657492 2.438287716 2.380898688 2.179429401 2.021918073 2.081255428 2.09679571 2.080903854 2.058770973 2.137506614 2.2761703 2.316331491 2.334620571 2.345279325 2.373855561 2.405301668 2.460841089 3.003939521 3.850776237 5.093780346 7.570206188 9.652437642 10.59713261 10.50862856 10.31282544 12.99246959 23.07999413 39.66546245
3.594077192 3.566498868 3.542833496 3.535568947 3.520769533 3.466791473 3.362305695 3.274284769 3.289837856 3.32557736 3.306288505 3.194198711 3.020394128 2.863282571 2.800729126 2.73130741 2.685923129 2.635580488 2.547178883 2.512321575 2.52530654 2.65488564 2.722680569 2.788282232 2.725207945 2.594251651 2.550698817 2.538855886 2.454157686 2.278917702 2.187839709 2.072429284 2.04520137 1.979775261 2.025945345 1.980726141 1.932797488 2.05618958 2.147139749 2.110650763 2.03690934 2.024242887 2.093723509 2.137813251 2.309226431 2.836677479 3.942421637 5.163435359 6.812521257 8.483340498 9.105312638 8.351353928 8.36681854 10.84325556 17.2135625 34.92760286
3.38864862 3.337629838 3.264722181 3.180664266 3.158523235 3.139154753 3.090060316 3.041833639 3.001986537 3.012308385 3.056550631 3.020017175 2.936476143 2.790973987 2.693408635 2.601231216 2.534609754 2.465745201 2.441763878 2.488242229 2.589951968 2.689598827 2.686579013 2.670079004 2.577704145 2.441575052 2.329229144 2.319847001 2.24059727 2.166198334 2.113274066 2.073592274 2.068179427 1.978631131 1.98042905 2.00422015 1.940825023 1.924716169 1.962411217 1.901981886 1.76680903 1.815322088 1.896891044 1.975048101 2.110899659 2.490004059 3.12652206 3.981871065 4.867629148 6.414524745 7.219787221 7.181174122 7.680817507 9.170209989 11.83156203 23.79430458
3.250918584 3.218928818 3.088027472 2.960282378 2.92971381 2.932428615 2.929657232 2.887647599 2.810520353 2.765096026 2.788138343 2.804403426 2.766862046 2.728411695 2.630960429 2.548059681 2.527904231 2.521642949 2.537238877 2.493257867 2.536813961 2.609387273 2.556958469 2.422737423 2.27773306 2.175783738 2.118879231 2.0262287 1.936213579 1.944225514 2.018037252 2.016608138 1.928021666 1.854041358 1.740622683 1.713677426 1.768850721 1.80695951 1.855453243 1.779850107 1.656961394 1.675330568 1.669608289 1.63237052 1.76606304 2.086034277 2.515843604 3.219016595 4.174963105 5.368725862 6.109190173 6.685827859 7.341897115 7.811785676 8.819783106 15.02507366
3.097499255 3.063255455 2.964668209 2.916981932 2.90606101 2.887876472 2.871904522 2.873540623 2.856523264 2.817659872 2.83132121 2.802241128 2.757533453 2.724256134 2.692406764 2.59025069 2.504792763 2.546040807 2.536899177 2.505372278 2.508740872 2.551874844 2.448610263 2.338257618 2.192303538 2.061120002 1.97582203 1.840054989 1.753785764 1.761180698 1.833438058 1.866309205 1.795117045 1.702606212 1.635990688 1.560533186 1.502216095 1.611460117 1.679064007 1.607182901 1.483570202 1.602755161 1.520119607 1.453771722 1.509597292 1.794414129 2.284415299 3.037929302 4.029427655 4.953968804 5.730691832 6.266641896 6.656310987 6.777748 7.881917991 12.30421336
2.967146691 2.98718689 2.961216494 2.917811973 2.894648584 2.882030793 2.841050969 2.824955853 2.849320881 2.85927509 2.853886224 2.877899446 2.871680772 2.818458946 2.716068411 2.61642551 2.544954652 2.52753566 2.62622186 2.568619559 2.337607555 2.241203329 2.210847335 2.16449867 2.048955532 1.938720467 1.821628539 1.676719752 1.586451428 1.560812583 1.592387911 1.591285109 1.551277004 1.600143965 1.550084795 1.458360464 1.341347932 1.436756807 1.476667938 1.40634086 1.340384595 1.516871853 1.485482091 1.444730675 1.629205886 2.046153415 2.627402777 3.413919825 4.248505924 4.925515503 5.592019763 5.849261768 5.930629559 6.165627856 7.458369248 11.32785017
2.80847284 2.844009316 2.810623497 2.707201289 2.695896197 2.630357165 2.522417577 2.545182128 2.604239387 2.646221314 2.640922787 2.65845051 2.653715666 2.664123196 2.733993111 2.676709322 2.584836911 2.498295391 2.428736305 2.300969092 2.133032307 1.995919039 1.94362225 1.919635804 1.894480083 1.863228506 1.727231313 1.625879435 1.546694431 1.441162545 1.42140605 1.305616461 1.328764251 1.383203547 1.398692839 1.317745075 1.248250599 1.293293899 1.302121789 1.283245627 1.249508117 1.366386423 1.471605618 1.654480817 1.93816633 2.447621664 3.080612049 3.748928662 4.314724356 4.892278463 5.345509853 5.338908173 5.385477096 5.702570081 6.490774918 9.389073122
2.560439054 2.47724331 2.403054619 2.40170164 2.436477924 2.411500551 2.339035738 2.329204232 2.389582805 2.403944032 2.362992847 2.264975803 2.249174984 2.302538371 2.334096236 2.339852508 2.311083488 2.30735587 2.288229764 2.163988305 2.071542316 2.00806756 1.988001168 1.921199029 1.842100639 1.843463862 1.678290078 1.500427024 1.364256022 1.173829194 1.042078366 0.987419393 0.911866431 0.892544398 0.849923934 0.877804589 1.010443084 1.175774843 1.246324158 1.336999354 1.367532182 1.469028299 1.555193565 1.80323422 2.14131549 2.530520083 2.886700677 3.332501277 3.946649842 4.395481199 4.559884313 4.634178244 4.829637241 5.146285053 5.556926597 6.798717659
2.416152274 2.358313184 2.266176278 2.248050645 2.259936649 2.238702727 2.248628298 2.168190433 2.14803149 2.103590406 1.990794204 1.890104148 1.845833962 1.91382051 1.950164326 1.93052087 1.873781788 1.870679436 1.834043767 1.8410919 1.845538267 1.774889301 1.759070554 1.774378587 1.812715433 1.813725452 1.676755259 1.469037146 1.244732062 1.060144044 0.923652318 0.801979913 0.62585983 0.49991213 0.507214805 0.555075763 0.678624841 0.829697936 0.955794123 1.153128105 1.286103274 1.307369443 1.437264029 1.73856481 1.996840117 2.257954096 2.473895205 2.785501769 3.23355454 3.562314902 3.62082012 3.726494033 4.094107077 4.707883112 5.526402965 6.553461775
2.122962847 2.052910859 1.987407217 1.966314507 2.017437946 2.021219931 1.963228569 1.877866918 1.88037625 1.831122092 1.77502702 1.712366357 1.684851362 1.677845139 1.661903225 1.632512896 1.594030065 1.501759281 1.461906009 1.464599627 1.551370602 1.56626536 1.543768914 1.518120174 1.518880832 1.541833626 1.554190298 1.448936295 1.202478539 1.003910205 0.806118129 0.590110547 0.361861195 0.260379165 0.281215995 0.3083474 0.33980544 0.400939549 0.546013762 0.841465546 0.97220263 1.071693143 1.244259882 1.499129692 1.877368195 2.026923234 2.146775369 2.159809228 2.296780469 2.53193127 2.719087061 3.063700628 3.500665538 4.123436753 4.911898635 5.750783253
1.739860163 1.690648613 1.708192402 1.750808675 1.752596814 1.712062163 1.612632419 1.550926361 1.530537615 1.559322118 1.540370169 1.495982055 1.493963529 1.53479632 1.537747215 1.483079745 1.439100597 1.339382259 1.271663583 1.251553243 1.229910296 1.275330374 1.296423376 1.284652855 1.237781951 1.218800549 1.276338124 1.234500553 1.091002021 0.968057255 0.808898127 0.641424616 0.466058205 0.326858193 0.25259977 0.23648818 0.187749451 0.188247941 0.248762313 0.406918174 0.575173122 0.745197292 0.992016983 1.206629793 1.412358368 1.592152752 1.710786717 1.822855324 2.015595557 2.016104059 2.204980003 2.741641831 3.184747882 3.606037702 3.837026656 4.355758429
1.361162285 1.386978198 1.502548927 1.581739634 1.59999344 1.590576605 1.50099583 1.358577167 1.266881591 1.335268491 1.315461239 1.242745435 1.260315999 1.282758312 1.297515584 1.324316836 1.308995124 1.21302146 1.152807265 1.081484428 1.03411515 1.028806786 0.986575149 0.949857349 0.928224123 0.882944674 0.841943081 0.749779982 0.649682886 0.645006949 0.599002349 0.524354284 0.414085429 0.252914848 0.176069763 0.206251221 0.216727523 0.199298665 0.215246837 0.211516715 0.302391592 0.513881561 0.69817499 0.884330017 1.087919925 1.305020996 1.500363811 1.69753423 1.958857523 2.009043703 2.16928497 2.429055283 2.545620082 2.715205541 2.938066376 3.373782616
0.982928672 0.925168511 0.979909906 1.164476736 1.284993254 1.354966313 1.307325205 1.222587307 1.060114359 1.061130082 1.16347638 1.0500481 1.018508687 1.044829842 1.050788211 1.045911689 1.050125167 0.963519327 0.93335571 0.911815558 0.882863882 0.814258878 0.747404469 0.708566455 0.702945574 0.66477689 0.575528131 0.512399711 0.488949008 0.494363572 0.526995223 0.484886434 0.414875976 0.346045737 0.280543522 0.273510115 0.209148944 0.196345471 0.203370408 0.17500043 0.189528975 0.339268125 0.513619976 0.716096547 0.878094579 1.085742027 1.287890482 1.482406748 1.650467981 1.694605686 1.809630543 2.058331389 2.135991585 2.222171985 2.522453899 2.9157768
0.670769135 0.691644906 0.751579821 0.830350386 0.858616317 0.915476296 0.938122801 0.898658531 0.877190498 0.826228876 0.83339971 0.877074432 0.849005184 0.849063974 0.861556095 0.864135625 0.818412693 0.729490304 0.70723641 0.728224113 0.731186359 0.712880399 0.682750193 0.657615805 0.647106033 0.607515045 0.536964857 0.483386248 0.438486488 0.395027702 0.38702949 0.360130885 0.317053215 0.325812842 0.297467428 0.269432334 0.232828621 0.211251492 0.13627857 0.0976585 0.115696195 0.238721463 0.402900565 0.469121384 0.682440528 0.901683699 1.095140819 1.308804727 1.483617118 1.526511973 1.518098521 1.671304926 1.816176344 2.052263822 2.439106349 2.813636092
0.466794241 0.471912732 0.56431035 0.59713301 0.614727673 0.654098578 0.663605577 0.623978907 0.623977103 0.671720714 0.690144312 0.774812535 0.771876192 0.746950856 0.695868745 0.689288892 0.676537049 0.58029854 0.493868458 0.492115883 0.510153011 0.531256926 0.55423021 0.546280673 0.549548451 0.542913825 0.505398988 0.443506637 0.388259432 0.340662518 0.304239555 0.253483711 0.210288548 0.187244616 0.196413064 0.205770077 0.215918015 0.225336029 0.18564616 0.118004595 0.11722256 0.201290284 0.34085472 0.437352457 0.479574781 0.555053179 0.889839604 1.200296916 1.323981909 1.324245241 1.219239319 1.251564245 1.531741116 1.924563432 2.378701931 2.660002094
0.456709822 0.417293631 0.410236884 0.389244175 0.395879149 0.381045684 0.380518788 0.346763845 0.299554027 0.325724279 0.415893213 0.479760929 0.456619833 0.431101129 0.453859859 0.521446433 0.477861409 0.382792932 0.338529993 0.363165047 0.375031523 0.37666352 0.385630468 0.389055756 0.387290231 0.401101395 0.437995972 0.387643027 0.328186841 0.277757354 0.239961373 0.196985144 0.16527086 0.152820488 0.142356148 0.148268649 0.161653414 0.159670933 0.148243213 0.12288861 0.130585628 0.193499334 0.256018335 0.395461306 0.45243511 0.432292582 0.584077032 0.820780406 0.865892507 0.936409459 0.95322018 1.163742505 1.618782058 1.976691652 2.296076855 2.50545796
0.475398323 0.392054993 0.35171819 0.328085705 0.325748406 0.279281812 0.180890347 0.146140257 0.126960163 0.116778829 0.153436529 0.145878643 0.147332117 0.166557671 0.210945815 0.258789893 0.265270093 0.253162376 0.223255076 0.204309734 0.207070698 0.241716873 0.263823953 0.254944389 0.235854706 0.233599756 0.267804819 0.25800016 0.224772739 0.193245054 0.157911651 0.135910741 0.111291753 0.091842026 0.081854538 0.072389739 0.064951979 0.070715745 0.103777515 0.140983611 0.181946481 0.227682976 0.241828559 0.247050077 0.218910835 0.179654133 0.199585047 0.387593522 0.599987921 0.780086964 0.839490094 1.055919798 1.509653172 1.960943453 2.195484936 2.297383966
0.421887147 0.383830571 0.33844728 0.313714088 0.264486123 0.181968557 0.096079661 0.061059662 0.042293395 0.03001804 0.018776438 0.039545499 0.07201056 0.06853434 0.087450011 0.117035117 0.113788963 0.121227422 0.135235823 0.11388342 0.11099421 0.119820994 0.149259038 0.136169067 0.128600339 0.104000093 0.103090948 0.113174872 0.130349857 0.142233766 0.118978409 0.081234728 0.050431059 0.029747011 0.026775313 0.041820378 0.074676725 0.104569641 0.14040136 0.172644664 0.18097437 0.154573601 0.090292204 0.071105358 0.047881142 0.003167108 0.040415092 0.117377786 0.218108704 0.518506684 0.736912014 0.927854679 1.263689483 1.604188583 1.746609341 1.802154817
0.299485342 0.256613945 0.223368494 0.168716506 0.116472249 0.068036607 0.030602401 4.0466E-4 0.0 0.0 0.0 0.0 0.0 0.0 0.0 0.0 0.0 0.008453091 0.050472372 0.059874685 0.067067915 0.068777532 0.05178187 0.037866557 0.031198535 0.037751321 0.056034827 0.082132508 0.103446917 0.116515934 0.110520195 0.090630434 0.056715333 0.035831399 0.024508176 0.026024143 0.045770867 0.093145849 0.146112252 0.167118924 0.156726768 0.108883563 0.053350879 0.0 0.0 0.0 0.050384871 0.15097126 0.251371006 0.315941987 0.455674657 0.615882687 0.848977244 1.0724616 1.175473561 1.167972106
0.232928171 0.161629054 0.105928833 0.080232086 0.06202799 0.022641063 0.0 0.0 0.0 0.0 0.0 0.0 0.0 0.0 0.0 0.0 0.0 0.0 0.0 0.044862871 0.093443261 0.081797247 0.021006737 0.0 0.0 0.008692121 0.038886414 0.058420599 0.065742221 0.070135851 0.073524483 0.078578334 0.061865787 0.04355509 0.032744319 0.020286963 0.01857194 0.039592604 0.072411021 0.090142821 0.05880079 0.032233191 0.0 0.0 0.0 0.0 0.0 0.066896566 0.143809244 0.144747668 0.23196399 0.358975143 0.50148071 0.501683448 0.463104225 0.493686413
0.110617955 0.07511265 0.038291124 0.02165747 0.015858459 0.0 0.0 0.0 0.0 0.0 0.0 0.0 0.0 0.0 0.0 0.0 0.0 0.0 0.0 0.005814072 0.058786216 0.015284517 2.85014E-4 0.0 0.0 0.0 0.0 0.0 0.0 0.0 0.020178792 0.040934028 0.039707636 0.034461656 0.017915103 0.013369914 0.02375208 0.041431158 0.038034523 0.028009075 0.0 0.0 0.0 0.0 0.0 0.0 0.0 0.0 0.0 0.0 0.0 0.0 0.0 0.008812698 0.0 0.0
0.038584811 0.019365281 0.0 0.0 0.0 0.0 0.0 0.0 0.0 0.0 0.0 0.0 0.0 0.0 0.0 0.0 0.0 0.0 0.0 0.0 0.0 0.0 0.0 0.0 0.0 0.0 0.0 0.0 0.0 0.0 0.0 0.0 0.0 0.0 0.0 0.001210559 0.032013377 0.065500724 0.017525403 0.0 0.0 0.0 0.0 0.0 0.0 0.0 0.0 0.0 0.0 0.0 0.0 0.0 0.0 0.0 0.0 0.0
0.019656072 0.004126632 0.012026649 0.018355364 0.01106337 0.0 0.0 0.0 0.0 0.0 0.0 0.0 0.0 0.0 0.0 0.0 0.0 0.0 0.0 0.0 0.0 0.0 0.0 0.0 0.0 0.0 0.0 0.0 0.0 0.0 0.0 0.0 0.0 0.0 0.0 0.0 0.0 0.0 0.0 0.0 0.0 0.0 0.0 0.0 0.0 0.0 0.0 0.0 0.0 0.0 0.0 0.0 0.0 0.0 0.0 0.0
0.034630852 0.022111111 0.02945344 0.026738533 0.002397428 0.0 0.0 0.0 0.0 0.0 0.0 0.0 0.0 0.0 0.0 0.0 0.0 0.0 0.0 0.0 0.0 0.0 0.0 0.0 0.0 0.0 0.0 0.0 0.0 0.0 0.0 0.0 0.0 0.0 0.0 0.0 0.0 0.0 0.0 0.0 0.0 0.0 0.0 0.0 0.0 0.0 0.0 0.0 0.0 0.0 0.0 0.0 0.0 0.0 0.0 0.0
0.002374087 0.0 0.0 0.0 0.0 0.0 0.0 0.0 0.0 0.0 0.0 0.0 0.0 0.0 0.0 0.0 0.0 0.0 0.0 0.0 0.0 0.0 0.0 0.0 0.0 0.0 0.0 0.0 0.0 0.0 0.0 0.0 0.0 0.0 0.0 0.0 0.0 0.0 0.0 0.0 0.0 0.0 0.0 0.0 0.0 0.0 0.0 0.0 0.0 0.0 0.0 0.0 0.0 0.0 0.0 0.0
