Environmental Parameters/RCP 85/2100/Net_Primary_Production.asc
ncols 720
nrows 360
xllcorner -180.00
yllcorner -90.00
cellsize 0.5
NODATA_value -9999
[rows 225 to 249 of 360, columns 448 to 503 of 720]
-9999.0 -9999.0 -9999.0 -9999.0 -9999.0 -9999.0 -9999.0 9.492432582 4.470246495 1.817926182 1.2759245 1.036613248 0.814318773 0.606406596 0.494345033 0.383033068 0.290629105 0.214238826 0.179186172 0.184760313 0.175306923 0.177043781 0.184374454 0.182685559 0.164910278 0.156230002 0.140035234 0.117123243 0.099454541 0.078028708 0.070650072 0.064604654 0.037171005 0.012497214 0.007249124 0.002788409 0.009300711 0.003516034 0.0 0.0 0.0 0.0 0.0 0.0 0.0 0.0 0.0 0.0 0.0 0.0 0.0 0.0 0.0 0.0 0.0 0.0
-9999.0 -9999.0 -9999.0 -9999.0 -9999.0 -9999.0 -9999.0 10.30686847 3.487061011 1.826160122 1.424926217 1.083140145 0.879234984 0.662539329 0.522504153 0.439347234 0.345345703 0.270152523 0.2282887 0.200425973 0.166213082 0.146940292 0.145743892 0.146903563 0.141981989 0.15174807 0.16881671 0.152761233 0.121232122 0.104137551 0.102837221 0.101166923 0.089192967 0.070097565 0.048202783 0.022484077 0.001022825 0.0 0.0 0.0 0.0 0.0 0.0 0.0 0.0 0.0 0.0 0.0 0.0 0.0 0.0 0.0 0.0 0.0 0.0 0.0
-9999.0 -9999.0 -9999.0 -9999.0 -9999.0 -9999.0 -9999.0 8.195631322 2.675732365 1.723696711 1.328453305 1.043722441 0.842572306 0.648899819 0.565698894 0.460124342 0.335756631 0.265782641 0.221650873 0.205048185 0.180700794 0.158817449 0.144587015 0.133012247 0.122419675 0.136514136 0.141126104 0.137530122 0.126024708 0.120522483 0.117423682 0.110159832 0.099343655 0.090190384 0.081366597 0.046598638 0.011831056 0.0 0.0 0.0 0.0 0.0 0.0 0.0 0.0 0.0 0.0 0.0 0.0 0.0 0.0 0.0 0.0 0.0 0.0 0.0
-9999.0 -9999.0 -9999.0 -9999.0 -9999.0 -9999.0 8.453381015 5.98594686 2.315420774 1.651520026 1.308870735 1.027753577 0.774744141 0.646118657 0.56907523 0.447205501 0.343652151 0.315612939 0.284712994 0.269937736 0.240021502 0.208080921 0.199813338 0.179672497 0.151853776 0.135116541 0.125690363 0.124618906 0.129342225 0.117152173 0.11760334 0.136456976 0.131166977 0.129865453 0.12466489 0.125099934 0.102681748 0.071395043 0.015627127 0.009778014 0.021431915 0.01677635 0.029599323 0.032801618 0.029714836 0.008274452 0.0 0.0 0.0 0.0 0.0 0.0 0.0 0.0 0.0 0.0
5.999926361 -9999.0 -9999.0 -9999.0 -9999.0 -9999.0 8.402250707 5.153714097 2.487508929 1.759296749 1.402109861 1.046989695 0.784835662 0.65503479 0.583795947 0.487494108 0.399949262 0.355048047 0.347971625 0.350160117 0.34479727 0.316242571 0.284926209 0.262902759 0.223130453 0.184144563 0.149080035 0.146524195 0.149428262 0.150663836 0.156741182 0.161086966 0.15666557 0.161448406 0.163532211 0.167813647 0.17352603 0.158528361 0.131435023 0.115733448 0.097866519 0.089438749 0.092689763 0.091719412 0.086326385 0.058074322 0.012658274 0.0 0.0 0.0 0.0 0.0 0.0 0.0 0.0 0.0
6.352110708 6.822090509 7.041183795 7.346885453 7.38285901 7.205846254 6.371530355 3.959074267 2.293480211 1.90120918 1.459820429 1.061235205 0.783488853 0.669579953 0.607159687 0.551879057 0.492723659 0.435651396 0.406417821 0.392283313 0.388656335 0.381341844 0.353975105 0.318163307 0.290987547 0.270133023 0.234791398 0.203191215 0.195020024 0.186762569 0.171176507 0.159654475 0.157090486 0.165961799 0.178029557 0.192617008 0.193850952 0.174852961 0.149667525 0.134305417 0.116702402 0.103558239 0.100620848 0.098117307 0.094124727 0.066913723 0.021585962 0.0 0.0 0.0 0.0 0.0 0.023043409 0.028505558 0.021504035 0.012705204
5.504810717 6.567888893 7.085646386 7.698205416 5.847583176 5.086216261 4.398793331 2.87375378 2.129641827 1.934821252 1.539904624 1.156717306 0.849373464 0.716753188 0.673439528 0.672607275 0.614957651 0.55664609 0.508805155 0.448095263 0.422745536 0.395345793 0.364351843 0.327048299 0.307358045 0.297074963 0.27051667 0.24744129 0.232615275 0.209034508 0.179778261 0.159959891 0.159027288 0.171666819 0.17980035 0.178658956 0.168852886 0.148742867 0.125663821 0.118609605 0.110665249 0.090058253 0.068507157 0.056638411 0.058895646 0.06203074 0.051167706 0.020976848 0.0 0.0 0.0 0.007119597 0.025078407 0.033134376 0.025387635 0.022884604
4.499808536 6.022060639 6.822455907 5.857121316 4.43586777 3.854720388 3.195799305 2.562634181 2.357500023 2.004967071 1.575205359 1.233449322 0.936920289 0.781520503 0.734748784 0.716770126 0.663510873 0.617000216 0.564198184 0.504135678 0.46612171 0.421468227 0.37527649 0.340313942 0.31489844 0.288665353 0.248412194 0.226567703 0.20596484 0.198521506 0.188396225 0.168109225 0.161089702 0.15897199 0.151643384 0.145410449 0.134491274 0.131575682 0.125511084 0.113462447 0.095795316 0.075672287 0.065482513 0.055269309 0.052340969 0.079288235 0.115052739 0.106914667 0.077066536 0.049164344 0.050999501 0.050028626 0.050862291 0.029472882 0.02555309 0.020464722
4.250529339 4.628712777 4.504386918 3.969578538 3.56321875 3.212613519 2.895604819 2.598415362 2.339396451 1.909366169 1.477453276 1.124579343 0.911739829 0.800700858 0.742058561 0.654881238 0.537193439 0.463136588 0.441592885 0.441733457 0.428092142 0.388128799 0.342461979 0.306036643 0.291226315 0.250560435 0.204491691 0.17508262 0.150021689 0.151975721 0.151818938 0.147222134 0.13605415 0.126896106 0.115170667 0.117236399 0.126489205 0.134486996 0.126932544 0.115657866 0.109135319 0.104712846 0.080935453 0.053619675 0.064329186 0.116798532 0.139303011 0.164881378 0.151446759 0.152967259 0.189337588 0.191441999 0.163927878 0.125960651 0.112753361 0.091972324
3.847782849 3.713649348 3.516731435 3.39428673 3.200165113 2.927949885 2.618127037 2.303969348 2.025921654 1.692825521 1.406004129 1.110305951 0.858153682 0.731846143 0.654375122 0.53988822 0.418607844 0.358698599 0.349790498 0.355424359 0.341267383 0.297848746 0.252176076 0.226402131 0.214581756 0.186140242 0.165135367 0.147714105 0.126712606 0.118628639 0.112512964 0.110624387 0.105913496 0.097460928 0.094177085 0.103136175 0.12240943 0.139283511 0.125002232 0.124987506 0.163959281 0.163645745 0.129281136 0.103642611 0.132081186 0.137557567 0.161063886 0.199445611 0.241920294 0.295864127 0.341040955 0.333399337 0.329885923 0.345594715 0.366821536 0.365501677
3.66544351 3.48838151 3.291885601 3.0481047 2.680121281 2.31357594 2.066383546 1.832094043 1.621501578 1.416216313 1.172903401 0.91956777 0.75382815 0.652121962 0.509929785 0.432722853 0.393486407 0.343733002 0.302638859 0.287780393 0.260299246 0.217259367 0.181866082 0.174569519 0.178167655 0.158734969 0.14290784 0.131213776 0.117010553 0.114363123 0.125101622 0.139169744 0.165450067 0.192200852 0.190388557 0.188232603 0.179006194 0.180864154 0.177876034 0.18031738 0.224827032 0.242698152 0.242212234 0.207137811 0.197267829 0.233758241 0.261734589 0.293725985 0.34680689 0.421499775 0.455981761 0.43959287 0.431672495 0.493676402 0.583486224 0.667892396
3.664845484 3.580492106 3.276741598 2.890667238 2.49223155 2.205247351 1.977409585 1.657596033 1.353367174 1.100396505 0.917683647 0.761629315 0.663052255 0.544670969 0.447436003 0.442271936 0.448636187 0.383629173 0.323708402 0.272346719 0.235449872 0.216854183 0.21295718 0.208142417 0.214042084 0.221782597 0.216489687 0.198077032 0.180126663 0.194965483 0.231077254 0.261161855 0.285957794 0.295744452 0.277941203 0.268614618 0.285069196 0.2848648 0.279280182 0.304716435 0.357895566 0.380286714 0.423043326 0.453235931 0.474767527 0.502049807 0.50719094 0.507864053 0.544577022 0.554867845 0.587289454 0.630082854 0.665965548 0.703291036 0.76966692 0.906100089
3.414409701 3.315668961 3.070003993 2.797885856 2.442511322 2.136358235 1.790720155 1.407711243 1.127114869 0.910437782 0.845184142 0.872815028 0.91680052 0.896763871 0.770546321 0.640332466 0.614225923 0.64353802 0.62629662 0.513163686 0.369786925 0.327500631 0.34396624 0.373090676 0.402138161 0.432256726 0.448671402 0.429536914 0.389460009 0.385892228 0.391896465 0.379998644 0.389849709 0.417439907 0.412582769 0.375669857 0.397943775 0.451762055 0.470626692 0.507157645 0.56237122 0.604664267 0.679744466 0.736585644 0.777531532 0.770356623 0.768535188 0.759929535 0.755605055 0.787467579 0.814487226 0.878702267 0.95701206 1.00903667 1.035931753 1.093890169
3.273176902 3.046548925 2.784346463 2.635063953 2.323625318 2.070300747 1.795634336 1.511249575 1.371621678 1.168090093 1.072117302 1.145534101 1.193014032 1.188312657 1.168428513 1.073520107 0.97560609 0.975421222 0.884615176 0.811752165 0.774080108 0.748340157 0.704379694 0.654860458 0.614468998 0.598403683 0.621178711 0.650436268 0.659348792 0.657749188 0.643785577 0.623399159 0.617271871 0.610125368 0.546083553 0.498950947 0.587282411 0.628783542 0.661560101 0.74205955 0.834952225 0.864036265 0.939289923 1.006968087 1.086133416 1.108194119 1.092882361 1.094274223 1.116375905 1.115092309 1.122500631 1.186181791 1.240673359 1.27919158 1.290508895 1.302532852
3.038615745 2.774465131 2.633638913 2.462496515 2.297684492 2.17466132 1.994323451 1.822534541 1.618538168 1.561566722 1.4359341 1.374511339 1.355544722 1.359225193 1.319378556 1.312913781 1.329985564 1.255018113 1.127572032 1.055987144 1.040602336 0.979640987 0.886914553 0.877272454 0.844942057 0.84335875 0.87735441 0.894404366 0.907623209 0.917922123 0.937127217 0.945726701 0.944122556 0.921232975 0.858369865 0.904757064 0.895193545 0.89416001 0.982415513 1.14567962 1.169760013 1.137952204 1.173918834 1.259148121 1.332295826 1.356953289 1.411539386 1.430633361 1.403899398 1.38688914 1.390526304 1.475604367 1.574782655 1.592639717 1.597327762 1.61621673
2.976663352 2.754881862 2.693611023 2.524204843 2.333219454 2.231378108 2.100225131 1.924952492 1.737057522 1.657003304 1.601082389 1.521139115 1.415353152 1.29683828 1.223810774 1.251682464 1.261545694 1.21579977 1.15005346 1.132164849 1.111312478 1.061749004 1.019357296 1.07124768 1.078540576 1.082091592 1.068288693 1.071705017 1.076810528 1.11053104 1.158982981 1.173236058 1.215143828 1.259206329 1.263239188 1.278211945 1.273783506 1.288019936 1.31987792 1.347588608 1.383316121 1.443399931 1.544030034 1.640242524 1.639294671 1.668165438 1.768877497 1.791235525 1.80453388 1.792206429 1.803922583 1.859651413 1.8260699 1.822914113 1.795579214 1.842224156
2.811186889 2.768501814 2.821186383 2.693374583 2.372225339 2.045903937 1.896661939 1.865266939 1.751018572 1.6493242 1.51045341 1.443002722 1.384702511 1.31214771 1.278740994 1.321527932 1.339253387 1.311143977 1.27999438 1.281726756 1.301420038 1.317122951 1.324370853 1.343170181 1.44844898 1.392620266 1.333064632 1.317196875 1.30750658 1.302975812 1.322328579 1.422391855 1.545453328 1.571168541 1.574281836 1.583081321 1.517611439 1.475722296 1.550780958 1.623965334 1.749928109 1.85814593 1.87173672 1.905854209 2.011502278 2.088023466 2.105535707 2.072813222 2.108479384 2.102694008 2.075933269 2.08218128 2.06519349 2.102396102 2.168256207 2.262499067
2.687903238 2.722958452 2.662277664 2.446927363 2.218134934 1.94160681 1.80334755 1.839000848 1.827837201 1.735872822 1.746624592 1.744526904 1.687164418 1.603725017 1.553142909 1.551490044 1.5292014 1.513879746 1.483591623 1.477765967 1.552408328 1.602422562 1.641649753 1.632920117 1.675244304 1.711867866 1.765176537 1.772279502 1.772809657 1.785501838 1.78261695 1.75982737 1.826300169 1.765350695 1.753630466 1.778435311 1.790209557 1.83199509 1.955299638 2.134909271 2.174598398 2.19529157 2.323588356 2.353201387 2.390784677 2.458092524 2.467140323 2.44609057 2.442496363 2.451946493 2.445637016 2.464951715 2.464984776 2.473749919 2.51884223 2.586873481
2.893576748 2.762359916 2.435915871 2.294927719 2.263432369 2.272232319 2.292541321 2.350766095 2.258136519 2.047561342 1.935587847 1.974837971 1.993891667 1.981213456 1.877569593 1.805746462 1.7895567 1.8198709 1.806900138 1.796265249 1.859970391 1.872621011 1.868417137 1.922508003 1.984635717 2.052712371 2.154394984 2.207579208 2.1525583 2.094164724 2.091004862 2.115917276 2.206729725 2.168797306 2.080474398 2.053943696 2.123638755 2.247253433 2.457942115 2.563961549 2.564721275 2.578239888 2.583247609 2.63283262 2.631699201 2.572844503 2.608505776 2.705138642 2.779650968 2.88606924 2.959360834 2.965095453 2.954388037 2.929955954 2.950493246 3.036462935
2.68473255 2.636752441 2.54650123 2.478351118 2.493177191 2.564900788 2.548354212 2.484129625 2.416238072 2.412900794 2.395943622 2.363899024 2.343890956 2.313051955 2.243314055 2.143789083 2.134967712 2.243470401 2.302403213 2.295069396 2.338581253 2.365442924 2.295929356 2.284650342 2.29595101 2.348464681 2.397873672 2.389457542 2.42016511 2.368678106 2.307491843 2.332396805 2.445770893 2.505296725 2.458725241 2.429246902 2.463028999 2.563491464 2.669863636 2.728483174 2.734181704 2.739657881 2.737209434 2.725916915 2.719611628 2.758334391 2.883955603 3.026055405 3.136859974 3.250229638 3.346375423 3.385276068 3.38300271 3.377858317 3.421835601 3.476004116
2.85557902 2.765199519 2.722693025 2.766031423 2.710421453 2.660100348 2.612888697 2.584556467 2.558865584 2.546549775 2.563023008 2.584786853 2.667288296 2.750969608 2.770128427 2.69716559 2.640621504 2.644613152 2.632460673 2.655840246 2.679658006 2.644600114 2.615016652 2.651423914 2.663278021 2.639131621 2.587524243 2.585900715 2.625109861 2.640940016 2.61705718 2.666552784 2.768164733 2.778505441 2.792823361 2.838783199 2.85604829 2.882451285 2.984715393 3.068383783 3.08092311 3.076233668 3.101156326 3.116744105 3.108463716 3.096865257 3.16172 3.283224534 3.400305286 3.512038616 3.588786582 3.637821646 3.670898266 3.715204075 3.788401606 3.859150223
3.157796105 2.982720151 2.953028074 2.964719082 2.931743162 2.875486272 2.754643327 2.713258844 2.714556293 2.715904266 2.743733115 2.828285564 2.91427318 3.013214096 3.016270231 2.986148931 2.940599341 2.857934684 2.837396925 2.866654424 2.899661893 2.903394401 2.900388092 2.945272718 2.975420095 2.934601158 2.89272028 2.917737002 2.949706279 2.934220247 2.961898455 3.019348485 3.048759187 3.084038384 3.118801396 3.171885852 3.223361913 3.32792406 3.483628388 3.587305546 3.635229543 3.644885495 3.679672489 3.712404286 3.718478838 3.68520082 3.686180105 3.734296653 3.815730102 3.904483747 3.981765825 4.046082031 4.126125714 4.191410728 4.301070701 4.370442824
3.280369914 3.237026045 3.182853106 3.188517876 3.183375811 3.143573646 3.108291654 3.087775316 3.066336038 3.107066499 3.161577508 3.227734705 3.304883139 3.328193678 3.34245665 3.342224751 3.289510729 3.237654921 3.26644117 3.333386732 3.411369631 3.437050153 3.400840797 3.376203822 3.388207173 3.387966659 3.346700221 3.330193926 3.380054841 3.411446232 3.437620588 3.488474758 3.583712736 3.662847681 3.713850398 3.755775979 3.819933161 3.907418111 3.992761485 4.073184449 4.126703134 4.140530946 4.130037036 4.161906429 4.221196286 4.235727014 4.234486027 4.259628477 4.321277374 4.405600484 4.485159181 4.55606333 4.602569854 4.678048426 4.749936983 4.751734203
3.516544821 3.504656022 3.497602418 3.470892785 3.452120116 3.384339856 3.399968613 3.430986544 3.448752221 3.462570021 3.465255955 3.505479777 3.540121252 3.560074605 3.59917176 3.633289598 3.652466694 3.693771781 3.729289398 3.786806716 3.868006635 3.922381205 3.889575368 3.801489016 3.761425149 3.769845469 3.716682782 3.695706837 3.721625544 3.754670499 3.814133117 3.947665449 4.118413664 4.238408757 4.29938524 4.345502704 4.372766707 4.397015087 4.422546597 4.462739453 4.513086285 4.513974534 4.497391405 4.533455707 4.614355275 4.669126822 4.694762873 4.719167249 4.744666629 4.811566323 4.916336155 5.002818303 5.029924912 5.018605385 5.056113238 5.062984768
3.760794876 3.764160909 3.783196677 3.769512288 3.727046773 3.669571597 3.659210168 3.697858891 3.744358197 3.756146645 3.747612005 3.794583725 3.836843185 3.840984311 3.871302586 3.929768689 3.998129396 4.085352411 4.186223727 4.221150884 4.30617691 4.413670395 4.449499305 4.39848681 4.374819575 4.362372216 4.305955954 4.241561517 4.196326248 4.156260751 4.210601095 4.373827018 4.565384239 4.705518484 4.750498571 4.780114396 4.797669593 4.786742851 4.777712049 4.804792115 4.845406394 4.813483916 4.736199044 4.752054811 4.834261257 4.947477719 5.051691318 5.122281611 5.158398068 5.187202711 5.22387051 5.238877377 5.257708021 5.279267672 5.319109187 5.343868397
