Environmental Parameters/RCP 85/2100/Net_Primary_Production.asc
ncols 720
nrows 360
xllcorner -180.00
yllcorner -90.00
cellsize 0.5
NODATA_value -9999
[rows 275 to 299 of 360, columns 224 to 279 of 720]
-9999.0 -9999.0 -9999.0 -9999.0 19.1007047 14.64096084 12.23368431 9.815359954 9.269042406 9.192221332 8.908134885 8.923126385 9.019182995 8.19893647 7.720277645 7.67893251 8.021183312 7.216291036 6.037418731 5.572997499 5.849227309 5.913099274 5.799198989 5.871874746 6.100353319 5.962487776 5.820506252 5.635252222 5.301611964 5.393781699 5.660913419 5.710422993 5.682310555 5.72277233 5.874506664 5.925932899 5.986078642 5.866510328 5.694255233 5.974977277 6.310687866 6.439731922 6.442826241 6.264691241 6.271225866 6.091257557 5.59800351 5.180345383 4.726815037 4.460081458 4.495702218 4.670350812 4.624904133 4.439243581 4.419671372 4.488349892
-9999.0 -9999.0 17.07203081 20.71855869 15.81592765 12.69491436 10.84709633 9.522481821 9.576996788 9.50209517 9.259383194 9.3306778 9.396066889 8.712313138 7.996858563 7.83875864 7.916411385 7.784733083 6.985395681 6.290372927 6.108056288 6.3775382 6.597131025 6.466315128 6.198492367 5.94014721 5.551623646 5.395123735 5.36663644 5.438211374 5.804178305 6.294307299 6.466835272 6.484201178 6.409005728 6.16819784 5.627231207 5.258040037 5.238986108 5.538129248 5.952836014 6.164856721 6.004015915 5.708871875 5.571485963 5.316731054 5.129562691 5.056712311 4.919682629 4.823032767 4.916476551 4.954689182 4.884159192 4.876768216 4.899721127 4.79215011
-9999.0 16.08935138 16.30929671 15.34464816 12.31885189 10.86040772 10.16368996 9.867537767 10.39570663 9.861301631 9.460158646 9.606809355 9.49909538 8.802175522 8.158692624 7.579831406 7.74178002 7.986977231 8.079203777 7.663954515 7.225981448 6.769217551 6.492336281 6.504246499 6.493729074 6.509051193 5.912674591 5.211060867 4.938302562 4.823852796 5.095026921 5.671234801 6.161089055 6.190861575 6.204833742 5.610633176 5.126630422 4.956371151 5.12201339 5.509709474 5.790847819 5.644494202 5.295759533 4.813336302 4.753848072 4.999925382 5.19425422 5.215273704 5.121859722 5.081062671 4.999834113 4.959735088 5.108182319 5.078365561 4.979317542 4.802859388
15.74592618 14.75951495 13.68173026 12.19892222 10.8374171 10.55889251 10.86213719 11.16622332 10.81967819 9.822439402 9.271708317 9.717056528 9.631982073 8.816360496 8.172860835 8.02682247 8.447623812 8.261781186 8.0876844 8.255701046 8.592435159 8.714271244 8.397457656 7.270826027 6.37092581 6.498259958 6.771881133 6.299559493 5.301333498 4.465179518 4.113493022 4.060874227 4.209902603 4.295074847 4.4028759 4.491797183 4.812081344 5.149998236 5.557406228 5.8892495 5.749133416 5.361616146 5.044935271 4.848697688 4.798226058 4.887658637 4.891692661 4.73809801 4.531437997 4.564465024 4.737905692 4.868917167 4.83820308 4.777532304 4.711319692 4.581345944
16.69118647 15.01053665 12.68775342 10.92015905 11.22900844 11.76827494 11.83294691 11.54075377 10.9229451 9.852215648 9.021121077 9.616486728 9.964197874 9.335916489 9.023633786 9.256634861 9.946553968 10.4518896 9.938182309 9.087531827 8.940865286 8.970775642 8.908473887 7.41871167 5.885377526 5.962604191 6.652012467 6.797510199 6.23008702 5.26607642 3.835509997 3.194014542 2.904726192 3.029508982 3.368308768 3.635992296 4.183414858 5.250841845 5.860714242 5.937851034 5.722763948 5.436150357 5.091139581 5.038185976 5.029910244 5.023651291 4.881414119 4.579613451 4.562001908 4.745918093 4.853932187 4.98083327 4.929607036 4.751335597 4.769241204 4.890890792
14.76772362 12.13721093 11.47069084 11.46338135 12.45260006 12.93262467 12.91939244 11.91163063 10.59685927 9.319567122 8.878342807 9.560151957 10.48220322 10.99074353 12.33200449 13.32540624 13.78634293 13.31307925 12.35719305 10.97862795 10.1386169 9.68684908 9.103064425 7.092747837 5.867935717 6.104171276 7.039430551 6.925798953 6.414926145 5.829960108 4.764494486 3.743724898 2.919149585 2.735957038 2.789716702 2.853342332 3.211803269 3.953043837 4.665178712 4.873146303 5.050356034 5.136999534 4.987838678 4.931590287 5.075396271 4.991409369 4.693553783 4.575005267 4.770906409 4.983334104 5.041080527 5.046645412 5.046615144 5.275066011 5.328611936 5.036813905
10.22060541 10.90361411 11.08438615 12.30633305 13.54077645 14.48787563 13.8157839 12.14213017 10.34975983 9.362948127 8.855152875 8.87287315 10.75876877 14.91736434 18.01273599 20.3055758 20.95382567 20.31316608 18.10290571 14.6662062 11.79991663 10.27909946 8.760483935 6.477950606 5.936706904 6.515801884 7.081422955 6.669090595 6.289608777 5.924959201 5.138220731 4.117990378 3.354047425 2.812260762 2.731889952 2.830054145 2.922964748 3.039372154 3.605375066 4.163048929 4.611887271 4.920744104 5.073778564 5.141241709 5.096854875 4.822199 4.619747633 4.761234624 5.080960924 5.249665817 5.280722398 5.401135422 5.354571622 5.351600703 5.219253944 4.703714978
11.36652008 11.86145563 12.46228162 13.22006714 14.56598006 14.31632135 12.57044729 10.85136272 9.482605383 8.52960255 7.96621386 7.89628271 8.98306258 15.62428474 31.39116243 43.24856307 46.01762444 43.51029126 35.13923939 26.12725971 17.79301232 11.61976438 7.925015874 6.292680744 6.315764971 6.766556762 6.829163525 6.535171997 6.216477137 5.848571192 5.1265941 4.099806771 3.318013158 2.9075169 2.679467667 2.627518028 2.893039957 2.906487323 2.960884944 3.348912578 3.74112837 4.11077193 4.436107585 4.719749559 4.871215438 4.797307309 4.656140693 4.844911397 5.121445516 5.247134948 5.356059177 5.521952407 5.449620308 5.201369058 4.8800488 4.341261694
13.08307564 14.26295331 15.2749829 15.01648966 14.8707591 13.3202672 11.02970261 9.674225003 8.517467417 8.044261485 7.885730825 7.993998006 9.438700974 16.9265233 31.11182898 38.00302651 41.64566845 49.83822422 31.8471184 21.97954524 24.76702258 11.08603925 7.159929257 6.333241239 6.461062469 6.554418243 6.385567132 6.470894907 6.266066339 5.615554284 5.072634201 4.093876574 3.217280842 2.75687431 2.62692757 2.742501674 3.200940322 3.251960035 3.180889878 3.208803944 3.360693809 3.584306221 4.002786707 4.505800549 4.733124282 4.626049893 4.530332983 4.628256429 4.766538972 4.891611403 5.02202753 5.197192077 5.158653483 4.909665324 4.573955666 3.855358576
14.14813427 17.03946618 17.52837561 15.96883032 14.30257782 12.11563405 9.852658026 9.21655912 8.698269725 8.260315284 7.765478455 7.461876608 8.345640264 9.639785625 11.69284713 17.2457993 32.05769742 31.73283581 28.44399353 12.24029763 7.589217741 6.846876349 6.356147584 5.984113086 6.06136024 6.184253376 6.27452461 6.151730195 5.786289461 5.075251684 4.407372791 3.978457302 3.484085668 2.878442407 3.049992491 3.40305455 3.696194384 3.672001883 3.501207102 3.410214093 3.462055931 3.512609517 3.649283899 4.186545731 4.385323729 4.373158328 4.361001542 4.423436709 4.50673094 4.550976446 4.634065554 4.766426282 4.453728441 4.171206616 3.789282637 3.304363228
17.08304556 19.94762989 19.83803743 16.66646125 14.15710989 11.29567157 9.544674307 8.601796813 8.668984286 8.867110126 8.563939948 7.298598532 8.139613084 8.135862648 7.741646841 7.253306452 7.682655938 7.782097906 6.317564752 6.54785987 6.619798951 6.451072637 5.928096361 5.875134375 6.146403961 6.291359197 5.940652918 5.245839711 4.860336427 4.490062129 3.964758012 3.678352805 3.512348281 3.42649268 3.60681396 3.847126383 3.99832055 3.806771711 3.307896201 2.931999508 2.961738734 3.164765425 3.538251156 3.984489245 4.233207554 4.164288752 4.174978472 4.238299094 4.253468942 4.273711005 4.436183255 4.465394653 4.234219436 3.836032702 3.23845027 2.883903915
19.96041229 21.52062254 23.63106329 19.12073977 15.44940006 12.61479873 9.222447872 6.285856012 8.257053327 9.36475303 8.55686143 7.862115745 7.829973474 7.809879258 7.409596816 7.087097503 6.883257069 6.707234774 6.459834054 6.28100289 5.858425982 5.509633571 5.562979262 6.025252398 6.323664915 5.972024985 5.1264707 4.257495515 3.910790663 4.146256484 4.107844783 4.048129544 4.309174605 4.227627767 4.064430483 3.998216707 4.083412699 3.954407293 3.384044627 2.979493467 2.875217469 3.014033427 3.589647356 3.818820696 3.835393349 3.936410183 4.091102164 4.090793198 3.980450798 3.98629019 3.990502795 4.06884402 3.705632174 3.197320038 3.024075879 2.946453402
24.91249703 22.46426418 25.5320468 20.69586422 16.94644522 13.70269619 10.05849056 6.159988698 8.834498003 8.562704548 7.304189727 5.521015264 5.817938596 5.50839724 5.678202026 6.499378476 6.499151699 6.138169207 6.133002695 5.873485003 5.606026389 5.529304501 5.647716578 6.039416417 6.281732582 6.16093073 5.606817082 4.988445435 4.376678728 4.086369183 4.016945837 4.192727618 4.457587842 4.681476858 4.637750797 4.501746502 4.189402796 3.743075766 3.318830626 2.820976079 2.641030354 2.747732913 2.993463073 3.246032866 3.377656452 3.524478059 3.527040826 3.40470206 3.302821657 3.247372806 3.092203522 3.048503539 3.047413891 2.919383114 2.708337037 2.684047446
-9999.0 31.00181604 34.41822669 24.92791601 15.8553794 10.84036939 11.74115017 9.272973984 6.2517724 6.337811705 6.558326539 5.754848011 6.504062563 5.625329446 6.901803892 7.396833505 7.500464097 8.692250587 9.891746566 7.805661298 6.256975699 5.012339447 5.480916705 5.735121202 6.337130908 6.539941765 6.319169421 6.054498721 5.664489698 5.216945428 5.01844706 4.856483079 4.67004301 4.5465976 4.414187279 4.011023091 3.603279358 3.350282088 3.161317902 2.726378618 2.356082201 2.429291606 2.616724232 2.766766353 2.824165858 2.95387907 3.037865739 2.949447371 2.888865303 2.941376995 2.897803439 2.663122956 2.57638027 2.42955843 2.242210321 2.172303852
33.9398057 34.9347569 32.67407346 18.60333374 13.21504125 17.50236563 11.31955069 11.75217796 4.776105285 5.029978231 4.414011259 3.39432992 2.789859893 2.469828585 3.224246902 3.533706069 5.595043302 6.890859455 6.015121937 6.75978791 6.997916847 5.886987783 4.749993794 5.510908086 5.971570965 5.953129381 5.481882952 4.87398589 4.454760812 4.192956258 4.100904334 3.977415152 3.788908478 3.607696854 3.505323082 3.396214917 3.269611159 3.13098589 2.847658005 2.301123692 2.287389478 2.540142974 2.770378487 2.873328282 2.687051659 2.614490455 2.744696336 2.691575559 2.566454466 2.666074084 2.831511199 2.747642109 2.444997663 2.241684357 2.032868564 1.925003249
38.19430008 38.07588341 35.21724045 6.542818155 3.978964407 4.457585048 3.953046165 3.111107741 2.793052932 2.846016549 3.345442936 4.110024776 4.530089442 4.723451566 4.723452497 4.675907549 4.671400879 4.739785567 4.93545644 5.201948341 5.332536995 5.566557869 5.507101305 5.402992945 5.176619627 4.91592614 4.419732373 4.059402272 3.939153627 3.897625487 3.758175066 3.562791273 3.401257098 3.259607125 3.228904214 3.10048298 3.015933326 2.773325657 2.380063524 2.462441102 2.633614233 2.792700427 2.92297639 2.956801793 2.742372453 2.606273862 2.507254714 2.333618933 2.31287838 2.483461518 2.584092552 2.680091653 2.414621646 2.029531635 1.840834739 1.893404406
28.11629605 24.71331041 12.37733057 3.324598074 3.868536558 3.860642668 4.075784236 4.255807959 4.327170551 4.186284263 4.127072636 4.08334611 4.068125505 4.116974771 4.286290612 4.329565447 4.310274031 4.27478971 4.080010112 3.928315826 3.937633708 4.072806798 4.069213755 4.016764462 4.061605781 4.09106072 3.968991805 3.89090227 3.705612617 3.494503209 3.319591749 3.115793457 2.955965465 2.943411237 2.879841253 2.769105835 2.797237132 2.679825993 2.602346474 2.818770241 3.023443045 2.997493371 2.934902208 2.808552235 2.483472228 2.309780801 2.108232817 2.045365283 2.037689555 2.218222478 2.406091429 2.427333267 2.167077269 1.855455572 1.865789527 1.961338799
12.39309506 9.423287585 2.546960954 3.017483745 3.341790754 4.073902033 4.340569023 4.17830376 3.815216012 3.624699544 3.676632186 3.736998653 3.81254009 3.903293982 4.068342969 4.159891745 4.065437708 3.888707608 3.753219731 3.802404739 3.820028622 3.760592313 3.696543165 3.45397694 3.294713562 3.283093683 3.372749081 3.508772235 3.568388987 3.539113794 3.356662579 3.100711387 3.076937515 3.140646964 3.118074965 3.086469835 3.011096036 2.775937319 2.617386635 2.643858781 2.632351825 2.374198986 2.326158341 2.231060527 2.044547349 1.864780206 1.76259107 1.917435089 1.968189375 2.126578707 2.219331916 2.292443067 2.267894801 2.153434558 2.160347532 2.050053561
2.265194431 1.993279206 2.074368065 2.979979385 3.8267239 3.932678606 3.676205873 3.885378595 3.347452031 3.205528483 3.159165615 3.181087319 3.327902872 3.481729655 3.666893812 3.593403846 3.438268322 3.351912368 3.502384061 3.713041078 3.552577458 3.253217321 3.123849398 3.154512029 3.209324088 3.275071504 3.357695648 3.376877867 3.654647153 3.889143001 3.87793011 3.670016304 3.696834203 3.445692128 3.164330032 2.945823362 2.849193756 2.617642982 2.276198007 2.213573782 2.205918776 2.282909583 2.253508195 2.152994042 1.953949919 1.849485096 1.986708026 2.166710095 2.122305101 2.053682227 1.835866133 1.854519593 2.12879898 2.166752471 2.107363893 1.978475368
3.173522651 3.492024727 3.841099329 3.986080643 3.668210004 3.602562938 3.686242271 3.333588596 2.765755169 2.65714759 2.923831344 3.08286678 3.259823425 3.337661736 3.32759344 3.256638767 3.215697128 3.38517013 3.635554574 3.442784073 3.035573289 2.875211649 2.990902634 3.16646439 3.364515258 3.451112891 3.464124165 3.575751558 3.829134628 4.012280609 4.033623962 3.980779089 4.037181381 3.933086991 3.490174888 3.032028209 2.698013326 2.200993476 1.89139857 1.775325742 1.881835284 2.19678646 2.436586889 2.584982431 2.665432636 2.644763561 2.599611413 2.472922439 2.539432142 2.552309074 2.399759833 2.092653187 2.047900809 2.20337254 2.203607233 2.093363088
3.735280596 3.993596416 3.92548088 3.786424175 3.572628601 3.611564636 3.483302193 2.706287196 2.348238602 2.582212212 2.9610442 3.07795452 3.097785171 3.10397218 3.154881764 3.295351518 3.462804947 3.460965818 3.304505721 3.036982147 2.853083424 2.829688368 2.951044124 3.103443654 3.383178031 3.401159542 3.44024552 3.524756758 3.65663087 3.927004756 4.120286554 4.026239039 3.979878267 4.104789114 3.688166151 3.114668885 2.523798496 1.93740637 1.706575742 1.740478212 1.969495555 2.468826016 2.604377456 2.684979932 2.811306855 2.785510151 2.606487134 2.423181199 2.518024528 2.806663979 2.962985775 2.638448495 2.305799164 2.278264379 2.190687228 2.041340107
3.240601392 3.455213271 3.569195513 3.784627188 3.645772813 3.659172449 3.651361447 3.385127522 2.981169149 2.58140848 2.558922628 2.704456216 2.743421588 2.842624439 2.965115476 3.14366282 3.248295048 3.282249207 3.269088455 3.140392946 2.993326634 3.184467554 3.36903194 3.360521747 3.313381225 3.203911241 3.127263859 3.166219452 3.563226433 4.105246859 4.228107631 4.117561504 4.200336291 4.199347692 3.965722863 3.253925825 2.650780836 2.130571054 2.020807937 2.503792755 2.890817355 2.973432187 2.729938598 2.566852141 2.514543012 2.443360863 2.276685555 2.244582167 2.585942624 2.844585571 2.787898993 2.496544039 2.12133117 1.881533302 1.803822117 1.758260187
2.911631018 3.097712062 3.289013403 3.52048222 3.500427585 3.50372633 3.561181016 3.601304954 3.440120723 3.234933829 3.030627267 2.918224549 2.972778166 3.108903999 3.243601881 3.473365447 3.476923099 3.41248 3.344246186 3.200036241 3.244051943 3.3479454 3.325446509 3.281590063 3.27477348 2.989427419 2.933573211 3.228069982 3.684141207 4.016948631 4.270673497 4.540820373 4.414206138 4.251278937 3.918201895 3.422734328 2.851218916 2.558862558 2.652927535 2.981156809 3.248583293 3.255564952 3.09145241 2.691973466 2.181740245 1.786084147 1.743292436 2.101603197 2.705265768 3.090675687 3.186463378 2.864693059 2.450097585 1.975905616 1.795466291 1.880895346
3.20692407 3.286585212 3.298231633 3.359419294 3.425366711 3.458700376 3.342363518 3.246258479 3.237334313 3.253375413 3.345304867 3.398927161 3.440274391 3.473347519 3.557329066 3.545310348 3.396653105 3.270586953 3.231778508 3.37352627 3.598043928 3.668069607 3.630904714 3.406506497 3.342699492 3.350021783 3.50196939 3.936542664 4.037585109 4.112334456 4.472969333 4.587737378 4.319938598 3.849254921 3.5323333 3.064521588 2.614294644 2.597334329 2.655373188 2.692687791 3.026789054 3.371717641 3.504787106 3.187749768 2.481225645 1.976969419 1.897121547 2.06777663 2.564534079 3.089730628 3.131441073 3.073446685 2.881208202 2.734013367 2.683218569 2.765496261
3.111511469 3.126755822 3.149763914 3.042653436 2.885176567 2.754676621 2.911728108 3.168411087 3.338708309 3.315017791 3.379431786 3.504718654 3.513960401 3.600414144 3.526119748 3.150342032 2.904912923 3.160752822 3.534989664 3.699930152 3.905165009 4.061718006 4.030349432 3.983023111 3.960740753 3.91147146 4.228740698 4.453903064 4.469907843 4.385270877 4.523915704 4.650183488 4.553447478 4.229824524 3.596704686 3.075713757 3.049673978 3.167755669 3.226390341 3.235216951 3.292506095 3.459511092 3.477257211 3.335641231 3.01013072 2.786529716 2.624440007 2.604302717 2.824204741 2.98220152 2.817824716 2.679452999 2.677100478 2.802305389 2.684195759 2.640955849
