Environmental Parameters/RCP 85/2100/Sea-surface_temperature.asc
ncols 720
nrows 360
xllcorner -180.00
yllcorner -90.00
cellsize 0.5
NODATA_value -9999
[rows 225 to 249 of 360, columns 336 to 391 of 720]
25.53196144 25.44798088 25.37549782 25.3188591 25.2567482 25.18766022 25.10761833 25.01031303 24.9124279 24.82649994 24.75458717 24.67448807 24.59379196 24.52480125 24.45061493 24.36735344 24.27367592 24.18403244 24.10612869 24.02153587 23.93323326 23.8653183 23.79654121 23.71293068 23.62389183 23.53679466 23.46519089 23.40149689 23.3572216 23.3195076 23.28905106 23.28704643 23.26102829 23.22416115 23.14252853 23.04425049 22.95080566 22.8593483 22.77467918 22.65870285 22.52763939 22.37854004 22.23040771 22.01865959 21.74006653 21.53061295 21.33680916 21.03015327 20.69614601 20.08107758 19.35282326 18.78508568 18.42772198 18.97200108 -9999.0 -9999.0
25.53027534 25.44745445 25.36254692 25.28707123 25.21300507 25.13553619 25.05400467 24.95807266 24.86194038 24.7846241 24.72770309 24.65939522 24.58133507 24.5049572 24.41637039 24.3195858 24.22557259 24.13026047 24.04936409 23.96127892 23.87495422 23.79350281 23.71087456 23.61569023 23.52680016 23.44177628 23.3687706 23.30729485 23.26588058 23.24122238 23.23078156 23.23365402 23.20184898 23.12771606 23.02313995 22.90942192 22.7888298 22.67089272 22.55957222 22.3661747 22.25009537 22.18038368 22.12086105 21.96174431 21.68624306 21.41747284 21.24168015 20.98927498 20.54454613 19.92411804 19.20021248 18.60974407 18.13367081 18.5994761 -9999.0 -9999.0
25.48376846 25.41584778 25.34723663 25.25300789 25.16072655 25.06215477 24.97065544 24.88800049 24.80569839 24.73594475 24.68181229 24.60843277 24.5258503 24.44711685 24.36112213 24.26406288 24.17521286 24.08755112 23.99991608 23.90834045 23.81527328 23.72483635 23.62470245 23.51600647 23.42348289 23.34431458 23.27724838 23.21264458 23.1614399 23.11659241 23.10613632 23.08861351 23.03904533 22.94501495 22.82844925 22.71136284 22.58376884 22.44911575 22.25895691 22.1124649 22.01573753 21.97207451 21.96478844 21.8748455 21.63837242 21.35207748 21.13858223 20.88412094 20.42104912 19.84459114 19.20700264 18.59476852 17.90631866 18.23480749 -9999.0 -9999.0
25.36859131 25.32060051 25.26459885 25.19357109 25.11733246 25.01904106 24.91110992 24.82801056 24.74901962 24.67668343 24.60863113 24.54517937 24.4691143 24.39632416 24.32165337 24.22475052 24.13965607 24.05415154 23.95822334 23.85987473 23.76142502 23.65247917 23.5321579 23.41396904 23.33189964 23.25943756 23.20399284 23.16035652 23.11742592 23.05553246 22.98475266 22.93638229 22.87796593 22.79996872 22.6911602 22.5782795 22.44831467 22.32490921 22.18775558 22.09296227 21.97958565 21.88986015 21.88876152 21.82414818 21.61933708 21.35006332 21.07430077 20.78134537 20.3927269 19.84640503 19.16127205 18.41640186 17.73037052 17.860425 -9999.0 -9999.0
25.23410797 25.18260765 25.13975334 25.08337975 25.02036667 24.94836044 24.87107849 24.78670692 24.69515419 24.60151672 24.51395607 24.44746208 24.38017273 24.32543373 24.25882339 24.17996788 24.09677505 24.01006317 23.91147423 23.80578804 23.70536423 23.58493423 23.45264244 23.35043144 23.27217865 23.21204567 23.17126656 23.13071823 23.08058167 23.01102066 22.93151093 22.87233353 22.81286812 22.73085594 22.62286377 22.50453949 22.39283562 22.28799629 22.19453621 22.10987854 21.99421883 21.88878059 21.83105469 21.78086281 21.64775085 21.40774155 21.102005 20.75368881 20.33318138 19.78788757 19.05587959 18.24821758 17.61672306 17.57015991 -9999.0 -9999.0
25.1849823 25.09340477 25.03585815 24.97977829 24.90598297 24.84504128 24.7922802 24.73212814 24.6468544 24.54868889 24.44165802 24.34789085 24.26843643 24.21423912 24.15055084 24.07592201 24.0007782 23.92742729 23.84089851 23.75185585 23.66239738 23.56476784 23.45932007 23.37220192 23.28834915 23.20953751 23.14963531 23.09243965 23.02069855 22.94464111 22.88580513 22.82911491 22.75684166 22.66394234 22.54723358 22.43712616 22.34389687 22.25858307 22.16132545 22.06806374 21.96729279 21.86923981 21.78544998 21.71269798 21.6116581 21.44764137 21.17224884 20.77572441 20.31578636 19.69467163 18.99345112 18.27577305 17.57606697 17.17865372 -9999.0 -9999.0
25.1102066 25.00374985 24.94103622 24.87943268 24.80608559 24.74280167 24.68775177 24.63593864 24.55857468 24.45810699 24.34971237 24.24384117 24.15950966 24.10078621 24.02647972 23.94719124 23.8819313 23.81715202 23.74397087 23.67383385 23.61586571 23.54718399 23.47650337 23.39671135 23.29883194 23.20731926 23.13570976 23.06300735 22.97484589 22.89883232 22.83530807 22.77781105 22.69749069 22.59122276 22.47242165 22.37530136 22.29802895 22.2188282 22.12757492 22.04204941 21.94627953 21.84767532 21.74925613 21.64708138 21.53926849 21.43530273 21.22272491 20.82654953 20.36305428 19.80920219 19.17549133 18.49125862 17.73563862 17.21383572 -9999.0 -9999.0
24.94825745 24.86701965 24.81398964 24.75256538 24.68329811 24.61309433 24.54650497 24.49215889 24.41854095 24.33753395 24.27224922 24.20514679 24.11769295 24.04263496 23.95786095 23.85945129 23.78334808 23.71597481 23.64766693 23.58531952 23.52763939 23.4615593 23.41670799 23.32783318 23.22294235 23.13659286 23.0578804 22.96733475 22.891119 22.83871078 22.76815414 22.69371986 22.61762047 22.51605988 22.40963936 22.32385254 22.24876404 22.16278458 22.07779884 21.99591637 21.90579605 21.81533432 21.72237778 21.62705612 21.51529694 21.41977882 21.27957726 20.99743843 20.59492302 20.03829002 19.52795219 18.92387581 18.12814903 17.27513027 17.38617802 -9999.0
24.73361206 24.68439865 24.64241028 24.57944489 24.50442314 24.43042183 24.36850548 24.31495094 24.26193237 24.22543716 24.20135689 24.15811539 24.08679962 24.00940132 23.91419411 23.82990456 23.73975563 23.66116714 23.5839138 23.50535393 23.4444046 23.36247063 23.29647064 23.20614052 23.11462402 23.03367615 22.95881844 22.88598061 22.82652664 22.77194595 22.69930267 22.62642288 22.54413605 22.44880676 22.35764503 22.27658272 22.201334 22.12878799 22.03818893 21.96032143 21.87103844 21.78785706 21.69557953 21.59612846 21.4881897 21.34627342 21.18894386 21.0132122 20.73163414 20.45726204 20.13825226 19.62046623 18.78955841 17.56071472 17.45978928 -9999.0
24.4345932 24.40843773 24.39056015 24.36702156 24.31080246 24.26594543 24.2256794 24.17892456 24.14392662 24.12262344 24.09461021 24.04807091 23.96378708 23.89995003 23.8212719 23.74028015 23.66390038 23.57944489 23.48330688 23.39691544 23.34356308 23.28673363 23.21086884 23.1229763 23.04330444 22.95580101 22.87604332 22.80767441 22.74247551 22.67417526 22.60839653 22.54017258 22.4606266 22.37634468 22.3063221 22.24694824 22.19612885 22.15747833 22.11079025 21.99065971 21.87799263 21.77362633 21.67010689 21.56296349 21.45784187 21.33138466 21.19620323 21.04236984 20.91443634 20.80840111 20.68891907 20.36851692 19.74946785 18.61681747 17.73184109 -9999.0
24.14634514 24.15547943 24.18923187 24.17881966 24.15804672 24.15319061 24.1350174 24.0886116 24.04272652 24.00920868 23.97787666 23.92860222 23.8552742 23.78428078 23.71663666 23.64961243 23.57977486 23.49744415 23.40664101 23.33044815 23.27694893 23.23199654 23.16486168 23.07552719 22.98583603 22.88757515 22.79909897 22.71543884 22.6440506 22.58555794 22.52341652 22.45811272 22.38374519 22.31524849 22.26735115 22.22642326 22.19147682 22.16433144 22.10063171 21.9968586 21.86690331 21.75438499 21.64036942 21.53250885 21.43067169 21.33338737 21.24272156 21.14516258 21.07239723 21.05722046 20.9730835 20.73945618 20.24670219 19.32424355 18.00154877 17.39189434
23.91396523 23.92303658 23.95164871 23.9512043 23.96065712 23.96622849 23.94942856 23.91571045 23.8700676 23.84664154 23.83646584 23.81337929 23.74085236 23.64086723 23.55352974 23.48859787 23.42576027 23.36770821 23.30019379 23.22344208 23.17243576 23.13648033 23.08635521 23.00882339 22.92133331 22.83694267 22.75000763 22.64676666 22.57380676 22.51199722 22.45767784 22.3991127 22.35144806 22.29906845 22.25065422 22.18569756 22.12056351 22.0534153 21.97793388 21.89167786 21.80420876 21.72197342 21.65516472 21.57273102 21.47028732 21.34661293 21.24196053 21.16391945 21.11795425 21.11330986 21.07502365 20.83144569 20.23257446 19.46063042 18.66460609 17.88673115
23.71940041 23.71178246 23.74656296 23.77603531 23.77411842 23.75783157 23.73895645 23.72165871 23.70121002 23.68162918 23.66482544 23.64632034 23.57427025 23.47794914 23.39095497 23.32431793 23.26700211 23.22093201 23.16411018 23.11050415 23.06773949 23.04264641 23.00100136 22.94507408 22.88039589 22.81178474 22.74629211 22.6725769 22.60260963 22.5161972 22.45816422 22.39403725 22.33936501 22.28398895 22.2220192 22.14185524 22.06415939 21.98732948 21.91010284 21.84944534 21.7870388 21.72211075 21.6605072 21.57542801 21.46217918 21.33184624 21.20994377 21.10360718 21.0387516 21.02073479 20.98644829 20.78794479 20.21618462 19.53104591 19.04501152 18.3833704
23.57509232 23.55686378 23.55118179 23.53459549 23.52090645 23.4955864 23.46846581 23.45495987 23.46923256 23.46913528 23.44174194 23.39328575 23.33976364 23.27516556 23.21219826 23.14142418 23.08333206 23.04560471 22.99415207 22.95524025 22.93362236 22.91786385 22.89034462 22.84703255 22.80255699 22.75184441 22.70588493 22.65305328 22.58764267 22.52173996 22.43123245 22.346035 22.278759 22.22040939 22.14890289 22.07143784 21.99877167 21.93018723 21.87421227 21.81882477 21.76186943 21.70424652 21.63528252 21.54872704 21.44602966 21.33774948 21.25295258 21.19189835 21.10534477 21.04367638 20.93698883 20.73858452 20.33205223 19.77000809 19.26780319 18.77340126
23.37598228 23.34554291 23.29682922 23.2434864 23.21266747 23.18174744 23.15886307 23.13707352 23.15098381 23.15628433 23.12472916 23.09623909 23.06080246 23.02988434 22.99047279 22.93131065 22.88315582 22.84456825 22.78837204 22.73936272 22.71397209 22.70023155 22.69716072 22.6710186 22.64165306 22.59582329 22.56189537 22.52960014 22.48077583 22.41584206 22.34239006 22.25797272 22.1839962 22.12372208 22.05823135 22.00433159 21.95777702 21.91018295 21.84756851 21.77311325 21.69901848 21.62488747 21.55579567 21.48488617 21.41083717 21.35280228 21.31448174 21.27742577 21.2235775 21.14562607 21.01771927 20.83085442 20.58595848 20.18947792 19.68100548 19.20741081
23.14901543 23.12751579 23.0843792 23.03969193 22.98173523 22.94326019 22.90697098 22.88650703 22.88612747 22.85776138 22.8169899 22.79656601 22.78828239 22.78755379 22.77137947 22.74836349 22.72676277 22.69255447 22.63262367 22.58322525 22.54412079 22.51405525 22.50945091 22.49408913 22.46312141 22.43080521 22.39435959 22.35967827 22.31523895 22.25098228 22.19331932 22.12449074 22.0617466 22.0101757 21.97262955 21.94030952 21.89423752 21.84653091 21.77873993 21.69549179 21.61367607 21.5418148 21.46800232 21.41351509 21.37200356 21.34275055 21.3283596 21.29414749 21.24630737 21.15860939 21.02817726 20.86272049 20.65915298 20.32487488 19.85565186 19.63087082
22.93499565 22.89475632 22.84412956 22.79408264 22.7660408 22.75689125 22.74012566 22.73234558 22.71971893 22.64918137 22.56778717 22.53070641 22.58260155 22.59449005 22.60366249 22.61443138 22.60501099 22.5625782 22.4974556 22.44299126 22.41630745 22.38913155 22.359272 22.35530472 22.33470345 22.30514908 22.25456429 22.20693588 22.16757011 22.12257576 22.06246376 22.00269127 21.95218468 21.90488815 21.86918831 21.83792305 21.79552078 21.74672318 21.69362068 21.62681198 21.56303024 21.50900269 21.44775391 21.39660072 21.36345863 21.33579636 21.32035255 21.29487038 21.22193718 21.12235641 20.99131203 20.84024811 20.68327141 20.45002174 20.10291862 19.91773033
22.69098473 22.6488266 22.59865189 22.57654381 22.58115387 22.58545685 22.56726456 22.54852676 22.51240921 22.44030571 22.3522892 22.32311058 22.35806084 22.40146828 22.4183712 22.4423275 22.43958855 22.40660667 22.34537125 22.27892303 22.23449326 22.19869232 22.17100334 22.15660286 22.1558094 22.14395142 22.10370636 22.0574131 22.0286293 22.00274658 21.95778084 21.87975311 21.82450485 21.77323341 21.73261833 21.70522308 21.68195724 21.66993713 21.64857674 21.61497879 21.56529427 21.52880287 21.47670746 21.41171646 21.37412071 21.34184265 21.31680107 21.2635498 21.18462753 21.06671333 20.95368576 20.8274231 20.70306778 20.55765533 20.34554672 20.18666458
22.42943764 22.41987038 22.39506149 22.39713097 22.39642906 22.387537 22.36970711 22.35997009 22.30390358 22.26380157 22.20825005 22.16994095 22.16849327 22.15779114 22.14698982 22.15848541 22.18001938 22.17812538 22.13205528 22.07978439 22.02231979 21.97517586 21.95211792 21.93698692 21.94433022 21.94201851 21.91151237 21.88846397 21.88582039 21.88138008 21.84709358 21.79257393 21.73573685 21.68797112 21.63829803 21.60263443 21.58168602 21.56860924 21.56221962 21.54894638 21.52950859 21.50654793 21.4577179 21.39975739 21.36099434 21.33677292 21.30195236 21.25184631 21.18004417 21.07387924 20.9740963 20.87071419 20.76575851 20.62569427 20.46680832 20.31930733
22.20282555 22.18209839 22.13264847 22.14712334 22.1546936 22.13662529 22.10798454 22.1236763 22.11557961 22.09409714 22.07120514 22.01075745 21.9270401 21.84694481 21.82480621 21.84708405 21.84031296 21.82019234 21.81411171 21.79716682 21.78010178 21.71634483 21.68642807 21.6856041 21.70988083 21.7358532 21.74118996 21.75032043 21.75635338 21.74595261 21.71355057 21.6689682 21.63473892 21.60227776 21.56780434 21.53910637 21.52540588 21.51163483 21.49106789 21.47153473 21.46269608 21.45242882 21.41648865 21.37391663 21.35882568 21.35245895 21.3421669 21.30252457 21.25417519 21.15443039 21.04438972 20.93224335 20.79931641 20.62677193 20.45361328 20.28655624
21.83480453 21.78708839 21.73721504 21.79779434 21.81715965 21.7802887 21.76219368 21.7858429 21.79497337 21.78997231 21.81264877 21.83069992 21.73163223 21.61366653 21.56207466 21.55047226 21.51266098 21.48134041 21.47128105 21.46256256 21.45703506 21.4244442 21.39657593 21.40500832 21.45442009 21.51209259 21.54924011 21.58182526 21.60055733 21.60188484 21.56586838 21.528162 21.51134491 21.49646568 21.4838047 21.47701073 21.47217751 21.45274544 21.41761017 21.39468384 21.39305115 21.39919662 21.39352989 21.38355637 21.37483215 21.37458038 21.38066673 21.37165642 21.31611252 21.25225639 21.17415047 21.06833267 20.92267418 20.72013092 20.48683929 20.29286575
21.37406731 21.32374382 21.33409882 21.40130424 21.4724884 21.43732834 21.42080498 21.42899323 21.44006538 21.44864082 21.50334167 21.56720352 21.56111145 21.50267029 21.41593933 21.3935318 21.33508492 21.27679253 21.27183723 21.21744728 21.17025185 21.13438416 21.12890244 21.12772369 21.17676353 21.25096512 21.31625938 21.40639305 21.46985817 21.49179077 21.48650169 21.46343994 21.4105854 21.40404701 21.399086 21.40937042 21.41997337 21.3680191 21.31894684 21.29702187 21.30743408 21.31420517 21.33021164 21.35368156 21.36316299 21.40026474 21.4141655 21.3998909 21.34861183 21.29349136 21.26387978 21.20472908 21.1043644 20.94063377 20.71842766 20.38759613
21.08253479 21.04756355 21.06213188 21.11433792 21.1944828 21.18220139 21.14003181 21.12160873 21.12025642 21.10289764 21.14365578 21.19536591 21.226017 21.22181511 21.21349335 21.23100281 21.20407104 21.12703514 21.0786705 21.02521706 20.9539547 20.87574005 20.87592506 20.8914566 20.91908646 20.97681427 21.04325676 21.12583733 21.21715546 21.3062706 21.37780952 21.40017891 21.38904762 21.38666153 21.39500427 21.4190464 21.42302895 21.33952904 21.26989746 21.22465515 21.23099327 21.23582077 21.24827957 21.28635597 21.3280735 21.35922813 21.3586998 21.32718086 21.28059196 21.23309898 21.25528145 21.27671051 21.2621727 21.22618103 21.10852814 20.80997086
20.84083748 20.87062836 20.86381721 20.86899376 20.86143875 20.8150425 20.75569534 20.70386696 20.64884949 20.6203289 20.66445541 20.79644966 20.86669731 20.84635735 20.84441376 20.89270782 20.92057419 20.86287308 20.81881142 20.79208374 20.67193985 20.56641197 20.58300209 20.64216232 20.7040844 20.76094246 20.80475235 20.8479557 20.88559151 21.03820038 21.19735527 21.27394104 21.34066391 21.38213348 21.40694046 21.42225075 21.42586899 21.39787674 21.30311584 21.21905327 21.15878868 21.13887405 21.14644623 21.18307304 21.2312088 21.25640869 21.2520237 21.22737694 21.1890831 21.18998146 21.24251556 21.29348373 21.32155418 21.35787392 21.37341499 21.33715248
20.53829765 20.53633881 20.50148201 20.46403122 20.44012642 20.38162041 20.30626297 20.21659088 20.1439724 20.13663864 20.23676872 20.3555584 20.42659569 20.41950989 20.40058327 20.44042015 20.48320961 20.45956993 20.43870544 20.3939476 20.29666901 20.21777344 20.23440361 20.31183624 20.38446236 20.43050003 20.4629631 20.50156212 20.57561684 20.69491005 20.84911919 21.01203537 21.14298248 21.21354103 21.2359066 21.24559784 21.2593689 21.28119659 21.25940132 21.15217781 21.00671768 20.98915291 21.01147652 21.03084564 21.05582809 21.09287834 21.12472534 21.1587944 21.19337273 21.22398376 21.2796154 21.35077286 21.42165565 21.49908638 21.55520439 21.62831688
