Environmental Parameters/RCP 85/2100/Sea-surface_temperature.asc
ncols 720
nrows 360
xllcorner -180.00
yllcorner -90.00
cellsize 0.5
NODATA_value -9999
[rows 50 to 74 of 360, columns 280 to 335 of 720]
1.973792017 2.392307043 3.129936934 4.019830108 4.419409037 4.197880745 4.222334862 4.16615963 4.30307579 5.260701656 6.20028019 6.711135387 7.232593536 7.753826618 8.05890131 8.131323338 8.280014992 8.303318977 8.473686218 8.6419487 8.747040749 8.820167542 8.876132965 8.881785393 8.907507896 8.821410179 8.72520256 8.609879494 8.510005951 8.486859798 8.539881229 8.491511822 8.278222084 8.193677425 8.049757957 7.487839222 7.144806385 -9999.0 -9999.0 -9999.0 -9999.0 -9999.0 -9999.0 -9999.0 -9999.0 -9999.0 -9999.0 -9999.0 -9999.0 -9999.0 -9999.0 6.952194214 6.215580463 6.034259796 5.962358952 6.199596882
2.898817897 3.368078589 4.019016623 4.425685644 4.427555084 4.37442565 4.486927509 5.260807037 5.984631538 6.717763424 7.272589207 7.610657692 7.78524828 7.858589649 7.828454494 7.858368874 7.786910057 7.89005518 7.978182316 8.337389946 8.476436615 8.692447662 8.769601822 8.887593269 8.916194916 8.982720375 8.942113876 8.914190292 8.870875359 8.839850426 8.887025833 8.917253494 8.861432076 8.66951561 8.417463779 8.120085716 8.004749238 -9999.0 -9999.0 -9999.0 -9999.0 -9999.0 -9999.0 -9999.0 -9999.0 -9999.0 -9999.0 7.84706974 7.748806477 7.552447796 7.439313889 7.335754871 7.430231571 7.60000658 7.946733475 8.266916275
4.985190988 5.456466436 5.498560905 5.481965542 5.533813477 6.038625717 6.528031349 7.066833019 7.420299053 7.523180485 7.565869808 7.596212387 7.559185505 7.463652134 7.354997158 7.34152317 7.394652367 7.473642826 7.658981323 7.867473602 8.14410305 8.353238106 8.549528122 8.695061684 8.891461372 8.991122246 9.092064857 9.099527359 9.043816566 9.019273758 9.00668335 8.956805229 8.878523827 8.830783844 8.819494247 8.889038086 8.941110611 8.853041649 8.751127243 8.581501007 8.547280312 -9999.0 -9999.0 8.540612221 8.617567062 8.699742317 8.752065659 8.769842148 8.817630768 8.844457626 8.860237122 8.990720749 9.133698463 9.282694817 9.326519966 9.153261185
6.415206909 7.010032177 7.084052086 7.044113636 7.162401199 7.288332939 7.374179363 7.41224432 7.402656078 7.387462616 7.312797546 7.273435593 7.198238373 7.11334753 7.099107742 7.143614292 7.248401165 7.382182121 7.530164719 7.823455811 7.964985847 8.245114326 8.434073448 8.657992363 8.79681015 8.935511589 9.059165955 9.094439507 9.108597755 9.078635216 9.084226608 9.046118736 9.106842041 9.148832321 9.167019844 9.239787102 9.206851006 9.176588058 9.116962433 9.191532135 9.26607132 9.19299984 9.073712349 8.996526718 9.075725555 9.205781937 9.281944275 9.33419323 9.434544563 9.477433205 9.554849625 9.620977402 9.715003014 9.802377701 9.743532181 9.684663773
7.864975929 7.913945675 7.511523724 7.337780952 7.248800278 7.234748363 7.172544956 7.043013096 7.060135365 7.138234138 7.210204124 7.2895751 7.311332226 7.340198517 7.239244938 7.264975071 7.309509277 7.44568491 7.575831413 7.808617592 8.029145241 8.237746239 8.466631889 8.65663147 8.810535431 8.91718483 9.0173769 9.060160637 9.096488953 9.178756714 9.255028725 9.296323776 9.311897278 9.319329262 9.361129761 9.373448372 9.396665573 9.396651268 9.408654213 9.460899353 9.492683411 9.502782822 9.482170105 9.499957085 9.56659317 9.649622917 9.724984169 9.76337719 9.775066376 9.744485855 9.699586868 9.703039169 9.750911713 9.710354805 9.825873375 9.965532303
7.982239246 7.827263832 7.373537064 7.136525154 7.005972862 6.958735943 6.984047413 7.127286434 7.173463821 7.358351231 7.471985817 7.589262486 7.60139513 7.535844326 7.424478054 7.343578815 7.453869343 7.540571213 7.678085327 7.906164169 8.082208633 8.348754883 8.512115479 8.744523048 8.915850639 9.048937798 9.08776474 9.1270504 9.212552071 9.290669441 9.351264 9.375207901 9.375496864 9.414357185 9.451708794 9.477758408 9.470876694 9.484588623 9.535093307 9.550378799 9.592489243 9.616957664 9.631632805 9.6727705 9.699090004 9.735333443 9.742935181 9.732471466 9.651634216 9.587867737 9.51239109 9.540816307 9.621208191 9.66254425 9.792972565 9.904790878
7.385419369 7.214548588 7.029275417 6.922739983 6.930680752 6.984210968 7.123157978 7.311885834 7.451159477 7.585764408 7.666189194 7.667555809 7.598285198 7.61593914 7.536561012 7.452471256 7.489132881 7.638916969 7.848294258 8.065749168 8.213608742 8.476937294 8.733088493 8.921703339 9.062623978 9.153072357 9.235096931 9.28879261 9.335678101 9.362128258 9.379797935 9.393772125 9.442502022 9.456749916 9.450574875 9.444541931 9.446591377 9.49560833 9.509573936 9.536690712 9.563073158 9.56734848 9.640221596 9.666169167 9.648344994 9.654402733 9.616234779 9.589661598 9.569797516 9.545360565 9.499745369 9.48635006 9.479557991 9.583091736 9.736322403 9.751159668
7.189407825 7.004217148 6.89570713 6.898766994 6.948217869 7.045876503 7.168689728 7.290583611 7.434179783 7.551279068 7.626633644 7.639510155 7.565211296 7.515210152 7.447058678 7.472091675 7.601167679 7.767211914 7.998868942 8.295064926 8.519934654 8.769810677 8.960668564 9.092547417 9.201950073 9.291633606 9.362052917 9.38964653 9.393407822 9.404461861 9.436992645 9.451577187 9.472253799 9.467020988 9.462844849 9.474031448 9.500497818 9.524094582 9.549263 9.584872246 9.628858566 9.677728653 9.71240139 9.729930878 9.732286453 9.714178085 9.696789742 9.649012566 9.636806488 9.622524261 9.574976921 9.549905777 9.506694794 9.544279099 9.687153816 9.723029137
6.995789051 6.857304096 6.819757462 6.880136967 6.968812466 7.066375256 7.176887989 7.279240608 7.36086607 7.447138309 7.499882221 7.470191002 7.448724747 7.390258789 7.443058491 7.503256321 7.68696785 7.999493599 8.294019699 8.574766159 8.794987679 8.968884468 9.10850811 9.208920479 9.280852318 9.352511406 9.396580696 9.414376259 9.433605194 9.4712677 9.487269402 9.519190788 9.534571648 9.558232307 9.611638069 9.654065132 9.711975098 9.732981682 9.74799633 9.797796249 9.817288399 9.872903824 9.940364838 9.965820312 9.930579185 9.874136925 9.840595245 9.739611626 9.656542778 9.602913857 9.620809555 9.570960999 9.568060875 9.650479317 9.714653015 9.756327629
6.916453362 6.762104988 6.7557621 6.836082935 6.93479538 7.040739059 7.098748207 7.176534653 7.238677025 7.34621191 7.429721355 7.429792881 7.398758411 7.358467102 7.377744198 7.52963829 7.865131378 8.150101662 8.428275108 8.715920448 8.885954857 9.065631866 9.162096977 9.245803833 9.30272007 9.339891434 9.373192787 9.430459023 9.466031075 9.51985836 9.564927101 9.595211983 9.613126755 9.671815872 9.787322998 9.884284973 9.963171959 9.986570358 9.981185913 9.955084801 9.961117744 9.946634293 9.904247284 9.820851326 9.731762886 9.765208244 9.711185455 9.581105232 9.488639832 9.461180687 9.491682053 9.57272625 9.697435379 9.798391342 9.817912102 9.857134819
6.657734394 6.57996273 6.607498646 6.710896969 6.834087849 6.927575588 7.059528351 7.15145731 7.21126461 7.259508133 7.287005901 7.26074028 7.275681973 7.303544521 7.434213638 7.685335159 7.922982216 8.221819878 8.520308495 8.792487144 8.982336044 9.081363678 9.169011116 9.207585335 9.234834671 9.310647964 9.316412926 9.350909233 9.413015366 9.449789047 9.512767792 9.535490036 9.598344803 9.681929588 9.796183586 9.956993103 10.04795837 10.03658009 9.969739914 9.944354057 9.878608704 9.799669266 9.737670898 9.666282654 9.660840034 9.610043526 9.519192696 9.433162689 9.396427155 9.44772625 9.501968384 9.677498817 9.876096725 10.00529003 10.11091423 10.20752525
6.471067429 6.467722416 6.515381813 6.610532761 6.751284122 6.950641155 7.126056671 7.223411083 7.270632744 7.258605957 7.275564671 7.276314259 7.326722145 7.412015438 7.561900139 7.787034988 8.084816933 8.342107773 8.604662895 8.857236862 8.95296669 9.047645569 9.13404274 9.132610321 9.16092205 9.192455292 9.24713707 9.317165375 9.389221191 9.486040115 9.549730301 9.595285416 9.663558006 9.747291565 9.902367592 10.05045414 10.09557247 10.05169392 10.00875568 9.925834656 9.807578087 9.74283886 9.737912178 9.706999779 9.684053421 9.633370399 9.584052086 9.587663651 9.667832375 9.721605301 9.859519958 9.978502274 10.10113049 10.24499893 10.35523987 10.45875931
6.407365799 6.488155842 6.594948292 6.693757534 6.833303928 7.036619186 7.230308056 7.378407955 7.435809612 7.481542587 7.460470676 7.489126205 7.516918659 7.63243103 7.823867798 8.024100304 8.274141312 8.514170647 8.694349289 8.814704895 8.91201973 8.972071648 9.013731956 9.04937458 9.103629112 9.180297852 9.276837349 9.368537903 9.449893951 9.545528412 9.576622963 9.641525269 9.726917267 9.891401291 10.05926323 10.13042736 10.18933582 10.14966106 10.07109451 9.970868111 9.878284454 9.8953619 9.888326645 9.838630676 9.77518177 9.772639275 9.838376999 9.994051933 10.18118477 10.25118542 10.35076427 10.38706207 10.46201801 10.53253937 10.59944439 10.69873524
6.512059689 6.630781651 6.742737293 6.858595848 6.974126816 7.135471344 7.315204144 7.468961716 7.594430923 7.66048193 7.721577168 7.707150936 7.742318153 7.891123772 8.021359444 8.209029198 8.394284248 8.588322639 8.714335442 8.818387032 8.876326561 8.945363998 8.998017311 9.053284645 9.116219521 9.209900856 9.334458351 9.403321266 9.458759308 9.497613907 9.5566082 9.650600433 9.803095818 9.967894554 10.03818226 10.10825825 10.1443224 10.11896801 10.08509445 10.03905869 10.0542984 10.07186794 10.04740524 9.982915878 9.978288651 10.04863071 10.22052097 10.42044735 10.5413065 10.69085789 10.72214317 10.72323799 10.71378899 10.7547245 10.83994102 10.95201874
6.532355785 6.693183899 6.808103561 6.920681477 7.042100906 7.233295441 7.41324091 7.575205326 7.761471748 7.924398422 8.000864506 8.041380882 8.012290001 8.050777435 8.170401573 8.298514366 8.450178146 8.59899044 8.711180687 8.806217194 8.863465309 8.930888176 9.005247116 9.073254585 9.16248703 9.236516953 9.297413826 9.359055519 9.410124779 9.464333534 9.558179855 9.688258171 9.844076157 9.946250916 9.996681213 10.03526497 10.05389881 10.11524582 10.15574932 10.20616055 10.25238991 10.24947071 10.22779465 10.22988605 10.25964928 10.38075352 10.58520699 10.7205658 10.81560707 10.92216015 10.91418648 10.87028313 10.84960651 10.87451935 11.09304333 11.15959263
6.607796669 6.774286747 6.91017437 7.017056942 7.114055157 7.262152672 7.460529327 7.674987316 7.88054657 8.054072857 8.139521599 8.103422165 8.054516792 8.098887444 8.213951111 8.348506927 8.490804672 8.613051414 8.692905426 8.797810555 8.893783569 9.000422478 9.080122948 9.160402298 9.215273857 9.266487122 9.334441185 9.393416405 9.479066849 9.596002579 9.708873749 9.833390236 9.97252655 10.04101658 10.06572628 10.09340382 10.15299129 10.23515129 10.33626747 10.45100975 10.45926476 10.46573544 10.52453995 10.57326031 10.63063049 10.72791386 10.80178642 10.83292484 10.92742634 10.95710564 10.97405624 11.04016113 11.07583714 11.17968941 11.31850052 11.33698463
6.842206955 6.973887444 7.034312248 7.090575218 7.210792542 7.3584795 7.55229187 7.778676987 7.962292194 8.072491646 8.0934515 8.085770607 8.119428635 8.159441948 8.246212006 8.370184898 8.482655525 8.621257782 8.741668701 8.888323784 9.036602974 9.16368103 9.287032127 9.326735497 9.347661972 9.409579277 9.473088264 9.572887421 9.768359184 9.925858498 10.04908085 10.23011208 10.3178606 10.37289333 10.4690485 10.48741722 10.51986313 10.61181736 10.71308804 10.75708771 10.78440571 10.83619785 10.88067627 10.93530941 10.99898529 11.02237892 10.98429298 10.95827961 10.97841835 10.94768143 11.02780914 11.20641518 11.39515495 11.52698612 11.57501698 11.54132748
7.152376652 7.232366085 7.30822897 7.341742039 7.394152164 7.52782011 7.663434982 7.825217247 7.984455109 8.089897156 8.151723862 8.126502037 8.119986534 8.177873611 8.298164368 8.431620598 8.574871063 8.747955322 8.912005424 9.123153687 9.272470474 9.415813446 9.49125576 9.511365891 9.569680214 9.631385803 9.756598473 9.994218826 10.18305588 10.36883068 10.58141804 10.72105408 10.8102541 10.93576241 10.94070244 10.88855934 10.9156971 10.97887897 11.00674343 11.05383396 11.12687492 11.16852188 11.19456387 11.22765827 11.25354767 11.17918587 11.05479717 10.98165226 10.93434143 10.98887444 11.21214676 11.49685287 11.64143372 11.68494129 11.69985771 11.70076752
7.416633606 7.547920227 7.573970795 7.665882587 7.709340572 7.768390179 7.89546299 8.010871887 8.119950294 8.183097839 8.188254356 8.214736938 8.219231606 8.308403969 8.428435326 8.557356834 8.713788986 8.894447327 9.069501877 9.312153816 9.477638245 9.57346344 9.626150131 9.703131676 9.743124008 9.878911972 10.11139679 10.37920952 10.60777664 10.83989048 11.00745487 11.13609123 11.2809639 11.33022594 11.29494381 11.27932453 11.3275938 11.27965355 11.25454903 11.30252934 11.34477329 11.39221859 11.42756081 11.44208431 11.41693306 11.31861305 11.16027832 11.07731628 11.10241222 11.34115601 11.58158207 11.73854256 11.81087017 11.83635998 11.8341341 11.82176495
7.603620052 7.751509666 7.878997803 7.938389301 7.954277992 7.987915039 8.011814594 8.073015213 8.152020454 8.227292061 8.28149128 8.291482925 8.318582535 8.415557861 8.509881973 8.633525848 8.793621063 8.963421822 9.1252985 9.382843971 9.612849236 9.785790443 9.88594532 9.922305107 9.992764473 10.20920563 10.49118137 10.75817585 10.9657793 11.10035992 11.21831608 11.37350559 11.51670837 11.60920238 11.6244936 11.72498989 11.62096596 11.51135826 11.49528408 11.45717335 11.48953438 11.53927135 11.57500362 11.56987762 11.55140209 11.47350502 11.38055038 11.3095665 11.32943344 11.68857574 11.85702133 11.96602249 11.98585606 11.94091415 11.86983204 11.84783077
7.731127739 7.86888504 7.946216583 7.997225761 7.993637562 7.982347488 7.997831345 8.00165081 8.028386116 8.12651825 8.224160194 8.287255287 8.350245476 8.45792675 8.568164825 8.729088783 8.9112854 9.085372925 9.228620529 9.485394478 9.713247299 9.953092575 10.10862637 10.23118496 10.30853653 10.45286751 10.77059555 11.02708912 11.19091702 11.2681694 11.35793591 11.42924881 11.59074306 11.7636652 11.9386158 11.9733305 11.88575935 11.8299675 11.66394138 11.57718658 11.60298729 11.65684128 11.68193626 11.69700336 11.6573267 11.58736801 11.44882107 11.20525169 11.24563503 11.5919199 12.00850391 12.12580681 12.08109665 12.01071358 11.95630741 11.95071602
7.784687996 7.846617222 7.855900764 7.913851738 7.935130596 7.934248447 7.936961174 7.927736282 7.914561272 7.978395462 8.058082581 8.18773365 8.305332184 8.419381142 8.586261749 8.794555664 8.990037918 9.170968056 9.305254936 9.516604424 9.790225983 10.07663536 10.26227474 10.41381931 10.58861446 10.86878681 11.12345314 11.35564041 11.43135548 11.47215557 11.49231911 11.56572628 11.72446251 11.93794346 12.10917091 12.14117432 12.14736366 12.00878906 11.81474686 11.70201206 11.74137497 11.77466011 11.81424713 11.82609844 11.7803297 11.70795345 11.51281834 11.16788483 11.19816685 11.58369923 12.17707443 12.32932281 12.25967979 12.18735981 12.14507866 12.13666439
7.899281025 7.899932384 7.936864853 8.016669273 8.051141262 8.065401077 8.111327171 8.09976387 8.112224579 8.055801392 8.057963371 8.138727188 8.256434441 8.434680939 8.600305557 8.815227509 9.02844429 9.200051308 9.341925621 9.527326584 9.76077652 9.989634514 10.27156162 10.53511143 10.87506676 11.2780447 11.60464954 11.80199337 11.87206173 11.84104252 11.7781353 11.8075161 11.93798256 12.1478796 12.27553177 12.32786846 12.27288342 12.1283083 11.94460392 11.90519905 11.888484 11.93526554 11.99589634 12.04375076 12.07547188 12.02555561 11.76134968 11.33440876 11.18011665 11.65593433 12.41272354 12.58949471 12.46946049 12.44525242 12.40784454 12.41021824
8.213928223 8.225583076 8.250501633 8.271720409 8.313827038 8.321565628 8.357481956 8.437543869 8.41552639 8.358468056 8.392317772 8.407359123 8.506081581 8.669528008 8.809023857 8.973843575 9.138064384 9.32395649 9.436436653 9.58275032 9.749883652 10.01367188 10.29544735 10.55500698 10.9598484 11.45106792 11.78725433 12.00062656 12.11636734 12.13509846 12.06937885 12.03791046 12.09053707 12.21684361 12.34363937 12.3888731 12.31176853 12.16784191 12.07226944 12.02609634 11.97185516 12.00549507 12.08675575 12.1867857 12.35072613 12.41522694 12.17947102 11.85003376 11.42262268 11.84040928 12.65885639 12.65839767 12.70496464 12.74141979 12.77274513 12.7648592
8.764482975 8.758975506 8.766110897 8.792418003 8.776808262 8.769433498 8.903934002 8.963123798 9.00561285 9.130364895 9.111058235 9.245533943 9.265651703 9.320444107 9.418478012 9.610580444 9.749517441 9.902616501 10.03176689 9.989234924 10.10668182 10.30558681 10.47059441 10.69379044 11.07801247 11.48742199 11.8018198 11.95432377 12.03443623 11.99842167 11.98348045 11.99136639 11.99594307 12.07516003 12.17607689 12.24521351 12.20915699 12.16499043 12.09412289 12.02769756 12.01968002 12.07470798 12.16243267 12.24847221 12.43600273 12.58736897 12.60533047 12.23237896 11.77733421 12.11612225 12.92722607 12.90404606 13.05053711 13.13423157 13.11550426 12.98437691
