Environmental Parameters/RCP 85/2100/Sea-surface_temperature.asc
ncols 720
nrows 360
xllcorner -180.00
yllcorner -90.00
cellsize 0.5
NODATA_value -9999
[rows 275 to 299 of 360, columns 168 to 223 of 720]
10.21819067 10.20969343 10.20072126 10.17711115 10.14206362 10.09607267 10.04990435 10.01142073 9.972846508 9.927496433 9.911316395 9.919134617 9.941161633 9.961770535 9.962790966 9.963927269 9.979324341 9.998150826 10.00598621 10.01218319 10.01409245 10.04843903 10.13326406 10.27377176 10.44452238 10.61146021 10.81659746 10.95866632 11.04240417 11.0583868 10.97158718 10.93856812 11.0285902 11.11004639 11.22787476 11.43483639 11.62331009 11.76183605 11.83759975 11.90339947 12.05864143 12.10734224 12.04238844 11.83895493 11.6161989 11.5934478 -9999.0 -9999.0 -9999.0 -9999.0 -9999.0 -9999.0 -9999.0 -9999.0 -9999.0 -9999.0
9.919492245 9.907547474 9.901277065 9.891703129 9.859220028 9.807076931 9.764531612 9.735965252 9.695893764 9.656736851 9.635214329 9.637752056 9.654372692 9.675676823 9.68413496 9.686895847 9.696812153 9.690352917 9.674153805 9.66688776 9.680164814 9.721860409 9.804344654 9.934288502 10.09576654 10.28998613 10.42159986 10.50452089 10.47974586 10.39633369 10.30493164 10.29310131 10.39165211 10.57119751 10.84618664 11.07600117 11.23708248 11.34704208 11.48188019 11.65005779 11.63732529 11.58882761 11.44467938 11.37550616 11.31961465 11.29536569 -9999.0 -9999.0 -9999.0 -9999.0 -9999.0 -9999.0 -9999.0 -9999.0 -9999.0 -9999.0
9.614534855 9.60759306 9.611319065 9.620248318 9.598875523 9.552871227 9.50510931 9.469253063 9.429897785 9.407502174 9.402924538 9.402804852 9.404934883 9.400856495 9.393592358 9.396192074 9.40788269 9.392884731 9.375205517 9.393248081 9.433627605 9.480021954 9.519488811 9.572492123 9.689420223 9.853497982 9.984314442 10.05907583 10.0204401 9.929203033 9.861779213 9.881549835 10.00422955 10.20565701 10.46160984 10.77082348 10.94467163 11.07251644 11.24725151 11.44994736 11.4370718 11.23467135 10.86992908 10.98783422 10.98838937 -9999.0 -9999.0 -9999.0 -9999.0 -9999.0 -9999.0 -9999.0 -9999.0 -9999.0 -9999.0 -9999.0
9.35743618 9.342632294 9.331227779 9.328523159 9.311440468 9.28000021 9.244019985 9.219890594 9.186215878 9.162130356 9.165812016 9.177650928 9.177035332 9.158220768 9.134885788 9.127470016 9.145070076 9.152502537 9.158885479 9.18348217 9.214518547 9.246588707 9.275303364 9.306006432 9.348480225 9.427741528 9.55621767 9.649412632 9.639941692 9.564596176 9.558138847 9.62759304 9.769428253 9.998947144 10.26534939 10.54876709 10.75832939 10.88328934 10.99614906 11.25531864 11.30430889 11.0189352 10.67477083 10.6176548 10.65152121 -9999.0 -9999.0 -9999.0 -9999.0 -9999.0 -9999.0 -9999.0 -9999.0 -9999.0 -9999.0 -9999.0
9.090326309 9.066952705 9.047121048 9.030297756 9.019228458 9.002130985 8.977397442 8.944384575 8.909241199 8.897981167 8.907693863 8.91699934 8.897614002 8.87565279 8.868007183 8.877555847 8.91718483 8.953649998 8.973075867 8.991740704 8.997402191 8.999223232 9.040586472 9.086184978 9.094474792 9.091013908 9.15444231 9.26432848 9.337807178 9.37993288 9.422523499 9.488524437 9.606469154 9.782014847 10.03431892 10.29600525 10.49931622 10.6097765 10.72942638 11.02238846 11.1898632 10.82746744 10.43932962 10.25238991 10.3132962 -9999.0 -9999.0 -9999.0 -9999.0 -9999.0 -9999.0 -9999.0 -9999.0 -9999.0 10.54577851 10.4948473
8.81611824 8.796934128 8.792323589 8.788893223 8.788026333 8.781322956 8.75199461 8.716139793 8.693367481 8.676979065 8.674516678 8.664494514 8.637973309 8.606887341 8.590516567 8.607117653 8.663561821 8.738599777 8.771436214 8.782616615 8.780733109 8.78610611 8.814656258 8.841976643 8.841710567 8.851032734 8.934372902 9.054438114 9.193667889 9.257178307 9.284807205 9.340847492 9.445729256 9.582047939 9.780957222 10.02850819 10.20835495 10.31479645 10.47546101 10.81664753 11.01912308 10.72133493 10.19174039 9.862580419 9.965337753 -9999.0 -9999.0 -9999.0 -9999.0 -9999.0 -9999.0 -9999.0 -9999.0 10.25693488 10.23434114 10.15357208
8.598721504 8.59056139 8.594868183 8.599123478 8.59780407 8.577933788 8.553489685 8.539516449 8.527940273 8.518190861 8.499296188 8.475986481 8.437627316 8.397938728 8.373346806 8.38002634 8.454405308 8.520418644 8.572271824 8.600581169 8.59430027 8.583953857 8.588254452 8.601604939 8.607810497 8.652556896 8.760967255 8.899465084 9.036438942 9.111436844 9.139396191 9.166727066 9.219010353 9.322067738 9.455719471 9.607798576 9.766695976 9.984342575 10.25332737 10.6515522 10.83320427 10.46236944 9.952729702 9.594375849 9.626189709 9.693759084 -9999.0 -9999.0 -9999.0 -9999.0 -9999.0 -9999.0 -9999.0 9.975110054 9.985935688 10.19860935
8.440139771 8.434254169 8.430907726 8.430721283 8.42318821 8.388565063 8.365615368 8.354582787 8.356845379 8.35230732 8.352882862 8.337212086 8.282070637 8.234672546 8.19615221 8.190402031 8.231811047 8.301168919 8.362484932 8.412971497 8.423014641 8.392874241 8.375608444 8.371789455 8.372214317 8.409052372 8.513264179 8.650535583 8.788719177 8.899658203 8.953491688 8.954018116 8.919309139 8.957680225 9.034845829 9.163295746 9.363274574 9.598993301 9.886974335 10.30839062 10.57151222 10.27421808 9.688702345 9.307706237 9.316195607 9.368457675 9.426746011 -9999.0 -9999.0 -9999.0 -9999.0 -9999.0 -9999.0 9.679844379 9.528963089 9.804087639
8.311105251 8.299094677 8.287345886 8.268569946 8.242352486 8.212943554 8.18809557 8.177826405 8.190655231 8.212985992 8.227101326 8.221191883 8.181354523 8.129520893 8.08605957 8.058354855 8.079138279 8.118532658 8.152199268 8.187894344 8.232868195 8.233807564 8.180855751 8.130702496 8.093554497 8.111354351 8.194237232 8.315227032 8.449434757 8.576014996 8.620688438 8.58657217 8.541650772 8.531879902 8.576561451 8.727673531 8.967926025 9.223602295 9.542921066 9.926932335 10.26052094 10.01159191 9.464726925 9.157993674 9.013121247 9.069152474 9.11484313 9.164393783 -9999.0 -9999.0 -9999.0 -9999.0 -9999.0 9.332606316 9.121576309 9.303018093
8.176526546 8.150452614 8.12304163 8.094274521 8.066688061 8.039673328 8.01583147 8.012845039 8.028618336 8.064069271 8.085159302 8.095281124 8.067681313 8.026801109 7.992955685 7.973954201 7.967438221 7.957027435 7.975535393 7.997783661 8.032845497 8.048886299 8.022149563 7.954893589 7.875632763 7.820308685 7.821738243 7.968901634 8.112785339 8.251944542 8.310329914 8.283429623 8.224172592 8.189744949 8.209762096 8.3206954 8.61984539 8.876164436 9.15089798 9.476887226 9.902445793 9.975664139 9.525868416 9.091843009 8.87660861 8.803357244 8.81876719 8.860625386 -9999.0 -9999.0 -9999.0 -9999.0 8.988026142 8.819165111 8.839400768 8.869346142
8.067148209 8.042304516 8.003087044 7.963043213 7.919752598 7.884078979 7.876619816 7.890257835 7.912747383 7.93657732 7.959876537 7.971511841 7.95569706 7.923830032 7.898211956 7.880455017 7.856117249 7.83329916 7.825074673 7.843784809 7.892420769 7.921265602 7.915400028 7.859216213 7.731159687 7.636833668 7.587391853 7.616145134 7.71697855 7.892588139 7.990709305 8.036554337 8.03159523 7.983356953 7.986478806 8.056353092 8.22515583 8.433838367 8.69861269 8.969027042 9.356714725 9.732962608 9.595502853 9.133637071 8.839745283 8.698148131 8.539087176 8.525915742 8.611407518 8.685052514 8.725625634 8.740680695 8.754786372 8.669218779 8.619627357 8.581944942
7.986706257 7.957591534 7.917441845 7.87275219 7.805782795 7.754587173 7.731008053 7.746762753 7.77667284 7.805510521 7.821059227 7.824887276 7.820144176 7.802972317 7.782260895 7.752555847 7.71635437 7.687563419 7.684973717 7.712490082 7.765845299 7.81349802 7.825222969 7.789495468 7.703094482 7.578091145 7.455273628 7.390603542 7.413899899 7.484637737 7.582725525 7.702820301 7.770063877 7.807151794 7.835113049 7.867381573 7.951199532 8.102065563 8.280390263 8.493720531 8.784439564 9.129976273 9.407853603 9.352114677 9.016408205 8.819261074 8.68292582 8.611517072 8.632511139 8.697071195 8.800115585 8.754434586 8.654440165 8.505429149 8.331808805 8.33381319
7.940790176 7.892903328 7.845123768 7.798237801 7.747535706 7.689096928 7.646073341 7.641124249 7.658097267 7.674190521 7.68803072 7.689771175 7.687035084 7.677071095 7.668100834 7.642473221 7.596437454 7.57484436 7.569869518 7.602877617 7.65479517 7.698216915 7.716423512 7.714856625 7.674994946 7.533288956 7.396255493 7.281126976 7.216174603 7.242529392 7.306947231 7.397660255 7.491587162 7.555260181 7.589494705 7.615470409 7.640007496 7.753134251 7.956838131 8.181056499 8.326164722 8.49596405 8.826859474 9.228723049 9.277087212 9.010449409 8.843879104 8.73428607 8.663425565 8.666967511 8.708241463 8.741165757 8.537255168 8.41016984 -9999.0 -9999.0
7.921181679 7.851389885 7.797263145 7.747730255 7.696814537 7.652806759 7.631531715 7.642372131 7.645541191 7.641026497 7.611075401 7.588109016 7.574978828 7.567860126 7.562009335 7.537535191 7.497759819 7.464201927 7.465517044 7.501523495 7.545915127 7.577216148 7.590172768 7.584756374 7.550987244 7.480920315 7.335072041 7.221576691 7.111818314 7.100028038 7.12548542 7.181298733 7.254989147 7.312776089 7.348767757 7.363654137 7.351408482 7.408454418 7.573614597 7.773751259 7.933961391 8.060521603 8.2453022 8.638545036 9.072709084 9.170303822 8.96228981 8.780965805 8.665065169 8.60863328 8.570750356 8.452361941 8.386081219 8.398151994 8.386230111 -9999.0
7.812571049 7.774177074 7.723025799 7.678425789 7.62775898 7.623464584 7.644640446 7.664559364 7.675697803 7.681548119 7.654147148 7.606479168 7.562982559 7.525729656 7.51074028 7.47969389 7.44660902 7.424125671 7.413039684 7.415920734 7.435569763 7.465851784 7.475007057 7.444216251 7.394327164 7.343012333 7.27280283 7.189850807 7.119766712 7.073390007 7.035748005 7.040334225 7.087273121 7.124085426 7.137728214 7.138237476 7.111816406 7.10270834 7.16706562 7.34604454 7.492974758 7.618182182 7.779382706 8.02455616 8.383817673 8.821174145 9.068493843 8.973706245 8.73754549 8.607297301 8.524880409 8.498436809 8.36056149 8.436825991 8.417772293 8.389820814
7.625575542 7.592295647 7.559247017 7.539503098 7.53785038 7.553904057 7.583880424 7.604648113 7.615860462 7.626844406 7.619996071 7.591926575 7.557005882 7.525858879 7.491631508 7.46471405 7.439443588 7.422181606 7.409628868 7.403923512 7.412857533 7.431378365 7.402411938 7.334962368 7.279587269 7.240027905 7.210550785 7.173193932 7.137075901 7.107293129 7.100909233 7.077616215 7.030723572 7.023515224 7.002240181 6.970237732 6.924010277 6.878628254 6.868295193 6.945308208 7.076953888 7.225272179 7.387769222 7.614127636 7.833683014 8.016401291 8.192643642 8.368100643 8.560030937 8.710084915 8.749552727 8.704166889 8.610291004 8.457983017 8.472846389 8.433549762
7.357129097 7.340070724 7.327480793 7.331096172 7.352238655 7.379438877 7.399897575 7.408234119 7.415235996 7.427221298 7.444438457 7.457863808 7.462789536 7.459243774 7.456509113 7.458128929 7.45249033 7.423528671 7.437882423 7.430593967 7.415148735 7.387174129 7.338858128 7.272017002 7.192009926 7.136869431 7.131220341 7.162397385 7.182585239 7.184750557 7.17881918 7.163383961 7.119579792 7.056920528 6.980727196 6.855943203 6.760858059 6.694846153 6.649541855 6.661958694 6.745193481 6.867700577 7.01759243 7.211067677 7.467218399 7.617186546 7.657171726 7.646578312 7.690331459 7.893331528 8.306332111 8.653414249 8.757192135 8.717997074 8.666024685 8.670740604
7.05059433 7.043348789 7.057040691 7.075202942 7.109099865 7.14206934 7.166296959 7.164171219 7.160906315 7.167874336 7.190961361 7.236166477 7.279508591 7.311224461 7.344601631 7.393964291 7.425676823 7.437649727 7.443325996 7.431603909 7.372859955 7.308293819 7.230686665 7.14687109 7.053805351 7.032083988 7.047754765 7.090924263 7.146382332 7.193645477 7.204491138 7.200603008 7.16561079 7.076872826 6.967072487 6.848899364 6.73925066 6.650015354 6.541221142 6.505299091 6.527114868 6.609098911 6.749194622 6.913743973 7.091898918 7.231035709 7.288414001 7.280618191 7.258298397 7.254121304 7.338115692 7.607404232 8.074056149 8.449796677 8.561982155 8.524844646
6.733532906 6.746239662 6.771243572 6.788188934 6.816277981 6.865678787 6.902655602 6.926465034 6.935862541 6.948692322 6.962507725 6.990848541 7.018016338 7.063343048 7.129321098 7.188499451 7.23926115 7.273335457 7.29491806 7.285789967 7.235319614 7.132638454 7.019117832 6.887548447 6.83180809 6.843959332 6.887154579 6.949395657 7.0144701 7.063290596 7.092763901 7.092019558 7.068366528 7.005961895 6.906701565 6.807980061 6.7059021 6.614305019 6.524806976 6.453687668 6.433423519 6.462984562 6.558980942 6.696734428 6.839693546 6.942119598 6.982387543 6.964841843 6.908785343 6.845628262 6.795748234 6.811686039 6.931979179 7.213330269 7.453939915 7.538411617
6.435680866 6.423459053 6.410144806 6.415235043 6.430608273 6.471184254 6.539113998 6.592547894 6.643014669 6.673580408 6.686882257 6.690128326 6.716691494 6.753388882 6.80860281 6.888261795 6.950809479 6.996328831 7.016104698 7.008926868 6.952563763 6.845633507 6.706863403 6.568940163 6.503760338 6.544999123 6.62151289 6.710988045 6.794398785 6.864586353 6.892073631 6.887261391 6.867315769 6.817043781 6.750952244 6.676728725 6.602376461 6.534780025 6.446584225 6.375437737 6.330950737 6.343073845 6.4150033 6.528258801 6.646762848 6.744033337 6.795267105 6.80406189 6.762363911 6.682147503 6.581748962 6.471272945 6.43006134 6.428842068 6.444104195 6.459690571
6.139755249 6.08782959 6.051715374 6.037653923 6.03047657 6.038418293 6.068624735 6.131103754 6.209852934 6.289517164 6.321049929 6.340960264 6.370753527 6.413246393 6.469448805 6.546592951 6.62826848 6.70112586 6.741051435 6.737456083 6.681635141 6.571377993 6.433308601 6.294166088 6.207464695 6.214095116 6.302154541 6.439562798 6.531758308 6.599232674 6.642301083 6.650130272 6.636956692 6.610497475 6.566287041 6.49058485 6.408531189 6.356151104 6.308085442 6.257503033 6.22466135 6.23252964 6.280025482 6.363807678 6.495524883 6.592205048 6.66099596 6.693360806 6.680302143 6.62098074 6.534878254 6.446495056 6.350649357 6.259242535 6.134261608 6.053675652
5.902287722 5.831901789 5.771731138 5.738390684 5.710067987 5.664886236 5.672417879 5.727716208 5.809912443 5.890835047 5.941823244 5.979143858 6.02219367 6.060278177 6.125526667 6.209299326 6.309352636 6.397833109 6.455896139 6.471016169 6.432050943 6.350463152 6.224095106 6.090036631 6.029702663 6.040449619 6.09427309 6.169205666 6.252070427 6.320367336 6.373630047 6.422895908 6.411877155 6.374164104 6.325273514 6.273959637 6.225940228 6.178286552 6.131482124 6.067910194 6.047813892 6.07302618 6.126210213 6.197717667 6.278720856 6.351825237 6.415739536 6.476633072 6.503594875 6.457392693 6.350357533 6.227159977 6.082289696 5.925297737 5.768262863 5.60089016
5.589710951 5.536525965 5.493917227 5.470940828 5.439800501 5.410228491 5.407556295 5.426830053 5.464130163 5.515737295 5.562712431 5.615466356 5.686661959 5.755375624 5.840564013 5.920018911 6.006504297 6.090270758 6.162533522 6.191913843 6.170449972 6.125019789 6.063224077 6.010906458 5.967879057 5.963086843 5.992424011 6.033207417 6.083021164 6.130093098 6.180796146 6.209446669 6.210870504 6.180399656 6.139889479 6.082298994 6.019706488 5.953541994 5.891408205 5.838203669 5.83802247 5.870441198 5.911319017 5.953561068 5.993642569 6.042484045 6.073739767 6.091714144 6.0971241 6.035790443 5.899402142 5.736138344 5.555498123 5.370426655 5.181045055 4.966928482
5.251279116 5.199349165 5.176011086 5.168757439 5.164572477 5.153662682 5.144061565 5.140338659 5.151842594 5.179385185 5.249407291 5.333295107 5.43888998 5.541669369 5.625742197 5.695989847 5.741308451 5.783228636 5.819013834 5.817513704 5.843573332 5.885121584 5.92546773 5.949012041 5.951938391 5.917307138 5.908591509 5.910069704 5.93873477 5.95648551 5.973281622 5.984434366 5.969847441 5.942444563 5.902692556 5.830297232 5.733070135 5.610567808 5.542033911 5.528069735 5.557403326 5.595086813 5.621207952 5.637699842 5.642102957 5.628535986 5.624598742 5.589565039 5.543042421 5.472708464 5.35137105 5.187904596 4.967355013 4.763339758 4.53995204 4.299552679
4.888435602 4.866544485 4.859307289 4.863918781 4.877393007 4.885840178 4.891949654 4.896636724 4.913658142 4.951361895 5.019379854 5.124590158 5.207101583 5.275402308 5.323334217 5.337507248 5.353653193 5.37352109 5.383174181 5.389407158 5.423573732 5.50388217 5.596695662 5.682314634 5.741485834 5.762542486 5.747943163 5.723108053 5.702922583 5.689087629 5.684678316 5.692215204 5.695599794 5.684343576 5.632250071 5.547324896 5.433266401 5.314941168 5.198446035 5.169845104 5.200554132 5.248408079 5.269353151 5.28319478 5.254861593 5.187698364 5.120483875 5.050542355 4.965393066 4.877844095 4.780856609 4.650966167 4.480372906 4.282952547 4.043913364 3.758882284
