Environmental Parameters/RCP 85/2100/Sea-surface_temperature.asc
ncols 720
nrows 360
xllcorner -180.00
yllcorner -90.00
cellsize 0.5
NODATA_value -9999
[rows 150 to 174 of 360, columns 0 to 55 of 720]
30.34181976 30.32483482 30.29883385 30.26556206 30.24051666 30.21466827 30.17856979 30.13582802 30.09936333 30.06334686 30.03568077 30.00964165 29.98417091 29.95806503 29.92558289 29.89704132 29.86473846 29.83428001 29.80295372 29.78265381 29.76737785 29.73732376 29.72335815 29.70682716 29.69018745 29.67173767 29.65242386 29.62992859 29.60622406 29.58257103 29.55916023 29.52862549 29.49816704 29.46554375 29.43863678 29.42188835 29.40646172 29.38161278 29.36061668 29.32999611 29.29669571 29.27142906 29.25332451 29.23741341 29.221735 29.20832253 29.19752884 29.18261909 29.17144203 29.15959167 29.14759064 29.1362648 29.11875153 29.10147285 29.09052467 29.08586121
30.3954258 30.38158417 30.35816002 30.3286171 30.30723953 30.28986168 30.25311661 30.21119308 30.17755127 30.13955879 30.10991287 30.08152199 30.05524635 30.03139114 30.01524925 29.99233437 29.96737099 29.94548416 29.91714478 29.88736916 29.86211586 29.83681297 29.80418205 29.78547859 29.76858711 29.76107216 29.75408936 29.73474312 29.7162838 29.68384552 29.65878487 29.62818336 29.59515762 29.56118393 29.53489304 29.50229836 29.49713135 29.47749138 29.45612526 29.43603706 29.40593147 29.38310814 29.36862755 29.35403633 29.3342247 29.3234787 29.30888176 29.28980064 29.27596283 29.27038383 29.26566696 29.25920677 29.24880219 29.2277317 29.21356964 29.2110405
30.46040154 30.44366264 30.42410088 30.40122414 30.37995148 30.3618927 30.33141899 30.29268456 30.26365089 30.22599983 30.19372368 30.16716194 30.13905525 30.11403275 30.098423 30.08034515 30.06210136 30.04916382 30.02246857 29.9967823 29.97322083 29.94676781 29.92526436 29.90042496 29.86872292 29.85471725 29.85077095 29.84244156 29.83021927 29.81728172 29.78030968 29.74838448 29.7130146 29.68152046 29.65060425 29.61425209 29.59888077 29.57284546 29.55167007 29.53966713 29.51750755 29.50514412 29.4930954 29.47413063 29.45180321 29.44186783 29.42820549 29.41065407 29.39610481 29.3891716 29.38619041 29.38348389 29.36949348 29.35219193 29.33774185 29.32766151
30.52584267 30.50819969 30.48991966 30.46967125 30.44707489 30.42778015 30.40639877 30.37137032 30.33359528 30.29811859 30.27179337 30.25390816 30.23187256 30.21708107 30.20147705 30.17385674 30.15604019 30.13849831 30.11763954 30.09752274 30.08158112 30.06175613 30.04102707 30.01789665 29.98828125 29.97187805 29.97143745 29.96759987 29.95549774 29.94134331 29.92140961 29.89196968 29.84880829 29.82291603 29.78962326 29.74591827 29.71906281 29.68849754 29.66347313 29.64653587 29.62828064 29.61891365 29.60829544 29.593853 29.57511711 29.57067871 29.56324387 29.56056976 29.55299187 29.53352165 29.5134182 29.50141335 29.49062729 29.47861671 29.46989632 29.44983864
30.58633614 30.57242012 30.5599041 30.53713989 30.51836395 30.50258255 30.48182869 30.4555912 30.42157745 30.38739777 30.35700226 30.33755112 30.32309914 30.32129478 30.31268883 30.29076767 30.26745796 30.23890877 30.21577263 30.19429588 30.17539597 30.16046906 30.14335442 30.12364197 30.10631943 30.09472466 30.09032059 30.08001518 30.06600571 30.0529232 30.03841209 30.01718903 29.99449348 29.96627617 29.93419456 29.90236282 29.86182785 29.81577492 29.78467369 29.76209641 29.74591827 29.7339859 29.72463989 29.7172966 29.69992065 29.69390488 29.68840027 29.69404221 29.69656563 29.68510246 29.6635952 29.6390934 29.61750412 29.60081673 29.59605026 29.57405663
30.65625763 30.64740181 30.6407299 30.62022972 30.59900856 30.58293152 30.56350899 30.54730415 30.52140236 30.48765755 30.4571228 30.43711662 30.42489052 30.41903305 30.41051292 30.40329742 30.39803123 30.37278557 30.34500694 30.31509018 30.28730202 30.2765274 30.26057053 30.2400589 30.21969223 30.20703506 30.19656181 30.1893959 30.18398857 30.17166328 30.15257645 30.13301659 30.10887337 30.07672119 30.04838943 30.02602005 29.98688507 29.93517303 29.90393639 29.87430573 29.85852051 29.84408569 29.82414055 29.81279182 29.80838776 29.79849625 29.78895569 29.77607536 29.77255821 29.78130531 29.7697773 29.751297 29.72835159 29.7077446 29.69502449 29.67820358
30.73875618 30.72727203 30.71924973 30.70632744 30.69085503 30.67699814 30.66272736 30.64680672 30.62479401 30.59840012 30.57765007 30.55770302 30.53512001 30.51924706 30.50522995 30.49425507 30.49123001 30.47701073 30.45142937 30.42198563 30.39771843 30.3822937 30.36638832 30.34798241 30.33090019 30.30747223 30.29015541 30.28083801 30.27428055 30.26229858 30.23939705 30.22041893 30.19682693 30.16249657 30.11499023 30.08660507 30.06039429 30.01737213 29.98739815 29.96447182 29.95080566 29.93395615 29.91013718 29.89890671 29.87426949 29.85263443 29.83953094 29.83427811 29.82422066 29.8209877 29.81680107 29.82067871 29.79774666 29.7808876 29.76611137 29.75594521
30.81964302 30.809515 30.78951073 30.78098679 30.7712822 30.76435852 30.7544632 30.74039841 30.72027016 30.69746399 30.6719017 30.6517334 30.62943268 30.60661125 30.58512115 30.56749153 30.55526352 30.52746773 30.50156403 30.49091721 30.47374535 30.4604702 30.42712975 30.41952324 30.41110992 30.39048576 30.3689785 30.3537159 30.3452301 30.32930946 30.3090992 30.29302406 30.26882362 30.2216835 30.17432213 30.14002419 30.1115551 30.0854435 30.05898666 30.03697586 30.01880264 29.99535942 29.97655106 29.96238136 29.93883896 29.91320419 29.89878464 29.89607048 29.88995743 29.8784771 29.86668396 29.87142372 29.85560226 29.82597542 29.81321716 29.79798126
30.87885284 30.87098503 30.856987 30.84555817 30.829813 30.81790924 30.80390358 30.78285408 30.77127838 30.74808884 30.72575378 30.69901848 30.67535973 30.66650391 30.64048386 30.61721039 30.59956932 30.56796455 30.52644539 30.49278259 30.46538544 30.47396278 30.46063614 30.44772148 30.43395615 30.41157532 30.38898277 30.37197685 30.38670349 30.36564636 30.32159233 30.30196571 30.27489471 30.24748611 30.20937538 30.16399384 30.15193939 30.13194656 30.10433388 30.08210754 30.06223869 30.03641129 30.00538063 29.99153519 29.9885006 29.96819687 29.95865822 29.95547104 29.94603729 29.93291473 29.92053986 29.90388298 29.89179802 29.87677765 29.86268044 29.83820152
30.91727638 30.90433311 30.89097595 30.88059807 30.86117935 30.83991432 30.82167053 30.79369736 30.78046799 30.76024055 30.74740982 30.73458862 30.71653748 30.6948185 30.67964363 30.66594124 30.62826538 30.58982468 30.56351089 30.53944016 30.51580238 30.49527931 30.48183823 30.46850777 30.45535088 30.45118332 30.42330742 30.40663338 30.39059448 30.36828041 30.35783195 30.33307648 30.30608368 30.27006912 30.24502945 30.21874619 30.19211197 30.18145561 30.16910172 30.13607788 30.12208748 30.1006012 30.08204269 30.0605278 30.05538559 30.04704857 30.03894615 30.03247261 30.01734352 30.00059891 29.98823547 29.96803665 29.95067215 29.94758797 29.93561935 29.91541862
30.95338249 30.93849182 30.92431259 30.91293526 30.89953613 30.87563324 30.85856819 30.82884407 30.80942917 30.79250145 30.78107643 30.76986694 30.75954247 30.74501419 30.7328949 30.71983719 30.69177055 30.66066933 30.63228607 30.61122322 30.59311867 30.57553101 30.56517792 30.55490685 30.54730988 30.53708267 30.52977943 30.50974655 30.48638916 30.46708107 30.4391613 30.40766907 30.37551308 30.35355377 30.33269119 30.30924797 30.29802704 30.28142548 30.25117302 30.23027992 30.2227993 30.20716858 30.18518066 30.16643143 30.16267776 30.15172577 30.1453495 30.14040756 30.12417603 30.10939407 30.09816742 30.0860424 30.08028221 30.07485199 30.06060791 30.04178047
31.0249958 31.00815201 30.98971367 30.9702549 30.95705986 30.93198395 30.91617966 30.89583588 30.87745667 30.85540581 30.84030151 30.82959557 30.82043266 30.80554008 30.79684067 30.78181267 30.75989342 30.74072647 30.72010994 30.69845772 30.67940331 30.6674118 30.66380882 30.65782356 30.65518188 30.64925003 30.63702393 30.62375069 30.60627365 30.58242989 30.55651855 30.52134514 30.48289299 30.46160126 30.43743515 30.4222374 30.41249847 30.39733124 30.37174416 30.35268974 30.34175873 30.32798386 30.31282043 30.29086685 30.27584839 30.26876068 30.26750755 30.26285553 30.25077057 30.24787521 30.24336624 30.23434448 30.22659492 30.2205677 30.20362091 30.17418289
31.08955002 31.07861137 31.06345558 31.040411 31.02226639 30.98606682 30.96776772 30.95773506 30.93626976 30.90955353 30.89732552 30.88969612 30.87387657 30.85708427 30.84337616 30.82899666 30.81901932 30.81138039 30.80179024 30.78039742 30.7582283 30.74738121 30.74458694 30.73155403 30.72202492 30.7257309 30.71211243 30.70141029 30.69312859 30.67101479 30.64975166 30.62338066 30.59172249 30.5658474 30.54380798 30.52861595 30.51782608 30.50747299 30.48971558 30.47621918 30.46255302 30.44224358 30.42529297 30.41385651 30.39803123 30.38628006 30.37914658 30.3715229 30.36765671 30.37199783 30.37211418 30.36363029 30.34592247 30.33089256 30.31188965 30.28533363
31.13834763 31.13012505 31.10877419 31.09077835 31.07612419 31.04751396 31.02630043 31.01381683 30.99264145 30.97209549 30.96131516 30.95284271 30.94098663 30.93120766 30.92458153 30.90707397 30.89182854 30.88562202 30.87385941 30.85803795 30.84472656 30.83503914 30.82448578 30.81579208 30.80370522 30.80066109 30.78873253 30.77314758 30.76996994 30.75860023 30.74230766 30.72642326 30.69686127 30.66887665 30.65172005 30.63790131 30.62148094 30.60811043 30.60249901 30.59127045 30.58565521 30.57169342 30.56119919 30.54293633 30.52711487 30.51202774 30.50013542 30.48807335 30.48268318 30.48994064 30.4907856 30.48472786 30.46531296 30.43827438 30.41603088 30.39038277
31.21197128 31.19532394 31.172575 31.15517044 31.14601517 31.1271019 31.10599899 31.09435654 31.07454491 31.05267906 31.04363441 31.03658485 31.02393532 31.01947784 31.01200485 30.99352646 30.98535919 30.98033524 30.96660614 30.95458221 30.94125175 30.92736435 30.92246628 30.91849327 30.90162086 30.89590836 30.87615967 30.86067009 30.85335922 30.84117126 30.83078194 30.82439232 30.8073349 30.78359222 30.77002525 30.75956345 30.74407578 30.71971512 30.72643089 30.72252464 30.71695709 30.7100544 30.69617462 30.66993713 30.645998 30.63069153 30.6191082 30.61627197 30.6080246 30.6031208 30.59039307 30.57667542 30.54995537 30.522686 30.50438118 30.47868156
31.29179382 31.27306366 31.25008392 31.2290802 31.20948792 31.20126343 31.18979263 31.18301773 31.16125488 31.14448357 31.14074516 31.13284874 31.11762047 31.10984039 31.09622955 31.08250427 31.0879097 31.08227539 31.07642937 31.06881905 31.05665398 31.03643799 31.02606964 31.0173645 30.99728966 30.98859978 30.97080421 30.95920944 30.94438934 30.9244709 30.91004372 30.90392494 30.90990829 30.89679337 30.88453865 30.87517929 30.88196945 30.86175728 30.85408974 30.83282852 30.81691933 30.80004501 30.78232002 30.76063156 30.74752426 30.73365211 30.72083664 30.71499634 30.70146179 30.68862534 30.65768433 30.63110733 30.60393143 30.58628464 30.57191467 30.5515461
31.36282158 31.34186554 31.31964493 31.29902077 31.28616142 31.28480148 31.28832436 31.27673531 31.25995445 31.24364281 31.24473953 31.2406826 31.22812653 31.21991158 31.2079277 31.20000458 31.20005608 31.1916008 31.18945122 31.18048286 31.16911697 31.14621925 31.12592888 31.10643768 31.08198166 31.06633377 31.05762672 31.0388031 31.01807976 31.00061417 30.98815346 30.99211884 30.99925041 30.99138641 30.98442268 30.97749138 30.97285843 30.95575142 30.94210052 30.91427231 30.88209915 30.85095787 30.82377052 30.801754 30.79185295 30.78199959 30.7720623 30.76682854 30.75175667 30.72613716 30.69359016 30.66185379 30.63822746 30.63668823 30.62891388 30.60980606
31.42741203 31.40479279 31.39449692 31.3910656 31.39035797 31.40336418 31.39370918 31.38060188 31.37094116 31.36026001 31.3643856 31.36174965 31.34325409 31.33528709 31.33939552 31.3156147 31.2940464 31.27981949 31.27694702 31.2700367 31.26007271 31.2309742 31.2047596 31.19001007 31.15356064 31.1312294 31.11490822 31.09927368 31.08826828 31.08810997 31.08717155 31.09042549 31.09254646 31.07727623 31.05642891 31.0533123 31.04195786 31.01556969 30.97717476 30.93828583 30.90744209 30.87565804 30.84568596 30.82613564 30.81071854 30.80497551 30.81400108 30.81114388 30.79352379 30.76216507 30.74290466 30.71790314 30.69714737 30.67984009 30.66045952 30.63797951
31.50433159 31.49008751 31.49342346 31.52826691 31.53152847 31.52067947 31.51675034 31.5028286 31.47310829 31.46646309 31.46327019 31.45228195 31.4299469 31.42297935 31.40695763 31.39020157 31.36196709 31.34272385 31.33189964 31.33115959 31.32936668 31.29571152 31.27635765 31.24981308 31.21738815 31.18496132 31.16311264 31.15517044 31.15509796 31.16069603 31.15287209 31.15018082 31.13948059 31.1131382 31.09043884 31.0710144 31.04446793 31.00974464 30.96981239 30.94567299 30.93057442 30.90871048 30.88096809 30.86543274 30.85046005 30.84583282 30.85880089 30.84498024 30.82416344 30.78697968 30.76618958 30.73103905 30.70033264 30.6800251 30.65106392 30.61575508
31.64703178 31.64118576 31.61449432 31.60977173 31.59640312 31.58184242 31.56724358 31.55434799 31.54249001 31.5348587 31.53198242 31.4922924 31.47029495 31.45915413 31.456707 31.45515633 31.44537163 31.42922974 31.40814209 31.39819717 31.3732357 31.33956528 31.30827522 31.2784481 31.25065613 31.23707008 31.21274757 31.20398712 31.17915344 31.18372726 31.16190529 31.14895439 31.12231827 31.09486771 31.07556343 31.05191231 31.00668144 30.97480965 30.96174431 30.94667244 30.92957878 30.90456963 30.88998795 30.873209 30.87171936 30.85786438 30.84788513 30.82486534 30.80000687 30.75996399 30.72112465 30.68211365 30.65950775 30.64037704 30.61083794 30.57466316
31.70212936 31.69269562 31.67995262 31.66557503 31.6496563 31.62310028 31.60071373 31.59429741 31.58194733 31.57073975 31.55752182 31.53410149 31.50901222 31.50655746 31.50796318 31.49784088 31.47765732 31.45553398 31.43270111 31.407547 31.36045647 31.32885551 31.30575943 31.29182625 31.26068878 31.24744415 31.22642517 31.21157646 31.19208527 31.16650772 31.12576675 31.09676552 31.07474327 31.04616737 31.01451302 30.99283409 30.96598816 30.93711472 30.91572571 30.88603973 30.86301613 30.83452797 30.81262779 30.79092789 30.7939682 30.78420258 30.76740265 30.74634743 30.73090363 30.70626068 30.66866112 30.63285255 30.62022591 30.6086998 30.59474373 30.55957413
31.71170807 31.69882202 31.68324852 31.66116333 31.63901138 31.60942268 31.60338402 31.59078407 31.56711388 31.55420303 31.54897118 31.52792358 31.5008049 31.48651886 31.4776783 31.45503044 31.42889977 31.40647507 31.38571548 31.3405056 31.29576492 31.26829338 31.25397682 31.23652267 31.21818924 31.19135857 31.16777992 31.14900589 31.12537766 31.08371544 31.03748703 31.02184868 31.00405312 30.97377205 30.93249893 30.89565277 30.86555862 30.84074593 30.82407951 30.80853844 30.79020119 30.75836563 30.74385262 30.71962166 30.69949532 30.68179512 30.67529488 30.66402054 30.65318489 30.63292503 30.61169052 30.59659958 30.58603668 30.56252289 30.52709389 30.49905968
31.71081924 31.6949482 31.67466354 31.6456871 31.61378479 31.58522224 31.57650185 31.55929565 31.53873634 31.52280617 31.51395988 31.49652481 31.46700668 31.43998718 31.42473412 31.4006958 31.37730217 31.36074829 31.31761551 31.26204872 31.2292347 31.20230865 31.18074417 31.15711212 31.13783073 31.10716629 31.07884216 31.0606823 31.0300293 30.99510002 30.97154236 30.95269966 30.91819954 30.88309097 30.84830284 30.81508636 30.77959442 30.75670052 30.74693871 30.74208641 30.7299366 30.70987892 30.69003296 30.66617203 30.63977814 30.61259651 30.6048069 30.59277725 30.57785797 30.55053902 30.53754044 30.5258503 30.51570702 30.50035477 30.46668434 30.4378109
31.68854904 31.67168617 31.65117073 31.61795807 31.58251572 31.54224205 31.52324486 31.50921059 31.4998436 31.47661972 31.46205521 31.44071198 31.40744591 31.38317871 31.37590981 31.35619164 31.32515144 31.30273438 31.25036049 31.19962883 31.16654396 31.13415909 31.10560417 31.07120705 31.03933907 31.01579094 30.99605751 30.97657585 30.94942665 30.92244911 30.89674568 30.86255455 30.81877327 30.78009796 30.75164986 30.73767471 30.7182312 30.69566536 30.68061256 30.67183685 30.6512661 30.64233208 30.62046051 30.60012245 30.57530403 30.54785728 30.53177071 30.51022911 30.49311829 30.45925713 30.44267082 30.42809486 30.42075729 30.40452576 30.37311554 30.34424973
31.63174629 31.60247421 31.57414818 31.55449677 31.52427864 31.47943306 31.45099831 31.43681717 31.42515182 31.39102936 31.37118721 31.34908676 31.32685471 31.30599022 31.29223251 31.26753998 31.23334122 31.20630074 31.15451813 31.11209297 31.08185768 31.04491997 31.00748444 30.97277832 30.94765472 30.92184067 30.89066124 30.86395645 30.84140587 30.82406807 30.7912426 30.76019859 30.72821426 30.69330597 30.65966225 30.63796043 30.61829185 30.59546852 30.59080696 30.5814476 30.54952812 30.53012848 30.50937462 30.49378967 30.47161293 30.45969963 30.45040894 30.42163086 30.3933506 30.35850716 30.34186554 30.32562256 30.30259132 30.27381325 30.23311996 30.2095871
