ENM/ANN/Abudefduf_saxatilis.asc
NCOLS 720 
NROWS 360 
XLLCORNER -180 
YLLCORNER -90 
CELLSIZE 0.5 
NODATA_value -9999 
[rows 60 to 79 of 360, columns 225 to 269 of 720]
1.45861473817483e-59 1.45959285272811e-59 1.45861467595212e-59 1.45568658510526e-59 1.45081983446557e-59 -9999 1.65947012913548e-59 1.45341063808923e-59 1.41273549952962e-59 1.39839895398984e-59 1.38259881230316e-59 1.36552365100395e-59 1.35369751418813e-59 2.86554150065053e-59 1.73891804718586e-45 1.07103936971324e-23 1.43302821651228e-15 1.0889947751667e-12 7.22813624833033e-11 1.1286945168047e-09 1.51806799666375e-08 6.7085875824331e-08 1.44179203005025e-07 1.2875854910781e-07 2.84006907908921e-07 6.80598920336234e-07 2.86011422045316e-06 1.04395600311551e-05 6.05619675227666e-05 0.000367577498350371 0.00246511795329514 0.0134233857956394 0.0566599718785653 0.116704630851629 0.189132914198738 0.234349402615689 0.261595488233141 0.261131275434167 0.229587902446188 0.20796367908968 0.0340629618578817 3.57971822975263e-06 3.3675048491046e-05 1.07617718462261e-06 4.71233322459347e-09
1.53385673589892e-59 1.53488586729021e-59 1.53385856293743e-59 1.53078821532957e-59 1.52572520596903e-59 -9999 -9999 1.5679253355192e-59 1.4947634903605e-59 1.47066604696766e-59 1.45385194529432e-59 1.43555966674136e-59 1.41748264902365e-59 1.50982395610974e-59 2.10058027878025e-55 1.20999510241675e-31 2.2764288164417e-16 1.27465693022802e-11 1.43154060076682e-09 3.99787604598222e-08 5.86958572407469e-07 1.0612226073359e-06 6.56017395333426e-07 3.57256742401566e-07 2.01140826334935e-07 3.19784577437262e-07 9.63817648761644e-07 3.57957566599385e-06 1.70513222636274e-05 0.000102074299362377 0.000741375077263041 0.00291889940394678 0.0154976148939665 0.0405216488159133 0.0955869104624887 0.120415179168983 0.162884310891824 0.18266366054945 0.140642929697728 0.0833450779211986 0.0242719174741342 0.00254254671404817 0.00012985848702024 1.59213957496514e-05 2.1747177355137e-05
1.61082099771506e-59 1.61190194661155e-59 1.61082872506745e-59 1.60759384779585e-59 1.60226417861026e-59 -9999 -9999 -9999 1.57452005649073e-59 1.54733220301731e-59 1.52684447770548e-59 1.50748722175851e-59 1.48726611903998e-59 1.48888532965738e-59 1.2831886739682e-58 2.58044431360526e-41 5.19908071153883e-20 5.24364958360854e-12 6.17784276994103e-09 6.09591010364404e-07 4.53424123515045e-06 5.44359888858236e-06 2.14744166161966e-06 1.21886185998922e-06 4.92139681548821e-07 2.58569173672898e-07 4.45141754411156e-07 1.12521886667173e-06 3.35206768450011e-06 1.40848715019724e-05 7.31739858418921e-05 0.000327938861084018 0.0011548351764237 0.00422821005264842 0.0101832345591377 0.013289764617848 0.0242090899535114 0.0357954456423284 0.0315342107922586 0.00998801630904885 0.00607175407370057 0.0129132795672293 0.00927728900056541 0.015067629065849 0.00962091627447842
1.68967564299168e-59 1.690703447319e-59 1.68954225328613e-59 1.68618980497861e-59 -9999 -9999 -9999 1.65496130331151e-59 1.65237964462911e-59 1.92467570063757e-59 1.62755397070345e-59 1.58150324323812e-59 1.55972696462967e-59 1.55212470095596e-59 3.64826100518282e-59 9.96479841878307e-50 1.61339753883119e-26 7.92173004558609e-14 9.39978972923593e-09 1.54491509023078e-06 1.61612483487077e-05 1.65329813131174e-05 5.37268271043964e-06 2.82583857501956e-06 1.28684587512328e-06 5.64343363569018e-07 2.37855636238822e-07 4.00290811534587e-07 1.00339693481068e-06 2.08169011932682e-06 6.16866088778514e-06 2.15718007730093e-05 7.62086552940364e-05 0.000211470662937383 0.000390728760591459 0.000740768292117026 0.00130049603927766 0.0013843712468398 0.000973864397480781 0.00163816122747958 0.00167089390319929 0.0030724329379665 0.00233373548010089 0.000196809597124276 0.000161044070591143
-9999 -9999 -9999 -9999 -9999 -9999 -9999 -9999 -9999 1.74092815407886e-59 1.7136523566474e-59 1.6577950797515e-59 1.6337207990349e-59 1.62050591039988e-59 1.97271634267802e-59 2.4758731348337e-56 6.46911851098221e-40 7.52697911423386e-20 3.07045817637323e-10 4.69507695331986e-07 4.95127728229425e-06 1.08475513108086e-05 5.66534399546991e-06 2.34937016370953e-06 1.68275056116252e-06 1.39560830555343e-06 1.09700451050778e-06 6.98575006521334e-07 4.33353098073552e-07 3.91131430976373e-07 9.12435748176933e-07 1.86152082214976e-06 5.58707955486161e-06 1.14327087123655e-05 2.01352288049505e-05 3.30405882429358e-05 4.42999070598763e-05 3.16936507648907e-05 4.64579222930664e-05 8.13826536650993e-05 0.00014716640238187 0.00016541031951733 0.000229976283597644 0.000232744682736986 0.000635140247567976
-9999 -9999 -9999 -9999 -9999 -9999 -9999 -9999 -9999 -9999 1.82264592280082e-59 1.81509831986083e-59 1.71156875788056e-59 1.68456952371753e-59 1.67350099001711e-59 2.21272063706947e-59 1.62752341901424e-52 2.50449953840712e-30 5.12103324571565e-16 1.34426503695338e-09 2.18915179811149e-07 2.83980824883449e-06 7.53312595175368e-06 8.20204350124799e-06 1.02220845681262e-05 1.235413623596e-05 8.75225143870144e-06 5.13686950013785e-06 2.2340270640732e-06 1.09989878993435e-06 5.77215696729162e-07 3.08721161002168e-07 4.93295925854356e-07 8.24520464001765e-07 1.21451499630256e-06 1.76987335927788e-06 2.43401618269083e-06 3.0659506991384e-06 7.30052102999717e-06 1.33738110975425e-05 2.15754013407778e-05 7.31271806603403e-05 0.000258375964408415 0.000817027886011755 0.000160861888545179
-9999 -9999 -9999 -9999 -9999 -9999 -9999 -9999 -9999 -9999 2.94219970033567e-59 7.96324817131679e-55 2.13270113328761e-59 1.78427098712869e-59 1.73989190018767e-59 1.77612080744213e-59 1.46808181188247e-58 2.0072168822427e-44 2.04746082577183e-24 6.73862024542169e-14 2.5423614808338e-08 4.46264508995923e-06 2.95617790293653e-05 8.41261269358014e-05 0.000146655655408888 0.000149792242857621 9.16752875893532e-05 4.32988573714895e-05 2.20097877316697e-05 8.79184905592185e-06 2.96883495726495e-06 9.48440889162162e-07 3.80970524995421e-07 2.13995136420063e-07 2.35757546664209e-07 3.15555661913047e-07 3.75014337516192e-07 7.08947641225922e-07 1.47371957911667e-06 2.44093225552739e-06 3.21860685455892e-06 1.34039002530417e-05 1.50725685244679e-05 1.96525265330567e-05 4.75325300782189e-06
-9999 -9999 -9999 -9999 -9999 -9999 -9999 -9999 -9999 -9999 1.29929561629105e-58 1.27548581197042e-56 9.5518199474346e-58 2.02060991944834e-59 1.84369352536572e-59 2.10294307178851e-59 8.9737943848384e-59 6.16177392228523e-52 4.67043647673281e-42 2.27418730330737e-26 1.18810736169024e-11 1.08100094588785e-06 0.000164423792600059 0.00102885502620009 0.00206845237763901 0.00179220760611169 0.00099243950390925 0.0003476240645316 0.000113251350153631 3.49175340784885e-05 1.17621326738236e-05 4.87566408963909e-06 2.0542399091905e-06 8.13694607208372e-07 3.54402683932717e-07 2.08725847155037e-07 1.28279838636786e-07 1.90298097246845e-07 2.57819079785568e-07 4.06155213765167e-07 4.95983332785207e-07 6.16453128473965e-07 9.42003805921882e-07 1.30960486204657e-06 1.54587694594708e-06
-9999 -9999 -9999 -9999 -9999 -9999 -9999 -9999 -9999 -9999 -9999 -9999 4.10304525162927e-58 3.007547916806e-59 2.1089504435155e-59 1.93978626093488e-59 2.4352239824796e-59 4.98846232203559e-59 9.87287834996122e-59 2.78283929457858e-56 1.12063069568691e-35 3.80526601599876e-17 1.44387090400607e-08 6.46816645903849e-06 8.7505443178246e-05 0.000205135838391197 0.00011778545088748 0.000119767018315266 6.19464191214347e-05 7.77462262949424e-05 7.69457343486929e-05 2.42051112379449e-05 1.08253744732093e-05 3.18724659428241e-06 1.22792646673807e-06 5.9058530047202e-07 2.40494746169839e-07 8.71122051511862e-08 7.62100804117475e-08 8.83254415554371e-08 8.56106569259271e-08 9.82989090851929e-08 1.03259507885507e-07 1.27697170945136e-07 1.66829255250832e-07
-9999 -9999 -9999 -9999 -9999 -9999 -9999 -9999 -9999 -9999 -9999 -9999 -9999 1.02143883798918e-58 3.207578192497e-59 2.27293391321827e-59 1.95897760042332e-59 1.94756334994703e-59 2.05521646266639e-59 2.14957345657682e-59 2.16806289709189e-58 5.16300813151535e-53 6.81717126524197e-33 3.6341421118319e-19 2.25638818520842e-12 8.75473371723915e-08 5.32687366021853e-07 1.58507005508933e-07 1.20567395568166e-06 7.38789399543926e-06 9.21106773319918e-06 7.32693027223987e-06 4.43530025229947e-06 3.41154611914515e-06 3.16276587796965e-06 1.50742551334998e-06 5.98854174861992e-07 2.80407945334845e-07 7.70032979628264e-08 3.53288906732755e-08 4.33312008116815e-08 4.2819553922527e-08 4.33274869493298e-08 7.91733731418621e-08 7.78072020023304e-08
-9999 -9999 -9999 -9999 -9999 -9999 -9999 -9999 -9999 -9999 -9999 -9999 -9999 -9999 -9999 3.12851227950023e-59 -9999 2.21248670196476e-59 2.11701495950066e-59 2.1143614230044e-59 2.38733611396702e-59 6.70299818232933e-59 1.93960636272643e-53 1.43198890299731e-49 4.27960160573274e-44 1.48289510946694e-33 1.2335187844046e-20 1.09582983685437e-11 2.64938468760751e-08 1.31088214821396e-08 1.88882899729473e-07 1.95232331001568e-06 6.00782642627323e-06 7.84358391367979e-06 7.76234826934508e-06 3.55280259182694e-06 1.47804683956746e-06 5.83750177095315e-07 1.85966974407537e-07 4.46723643479208e-08 2.86303655361217e-08 2.24659967191118e-08 2.10856581933895e-08 2.72929601271372e-08 3.18361599991251e-08
-9999 -9999 -9999 -9999 -9999 -9999 -9999 -9999 -9999 -9999 -9999 -9999 -9999 -9999 -9999 -9999 7.225843605954e-59 8.83480511935533e-58 1.96827736587305e-52 2.75510308242865e-47 3.92444494059269e-56 9.57524920308848e-59 2.08363184624109e-58 1.86945739228936e-56 6.11316581944344e-53 1.7265431490395e-43 6.05018639541434e-30 6.7493066787791e-20 5.60106966298287e-11 2.42179429691897e-08 1.84762630545223e-07 7.91391122504123e-06 2.34412363219922e-05 2.4178971494565e-05 2.00707998754026e-05 9.59774957195473e-06 3.38418728000218e-06 1.09296897001247e-06 3.16195399084536e-07 9.72919376516747e-08 3.98739497236142e-08 2.48032132787148e-08 1.45070312338982e-08 1.20142258277673e-08 1.34701098874229e-08
-9999 -9999 -9999 -9999 -9999 -9999 -9999 -9999 -9999 -9999 -9999 -9999 -9999 -9999 5.19668131769928e-57 1.6058014418132e-58 1.21006680581466e-55 1.83435576460712e-53 -9999 -9999 7.13074242308218e-54 5.16308966577889e-57 1.87312797284397e-58 1.72478255345841e-58 2.88799726148578e-56 2.83234592500997e-48 2.14414879158016e-36 6.98033370758121e-25 2.06306492876921e-16 8.95780049544005e-10 1.75286943514023e-07 3.35585688797852e-07 7.15036902668476e-06 3.42254096367561e-05 3.2654562038088e-05 2.0378274711821e-05 6.21897160597701e-06 1.81854152341848e-06 5.05338013928912e-07 1.62223504505747e-07 5.15621087425986e-08 2.61523148164906e-08 1.55856323086125e-08 9.06203142319305e-09 6.14704349317373e-09
-9999 -9999 -9999 -9999 -9999 -9999 -9999 -9999 -9999 -9999 -9999 -9999 -9999 3.53905706960459e-53 3.59644977168599e-55 1.22580435396162e-54 -9999 -9999 -9999 -9999 2.46138386074302e-52 -9999 3.92848917494609e-55 1.92818909787722e-57 6.12095598330886e-56 9.21637138454771e-45 5.01300512126233e-33 1.79530357164483e-23 4.86703699735099e-17 1.86637870181244e-14 3.49747863901258e-10 8.30570360516108e-09 6.83646301398175e-07 7.47206983445176e-06 1.72127688926023e-05 1.61193685539887e-05 7.96590403328273e-06 2.80746833387834e-06 4.90408772817643e-07 1.94855846812674e-07 7.66613620769022e-08 3.13896375331607e-08 1.54172049320979e-08 7.49430235233301e-09 4.36353981712141e-09
-9999 -9999 -9999 -9999 -9999 -9999 -9999 -9999 -9999 -9999 -9999 -9999 -9999 -9999 -9999 -9999 -9999 -9999 -9999 -9999 -9999 -9999 6.52805867405724e-51 3.69604987741188e-49 6.8626877776173e-54 8.36121858966049e-49 1.808486149984e-37 9.00297741681522e-26 1.23597279203742e-19 9.95935056186102e-16 3.83730350764424e-14 1.93800548203203e-09 6.98156752550153e-08 3.4193665122728e-07 1.4558644220201e-06 4.05617745240417e-06 5.28792312081016e-06 4.345574487427e-06 1.91091186112772e-06 7.46476732148023e-07 1.7314066931637e-07 6.15212430905348e-08 2.3504517754325e-08 1.14144884915571e-08 6.37265669430637e-09
-9999 -9999 -9999 -9999 -9999 -9999 -9999 -9999 -9999 -9999 -9999 -9999 -9999 -9999 -9999 -9999 -9999 -9999 -9999 -9999 -9999 -9999 3.63916998062059e-45 1.38644515233699e-43 6.30047466648327e-50 5.17631688235337e-47 9.45382800573644e-37 1.01169041490095e-26 2.05339894197363e-20 3.29603003834542e-17 3.40345627027247e-15 5.54270853734593e-14 5.94641781237518e-10 8.58840037133419e-09 1.12033966097732e-07 1.59991476169967e-06 2.12417193396258e-06 2.65676861407726e-06 1.76900813200434e-06 9.68212952046001e-07 5.04503903057316e-07 2.53317600698205e-07 1.1518394917337e-07 3.35691215197817e-08 1.64352067719189e-08
-9999 -9999 -9999 -9999 -9999 -9999 -9999 -9999 -9999 -9999 -9999 -9999 -9999 -9999 -9999 -9999 -9999 -9999 -9999 -9999 2.57731873738163e-43 3.42411513427867e-43 1.16282167414345e-36 8.50542263678065e-42 1.67781077335174e-43 8.02598141936214e-42 4.8439486183552e-35 8.69647699051525e-27 6.52731428821205e-21 4.18683967103659e-17 5.74314361122051e-16 1.95476767264954e-15 6.56478825851146e-14 2.10598539147325e-10 3.05752877940659e-08 5.3325917330606e-08 7.22908205448991e-07 2.06749962422804e-06 3.75768340302409e-06 3.09702591982251e-06 1.42657352358833e-06 6.06161052304054e-07 2.52189738100305e-07 1.34523946100983e-07 4.75742150746099e-08
-9999 -9999 -9999 -9999 -9999 -9999 -9999 -9999 -9999 -9999 -9999 -9999 -9999 -9999 -9999 -9999 -9999 5.69601062467634e-29 1.39307748992388e-23 1.18225912660982e-35 6.01014690856978e-46 2.77997413548716e-37 1.53089204048132e-28 2.48777943803318e-24 1.56418478003458e-37 1.82799993582208e-38 4.89814199171174e-35 1.06674938245869e-28 3.96708081441278e-22 4.40363587366439e-18 3.99043198640902e-17 4.65122933643571e-17 2.61549710334197e-15 1.59655940909218e-12 6.41643736302676e-11 7.50567826491089e-09 9.65227942066727e-08 5.66548550642058e-07 1.07076530132061e-06 1.84690631524725e-06 8.66943119620781e-07 3.2109478646198e-07 1.43912437651305e-07 2.61314057486263e-07 1.66449956471089e-07
-9999 -9999 -9999 -9999 -9999 -9999 -9999 -9999 -9999 -9999 -9999 -9999 -9999 -9999 -9999 1.11233150181279e-22 1.8317716719875e-22 1.60639948414948e-22 4.19239663061052e-28 3.90478268460511e-32 4.18594197747396e-35 6.64882140048298e-28 1.13419011140371e-15 1.41483728670444e-23 1.30425756635448e-29 2.12274968098159e-33 2.08484288009411e-31 1.3029559529037e-26 8.53891514016527e-22 3.96220136850812e-18 2.63326721917403e-16 7.43572416976113e-15 2.36443075945577e-13 1.07773291312854e-11 1.33098354161075e-10 1.06872281438671e-09 1.89103712307635e-08 2.00290425802554e-07 7.59074509612463e-07 7.14098606310781e-07 4.19847855634219e-07 1.26786217326977e-07 7.58031323958339e-08 5.33099024806133e-08 3.69396219176353e-07
-9999 3.79199322402509e-35 5.46677020559175e-30 3.66478469017328e-22 1.40016354027432e-18 1.64575267242198e-15 1.85486888505175e-17 9.87139425242223e-20 9.7370347290652e-19 4.467203323886e-16 1.26556952188327e-20 4.56670676386434e-22 4.09374455113266e-21 1.26434656234024e-17 6.27119451133491e-11 2.63925914908465e-13 2.01600769855071e-15 1.39561082331364e-19 7.53008456182256e-22 2.366517051177e-26 6.40771616313848e-27 3.32023692341554e-22 1.1283232794428e-15 2.09889412795233e-18 1.92359685243431e-20 3.78835704286662e-26 8.44965734685955e-27 7.24929525405381e-24 4.84396484893779e-20 8.57647371694601e-17 9.75141400739981e-15 1.4004139985275e-13 2.92637799113755e-12 7.53980867464932e-11 2.07964095693575e-10 6.40807690752887e-10 2.44036446769098e-08 1.12184699838474e-07 2.83646366562964e-07 4.634572241198e-07 5.40885015051139e-07 1.20688167558171e-07 1.54350425432701e-07 8.6046071136858e-08 1.21798974501429e-07
