ENM/ANN/Abudefduf_saxatilis.asc
NCOLS 720 
NROWS 360 
XLLCORNER -180 
YLLCORNER -90 
CELLSIZE 0.5 
NODATA_value -9999 
[rows 240 to 259 of 360, columns 90 to 134 of 720]
2.93313571372501e-10 1.90034169493392e-09 2.62378843046819e-08 1.90839139201095e-07 6.80463494812867e-07 1.20954482368263e-06 1.89046550928737e-06 2.52594096259691e-06 1.15720365615217e-06 1.51055135741406e-06 5.09534872436985e-06 5.34839183778603e-06 4.95720809633214e-06 4.76537903431589e-06 1.97946065536038e-06 1.17684498438523e-06 7.50308053688115e-07 1.78184463149163e-06 2.84564747124999e-06 3.5521753850337e-06 4.44434332936624e-06 3.76208755798565e-06 5.14693744452057e-06 3.69278227854007e-06 2.35603313999069e-06 6.75395215344741e-07 1.55106782967376e-07 2.70904711030725e-08 3.68897825220593e-09 2.58655517032299e-10 1.63777393461183e-11 1.13814804381155e-12 7.66990872055622e-14 1.63140385611485e-14 4.81126277385529e-16 1.14421252307301e-13 7.82044428700405e-13 5.35429140089491e-11 1.03319665736715e-09 2.39945381081975e-08 7.39767794176438e-07 1.1190728312119e-05 0.000173079331732784 0.000439966851469406 0.000679024856112209
2.95738239126791e-11 3.3890892153968e-11 3.40970932275541e-10 1.27865521313366e-09 4.85618524669782e-08 1.63345180511585e-07 2.89366805981201e-07 6.03925313454338e-07 6.80298248405867e-07 9.4748228233327e-07 5.56767657114992e-07 4.6738381506213e-07 2.86837014287355e-07 1.36887863200808e-07 1.05309865084254e-07 2.43029972873612e-08 1.10488962852714e-08 3.46691941431144e-08 9.42750256708486e-08 1.34817587360403e-07 1.90386453654525e-07 1.33714699749685e-07 1.24880554655798e-07 7.99105467173525e-08 1.9033612154745e-08 4.15981228326894e-09 6.64591420265582e-10 1.52138002828347e-10 1.66357041294425e-11 1.1500114988912e-12 1.93295896863787e-13 2.80510741924133e-14 7.79403246959358e-15 2.05556047117759e-15 4.05039954491482e-15 1.09642700176295e-14 1.36943274566354e-13 2.00972262230369e-12 2.10801993522081e-10 4.97795169790361e-10 8.44305062694771e-10 3.10316975832701e-07 7.81474048957865e-06 1.94721025781393e-07 2.58534507194572e-05
7.35582631155082e-14 5.46809765410322e-13 1.04638096583043e-11 7.91349364293667e-12 6.70656655766692e-10 1.7855608840137e-09 2.68244338260341e-09 5.26525092466462e-09 1.44481266333111e-08 1.44456474713611e-08 2.21166594059152e-09 5.69659364027049e-10 7.91944698400366e-10 4.20899161616138e-10 1.42924721870106e-10 1.66068176776738e-10 2.29039925389791e-11 1.06458819905881e-10 3.04619336208258e-10 8.40939809489892e-10 8.54901664248543e-10 7.87519213370708e-10 1.54202317481386e-10 1.19731211236933e-11 6.14910738890142e-11 2.38096633986464e-11 3.16790008496945e-12 7.7674193957427e-13 1.12951608755886e-13 4.06868341932494e-14 8.32660467213091e-15 4.16979883340745e-15 1.31745986991232e-15 8.65275530993941e-16 7.52037091739918e-16 4.55171097729995e-15 2.5049053315761e-14 2.4097788374571e-13 1.32852105153501e-11 1.23170316475414e-10 2.96527857696429e-09 2.98007569621099e-08 2.41784575318711e-07 4.72843823610933e-09 8.83598420679694e-07
7.96409678191391e-16 4.58347540123494e-15 1.92801964891319e-15 3.11969574958598e-14 2.39290621833631e-13 2.36559164795896e-13 2.05833757898308e-13 2.72145707906904e-12 5.05602441994622e-11 2.82412377860267e-11 8.24625121263477e-13 1.48299327531847e-12 3.12176141255882e-12 4.34958369361238e-12 3.2850656183265e-13 1.63951190624733e-13 3.74491185189282e-14 6.28478341533567e-14 6.24200128161866e-13 7.26717663070157e-13 1.31286800717925e-12 5.5926768235499e-13 3.88828049711933e-13 5.67667358947107e-14 9.978753442106e-14 1.15731265670826e-13 9.15237722299317e-15 5.40239725958405e-15 3.60702131584872e-15 1.66999967641408e-15 6.92145832300214e-16 4.97020164528405e-16 4.29408772513178e-16 2.88474951212361e-16 8.44546036353955e-16 2.17090817511322e-15 4.69029168382592e-15 3.82726073794626e-14 2.68650630044213e-13 2.7403317394904e-12 2.88791837924594e-11 8.76567267472275e-10 5.99274929612024e-09 1.02904797577139e-09 9.86876624096098e-08
3.37465765224761e-17 1.26666355102801e-16 8.78559503616845e-16 1.22781817162852e-15 3.83786019623455e-16 1.13182973226523e-15 5.34402670160061e-15 2.69865152358705e-13 4.8860622018958e-14 2.71223188142831e-14 4.89575255552713e-14 5.48103205097179e-14 5.49234466340062e-14 9.20929840956154e-14 1.44543702336315e-14 2.94486311348179e-17 3.03442234649247e-16 5.49778888082826e-17 4.30072880730149e-15 2.6885362363495e-15 5.90782695950538e-15 1.08577637732592e-14 3.43954003199624e-15 4.26268617439512e-15 5.27880447833208e-16 7.63845764912922e-16 4.07910078394215e-16 2.00647947182167e-16 4.19460168287423e-16 4.38097803137483e-16 2.38312040141738e-16 1.53926443163869e-16 1.32316298624804e-16 1.48797876590663e-16 2.95280045468024e-16 8.61043152738858e-16 1.19627867305047e-15 3.85505411375404e-15 1.81786445614914e-14 7.76442586239842e-14 1.00729938623366e-12 3.06109317714895e-12 2.79050844748682e-11 2.80577289706388e-10 1.81558691950912e-09
3.44768075230625e-18 1.11416840337024e-17 3.14812273695923e-17 7.53823999208579e-17 1.35641566756276e-16 3.88736277302556e-16 7.13826931315257e-16 2.89531287525649e-16 1.75223742024891e-15 2.71531508245773e-15 2.44825950392395e-16 1.87982856509504e-15 1.01415769558657e-15 8.79851486161019e-16 1.59822643154815e-17 2.95271209412316e-16 6.32657150987226e-18 8.08553348916587e-17 5.9895800809731e-17 5.845855449451e-17 6.80898097374866e-16 6.29724695650148e-16 4.6989091229444e-16 6.290134315708e-16 3.31450259826642e-17 2.90295408531472e-17 6.26248892175997e-17 6.82361493464681e-17 2.70900615790184e-17 4.55683830650105e-17 2.29689673372622e-17 3.63247876297263e-17 4.01886672877698e-17 7.90252888815544e-17 1.69448630437562e-16 2.57920594665421e-16 9.95978844425478e-16 6.29878380812288e-16 2.4073503175347e-15 9.8932140534839e-15 3.38651152702959e-14 6.33332697418203e-14 6.94995891100602e-13 1.73936242828954e-12 1.89408561645049e-11
9.6468440334858e-19 1.57678877701379e-18 3.36375367214483e-18 5.34881507610343e-18 1.43296939385059e-17 1.96310196084961e-17 3.33014379268445e-17 1.09553747511782e-18 7.21014337583172e-18 2.34934670980808e-16 1.71603416731549e-16 1.05830133357767e-16 4.84761816069801e-17 1.12537638211461e-16 4.64619476488713e-17 1.11018868963374e-16 3.36606212325954e-18 1.86597221167529e-18 5.73924003272045e-17 1.89738604212574e-17 2.56520910814505e-17 1.19900242692498e-17 3.34127822004022e-18 1.05610932657492e-16 7.25029388041065e-17 1.89473427365628e-16 1.93098385818677e-16 6.56414764008738e-17 1.06854348235901e-16 8.48870586718474e-18 5.42009231511318e-18 8.34365784570753e-18 7.69685881086883e-18 3.84773628766794e-17 8.99970490143101e-17 6.75876740233858e-17 7.68515744168048e-17 8.13675971707836e-16 1.13252978670608e-16 2.9493927785793e-16 7.1022020549828e-15 1.28619774209061e-14 3.72237403711388e-14 1.99678146423607e-13 5.75586137487237e-13
3.20730684258416e-19 5.05687458913735e-19 8.20996489621966e-19 1.55357256861788e-18 3.99368521213908e-18 7.64240335135396e-18 8.26356346822922e-18 3.19927093687056e-17 2.98210761568061e-17 2.46377788606105e-17 3.52808750198407e-17 4.0361069976274e-17 3.39961081163943e-17 5.19875756496497e-18 1.15065145510875e-17 1.78684190543431e-18 1.74284840870669e-17 2.7518148753789e-17 1.83675604134715e-17 2.85629120364837e-18 1.19594055173449e-17 9.10556088520187e-19 5.89494522498253e-19 2.09232001280897e-17 2.09738393075485e-17 6.56630014604467e-18 1.08303781031674e-17 3.69697269697218e-17 3.43663575696819e-17 3.60107213772822e-17 2.7137743652531e-17 3.0149193202305e-17 2.1345592065386e-17 3.67874270227652e-17 6.19112973982797e-17 8.91374149931184e-17 1.0585252891595e-16 1.81816957902093e-16 4.30818225764375e-16 7.01055128345324e-16 1.00238456030657e-15 1.74802355369979e-15 4.00090474673783e-15 2.1419714446042e-14 1.86543428185498e-14
1.65609396386475e-19 3.4392662681586e-19 2.62567676999074e-19 7.30905698247636e-20 1.13054011163339e-18 2.08260590614618e-18 4.86913655436015e-19 2.76973890906679e-18 3.88638089768932e-18 4.44359330034296e-18 9.66171977248789e-17 1.87045474871526e-18 3.84450001190984e-19 8.78884706379579e-19 6.70477502984476e-18 8.83536000066175e-18 9.92467514596158e-18 5.47168653252324e-18 4.73854230350899e-18 6.72220880019292e-19 6.98970337267221e-18 1.6925919130335e-17 1.87393067801592e-17 1.08808557859669e-17 9.80215907195394e-18 3.44456752438757e-19 1.80096865905118e-18 3.46281432569856e-18 9.37370852427442e-18 1.44765087206306e-17 1.18268908391683e-17 1.30109005188525e-17 1.10894003057124e-17 2.55478020187195e-17 3.26997754888826e-17 5.59517820251391e-17 9.73981078661829e-17 1.62002181523267e-16 2.91222659712862e-16 4.59371580644282e-16 8.59707122837505e-16 1.11182408270152e-15 1.815324112352e-15 2.79707413605864e-15 4.88751970757074e-15
7.36450344699969e-20 1.17868471546934e-19 3.33252955434068e-20 2.44921537879569e-20 9.46432189256174e-19 4.37179702513191e-19 3.10477661112619e-19 9.48120207384256e-18 3.18139443659503e-18 1.66583061710822e-18 4.78448350593491e-18 2.38469225049808e-18 2.84044821026815e-18 2.00224080225854e-18 6.62842357325084e-19 1.88036149830974e-18 1.10554104976595e-18 5.82518698860068e-20 3.73906042622776e-19 3.40696217836291e-19 8.81710895579351e-18 8.42608473557963e-18 9.38348632184483e-18 9.39828584924007e-18 1.09985860166332e-17 1.19837261298669e-17 2.63018663785056e-19 1.60390603219497e-19 3.39978512082281e-19 4.00483943970415e-19 2.13097677934631e-18 1.46415891437286e-19 3.45943799806241e-19 3.27350875726523e-19 2.1949945349021e-17 3.72365077561013e-17 6.35901529671375e-17 1.63706909900013e-16 1.21667383566987e-16 1.99499463874964e-16 1.96785693815157e-16 3.4932638586218e-16 2.90369999781985e-16 5.3246635900712e-16 8.47355614963204e-16
1.40991941066019e-19 1.12385766501163e-19 1.97039339190922e-19 2.54249947842032e-19 1.47224768897743e-20 1.05610628407444e-20 5.6537836224321e-19 9.4743094225705e-19 1.14631853444137e-18 1.54464013186471e-18 5.20881801827736e-19 3.09730774206343e-19 4.77675168391205e-19 5.16198116976847e-19 8.37405039033809e-19 4.49954957516621e-18 2.49566609462283e-18 6.12389195245695e-20 2.79548623273133e-20 1.30301298648632e-18 2.20714050654718e-18 4.44433321084492e-18 4.34217487987788e-18 6.31655604737981e-18 7.10130391774127e-18 8.34508548603739e-18 4.66313676053963e-18 9.64119615918637e-19 3.56209021982771e-19 1.37605938077035e-19 1.08163286961775e-19 6.07471724623713e-20 2.56799538350324e-19 5.14913422514326e-19 1.78338798459717e-18 1.34151195769856e-18 1.29587641860767e-18 3.69207755886052e-17 7.52811227062936e-17 1.23557829117572e-16 1.26546699192797e-16 6.25324609656099e-17 1.62247739377378e-16 9.79878833792474e-17 1.45103875987981e-16
4.92199551666405e-20 1.09408009996844e-19 1.01424611881277e-19 2.70449882094312e-19 3.59222748953462e-19 3.02348511334152e-19 4.71234472947616e-19 5.87037324498139e-19 5.90007488557518e-19 6.23238941393662e-19 1.04275360194868e-18 9.43995074969626e-19 5.05952806784176e-19 9.49421272636688e-19 6.29479402041669e-19 7.01018766858583e-19 5.55574581531581e-19 8.74061519675528e-19 3.47547018122724e-19 9.60166440108137e-20 2.48865794783042e-18 1.96251152604132e-18 3.6975996994551e-18 4.54914024430182e-18 3.23562269302278e-18 3.85382420993583e-18 4.13758175110451e-18 4.41561078779796e-18 4.26768340716943e-18 3.03129609939425e-18 1.9926385546966e-18 2.45509798249261e-18 3.86484238415703e-19 6.46189872961497e-19 2.9059766650676e-19 3.23653145625388e-19 1.27268544528559e-18 3.81468081465094e-19 3.76313917538265e-18 6.28373047415139e-19 2.08404827619255e-18 7.39119041699246e-18 1.6076628689261e-17 1.27683188458874e-17 1.74373479726598e-16
3.59959312636577e-20 4.6884202382292e-20 9.51042615339963e-20 8.90678326391519e-20 1.03127847300748e-19 1.23907849708247e-19 2.56339941162581e-19 1.93725090476142e-19 1.73316279625075e-19 3.04970353860193e-19 4.26192191898165e-19 5.05073673957907e-19 5.54244424930209e-19 5.30534973065527e-19 6.03888937456452e-19 6.53626493258066e-19 6.20158205873057e-19 8.38821328734035e-19 2.44918749753845e-19 9.31739819806511e-20 4.86026166150167e-19 7.80171474076093e-19 9.22414467179828e-19 1.45490008901533e-18 1.18994072687889e-18 1.32136110645398e-18 1.94564919917783e-18 1.75944443362101e-18 1.9528808084448e-18 1.11342893657528e-18 2.49890184954196e-18 2.86647331717272e-18 3.14004485539944e-18 5.48737454610802e-18 7.88361626486369e-18 1.07239016208584e-17 1.03536085398242e-17 4.49507104676208e-18 1.04528929841643e-17 2.89593769187048e-18 2.80648768025642e-18 3.9378100682921e-16 4.08832574302337e-18 2.54930635186303e-17 1.33804313767357e-16
2.81570547589214e-20 3.78244396653234e-20 3.89162451378554e-20 5.09479995210019e-20 7.37474852044478e-20 1.13884024579649e-19 1.2053843305385e-19 1.19522233909567e-19 8.34034354668983e-20 1.96720865676789e-19 9.0188500415372e-20 1.54672285428713e-19 2.09606917392438e-19 4.68912499405428e-19 4.94694119580762e-19 4.8033750959795e-19 2.23253564556637e-19 1.87815470195072e-19 1.56503730212684e-19 2.62572034983493e-19 1.05874711762366e-18 7.89689632017257e-19 3.12501092080268e-18 1.81726809314896e-18 1.59458257616056e-19 3.15953824531423e-19 5.1264242966078e-19 7.06327807027302e-19 1.41923957828767e-18 1.66586409360499e-18 1.98330160223777e-18 1.86948426555686e-18 1.82927738841423e-18 2.36796247159465e-18 6.50840925855668e-18 9.73621827898883e-18 1.10925645962686e-17 1.61676431805291e-17 1.48490214050417e-17 9.8770341035916e-19 1.56743462772587e-18 9.01643895570334e-19 8.9815933392116e-19 2.25291379469183e-17 2.30102568870345e-18
2.99990441408728e-20 2.48931189186701e-20 3.3404054580409e-20 4.1978484259748e-20 3.65638280531983e-20 7.99465663029987e-20 9.23471570067082e-20 8.52436464990313e-20 1.30975744777413e-19 1.87934180220246e-19 2.46253255041322e-20 1.90179814524837e-19 2.22757068717616e-19 2.83604140063117e-19 3.79535226092173e-19 3.56018597334504e-19 3.67943454324858e-19 3.04042097831854e-19 3.24601708832843e-19 4.44193017780628e-19 6.39868322266133e-19 7.53247251660958e-19 3.30675030083668e-18 2.242769107589e-19 2.50828512058698e-19 2.56091626819897e-20 3.53946745447017e-19 1.46404124319799e-18 1.88944506535716e-19 9.59276899763359e-20 6.62834789101691e-19 1.10695846852962e-18 1.43753684708478e-18 1.22605113897404e-18 3.413679853377e-18 5.69911166004498e-18 6.62213867611715e-18 3.81355369442406e-18 2.0136051270472e-18 1.89003922151076e-18 8.22920476128779e-19 4.08676142638915e-19 2.41473550993103e-18 9.7468622303009e-19 1.46330317564622e-18
2.53333935422014e-20 2.52858809202574e-20 2.49223146479882e-20 2.94098412431032e-20 4.01567527861843e-20 4.90051270906443e-20 4.98081649029026e-20 6.20586778847059e-20 7.6680181080095e-20 1.32109688235037e-19 1.23829724416451e-19 1.43471915835396e-19 1.53127649867027e-19 1.86174171428285e-19 1.86775428839685e-19 1.6610539286871e-19 1.94493845954454e-19 1.62274746439179e-19 2.1756467307692e-19 1.1382503519268e-19 3.97662460620831e-19 6.30727017007103e-19 4.99928304551136e-19 3.47183286206495e-19 3.9519580305393e-19 5.14191409811151e-19 5.54448985890836e-19 8.2450640224015e-19 2.87779917718785e-19 1.34463315929388e-19 6.18279457424463e-19 1.23719117426037e-18 1.60666069251328e-18 1.68273645105622e-18 2.81561876296183e-18 3.38926613448265e-18 3.85960738627332e-18 5.06516366880797e-18 4.27612012200595e-18 4.71793470744539e-18 3.0151169307582e-18 2.63216836672232e-18 2.06381626071138e-18 1.52767753581269e-18 3.40655704559157e-19
1.90539658188917e-20 1.58200725398578e-20 1.98797393486033e-20 1.788891680279e-20 3.01811654302132e-20 3.45238474171732e-20 4.21793727747676e-20 4.06347782478521e-20 6.90368808900504e-20 8.33129975483061e-20 8.21244234875176e-20 9.31940154260363e-20 9.6413500805706e-20 1.07398295066209e-19 9.70467152946939e-20 1.6392271345512e-19 1.73863643674565e-19 9.20848425246852e-20 6.75229224613802e-20 1.67732378244781e-19 2.74439320376535e-19 3.09855555104884e-19 3.64577537444067e-19 5.43752559670113e-19 2.78772705288509e-20 2.11411677131091e-19 4.86042702658297e-19 5.95870717673273e-19 5.99137685079187e-19 4.63578414060654e-19 5.56099637574813e-19 5.04746760357829e-19 1.03659525558073e-18 1.48650683747685e-18 1.85262616464529e-18 2.41708853255681e-18 1.80492811913656e-18 2.58009078833729e-18 1.87799201070009e-18 3.85527504667292e-18 4.75749010915197e-18 2.10317522785978e-18 4.6237708722635e-18 1.12117911418755e-18 1.69987225694792e-18
7.62443110811793e-21 2.02420400543266e-20 1.97682111974798e-20 1.63457505395792e-20 2.3794858734628e-20 2.57050903373706e-20 3.25220224423129e-20 3.77747026728971e-20 4.49655404548248e-20 5.57854793217757e-20 8.32756077099905e-20 8.69790753011238e-20 7.32780396144442e-20 8.76044110599464e-20 1.11832846919071e-19 1.34221663912029e-19 8.04311145229124e-20 1.00855107729794e-19 1.5802176245826e-19 3.98882044399072e-20 2.35193414124756e-19 9.68269190641507e-20 1.0367497582992e-19 3.32448619878012e-19 2.89600837547964e-19 3.25326040254187e-19 3.00240129109094e-19 1.29082824699313e-19 3.04149246825403e-19 1.50004467292632e-19 3.78896197829707e-19 4.64185321253172e-19 7.64501913605805e-19 1.01083686428932e-18 1.06440475705873e-18 9.2694733504671e-19 1.27785203645097e-18 1.03130488478224e-18 2.30105390579029e-18 2.74046195856761e-18 2.06929397661504e-18 1.75476932923939e-18 2.89171737198707e-18 2.80923980758211e-18 2.13078398857895e-18
1.42838933483435e-20 1.93654606634112e-20 1.74644836155392e-20 1.88088191021317e-20 1.43337513299687e-20 2.71932377585161e-20 2.90719992444932e-20 3.41844389363391e-20 4.20320966916407e-20 4.84810924809306e-20 5.96775760130996e-20 4.08037972073931e-20 6.92269577956135e-20 8.67246773141427e-20 1.01585955623721e-19 6.09643627814102e-20 7.49223627567461e-20 6.78253952656485e-20 8.03367809821541e-20 2.84649162188218e-20 1.77107037446299e-19 1.6281331307282e-19 1.4867748376878e-19 1.70840665175012e-19 1.75919359123036e-19 2.21487953422148e-19 2.22401389864231e-19 5.6372845313441e-20 2.05072717909461e-19 5.27895273808485e-19 8.39569892136588e-19 6.43457894701474e-19 4.89701343284263e-19 5.99317419762428e-19 1.1802329009343e-18 7.40658352616386e-19 1.26447555608907e-18 7.37874692767689e-19 1.07995645678506e-18 1.30633750876053e-18 1.30863274951187e-18 1.51015902307801e-18 1.37467825003992e-18 1.21036842504018e-18 2.22233857216057e-18
9.89145963276656e-21 1.53422615187541e-20 7.34668735752155e-21 1.05217551283839e-20 1.7297321816197e-20 1.88678715801456e-20 2.50300692085417e-20 3.18914305189617e-20 3.1711230132612e-20 3.73673698353871e-20 3.28899832223389e-20 4.5122307977761e-20 5.43145582215104e-20 4.22253199849383e-20 5.92331702618421e-20 4.18528409729668e-20 5.59829986462715e-20 7.46283354918119e-20 6.42323666412022e-20 7.42109049103175e-20 8.29166546721458e-20 7.39743689742125e-20 9.37787617346374e-20 7.72945365594138e-20 9.66594161960444e-20 1.07012078192027e-19 1.22173932609256e-19 1.72818267248577e-19 1.80469589635902e-19 9.5418734703006e-20 3.31415580729775e-19 6.16051957948825e-19 4.21390911082499e-19 7.84255735199289e-19 9.71783083644642e-19 1.67539974426233e-19 6.04465302102382e-19 8.60801460582041e-19 1.03197489057662e-18 1.05602857355826e-18 7.98222330320737e-19 8.83863851001585e-19 9.67644929548427e-19 8.7554966611085e-19 9.56692271771528e-19
