ENM/ANN/Abudefduf_saxatilis.asc
NCOLS 720 
NROWS 360 
XLLCORNER -180 
YLLCORNER -90 
CELLSIZE 0.5 
NODATA_value -9999 
[rows 300 to 319 of 360, columns 585 to 629 of 720]
1.68720739026819e-36 2.24688769574165e-35 4.82298514737564e-34 8.0935871070395e-33 1.12253615786569e-31 4.26553356173426e-31 1.02987002597889e-30 1.26378112199329e-30 1.3426142280169e-30 1.20268666038591e-30 1.12364543912449e-30 6.71350049714666e-31 4.19389504193061e-31 2.53531848246612e-31 1.60470749885415e-31 9.49919344185953e-32 7.017927787839e-32 1.03285064786881e-31 1.29618997753709e-31 1.48926033614414e-31 1.57856638613872e-31 1.42899876658215e-31 1.31468185348695e-31 1.13095936729305e-31 8.6732566925192e-32 6.82768219281783e-32 5.53107917861199e-32 4.40920547273714e-32 3.34909801146378e-32 2.42256573361763e-32 1.69745782319278e-32 1.17784038840748e-32 8.7666347374624e-33 6.39244617144992e-33 4.6468132289366e-33 3.36357342598595e-33 2.35716994793429e-33 1.65361807897468e-33 1.18609999141129e-33 8.59880698203648e-34 8.60278847344577e-34 1.21789723790808e-33 7.70341092418628e-34 6.64877100511788e-34 1.26749664269197e-33
5.17301646975401e-45 1.90112155711599e-42 4.58787661077619e-40 5.17496934760901e-38 2.79834140255746e-36 3.78630445336787e-35 2.07278800978044e-34 3.13031471588635e-34 2.88971166601228e-34 1.3478154487686e-34 7.52496430819046e-35 3.50023126448855e-35 2.3289268050138e-35 2.32770457724369e-35 1.62900531159919e-35 3.63225716454915e-35 2.84632048871563e-35 4.41736874709669e-35 6.6870429011002e-35 1.80115493515246e-34 3.5138915754517e-34 1.18730067539231e-33 2.90558654690015e-33 7.50780239623053e-33 9.29993138413091e-33 9.27385331566505e-33 1.12089915344055e-32 1.41747360121924e-32 1.75659789597614e-32 1.87183226927897e-32 1.71292465562144e-32 1.36693653890156e-32 1.06343983779505e-32 7.89797943787418e-33 5.38255236213325e-33 3.54110428549619e-33 2.42290055628813e-33 1.57256801912024e-33 1.11837569782969e-33 8.56080189353068e-34 6.87843005810874e-34 5.11906335097175e-34 1.02389760997644e-33 7.79098685346481e-34 2.3353912896899e-34
5.09985748965127e-61 1.34509772570835e-56 4.78001890693528e-54 1.94990061738577e-50 6.49804191843629e-48 1.14951949728429e-46 2.58478631516419e-46 1.86531976485191e-46 6.59170452239852e-47 1.19126710820846e-47 2.25775016641986e-48 1.62749564356653e-48 7.32890726509996e-48 8.78377406781747e-48 9.1903219151279e-49 3.375986086459e-47 6.09794855138392e-48 6.99506638578497e-47 1.78930834299865e-46 2.65804422771301e-45 1.80389441835517e-43 6.35957477910551e-42 1.92002640934299e-39 2.88673927233558e-38 1.01126304137451e-37 7.45762717233987e-37 4.49702459608575e-36 4.88205238519528e-35 2.83837512545599e-34 9.76548869682236e-34 1.5718030045875e-33 2.11777940366572e-33 1.77797590369614e-33 1.26571549284854e-33 1.1081750292456e-33 8.86396014333344e-34 7.77990368235697e-34 7.13478489978719e-34 6.41603073605913e-34 3.85047696812232e-34 1.58297181616128e-34 3.821935180162e-35 7.65506190872376e-36 3.69597349958697e-36 3.58548594919383e-36
3.51095653493227e-72 7.54961899130124e-71 6.47589593481601e-71 4.26181961909965e-68 1.42478740847891e-68 1.47067438328275e-66 5.86116295691625e-67 3.49910505867832e-67 3.83835887144221e-67 2.69732046915289e-67 2.04363669861364e-67 8.26031392219286e-68 9.64895823042829e-67 2.12569969825536e-66 5.44854713508043e-67 5.06391687464094e-66 1.61751680192186e-66 2.28201281712878e-65 1.11940470112756e-64 4.85712263811133e-62 1.19730758594117e-58 1.66270405845356e-56 2.21405890137963e-52 3.12247684276859e-51 5.69928303021101e-48 1.36541534276815e-45 2.69670768274932e-43 6.3034979331278e-41 6.3252200399792e-40 2.24127492479054e-39 2.04907472054598e-37 1.02609825956953e-36 2.42493612743397e-36 5.25685457285375e-36 1.33188226936182e-35 3.57619938807472e-35 7.30355228938063e-35 7.37111962498522e-35 3.41573926937818e-35 3.89056726523159e-36 8.96063511819432e-38 3.13714695118578e-40 4.44828298756495e-42 3.78051608028915e-42 1.01665051915409e-41
1.09360261137986e-73 9.27824402309879e-74 6.88948755551943e-74 6.14024485298312e-74 4.26727122589045e-74 4.45105608203073e-74 2.77236618848433e-74 2.21219538096972e-74 1.64017953714628e-74 1.43449887479146e-74 1.46349018621762e-74 1.38470696245988e-74 1.10585425146271e-74 1.45197149379641e-74 1.19753491149442e-74 8.63350575192683e-75 4.29941329745218e-75 7.57616002005456e-75 7.61090570346085e-75 7.54718499895912e-74 7.4510029676563e-73 4.53842070017943e-72 3.26879066014171e-71 9.78938535445492e-70 1.89861979462014e-66 1.10886044641662e-63 9.13494036828458e-60 7.25417939211872e-57 2.10420541936845e-56 8.00921384979929e-54 1.13172738665824e-50 3.27373655208257e-47 6.05495825779606e-45 6.36100879581274e-42 1.06353864255685e-39 7.52921034473817e-38 6.9839863940327e-37 4.47171866244662e-37 5.23711393777215e-38 5.63117233074229e-41 5.91441939212198e-46 2.5606651872866e-50 5.23249863145859e-53 1.80940515917444e-54 1.05890267605012e-54
2.41045131312942e-74 1.68881474162286e-74 1.3356587176204e-74 1.14404215028824e-74 7.67077535150837e-75 6.03177813261193e-75 4.08573730944924e-75 3.29976592272746e-75 2.40630399937932e-75 2.00221757945387e-75 1.55979365101317e-75 1.61674814670212e-75 1.41088289191055e-75 1.22730851729095e-75 1.03359794597427e-75 7.97938943018455e-76 6.33074115629584e-76 6.16219310156533e-76 5.92641633969214e-76 6.61587776361868e-76 7.13145108856938e-76 7.56457858097573e-76 7.64465774815712e-76 9.75138394784656e-76 1.85589119912264e-75 3.99150744954068e-75 1.07144369785802e-74 4.23065286992101e-74 4.16107080191907e-73 4.60718040784856e-71 6.10690180705689e-69 1.16547562624203e-66 2.5238215405847e-60 3.03261198113496e-55 2.7811325787634e-51 2.9181848943772e-47 3.23805303511198e-47 2.6775581286685e-49 2.11049305689301e-53 5.80725303961739e-57 2.0203718489384e-61 1.56957605531435e-63 2.75139332373902e-66 1.11490285199131e-68 6.76315577977297e-71
6.38354031767438e-75 4.75578990446695e-75 3.62212259380243e-75 2.73008628079937e-75 2.06096206850483e-75 1.56504876492632e-75 1.17059422424379e-75 8.96009797826515e-76 6.79382755837422e-76 5.62620453506612e-76 4.96246739030407e-76 5.75954334431443e-76 5.25518692021869e-76 4.40687622548374e-76 3.56158247967287e-76 3.21676399404938e-76 2.79287893663091e-76 2.99583948596848e-76 2.854875450892e-76 2.79438057462117e-76 2.35993032502304e-76 1.94568167531873e-76 1.53469774452701e-76 1.20129315726738e-76 1.01913429825492e-76 7.99778115097386e-77 7.8314484895623e-77 7.06256179172219e-77 8.39323346959171e-77 1.01483708815538e-76 8.64483146742832e-77 1.28422346815923e-76 2.23355329317126e-76 1.91434860856284e-76 6.30701157692192e-75 6.22170538157548e-76 1.16359479424514e-76 1.65707862904305e-76 5.27718865270412e-77 4.35513159854076e-77 2.53963622730921e-77 1.21333414055535e-77 3.90057481126731e-78 1.24539738062639e-78 4.02356691237338e-79
5.16761769532701e-75 3.93834902807504e-75 2.99754201328017e-75 2.27842720368009e-75 1.72952645802097e-75 1.31110500972568e-75 9.92578456225573e-76 7.50430646357305e-76 5.66596428757622e-76 4.27241817083474e-76 3.21875346640899e-76 2.43624687347266e-76 1.88722923920445e-76 1.59340613713031e-76 1.63714856650987e-76 1.73140488682279e-76 1.40641994655247e-76 1.16522497144018e-76 9.93547736150928e-77 8.23777714864354e-77 6.27910333891489e-77 5.40571830451976e-77 4.37427699517213e-77 4.67093243470839e-77 3.60391072420763e-77 3.17886745755047e-77 3.12367038106732e-77 2.26897596714596e-77 1.60750845429323e-77 1.37190647193494e-77 7.86956842287846e-78 5.71700380538505e-78 3.17453251012727e-78 1.78990401338762e-78 1.17342284846716e-78 9.07680135964955e-79 4.2260506973436e-79 2.76733835272019e-79 1.98330445543704e-79 1.65395677813904e-79 1.33284453741081e-79 7.56324760290883e-80 5.66404211733852e-80 5.07901256820621e-80 3.82399102947847e-80
4.4138218155997e-75 3.36399308806972e-75 2.56042990368693e-75 1.94620314588302e-75 1.47734162616662e-75 1.11993078604123e-75 8.47849785775405e-76 6.41009003533343e-76 4.83979345323439e-76 3.64927855731508e-76 2.74792397682559e-76 2.06642828482197e-76 1.55187592904746e-76 1.16408476550952e-76 8.72097896368686e-77 6.53699518615158e-77 4.91066170530191e-77 3.70968092972171e-77 2.79452437219723e-77 2.07967707835665e-77 1.54765499544599e-77 1.15550005379599e-77 8.81048471239802e-78 6.70338558482069e-78 4.75070266640703e-78 4.09326556843174e-78 2.80849897216466e-78 1.86727615841817e-78 1.35009234213843e-78 9.82313058665235e-79 7.1661315560577e-79 5.21715598116364e-79 3.81290013084349e-79 2.78356558913362e-79 2.02955110329831e-79 1.47785026213654e-79 1.07468836096644e-79 7.80461950958349e-80 5.66027912630969e-80 4.09960711058276e-80 2.96527189020289e-80 2.14192573555943e-80 1.54511762038188e-80 1.11310657386762e-80 8.00835283749057e-81
3.76518666568881e-75 2.86963610740052e-75 2.18416089643012e-75 1.66019809012175e-75 1.26023830337258e-75 9.5535091472012e-76 7.23253685308277e-76 5.46809271612457e-76 4.12855968460961e-76 3.11299732858054e-76 2.34410149444774e-76 1.76275339177001e-76 1.32380552969575e-76 9.92828689056485e-77 7.43604428767335e-77 5.56195215130427e-77 4.15460644688555e-77 3.09920394999551e-77 2.30880963332036e-77 1.71768342148834e-77 1.27618920863791e-77 9.46901915798859e-78 7.01636742541815e-78 5.19202978244075e-78 3.83689229572979e-78 2.8316503275262e-78 2.08697304637062e-78 1.53607235021423e-78 1.12907805219219e-78 8.2880774762698e-79 6.07576720139829e-79 4.44801181546618e-79 3.25198266846367e-79 2.37436781061046e-79 1.73127179023546e-79 1.26066586126942e-79 9.16752736762497e-80 6.65766473003811e-80 4.82846524620211e-80 3.49714614495665e-80 2.52950729787989e-80 1.82715577426226e-80 1.31805245922778e-80 9.49526959203538e-81 6.83123753710457e-81
3.20756699196229e-75 2.44464640784841e-75 1.86068926156871e-75 1.41432472462203e-75 1.07359850729884e-75 8.13864578822265e-76 6.16140673449162e-76 4.65827467876729e-76 3.51712489838571e-76 2.65196612115354e-76 1.99694284649366e-76 1.50169170569092e-76 1.12775149574712e-76 8.45791905654986e-77 6.33477392485172e-77 4.73823066739992e-77 3.53931128892489e-77 2.64021203397169e-77 1.96687307056976e-77 1.46329316929734e-77 1.08718597039226e-77 8.066661193114e-78 5.97724801846389e-78 4.42309451720378e-78 3.26865170400952e-78 2.41228466196033e-78 1.77789434196357e-78 1.30858164171124e-78 9.61862917216943e-79 7.0606230011459e-79 5.1759532811849e-79 3.78926654251007e-79 2.77036789636369e-79 2.02272675747064e-79 1.47487249405662e-79 1.07396274430384e-79 7.80982745123085e-80 5.67167248975294e-80 4.1133752772117e-80 2.97922295391281e-80 2.15489027127243e-80 1.55655619863107e-80 1.12285239402124e-80 8.0890419299458e-81 5.81953937059515e-81
2.72886746346002e-75 2.07980567379151e-75 1.58299869906576e-75 1.20324991677861e-75 9.13373917652643e-76 6.92402861725238e-76 5.24187409825465e-76 3.96307051837588e-76 2.99222672672594e-76 2.2561848485191e-76 1.69891770399303e-76 1.27757818868819e-76 9.59445076353625e-77 7.19565332042525e-77 5.38936784821212e-77 4.03109381938688e-77 3.0111020041736e-77 2.24618494931776e-77 1.67333556223672e-77 1.24491027646214e-77 9.24933578143186e-78 6.86278705172626e-78 5.08519935670125e-78 3.76298880778373e-78 2.78083584506019e-78 2.05227361737185e-78 1.51256015097701e-78 1.11328800527503e-78 8.1831382492586e-79 6.00689070241502e-79 4.40349040528452e-79 3.22375376216356e-79 2.35691626025432e-79 1.72085360611964e-79 1.25476149489333e-79 9.13683795672367e-80 6.64428335809557e-80 4.82522813364536e-80 3.49949228360744e-80 2.53460164540222e-80 1.83329297368165e-80 1.32425553347655e-80 9.55409644217608e-81 6.893461353988e-81 4.95102726062553e-81
-9999 -9999 -9999 1.02230392938463e-75 7.76019787736563e-76 5.8827859149474e-76 4.45359556086797e-76 3.36709980766545e-76 2.54225252599825e-76 1.91689739919633e-76 1.44343267368824e-76 1.0854546376259e-76 8.15162717159941e-77 6.11356340970797e-77 4.57890904567219e-77 3.42489369333233e-77 2.55828932056753e-77 1.90840129953309e-77 1.4216976018664e-77 1.05769936040455e-77 7.85841094331623e-78 5.8307539204804e-78 4.32048173170452e-78 3.19710659506186e-78 2.3626508273434e-78 1.74365055335037e-78 1.28509976540234e-78 9.45870584703592e-79 6.95254931685408e-79 5.10356816387344e-79 3.74128888899165e-79 2.73896228245509e-79 2.00248071534169e-79 1.46206983182517e-79 1.06606927966909e-79 7.7628312180346e-80 5.64511126351332e-80 4.09961815360851e-80 2.97330539059142e-80 2.15384151828348e-80 1.55975507081598e-80 1.13718321187482e-80 8.73346825951775e-81 9.18266411284039e-81 4.2086856063529e-81
-9999 -9999 -9999 -9999 -9999 4.99142691756223e-76 3.77878730993066e-76 2.85691725945553e-76 2.15705073632928e-76 1.62644934132989e-76 1.22472393272519e-76 9.20986684603263e-77 6.91649362641838e-77 5.18723703496698e-77 3.88511332072147e-77 2.90595528394757e-77 2.17087313851018e-77 1.61927595758926e-77 1.2062880104508e-77 8.97437863039043e-78 6.66770735893363e-78 4.94727918221134e-78 3.66584290914232e-78 2.71268140003163e-78 2.0046622651459e-78 1.47945283624864e-78 -9999 -9999 5.8990999005485e-79 4.33027614417145e-79 3.17440925725939e-79 2.32395505471257e-79 1.69906518516373e-79 1.24217481271195e-79 9.09523293087778e-80 6.61177714321057e-80 -9999 -9999 -9999 -9999 -9999 -9999 -9999 -9999 -9999
-9999 -9999 -9999 7.34989055437792e-76 5.579221902398e-76 4.22944986596968e-76 3.2019283608114e-76 2.42078836660977e-76 1.8277614780298e-76 1.37816018657104e-76 1.03776104035289e-76 7.80391460608163e-77 5.8606412538275e-77 4.39536808380404e-77 3.29202288732879e-77 2.46233945870388e-77 1.83929117249575e-77 1.37205187429569e-77 1.02213452862242e-77 -9999 -9999 -9999 -9999 -9999 -9999 -9999 -9999 -9999 -9999 -9999 -9999 1.96918670900563e-79 1.43969068272429e-79 -9999 -9999 -9999 -9999 -9999 -9999 -9999 -9999 -9999 -9999 -9999 -9999
-9999 -9999 -9999 -9999 -9999 -9999 -9999 -9999 -9999 -9999 -9999 -9999 -9999 -9999 -9999 -9999 -9999 -9999 -9999 -9999 -9999 -9999 -9999 -9999 -9999 -9999 -9999 -9999 -9999 -9999 -9999 -9999 -9999 -9999 -9999 -9999 -9999 -9999 -9999 -9999 -9999 -9999 -9999 -9999 -9999
-9999 -9999 -9999 -9999 -9999 -9999 -9999 -9999 -9999 -9999 -9999 -9999 -9999 -9999 -9999 -9999 -9999 -9999 -9999 -9999 -9999 -9999 -9999 -9999 -9999 -9999 -9999 -9999 -9999 -9999 -9999 -9999 -9999 -9999 -9999 -9999 -9999 -9999 -9999 -9999 -9999 -9999 -9999 -9999 -9999
-9999 -9999 -9999 -9999 -9999 -9999 -9999 -9999 -9999 -9999 -9999 -9999 -9999 -9999 -9999 -9999 -9999 -9999 -9999 -9999 -9999 -9999 -9999 -9999 -9999 -9999 -9999 -9999 -9999 -9999 -9999 -9999 -9999 -9999 -9999 -9999 -9999 -9999 -9999 -9999 -9999 -9999 -9999 -9999 -9999
-9999 -9999 -9999 -9999 -9999 -9999 -9999 -9999 -9999 -9999 -9999 -9999 -9999 -9999 -9999 -9999 -9999 -9999 -9999 -9999 -9999 -9999 -9999 -9999 -9999 -9999 -9999 -9999 -9999 -9999 -9999 -9999 -9999 -9999 -9999 -9999 -9999 -9999 -9999 -9999 -9999 -9999 -9999 -9999 -9999
-9999 -9999 -9999 -9999 -9999 -9999 -9999 -9999 -9999 -9999 -9999 -9999 -9999 -9999 -9999 -9999 -9999 -9999 -9999 -9999 -9999 -9999 -9999 -9999 -9999 -9999 -9999 -9999 -9999 -9999 -9999 -9999 -9999 -9999 -9999 -9999 -9999 -9999 -9999 -9999 -9999 -9999 -9999 -9999 -9999
