ENM/ANN/Abudefduf_saxatilis.asc
NCOLS 720 
NROWS 360 
XLLCORNER -180 
YLLCORNER -90 
CELLSIZE 0.5 
NODATA_value -9999 
[rows 100 to 119 of 360, columns 675 to 719 of 720]
2.78305899158571e-37 6.38808398666061e-38 1.84617921608898e-38 6.93165868332395e-39 2.43757679804343e-39 9.21591900577999e-40 3.9893073772438e-40 1.98572309187545e-40 1.04929167609433e-40 6.53782640228953e-41 3.94177337992938e-41 2.28874998980674e-41 1.04946329569201e-41 3.91180798848628e-42 7.632756366785e-43 1.42232071156443e-42 5.95768761642368e-43 2.6568792139151e-44 2.02093383439638e-44 1.13119108736497e-43 4.85719359987728e-44 4.49533890937705e-44 2.54508823037194e-44 1.29849835377406e-44 5.77804636390841e-45 1.70999447346464e-46 2.87791462179978e-45 2.61102165568035e-45 2.39203585362281e-45 1.72190412042797e-45 1.19432514838577e-45 1.07589540757404e-45 4.98831042814463e-46 1.83513477352362e-46 1.97568795517673e-46 2.15837720781056e-46 1.18361001705418e-46 6.39692342665008e-47 4.0705994896405e-47 2.55156828972092e-47 1.42816453744407e-47 1.01610211537084e-47 5.9954354350438e-48 4.30182013194131e-48 3.50065318134697e-48
7.24296369995745e-38 1.99335556234419e-38 6.6228980216615e-39 2.84732989910942e-39 1.12364251369141e-39 5.10517590525478e-40 2.80119822941653e-40 1.54905825501223e-40 9.41834012532748e-41 7.12168206921838e-41 2.84457835112828e-41 1.57450427843939e-41 1.07663065446425e-41 2.30061158047071e-42 1.53665251679476e-42 6.32888226018733e-43 4.03661856229352e-44 4.32915812137521e-44 2.24103597127025e-43 8.60605912142226e-44 2.16119148543944e-44 2.45814040105704e-44 2.99260714975534e-44 1.79030426513829e-44 1.09221623536866e-44 5.94674171105e-45 2.98841887060942e-45 7.36075313686744e-46 1.92820948927384e-45 1.34104701768724e-45 1.11900740029676e-45 7.54384385181244e-46 4.84866481444486e-46 3.18605114311171e-46 2.25291153570705e-46 1.03839127423233e-46 9.30403931694872e-47 6.30663643985411e-47 3.86314207103318e-47 2.50565562563166e-47 1.53358867502235e-47 9.83294711119319e-48 6.90111472996509e-48 4.45231269990009e-48 3.23520603207359e-48
1.69874396264576e-38 5.75890692520454e-39 2.74628982180606e-39 1.29070518966429e-39 5.9379457414458e-40 3.5421445148215e-40 2.14068215523146e-40 1.30554327280552e-40 8.07442294974584e-41 4.02703069625068e-41 1.55772514235119e-41 9.58160903970069e-42 7.11394200113007e-42 3.82092347913157e-42 9.56480921710076e-43 1.12211492923117e-43 4.03650773992265e-43 3.76006619854817e-43 1.7898181499754e-44 2.25947850274935e-44 4.71122288280136e-44 3.19390423469004e-44 1.6389934385145e-44 1.64376597683817e-44 2.28895730258005e-45 5.23908381102367e-46 1.57215874435147e-46 1.49199256829503e-46 1.75125124988703e-45 1.20316681717497e-45 8.44377456763717e-46 6.00183358566113e-46 4.41559556797469e-46 3.49592819584566e-46 2.34528416682839e-46 1.50638849386513e-46 9.57604687476225e-47 8.58476031820771e-47 5.60765532675934e-47 3.38503298321668e-47 2.10650302324826e-47 1.16862448561603e-47 8.0212507619237e-48 4.99635036963465e-48 3.37380192342919e-48
5.69460592564765e-39 2.42051068097259e-39 1.32912277535199e-39 7.29657918985538e-40 3.71293374380927e-40 2.81870102834937e-40 2.15195384168204e-40 1.1307294932907e-40 6.92295849312963e-41 1.09188701496364e-41 2.75499852430496e-42 1.40029569755742e-43 3.62091356820853e-43 2.94929810382341e-42 4.64184125477432e-43 1.05689929739926e-43 1.32189185866657e-43 2.8833584515208e-43 8.47599010201593e-44 8.1478011558708e-44 4.51335142997554e-44 1.33859981500536e-44 1.04116291104728e-44 1.14206341441364e-44 1.60619025762386e-45 4.7620141457065e-46 1.1812262770853e-45 3.61801767478895e-47 1.718942693489e-45 1.32915519818213e-45 1.01037352078393e-45 8.07015161369031e-46 5.74203934655404e-46 4.62993127647567e-46 2.23504635350203e-46 1.24707197474891e-46 6.20492318734035e-47 6.37462253846407e-47 6.49077435962565e-47 5.04962004877362e-47 3.10593961240548e-47 1.69386120013171e-47 9.79878072807451e-48 6.94447465131123e-48 4.20920725397438e-48
3.05786203856916e-39 1.67493497212421e-39 1.02750894304763e-39 6.92764189664375e-40 4.44970705255456e-40 2.72040085715284e-40 1.32515337661785e-40 8.50146012814316e-41 2.90668107635663e-41 3.52883931805825e-42 9.02200449733019e-43 7.70192387869261e-43 3.65458875152719e-43 2.54773048132879e-42 1.27592837498852e-42 1.69609068294046e-43 1.96520998320194e-43 1.09482836008062e-43 7.50101885019694e-44 6.57563270629403e-44 3.48269197681936e-44 1.80931219866079e-44 6.69617425747664e-45 6.97289297609988e-45 5.15625795985091e-45 7.8491833731822e-47 6.80986316922313e-47 3.95179272930989e-46 2.07513716717337e-45 1.42328763425153e-45 1.22698113417369e-45 9.62347318136423e-46 7.35071958213987e-46 5.59405767082014e-46 4.51040336420995e-47 4.53975086746e-46 1.03110341750607e-46 2.32862003728165e-47 5.72644416716014e-47 7.3207871400154e-47 4.73951978057864e-47 2.85457572535367e-47 1.67654325287143e-47 1.11648024657271e-47 7.11832785107293e-48
3.89822853681648e-39 2.24548637441156e-39 9.64850426292952e-40 4.72990567164566e-40 2.17559013854586e-40 1.76444942794886e-40 1.14158807712612e-40 4.56840643732103e-41 2.92506547056336e-41 2.25930069196511e-42 4.08176272693616e-43 1.75224972598197e-42 1.12681651910636e-42 3.9715044373395e-43 5.22038265696226e-43 5.19389257755238e-44 4.70642447095035e-44 3.02754522151586e-44 1.28419061600661e-44 4.16711524569164e-44 2.21440553267226e-44 5.38400378514099e-45 4.360673474421e-45 8.35108568192141e-45 7.87527085940439e-45 5.85839189326132e-45 4.91217010036338e-45 1.61979032825663e-45 1.26513869575926e-45 1.86476825837485e-45 1.40553844739294e-45 1.10380295197015e-45 8.56623973145848e-46 6.16519084985136e-46 5.30502911467736e-46 3.87414422650131e-46 5.16824177967874e-47 1.82275909965571e-47 2.18425380972312e-47 1.17220345959284e-46 5.50359489653021e-47 5.24787252555165e-47 3.54572898241335e-47 2.29007949251266e-47 1.72212634909263e-47
2.30075510050104e-39 2.45250553892282e-40 1.14085418122963e-40 8.92148847923805e-41 1.22294494110696e-40 1.46429822738348e-40 7.37646403378898e-41 3.39971811935233e-41 1.2485181597783e-41 7.1461939184121e-42 1.031567535286e-42 3.7854275073594e-42 5.2877285415305e-43 3.20161126869242e-43 6.07185502176374e-43 1.54828574063887e-43 3.52920595629224e-44 8.02638195243576e-45 8.22958840429914e-45 3.20474103563704e-44 1.89236798459536e-44 1.03748923297466e-44 1.02127399336971e-44 3.91441600922263e-45 2.52774422151236e-45 6.93837021868216e-45 6.41458971338278e-45 2.14274307696527e-47 1.30988114104241e-46 2.49148085359524e-45 1.70624804521517e-45 1.25915999216641e-45 9.8673932753022e-46 7.35606106250397e-46 5.52795188789431e-46 5.55778566419084e-46 1.23248627737279e-46 1.0102065895463e-46 9.53433541691831e-47 1.35225391215237e-46 9.61938701449023e-47 8.00029170804218e-47 9.54994090235357e-47 8.01070866973079e-47 7.32927726170642e-47
7.38337294578088e-40 5.54423866281209e-41 1.86975001360862e-41 6.32777404678707e-41 9.64388324668663e-41 1.00923586687149e-40 5.5205797945512e-41 2.18257017435104e-41 3.33471843268021e-42 5.18935220880441e-42 3.20572973732314e-42 2.94975712313419e-42 1.69738366614159e-42 1.13353321688844e-43 6.72935662616019e-43 3.68481520524233e-43 2.46433083059681e-43 1.43463900396383e-43 7.70779868560964e-44 3.52153651285831e-44 2.51798075777177e-44 1.77332469959954e-44 1.22884805501378e-44 1.37587303211064e-44 8.61959369991466e-45 9.63810136099558e-45 6.66655907174785e-45 3.66800530034758e-45 1.57430549353706e-46 2.49691247315051e-45 2.46350149969751e-45 1.70609425512175e-45 1.26673779219585e-45 1.00670585327017e-45 1.65008292953219e-46 1.84122741797967e-46 1.87061513848003e-46 1.395659119808e-46 9.39916355614219e-47 2.92739506323674e-46 1.12551942556801e-46 1.08110640620039e-46 1.23249495747921e-46 1.44197047078947e-46 3.83611028170539e-46
4.86148761722987e-40 7.65394823605138e-41 1.09582118371694e-40 5.44104876364295e-41 8.54672924920658e-41 5.08876593101698e-41 1.17918578998418e-41 2.22694923529588e-42 1.58325986000054e-42 4.47375604499624e-42 3.44195419801653e-42 2.6758023531938e-42 1.54117554017808e-42 7.87165094856624e-43 4.92752041062107e-43 3.05682324762895e-43 1.69120291886719e-43 7.72426329059439e-44 4.70430160878117e-44 3.7122735818556e-44 3.04552492763227e-44 2.20008748547901e-44 1.67552401124789e-44 1.60535819321309e-44 1.23593694880106e-44 9.6176863178036e-45 1.05757132381032e-46 3.62439482070979e-44 3.39955762605591e-47 7.74720602455794e-47 2.71069476642768e-45 2.2587660443e-45 9.23680354884482e-46 5.12189212027772e-46 7.78711928922467e-46 6.41169885285768e-46 7.9732660558271e-46 6.85883977600486e-46 6.95019968545065e-46 5.42495306732221e-46 2.07353241726979e-46 4.34671440312178e-46 3.71694139713037e-46 1.66349723682117e-45 2.30111342230305e-45
7.78208181849604e-40 3.89315545196379e-40 2.62526867458082e-41 1.32581020583819e-41 6.20192697318856e-41 3.45923639708971e-41 2.07853013090053e-41 6.55062816528893e-42 7.19504255025142e-42 8.04392638816541e-42 4.72941807451781e-42 2.77701874258183e-42 1.65394521013554e-42 8.1678755553835e-43 4.61859080112616e-43 2.99925507075827e-43 1.77290175180279e-43 8.67731435515461e-44 5.41053787710599e-44 3.83586949013021e-44 2.92673762126529e-44 2.41261432826967e-44 2.09162999055601e-44 1.63482866428163e-44 1.20101211874913e-44 9.62444909046087e-45 1.55744190991568e-46 6.8190313991542e-46 3.02414721251307e-44 5.39849275106928e-46 3.25126222286742e-45 3.77625073317051e-46 3.96084643740266e-46 2.00485798000977e-45 1.49024961872427e-46 1.56126384246573e-46 2.80795673766774e-46 4.16556326968451e-46 4.23460124415982e-46 4.81806090497351e-46 3.87486599921861e-46 1.49351024735075e-45 4.93638860660621e-45 8.43050716518184e-45 9.72986427192054e-45
7.13428059473169e-40 7.05804719319488e-40 3.15302421831085e-40 2.69144646563697e-40 6.89003346067573e-41 3.02532498326122e-41 2.18359054809225e-41 1.3177083892196e-41 8.03642748170774e-42 4.38225415156923e-42 3.75145169249504e-42 2.26667709248373e-42 1.16279003620946e-42 9.36381195703306e-43 5.11353438186777e-43 3.05550996413845e-43 1.83503055028247e-43 9.91135045810321e-44 5.03725533212318e-44 3.83947800249994e-44 2.98854631239677e-44 2.27858611186208e-44 1.93217615961648e-44 1.47386311281469e-44 1.07831683172067e-44 1.06625557074109e-44 1.08415040738594e-44 5.19448806073357e-46 2.06499377318875e-45 1.62017440162043e-46 2.85959889461002e-45 2.19257450569314e-45 2.14250092032383e-46 9.6702688383272e-46 4.31072732004585e-46 6.35050108162611e-46 7.18263991683147e-46 4.32565709139728e-45 2.36971721151504e-45 1.1227357884381e-45 1.15314387337952e-45 7.23480817206711e-45 5.02301730368035e-45 5.25353593083786e-45 1.63004091537061e-44
1.57049846728537e-39 6.63235234721821e-40 1.92648750513804e-40 1.03593716380749e-40 1.09650745882902e-41 1.45476572227015e-41 3.35065030465613e-41 2.77474643914258e-41 1.56282357530353e-41 7.86203020939499e-42 3.62188707642945e-42 1.8600226143478e-42 1.34564905388e-42 7.16087818425753e-43 3.98869431559593e-43 2.33546847898654e-43 1.32476518498766e-43 8.67907360299659e-44 4.48744298423619e-44 3.47662621321082e-44 2.53296715990499e-44 1.96575169388793e-44 1.38759964841698e-44 1.11892891633558e-44 8.89308474159927e-45 6.51501241449217e-45 3.76774038334139e-45 7.14963255361521e-47 1.28029174761892e-45 3.25109012861661e-45 2.54861912903072e-45 2.66443195423069e-45 2.4438154798503e-45 8.45637166986673e-46 2.85857489045169e-46 2.80313536994908e-45 3.3747431264767e-45 1.23901814139009e-44 1.79498207128795e-44 6.1161840534655e-45 1.10564511748098e-44 2.20303394006371e-44 1.09008117400541e-44 8.58544148135819e-46 1.77984277424213e-44
1.56486141496483e-39 5.02151875220959e-40 1.1140721773139e-40 2.02130081108497e-41 5.75482246907056e-41 7.11512831563197e-41 4.14238762141002e-41 3.79274557968906e-41 1.27844500171546e-41 5.98164739013501e-42 2.7786291582163e-42 1.46712330573959e-42 7.4729309993494e-43 4.1297845194343e-43 2.32151933399395e-43 1.48775593729311e-43 9.23971532438866e-44 5.81748071125044e-44 3.58934425578049e-44 2.33922270223395e-44 1.91010399707676e-44 1.49971252155532e-44 1.10345063321198e-44 8.10661619044404e-45 5.8939987225902e-45 4.41992084095305e-45 3.63408347095158e-45 4.57880616347974e-46 5.67183129761231e-46 1.27568615274208e-46 2.83369553867362e-45 3.42660484066434e-45 2.44189708410152e-45 4.27020890947302e-45 4.13881977211799e-46 1.21616985932562e-45 2.64263445045057e-45 3.73280268259189e-45 8.86556752798762e-45 2.90039238190593e-43 1.82404392317779e-44 1.16457329860677e-44 1.48821688787258e-44 2.32274163624281e-44 4.95194374107996e-41
2.21414036389832e-39 1.54512046817715e-40 2.86222580572243e-41 5.63120755213117e-41 1.86671531546081e-40 8.17805751024614e-41 7.41621240239963e-41 2.69722650749867e-41 9.95704248169778e-42 4.31017178034041e-42 2.14785050834792e-42 1.19337878364814e-42 5.86243780319181e-43 3.1580410935957e-43 1.84617101895518e-43 1.24333866795448e-43 7.3688651378491e-44 4.92374837152975e-44 3.39093745464499e-44 2.00561284050358e-44 1.46699379276086e-44 1.1583800462571e-44 9.06162113549261e-45 6.1167709677477e-45 5.08272844105081e-45 4.26674482332398e-45 3.32718143850372e-45 4.25233559203163e-45 3.43664102078081e-46 2.70857877503691e-45 4.20648023975103e-45 6.95991854221439e-45 1.08316543556861e-44 1.86853403125741e-44 1.1649751630184e-44 7.22822077830957e-45 6.38235747557409e-44 1.45545043940993e-42 2.5074462805788e-42 1.6853270796848e-40 4.75894353829032e-40 7.5157569382961e-40 2.75175869187689e-38 1.05802204479737e-39 2.17012342419053e-39
4.19486610952307e-39 1.72503966169355e-40 4.1186497081091e-41 1.7847648103219e-40 2.59560325602231e-40 2.45024064967317e-40 8.90968054291088e-41 3.45084814212195e-41 1.31258900624191e-41 6.35943262137159e-42 3.4718163775876e-42 1.33393293704434e-42 6.51646735699894e-43 2.85465507428584e-43 1.49894427332812e-43 9.78141829023009e-44 7.05549812346146e-44 4.62473445671084e-44 3.03741594619791e-44 2.0601554528621e-44 1.23334026855121e-44 9.05868137339545e-45 8.04309568141972e-45 6.91827626487353e-45 6.12214324887137e-45 4.57303041663269e-45 3.99803303956961e-45 3.24125393968732e-45 2.87339295790042e-45 2.54999917973503e-42 8.03819159553855e-46 5.19325594319659e-45 5.22739749370066e-44 6.57089897368154e-43 6.23049583477202e-43 1.29087585952681e-41 2.41570718845612e-41 2.40108000982042e-39 4.25542448602683e-38 3.82096699317238e-37 1.03764637995051e-36 2.1236282588017e-36 3.77402167996837e-36 2.20979518993833e-36 1.88455544646127e-36
2.21558829702202e-39 3.62607192841698e-40 1.844191556018e-40 5.99009355111891e-40 1.04244666763348e-39 5.68719230106511e-40 2.70906645688276e-40 7.68711332155214e-41 2.85922402409945e-41 9.90796236583045e-42 3.55833653995679e-42 1.37276221355767e-42 5.84964278904655e-43 2.75471737737954e-43 1.57079458237924e-43 1.0818914970629e-43 6.32211116696098e-44 4.37246452817571e-44 2.75983216687546e-44 1.84801778647377e-44 1.169897535951e-44 6.68284823754756e-45 6.17511504774922e-45 5.71703900681964e-45 4.56841653306351e-45 4.32509548284066e-45 3.69065332068444e-45 3.07564762042264e-45 4.43068416496799e-45 7.42646601483438e-46 4.2270820958902e-44 1.04272477384772e-45 2.56414747356787e-43 6.62735815571697e-42 2.46037139166369e-40 5.09944911084914e-39 6.34599260479451e-38 2.32201655444616e-37 1.31466891981496e-36 1.67625431003025e-36 2.99614262133807e-36 2.57086424573489e-36 1.98517783654171e-36 1.39277003731339e-36 6.71414385243085e-37
1.01635791366366e-37 1.38271762207594e-38 9.72369291930842e-39 4.55447444138577e-39 6.19327241453264e-39 5.89391442434055e-39 1.41008198628884e-39 5.21644280981998e-40 9.9655013522035e-41 1.98168652885922e-41 5.41209636785525e-42 1.77068963836566e-42 6.81871995655184e-43 3.12017807880414e-43 1.60762968336656e-43 9.51715324854265e-44 5.41128033868771e-44 4.12546732545501e-44 2.13342479038123e-44 2.02970035276819e-44 1.36171407840682e-44 6.09588563069087e-45 4.24566110620301e-45 3.95156375493605e-45 3.16595575617535e-45 2.93020121533154e-45 2.6728491499155e-45 3.30874736236442e-45 5.62979962059037e-45 2.60180051223146e-45 3.85490416268731e-45 1.62217984050562e-46 2.89935976112435e-42 1.74942752910683e-44 1.21322866064309e-40 3.88067600721836e-38 3.07462628078339e-37 1.043692636771e-36 2.44269289578956e-36 2.87673486585524e-36 3.21497075771014e-36 1.22786481939467e-35 7.41317274763385e-36 1.36655317849478e-36 2.65133437310886e-36
8.00904071415947e-34 3.86343726464352e-35 5.9905611878243e-37 9.48494143104878e-38 1.07549909742409e-37 1.20637584855386e-37 3.10322721222637e-38 4.77717743764988e-39 5.52991002170498e-40 7.40185229097292e-41 1.24738255284818e-41 2.70691413498839e-42 8.45032255596518e-43 3.39548926949973e-43 1.4397633722535e-43 7.34995107697657e-44 4.34686229549164e-44 2.68031019247395e-44 1.80982497083395e-44 1.2780221227198e-44 8.58198708191904e-45 6.00280539821412e-45 3.93784582515996e-45 3.48943073779408e-45 2.48329098502161e-45 2.81080673556686e-45 2.97503278786968e-45 3.99643360085825e-45 8.61130917063248e-45 2.49615818220316e-44 1.63716851747572e-43 1.08558712474152e-42 2.29704658592332e-41 2.39954281077699e-40 5.33298738619774e-39 1.69046335394881e-37 1.14110042989404e-42 1.50715698914845e-38 3.54236526133447e-36 2.80712471316267e-36 2.11639215477388e-36 8.83567354929672e-37 6.51194285318786e-37 6.92374012368e-37 1.64680143669536e-37
1.6954982573243e-30 3.13166334684905e-31 2.32197614753172e-33 9.04348583479617e-34 1.28188167718442e-34 1.12094090215752e-35 2.21782591053343e-36 2.15586979728675e-37 1.11307084503394e-38 8.30182166690918e-40 5.42953687055102e-41 7.29880183522695e-42 1.36734451648813e-42 3.74459990982698e-43 1.35865880807022e-43 7.01839781862755e-44 4.26646922500558e-44 2.72065484212986e-44 1.87368723390576e-44 1.28300372227162e-44 1.06575748514399e-44 6.44766235107225e-45 4.11122261361945e-45 2.70130526819664e-45 2.13371907031025e-45 2.32096228409583e-45 2.85044212725012e-45 4.16855584430861e-45 3.33560462395778e-45 2.98192084349769e-45 3.41611137106365e-44 1.93541515795753e-42 1.09325052744243e-40 3.75302084774374e-40 5.2615598755179e-38 5.31307896503333e-37 1.69482269587906e-39 3.68639130254211e-36 3.45372212120358e-36 3.71231162464088e-36 1.2111528224681e-35 1.03620651314696e-36 1.74941221522522e-36 3.22101255843631e-37 4.57047751706535e-38
9.45584557894254e-30 2.90717815370349e-30 7.93956575864091e-31 1.2763450556617e-31 2.10751871435844e-32 2.23020179074338e-33 1.93412823530558e-34 1.68233309242442e-35 6.85902715208224e-37 1.99128228959938e-38 5.81332513190588e-40 3.04703764666096e-41 3.44298878546139e-42 5.82700564326891e-43 1.70484483151456e-43 1.22209972621516e-43 8.51418786709941e-44 5.44357085246262e-44 3.29081089061943e-44 2.07741780101483e-44 1.4931707230914e-44 9.66158241733148e-45 6.09842627563989e-45 3.72329998873211e-45 2.37108886442829e-45 2.40611439626957e-45 3.13655504688705e-45 2.65456124794824e-45 3.94576934910254e-45 1.95943323320178e-44 3.69930344774486e-43 8.58577015576195e-43 4.23733921708366e-43 1.38573786525291e-40 3.09343187345944e-37 1.58603261055935e-36 3.39717577324498e-36 3.39914894553827e-36 3.60440274541135e-36 1.66745307191149e-35 1.22483199424897e-35 2.8256783467424e-36 3.00153052874521e-35 4.76330037211642e-37 2.32276941135366e-38
