Environmental Parameters 2050 RCP85/Sea-bottom_salinity.asc
ncols 720
nrows 360
xllcorner -180.00
yllcorner -90.00
cellsize 0.5
NODATA_value -9999
[rows 0 to 24 of 360, columns 336 to 391 of 720]
34.48462868 34.48519707 34.48576355 34.48633003 34.48689842 34.4874649 34.48803139 34.48859978 34.48916435 34.48973274 34.49029922 34.4908638 34.49143219 34.49199867 34.49256516 34.49313164 34.49370003 34.49426651 34.49483299 34.49540138 34.49596977 34.49653625 34.49710464 34.49767303 34.49824142 34.49880981 34.49938011 34.49994659 34.50051689 34.50108719 34.50165749 34.50222778 34.50279808 34.50336838 34.50394058 34.50451279 34.50508499 34.5056572 34.50623131 34.50680351 34.50737762 34.50795174 34.50852585 34.50910187 34.50967598 34.51025391 34.51083183 34.51140594 34.51198578 34.51256371 34.51313972 34.51371956 34.51429749 34.51487732 34.51545715 34.51603699
34.49015808 34.49056244 34.49098206 34.49141312 34.49185562 34.49230957 34.49277878 34.49325752 34.49374771 34.51124763 34.51197243 34.5322113 34.53272247 34.5332222 34.53370857 34.53418159 34.53464127 34.53508568 34.53551674 34.53593063 34.53633118 34.53671455 34.53708458 34.53743744 34.53777504 34.53809547 34.53840256 34.53869247 34.53896523 34.53922272 34.53946686 34.53969574 34.56549454 34.56567955 34.56588364 34.56610489 34.56634521 34.56660461 34.56688499 34.56718826 34.56751251 34.56786346 34.5682354 34.56863403 34.56905937 34.56951141 34.56999016 34.58871841 34.5894413 34.59020233 34.59099579 34.59182549 34.59268761 34.59358406 34.59451103 34.59547043
34.47059059 34.47139931 34.47229385 34.47326851 34.49315071 34.49455261 34.49596214 34.49736786 34.49875641 34.50011826 34.5014534 34.5027523 34.50401688 34.50523949 34.50641441 34.50754166 34.50860786 34.52245712 34.52323341 34.52394104 34.52459526 34.52522278 34.52584076 34.52647781 34.52715302 34.52787971 34.52866173 34.52950096 34.53039551 34.55235672 34.55373192 34.5551033 34.55645752 34.55778122 34.55906677 34.56030655 34.56150246 34.56264877 34.56373978 34.56477928 34.56576347 34.56668854 34.56755638 34.568367 34.5691185 34.5698185 34.57046318 34.57106018 34.58351135 34.58420753 34.58488846 34.58555603 34.58621025 34.60947037 34.61013985 34.61083031
34.4128933 34.41308594 34.41308594 34.41316223 34.41345787 34.41402817 34.41488838 34.41716766 34.41837502 34.4198513 34.42160988 34.42366791 34.42604446 34.45044327 34.45243073 34.45443726 34.45642853 34.45832253 34.45995903 34.46108246 34.46153259 34.46152306 34.46144867 34.46158218 34.46203613 34.46284676 34.46401978 34.4664917 34.46813583 34.4701519 34.4725647 34.49693108 34.49925804 34.50170135 34.50428391 34.50703621 34.52068138 34.52024841 34.51952934 34.52021408 34.52191734 34.52373505 34.52554703 34.52732658 34.52907181 34.53077316 34.55272293 34.55488014 34.55674934 34.55836678 34.55976105 34.56095505 34.56198502 34.56288147 34.56515312 34.56603813
34.31584549 34.315979 34.33457184 34.33501053 34.32970047 34.32997131 34.33032799 34.33078003 34.33134079 34.33200455 34.33276367 34.33360863 34.3345108 34.3354454 34.33637047 34.33724594 34.36280632 34.3636837 34.36462212 34.36056328 34.36123276 34.36198044 34.36283302 34.36382675 34.36498451 34.36632347 34.36785316 34.36956024 34.37141991 34.3733654 34.40167046 34.40308189 34.40443611 34.40569687 34.40686607 34.40403366 34.4048748 34.40585709 34.40709496 34.40867424 34.41068459 34.41319275 34.41626358 34.44374657 34.44615555 34.44872284 34.45129967 34.45350838 34.45471954 34.45474243 34.45432091 34.45414352 34.45447159 34.45535088 34.47413826 34.50593948
34.24173927 34.24041939 34.2280941 34.22735786 34.22687531 34.22665787 34.23617363 34.23682976 34.23739815 34.23774338 34.23786926 34.23760414 34.2369957 34.23632622 34.22635651 34.22628403 34.22648239 34.22695351 34.24472237 34.24624443 34.24768066 34.24889183 34.24982262 34.25048828 34.25095177 34.25132942 34.25176048 34.24690247 34.24809074 34.24943733 34.2773056 34.27957916 34.28187943 34.28412056 34.28627777 34.28835106 34.29037094 34.29237175 34.29437065 34.29635048 34.33203697 34.33406639 34.33607483 34.33815956 34.3403244 34.34260941 34.34508133 34.34781647 34.35088539 34.35434723 34.35820961 34.38908958 34.39159393 34.39387512 34.39569092 34.39697647
34.16102409 34.14286613 34.13970757 34.13578224 34.13066673 34.12554741 34.12270546 34.12040138 34.11857414 34.12436295 34.11865044 34.10639 34.10603523 34.10673141 34.10867882 34.11037636 34.11959076 34.12368965 34.12630081 34.12783241 34.14041138 34.13456917 34.13394356 34.13197136 34.12849998 34.12618256 34.13002586 34.1353817 34.1400547 34.163908 34.16843224 34.17142487 34.17310143 34.17588234 34.17676544 34.17798996 34.180439 34.18395233 34.21722031 34.22289085 34.22783852 34.23203278 34.23556328 34.2385788 34.24125099 34.24592209 34.24871635 34.28564835 34.28840446 34.29122162 34.29401398 34.29679489 34.29962921 34.30261612 34.30582809 34.3092823
34.06691742 34.06431389 34.0621624 34.06047821 34.05392456 34.05290985 34.05194473 34.03030586 34.02825928 34.02638817 34.02489471 34.02328682 34.02152061 34.0221386 34.02097511 34.02058601 34.00606537 34.00540352 34.00471306 34.0049324 34.00597572 34.00734329 34.02314186 34.02423096 34.02529144 34.02654648 34.02550507 34.0278244 34.03087616 34.03524399 34.06309891 34.06595039 34.06798553 34.06939507 34.07142067 34.07493401 34.08453751 34.09103012 34.12164688 34.14583969 34.1475563 34.14795685 34.15084457 34.15517235 34.15968132 34.19190407 34.1961174 34.19909096 34.20142174 34.20937347 34.21143341 34.20473099 34.23013878 34.23299217 34.23560333 34.24473572
34.02019882 34.01740837 34.01433945 34.01121521 34.00867462 34.00735664 33.98003769 33.96785164 33.96647453 33.96470833 33.96293068 33.96067238 33.95764351 33.95474434 33.9338131 33.93499184 33.93603134 33.93589783 33.93520164 33.93532562 33.93621445 33.93698311 33.95098877 33.95279884 33.954916 33.95723915 33.95958328 33.96191025 33.96392441 33.99310875 34.00253677 34.00691795 34.00919151 34.01133919 34.00758362 34.01863098 34.03784561 34.04078293 34.04328156 34.05134964 34.04318428 34.0445652 34.04770851 34.06915283 34.07348251 34.078825 34.08109283 34.08588409 34.10818863 34.13016129 34.1331234 34.12473679 34.12559509 34.11891556 34.12092781 34.12386894
34.00678444 34.00245667 33.97790909 33.98021507 33.94710541 33.93262482 33.92889023 33.92798615 33.92652512 33.90995789 33.90494919 33.88397598 33.87812233 33.87307167 33.87145233 33.87261963 33.87247276 33.87190056 33.86963272 33.86421013 33.86466217 33.8666954 33.8694191 33.88526726 33.88830757 33.89033318 33.89160728 33.89294434 33.89451027 33.91668892 33.9195137 33.9282074 33.93033791 33.93126297 33.92661285 33.94692039 33.94893837 33.9505024 33.95144081 33.94678307 33.94882774 33.95108795 33.97555542 33.96944618 33.96528435 33.966959 33.96938133 33.97270584 33.99304771 33.99551201 33.99690056 33.9978714 34.00629807 34.00482368 34.03497124 34.04208374
33.97249985 33.96638298 33.95639992 33.91398811 33.90180779 33.88198853 33.87203979 33.87017632 33.86632347 33.8348465 33.82793617 33.81809235 33.81301117 33.8094883 33.80812263 33.80747795 33.79816246 33.8074913 33.80676842 33.80585861 33.81015778 33.81518745 33.82603073 33.84258461 33.84688568 33.8499794 33.85255051 33.85611725 33.85553932 33.87248993 33.88035583 33.88267326 33.87868309 33.87891388 33.87925339 33.894804 33.89556885 33.89561081 33.89334106 33.89353943 33.89731216 33.898983 33.90047073 33.90688133 33.90289879 33.90419579 33.92115974 33.9224968 33.92397118 33.92608643 33.92869759 33.93424034 33.93637657 33.93743134 33.93729782 33.93902779
33.92714119 33.92206383 33.88715744 33.88222122 33.87716675 33.87171555 33.86761284 33.8437233 33.81777 33.80613518 33.81466675 33.80831528 33.79622269 33.79361916 33.79013634 33.79233932 33.7846241 33.78512192 33.7944603 33.79648781 33.81043625 33.8144989 33.81879044 33.82274437 33.83559036 33.84041595 33.86834526 33.87064743 33.86307526 33.86741066 33.87899017 33.8789978 33.87792397 33.88134003 33.87900352 33.87779045 33.87545395 33.8776989 33.87941551 33.8813839 33.88415909 33.88455772 33.88553619 33.88768005 33.89418793 33.8912468 33.89293671 33.89401054 33.90970612 33.91601181 33.91677284 33.91191673 33.91253662 33.91277122 33.90826797 33.90712166
33.92896271 33.92588615 33.90472794 33.88270569 33.88013077 33.87738609 33.87547684 33.86079788 33.84185791 33.84048653 33.82649612 33.82148933 33.81995583 33.81196594 33.81399345 33.81412125 33.81429482 33.82427788 33.83971214 33.83830452 33.8413105 33.84425926 33.8466053 33.86746407 33.87653351 33.87833214 33.88117981 33.88308334 33.89355087 33.90677452 33.90636444 33.90796089 33.89989662 33.90550232 33.89969826 33.89953995 33.91419411 33.9105835 33.91362762 33.91036034 33.90915871 33.91557693 33.95103264 33.9378624 33.9431057 33.94565582 33.95000839 33.96409416 33.97693825 33.97875404 34.00189018 34.00165939 33.99715042 33.9928894 33.98928452 33.9859314
33.96021652 33.94509697 33.94447708 33.942379 33.91571045 33.90381813 33.89107132 33.88834953 33.87571144 33.85835457 33.85483551 33.86741257 33.86437035 33.86509323 33.85983276 33.85217476 33.87003899 33.88149643 33.88311577 33.89090157 33.88776588 33.91374397 33.91751862 33.93078995 33.9375782 33.94059181 33.94405556 33.964468 33.96743584 33.96904755 33.96348381 33.96533203 34.00260925 34.00175667 34.00349617 34.00549698 34.00662041 34.02259445 34.07586861 34.08116722 34.08903694 34.09614182 34.11373329 34.11702347 34.12425804 34.18621635 34.17908859 34.18070221 34.17539597 34.15207291 34.13097763 34.11747169 34.10862923 34.0958519 34.04022408 34.02512169
34.02207565 33.99284554 33.98583221 33.98233414 33.97759247 33.95935059 33.9342804 33.92510796 33.93381119 33.93045235 33.92940521 33.9226799 33.91915894 33.91402054 33.93076897 33.93836975 33.93941307 33.94853973 33.95656013 33.9888401 34.00657463 34.00586128 34.01136208 34.02501869 34.05594254 34.07000542 34.0810585 34.07901001 34.08738518 34.1406002 34.15225029 34.15688133 34.16027451 34.16888428 34.1783371 34.23943138 34.241642 34.25559044 34.26336288 34.26733208 34.26918602 34.33401299 34.33542442 34.34181404 34.33893776 34.32184792 34.31926537 34.33661079 34.32798958 34.27283096 34.2652626 34.2592926 34.19156647 34.12458611 34.08523369 34.07212257
34.0392189 34.03593826 34.03529549 34.01667213 34.00560188 34.00297546 33.99925995 33.98446465 33.98018837 33.97906494 33.98862457 33.98752213 33.98732758 34.00206947 34.0043869 34.00666809 34.0158329 34.0397377 34.04491234 34.05135155 34.08436584 34.09353065 34.15457535 34.18214607 34.23674965 34.2459507 34.25983429 34.33815193 34.38679504 34.40190697 34.40969086 34.42217064 34.49208641 34.46603775 34.48164368 34.45309067 34.44363785 34.48274612 34.48745728 34.4776783 34.47010994 34.47561836 34.47739792 34.50909996 34.48543549 34.48018837 34.47412682 34.42517662 34.42593384 34.40900803 34.40248108 34.34928513 34.3387661 34.34059715 34.29517174 34.20523834
33.45439148 33.47106743 33.4903965 34.00829697 34.02226067 34.03284264 34.03423119 34.03170395 34.03001976 34.01984406 34.01854897 34.02737808 34.02833748 34.0310955 34.04408836 34.04684448 34.07451439 34.09695625 34.10124016 34.10030365 34.1496048 34.1986084 34.2116909 34.22507095 34.30121613 34.3914566 34.41872597 34.43854332 34.51204681 34.58182716 34.58096313 34.60447502 34.63100243 34.6376667 34.67266273 34.67357254 34.66362381 34.6623764 34.67046738 34.65119553 34.65190506 34.6531105 34.64667511 34.62184143 34.61534119 34.61802673 34.58840561 34.57915115 34.57442474 34.56700516 34.52404022 34.51632309 34.50655365 34.45321655 34.44581985 34.43651199
33.04295921 32.37626266 32.95522881 32.99191475 32.57201385 32.63284492 33.88436699 34.02270126 34.03085899 34.0344429 34.03427887 34.03781128 34.03879738 34.04550552 34.05121613 34.08020973 34.08546829 34.11261177 34.12201881 34.18177795 34.18739891 34.23722839 34.26360321 34.3532753 34.43455124 34.45499229 34.4809742 34.5775013 34.64241982 34.65855026 34.67544746 34.69221115 34.7576828 34.75069046 34.75143433 34.75605011 34.76695251 34.75807953 34.74861145 34.74552917 34.73121643 34.73568726 34.71139908 34.70844269 34.69673538 34.67673111 34.65597916 34.65111923 34.61935425 34.62260437 34.60673523 34.59970856 34.53176498 34.52093124 34.5070343 34.4482193
32.93116188 32.98131752 32.50942993 33.89448166 33.09520912 32.16783714 31.84936523 32.28891754 32.87745094 33.93362045 34.09955597 34.06183434 34.06601715 34.07602692 34.10380173 34.10024834 34.11247826 34.15423393 34.16512299 34.17668915 34.22530365 34.34451675 34.36860085 34.37823868 34.46815681 34.56528664 34.58897972 34.59759331 34.66626549 34.67106628 34.69844818 34.74503326 34.76111221 34.77009583 34.78361893 34.80270386 34.79445648 34.79860306 34.79745865 34.7935257 34.79582596 34.81215668 34.7881012 34.80611801 34.78883743 34.79405975 34.77544022 34.74271774 34.75032043 34.74745941 34.69191742 34.66917419 34.68294144 34.61257553 34.6100235 34.59433365
33.49386024 33.90947151 33.3421402 33.91374016 33.92487335 33.64501762 33.95267868 34.09597397 34.09243774 34.04982376 33.95981979 34.09429932 34.07817268 34.09520531 34.10305595 34.12996483 34.16293526 34.1783123 34.21763229 34.2276268 34.29046059 34.35723877 34.36786842 34.38687325 34.48830795 34.56091309 34.57345963 34.592453 34.70753098 34.70629883 34.71223068 34.75148392 34.78050995 34.78242111 34.80240631 34.81947327 34.84000397 34.84667969 34.85381699 34.85993576 34.91638947 34.92684555 34.93610382 34.94421387 34.94403839 35.02417374 34.99762726 34.98014832 34.97055435 34.91800308 34.84500885 34.82442474 34.76520538 34.6592865 34.64904022 34.79867935
33.90736771 33.91753387 33.91429901 33.92809677 33.94385529 33.95856285 33.97567558 33.97622681 33.97535896 33.98571587 33.81181908 34.00391769 34.11667442 34.12820053 34.12751389 34.19568253 34.20659065 34.22229004 34.26895905 34.3415184 34.35852432 34.42890549 34.53167343 34.55691147 34.57446861 34.66046333 34.76329041 34.78665543 34.84323502 34.83431625 34.90797043 34.92677689 34.93089294 34.92071533 34.9060936 34.90625 34.90120697 34.88917542 34.94712067 34.97096252 35.0258522 35.06843948 35.19060898 35.19903946 35.22501755 35.16953659 35.21228409 35.23099899 35.1722908 35.14695358 35.11169052 34.85300064 34.8141861 34.79984665 34.79616165 34.67724991
33.91875458 34.06074142 33.91934586 33.66970825 33.96230125 33.99697685 34.02332878 33.86036682 34.05936623 34.06040192 34.18976784 34.20911026 34.15867996 34.16819191 34.21221733 34.22083473 34.25652504 34.27241898 34.3487339 34.41211319 34.43510437 34.5372715 34.63083458 34.6508522 34.7404747 34.81666565 34.83164597 34.84951782 34.92253876 34.92289734 34.94910431 34.94913101 34.94896317 34.93208694 34.92952728 34.91356277 34.93788528 34.92140961 34.96217346 35.09693909 35.21315002 35.22925186 35.31762314 35.40536118 35.46215439 35.33853149 35.43385696 35.4564476 35.52882767 -9999.0 -9999.0 35.20194605 -9999.0 -9999.0 34.95527835 34.61201552
34.07325363 34.07644463 34.06646156 34.07757759 34.10148239 34.10800743 34.03403091 34.09229851 34.10988998 34.11114311 34.2295742 34.24448013 34.25090218 34.24053764 34.26141357 34.27011299 34.31212425 34.38221169 34.40695763 34.49105644 34.59944916 34.61965179 34.70862579 34.81402588 34.83542633 34.89827347 34.9218483 34.98915482 34.98471069 34.98405075 34.96776581 34.96009064 34.95182037 34.9185257 34.89657593 34.88868332 34.89281464 34.91625595 34.99532318 35.0058403 35.05898666 35.36427689 35.41881561 35.44827652 35.51597214 35.52284622 35.57870102 35.57889175 35.57152557 -9999.0 -9999.0 -9999.0 35.46387362 35.40124443 35.24422437 35.02757645
33.65859795 33.93807793 33.93966293 34.10276985 33.98942375 34.02321053 34.16265297 34.1686821 34.14686584 34.23952103 34.28846741 34.31062126 34.33060455 34.42821884 34.38575172 34.40381622 34.54332733 34.55112076 34.59251213 34.74196625 34.75872803 34.74903488 34.87726212 34.89458847 34.91992569 35.0314064 35.05838776 35.06376266 35.03903198 35.02760696 34.99067307 34.97423553 34.91236115 34.90848923 34.90106201 34.89167786 34.89894485 34.90166855 34.97822189 34.9958725 35.11214447 35.14128113 35.21369171 35.4564209 35.52509308 35.69874573 35.77718353 35.7690773 35.78487778 35.78416824 35.7892952 35.7802124 35.78423309 35.69952714 35.6327914 35.36662608
34.01618576 34.05274582 34.1695137 34.18504333 34.22368813 34.24219704 34.23007965 34.31886292 34.34194946 34.36413002 34.35359383 34.39351463 34.51594162 34.53484726 34.54899216 34.66005898 34.69778061 34.77005005 34.87451172 34.94338608 34.96620178 35.05402374 35.1074295 35.1140213 35.10653305 35.06539536 35.03527832 34.854702 34.81300735 34.83771133 34.76025009 34.75793839 34.75734711 34.76195145 34.7592926 34.76038742 34.75905609 34.80485153 34.81245041 34.82396698 34.93618393 34.96413803 35.07920837 35.11319351 35.32122803 35.46266937 35.66889572 35.80347824 35.85731506 35.86549759 35.85833359 35.84849548 35.87797165 35.86659241 35.77807939 35.6293602
