Environmental Parameters 2050 RCP85/Sea-bottom_salinity.asc
ncols 720
nrows 360
xllcorner -180.00
yllcorner -90.00
cellsize 0.5
NODATA_value -9999
[rows 150 to 174 of 360, columns 280 to 335 of 720]
34.89329147 34.88434601 34.87863159 34.87858963 34.8792572 34.87934113 34.88370895 34.87973785 34.88368225 34.87944794 34.87960052 34.88002396 34.88048935 34.88070297 34.88047409 34.87989807 34.87944031 34.87925339 34.87868881 34.87887192 34.87824631 34.87773895 34.87734604 34.87179184 34.87083054 34.87059402 34.87093735 34.89062881 34.89205933 34.89918518 34.93796921 34.92023468 34.9200592 34.92005157 34.89825439 34.89754486 34.89697266 34.88503265 34.89672852 34.89510727 34.89511871 34.91794586 34.93003845 34.95160675 34.86429977 35.48152542 -9999.0 -9999.0 -9999.0 -9999.0 -9999.0 -9999.0 -9999.0 -9999.0 -9999.0 -9999.0
34.88306427 34.87811661 34.87792969 34.87804413 34.88285828 34.87862778 34.87869263 34.87881088 34.87804794 34.87799835 34.87803268 34.8780632 34.87821198 34.87828827 34.8782196 34.87787247 34.87758636 34.87749863 34.87757111 34.87760544 34.87724686 34.87620544 34.87305832 34.87604904 34.87120056 34.87094116 34.87147141 34.88955307 34.88995361 34.89121628 34.89134216 34.89159393 34.89123154 34.89879227 34.88832474 34.88700485 34.88587189 34.88500214 34.88464355 34.89675522 34.89664841 34.9199028 34.92959976 34.94985962 34.91493225 35.66134262 35.59293365 -9999.0 -9999.0 -9999.0 -9999.0 -9999.0 -9999.0 -9999.0 -9999.0 -9999.0
34.8815155 34.88129425 34.88131714 34.87720871 34.87737274 34.8812294 34.8771286 34.87672043 34.87653351 34.87628555 34.87626648 34.87623596 34.87620926 34.8763237 34.87627029 34.87608337 34.87593842 34.87589264 34.87601852 34.87620163 34.87556076 34.8747673 34.87453461 34.8747673 34.87187576 34.87144089 34.87226868 34.88880539 34.88944244 34.88989639 34.89133453 34.89159012 34.89116287 34.89037323 34.88864136 34.88673782 34.88548279 34.88463211 34.88441849 34.88441849 34.89682388 34.89656448 34.91962814 34.93032455 34.97441101 35.63366318 35.46257019 35.47204731 35.37251534 -9999.0 -9999.0 -9999.0 -9999.0 -9999.0 -9999.0 -9999.0
34.88053513 34.87992096 34.87660599 34.876194 34.87969971 34.87467957 34.8746109 34.87453461 34.87426758 34.87407684 34.8742218 34.87441254 34.87440872 34.87446976 34.87455368 34.8744812 34.87435913 34.87446594 34.87461472 34.87446213 34.87446213 34.87397766 34.87374115 34.87360001 34.87387466 34.87261581 34.87299728 34.87500381 34.87636566 34.88972473 34.89029694 34.89047241 34.89021301 34.8895607 34.88814926 34.88634491 34.88461304 34.88389969 34.88316727 34.88324356 34.88418961 34.89690018 34.89730835 34.91854095 34.94786072 35.55410004 35.43381119 35.38356729 35.30071032 -9999.0 -9999.0 -9999.0 -9999.0 -9999.0 -9999.0 -9999.0
34.8766098 34.88035965 34.87648392 34.87894821 34.87493134 34.87379074 34.87334061 34.87253189 34.87231064 34.87234879 34.87275696 34.87282944 34.87248611 34.872612 34.87253571 34.87259674 34.87273788 34.8729744 34.87325287 34.87315369 34.8732872 34.87299728 34.87292862 34.87278366 34.87282944 34.87343216 34.87385941 34.87475586 34.87732315 34.87855911 34.87927628 34.87998199 34.88035965 34.88043594 34.88044739 34.88040924 34.88509369 34.88049698 34.88316345 34.88304138 34.88389206 34.88393784 34.89777374 34.91791534 34.80939102 35.39135742 35.44070816 35.29474436 -9999.0 -9999.0 -9999.0 -9999.0 -9999.0 -9999.0 -9999.0 -9999.0
34.87995148 34.87986755 34.8792305 34.88603592 34.87453842 34.87696457 34.87700653 34.87262726 34.87234879 34.87244034 34.87156677 34.87109756 34.87083817 34.87086868 34.87088776 34.87116241 34.87162781 34.87140274 34.8718605 34.87179947 34.87184906 34.87199783 34.87192535 34.87192154 34.87189865 34.87187958 34.87475967 34.87242508 34.87661743 34.87873077 34.87916183 34.87970352 34.88004684 34.8802681 34.88055038 34.88048172 34.88010406 34.87978745 34.88014603 34.88085938 34.88338852 34.88391113 34.88392639 34.89824295 34.94559097 35.61880493 35.47408295 35.21328735 35.16516662 35.03786059 34.97860277 -9999.0 -9999.0 -9999.0 -9999.0 -9999.0
34.88353729 34.88447952 34.88484192 34.88481522 34.87668228 34.87395477 34.87342072 34.87604141 34.87203217 34.87715912 34.87039566 34.87003708 34.86959457 34.86981583 34.87013626 34.87075043 34.87150574 34.87114334 34.87147141 34.87158966 34.87166595 34.87170792 34.87167358 34.87392807 34.87185669 34.87182999 34.87187576 34.87218475 34.87234116 34.8782692 34.87860489 34.87305069 34.87955093 34.88008881 34.88051224 34.88053894 34.88014984 34.87949753 34.87958527 34.88084412 34.8835144 34.88394928 34.88396072 34.89842224 34.94604492 35.58657455 35.61653137 35.62488937 35.40828323 34.99238312 -9999.0 -9999.0 -9999.0 -9999.0 -9999.0 -9999.0
34.88224792 34.88330841 34.87865448 34.87667847 34.87595367 34.87338257 34.87528229 34.8723526 34.87535477 34.87033844 34.86990738 34.8692627 34.86879349 34.87865829 34.87840271 34.86904144 34.87681961 34.87622833 34.87081146 34.87074661 34.87090302 34.87101364 34.87071609 34.87128448 34.87153244 34.87146759 34.87129974 34.87653732 34.87157059 34.87779236 34.87845612 34.87913895 34.87968826 34.88010025 34.88152695 34.88147354 34.8807869 34.87982559 34.87909317 34.88072968 34.88107681 34.88404846 34.88407516 34.89918137 34.93082047 35.60457611 35.34176254 35.26015091 34.92438889 34.97535706 34.75227425 -9999.0 -9999.0 -9999.0 -9999.0 -9999.0
34.87716675 34.87989807 34.88343811 34.87565231 34.87503433 34.8723259 34.87198639 34.87104034 34.8703537 34.88707733 34.87705612 34.86869431 34.87782669 34.86816406 34.86811447 34.86820221 34.86889648 34.87005997 34.8704567 34.8707428 34.87072754 34.87079239 34.8710022 34.8716774 34.87182617 34.87171936 34.87142181 34.87130356 34.87141418 34.87163162 34.87181091 34.879673 34.87195969 34.88040543 34.88178635 34.87360001 34.88093185 34.87991333 34.87886047 34.88068771 34.88384247 34.88424301 34.88432312 34.89919662 34.95571518 35.31157303 35.82289886 35.45221329 35.24982452 35.10326004 34.64113617 -9999.0 -9999.0 -9999.0 -9999.0 -9999.0
34.91737366 34.91610718 34.89925766 34.91379547 34.89693832 34.88305283 34.87412643 34.87426376 34.88649368 34.87554169 34.87701797 34.88962173 34.88996506 34.87821198 34.86837006 34.87760925 34.87690735 34.87619019 34.87545776 34.87121582 34.87385559 34.87100983 34.87166595 34.87582397 34.8765564 34.8716774 34.87151718 34.87748337 34.87147141 34.87189484 34.87201691 34.87201691 34.88045883 34.88397598 34.88233948 34.87388229 34.881073 34.88006973 34.87330627 34.88072968 34.88389206 34.88416672 34.89769363 34.91351318 34.88793564 35.17757416 35.34851456 35.67106628 35.66748047 35.03089523 35.01415253 34.49092484 34.4658571 -9999.0 -9999.0 -9999.0
34.91547012 34.9154129 34.91495132 34.91395569 34.89560318 34.89566422 34.88695145 34.87618256 34.87597275 34.8771019 34.87849808 34.86951447 34.89250565 34.89143372 34.87871933 34.87947464 34.87775421 34.87061691 34.87200546 34.87167358 34.87152481 34.87165451 34.8719902 34.87216949 34.87184143 34.87153625 34.87144852 34.87817383 34.87924957 34.88021469 34.88058853 34.88079834 34.88088608 34.88085556 34.88281631 34.88830185 34.88707352 34.88052368 34.88021851 34.88063812 34.8840332 34.89857864 34.89928818 34.91188431 34.82423782 34.75088882 35.1357193 35.63904953 35.65246201 35.73998642 35.37062073 35.36096191 34.21578979 34.44467016 -9999.0 -9999.0
34.91524506 34.91507721 34.8962059 34.89424515 34.89361191 34.89356995 34.88863373 34.88944626 34.89040375 34.89162445 34.89270782 34.89356995 34.89390945 34.89371872 34.88010025 34.89268494 34.89207077 34.8914032 34.87686539 34.87579346 34.8756485 34.87609482 34.87573624 34.87659073 34.87721252 34.87779236 34.8783226 34.87915802 34.87985229 34.8816185 34.88186646 34.88214111 34.88224792 34.88278961 34.88945007 34.88935089 34.88886642 34.92848969 34.89652252 34.91102219 34.88347626 34.88452911 34.88608932 34.89635086 34.9274025 34.95424652 34.80312347 34.78325272 35.21164322 35.67471695 35.65761948 35.66326141 35.2615242 34.3035818 -9999.0 -9999.0
34.95423889 34.91480255 34.89010239 34.89211273 34.8923378 34.88853836 34.89027786 34.87737656 34.89213181 34.8931694 34.89429092 34.8953476 34.89536667 34.89483261 34.8941803 34.87966919 34.878479 34.87751007 34.87722015 34.89067841 34.89058685 34.89107895 34.87695694 34.87722778 34.87806702 34.87804794 34.87134171 34.87941742 34.8820076 34.88238525 34.88318253 34.88333893 34.88318253 34.88345337 34.89578247 34.8897171 34.88962173 34.91043472 34.91028976 34.94808197 34.88563919 34.88851547 34.88903809 34.88969803 34.88270187 34.8893013 34.90467072 34.89466476 34.89457321 34.91956329 34.76958084 35.84282303 35.38823318 34.5723114 34.33303309 -9999.0
34.82235718 34.88692856 34.82221603 34.91461945 34.88978577 34.88250351 34.89118576 34.89255142 34.89339828 34.89440918 34.89575577 34.89632797 34.89678574 34.89609909 34.89845657 34.89441681 34.89408875 34.87784576 34.89255142 34.87694168 34.89175034 34.89195633 34.89157104 34.87749481 34.88832474 34.88644791 34.87855911 34.88263702 34.87437439 34.88384628 34.88431549 34.88423157 34.889431 34.88969803 34.88982391 34.88990784 34.88267517 34.90980911 34.89458466 34.8861084 34.89649582 34.8921051 34.89254379 34.88412094 34.89173889 34.8902359 34.89086533 34.89160919 34.89264297 34.89360046 34.89505005 35.74429321 35.5562706 34.89341354 34.41680688 -9999.0
34.89050293 34.82203674 34.88547897 34.81945419 34.82429504 34.8863678 34.87623978 34.88811874 34.8886261 34.88986206 34.89178085 34.89238358 34.91023254 34.89654922 34.895504 34.89455795 34.89414215 34.90026093 34.89438248 34.87760925 34.89330673 34.89218903 34.89197922 34.89838409 34.88028336 34.88964462 34.88902283 34.88318253 34.88375092 34.88420105 34.88454819 34.884655 34.88906097 34.88967133 34.88990784 34.89588928 34.89480209 34.94611359 34.94631577 34.89481735 34.89191818 34.89400101 34.88423157 34.88417816 34.8841362 34.8841362 34.88225174 34.89325333 34.8930397 34.89574432 34.89900589 34.8777504 35.81292343 34.70111847 34.37600708 34.36803055
34.8222847 34.82168579 34.88660431 34.88562012 34.91344833 34.9125824 34.8853302 34.9118309 34.88787079 34.88874054 34.89691162 34.89311981 34.89437103 34.9111824 34.91204834 34.89464188 34.89577103 34.89467239 34.90182877 34.90174484 34.89323425 34.89989853 34.89655304 34.8998642 34.89954376 34.89087677 34.88993454 34.8889122 34.888134 34.89780045 34.88806152 34.88886261 34.89706802 34.89635468 34.89600372 34.92613983 34.90845871 34.91017532 34.89469147 34.91191483 34.89062881 34.89329529 34.88431931 34.88049316 34.87873459 34.86823654 34.86358261 34.89322281 34.89483261 34.89326859 34.89451599 34.89506531 34.93768692 34.7946701 35.14876175 35.26819229
34.82021713 34.87900925 34.81989288 34.81972504 34.88468933 34.81892395 34.8337326 34.85740662 34.88436508 34.88582993 34.90913391 34.9284935 34.91294479 34.91604233 34.91501617 34.9017601 34.91438675 34.9026413 34.90267563 34.89443207 34.91236496 34.91176605 34.90039063 34.9002037 34.89238358 34.89112091 34.89009476 34.88397217 34.88856125 34.89781952 34.88812256 34.88903427 34.90873718 34.9090538 34.90719986 34.90811157 34.90861511 34.89487457 34.91037369 34.91040421 34.89610672 34.88697052 34.89656448 34.86154175 34.85422897 34.84833527 34.84912872 34.85350037 34.85760117 34.86273575 34.88970566 34.88620377 34.88536453 34.89646912 34.92583466 34.95553207
34.88906479 34.81745148 34.81918716 34.82007217 34.81930161 34.81851959 34.81837463 34.83958817 34.87055588 34.88148117 34.88600922 34.90866089 34.89961243 34.92869949 34.91387558 34.90255356 34.90294647 34.91396713 34.90270996 34.90267563 34.90236664 34.90171814 34.90068436 34.90020752 34.89239502 34.89118576 34.89003754 34.88936996 34.89710617 34.89648056 34.90888596 34.89590836 34.89565659 34.89513397 34.91056061 34.89425659 34.90921783 34.9088707 34.90880966 34.90898895 34.94467163 34.89661789 34.88193512 34.84280396 34.84068298 34.84413147 34.84872818 34.85519791 34.85858536 34.86279678 34.86341095 34.88611984 34.88445282 34.89693451 34.91588211 34.91880798
34.81162262 34.81371307 34.88053894 34.8177948 34.81764984 34.88312531 34.81678009 34.81633759 34.87968826 34.88006973 34.88227844 34.88721466 34.90616989 34.95077896 34.9474144 34.9234581 34.91383362 34.91330719 34.91291428 34.90270996 34.90254211 34.90215683 34.9009285 34.90009308 34.89986801 34.89112091 34.89835358 34.89705658 34.89619827 34.88888931 34.8888092 34.89261627 34.88970184 34.88995361 34.8948555 34.895401 34.90983582 34.90903091 34.90879059 34.92248535 34.91048813 34.87717819 34.83332443 34.83438492 34.83850479 34.8441124 34.84869385 34.85521317 34.85995483 34.86351013 34.86574554 34.86784363 34.88555145 34.88531113 34.89695358 34.93166733
34.80592346 34.80753708 34.80913925 34.81151199 34.88175201 34.8143959 34.882267 34.88199234 34.81592178 34.88022614 34.90631104 34.92602539 34.90592957 34.91214371 34.92938232 34.91557693 34.92163086 34.91284943 34.91254807 34.90312576 34.9028511 34.90203094 34.90072632 34.89963531 34.89216614 34.89128494 34.89894867 34.88980865 34.88924789 34.89453888 34.88895416 34.88920593 34.88949966 34.88622665 34.89626694 34.89641953 34.90992737 34.94178772 34.94173813 34.92234421 34.87076187 34.87304688 34.83195114 34.83436203 34.83707809 34.84253693 34.84946442 34.85523224 34.86072159 34.8636055 34.86684036 34.86786652 34.86783218 34.88750076 34.88736343 34.92548752
34.80078506 34.80185699 34.80437088 34.80651093 34.88542557 34.811306 34.88308716 34.88145065 34.88074493 34.88107681 34.90715408 34.9058075 34.90635681 34.92451859 34.90912247 34.91494751 34.9163208 34.91452408 34.91257858 34.90307236 34.90264893 34.90909958 34.90045166 34.89965439 34.89977646 34.89919281 34.89049149 34.8897171 34.89717102 34.88903427 34.88895416 34.88550949 34.87845993 34.87126541 34.89809799 34.89622879 34.90971756 34.92366791 34.92285919 34.92578888 34.86710739 34.86925507 34.83058929 34.83332062 34.83671188 34.84278488 34.84946823 34.85569 34.86074448 34.86365128 34.8680191 34.86789322 34.8685379 34.88834381 34.88792801 34.92017365
34.79799652 34.79928207 34.8010025 34.80301666 34.88648605 34.91498947 34.8839798 34.91141891 34.90999222 34.88211823 34.88269424 34.90714645 34.90736771 34.92378235 34.94841766 34.91276932 34.91421127 34.92264938 34.91214371 34.91019058 34.90952301 34.90883255 34.90014267 34.89928818 34.898983 34.89136505 34.89070892 34.88989639 34.8977623 34.88908386 34.88204956 34.87068558 34.86175156 34.85527039 34.89873886 34.91218567 34.91044235 34.89402771 34.89624786 34.86265945 34.86499405 34.82832718 34.83055496 34.83328629 34.83561325 34.84153748 34.84860992 34.85671616 34.86220169 34.86492538 34.86805344 34.8686676 34.86869812 34.88857269 34.89890289 34.92247009
34.7977066 34.79854202 34.79951477 34.88938141 34.80241394 34.88624573 34.88502121 34.88435745 34.91069412 34.88364029 34.88449097 34.90858459 34.90853882 34.90875626 34.92401123 34.92385101 34.94736099 34.94680405 34.92163086 34.90963364 34.90954208 34.90882111 34.89922333 34.89860916 34.89815903 34.89778137 34.89064407 34.88994217 34.8884964 34.89795303 34.89823914 34.8559227 34.85468292 34.85491562 34.89783096 34.89728165 34.85447311 34.91275406 34.89712524 34.85977936 34.82641983 34.82830811 34.82952499 34.83280945 34.8351326 34.84114075 34.8494072 34.85692978 34.86208725 34.86701584 34.86795425 34.88301468 34.88492584 34.88700867 34.8911171 34.9087944
34.79782867 34.79869843 34.79928589 34.80040741 34.80161667 34.79736328 34.78574371 34.88498688 34.88375854 34.88466644 34.88554001 34.91000366 34.90958405 34.91027069 34.91106796 34.92280579 34.94826126 34.97806168 34.9213829 34.92274094 34.90146255 34.90968704 34.89857483 34.90898895 34.90901184 34.89751434 34.89744568 34.89746857 34.87553787 34.89775467 34.85399628 34.89812469 34.89833832 34.85498428 34.89850998 34.85530472 34.85560989 34.85585022 34.85533142 34.85606003 34.85754776 34.82638931 34.82871246 34.83147049 34.83447647 34.84115601 34.84762955 34.85519409 34.86237335 34.87681961 34.87837219 34.87991333 34.88192368 34.88411331 34.88456726 34.88524628
34.79799271 34.79873657 34.79794693 34.89165878 34.78812027 34.77498245 34.88803101 34.88653183 34.8860054 34.8862915 34.91161728 34.88781357 34.88843918 34.88808441 34.91220093 34.94658279 34.92123032 34.91474152 34.94609451 34.9091301 34.90948105 34.9096756 34.90982056 34.90899658 34.90916443 34.90932846 34.8966217 34.89657211 34.9116478 34.89751053 34.89779663 34.89793015 34.85413361 34.85429764 34.89716721 34.85494614 34.85523987 34.85562515 34.85440826 34.85298157 34.85183716 34.8255806 34.8278389 34.8286972 34.83235931 34.83893204 34.86290741 34.85565567 34.86438751 34.87324905 34.87446976 34.87598801 34.87781525 34.87990952 34.88218307 34.88372421
