Environmental Parameters 2050 RCP85/Sea-bottom_temperature.asc
ncols 720
nrows 360
xllcorner -180.00
yllcorner -90.00
cellsize 0.5
NODATA_value -9999
[rows 175 to 199 of 360, columns 56 to 111 of 720]
0.927900553 0.925650537 0.924304545 0.922514379 0.894402921 0.89563942 0.908672035 0.912788272 0.914221942 0.93088603 0.93140775 0.917859375 0.939740956 0.972256482 0.970956922 0.942921937 0.943059981 0.945734501 0.948426962 0.95249933 0.959145665 0.964658856 0.966921329 0.969406903 0.969713092 1.038607717 0.992925346 0.991350353 0.99461627 0.999703169 1.003000081 1.003203034 1.006391644 1.003536344 1.007205427 1.001600146 1.004114211 1.004863143 1.003062487 1.008350849 1.011284113 1.017049432 1.013182163 1.013525009 1.014623404 1.014606357 1.014944315 1.015129328 1.015126467 1.020550966 1.017963529 1.019297481 1.020005465 1.018877506 1.019127011 1.019451976
1.318825841 0.986983359 0.928066432 0.928172886 0.928132892 0.896781802 0.911451399 0.914262295 0.915407479 0.936828136 0.937469244 0.940158427 0.944765151 0.949079633 0.948524117 0.946469545 0.977286994 0.979292512 0.979934037 0.980370998 0.981493413 0.969699323 0.97067827 0.971744776 0.995952308 0.997888386 0.997124434 0.997647941 1.0001719 1.003121376 1.005300939 1.004033923 1.004325449 1.00402844 1.00327301 1.00574398 1.00187701 1.002312422 1.008378327 1.010905743 1.01376462 1.018018961 1.013657331 0.99324429 1.01470232 1.014879823 1.015614748 1.01619637 1.020764947 1.017730951 1.018807888 1.018939376 1.019309402 0.958881557 1.018958569 1.019351602
1.047172189 0.991858006 1.043399572 0.93268609 0.934681594 0.911409855 0.936433971 0.936601162 0.915898204 0.983279347 0.941143334 0.94403559 0.91953975 0.9514184 0.951119363 0.949867249 0.951452255 0.987043738 0.987614691 0.987597108 0.987539589 0.988901019 0.973248541 0.994709074 0.974996626 0.978930175 0.9995507 1.000540674 1.004106164 1.004085183 1.005741656 1.007721186 1.00486362 1.004526079 1.003833532 1.003175974 1.002366424 1.002683818 1.010261238 1.012160182 1.013293147 1.013492584 1.013779044 0.99228102 0.998868465 1.014219403 1.015345931 1.016457558 1.022636533 1.017538071 1.017975092 1.018514991 1.019121528 1.018568158 1.018679142 1.020795226
1.400325179 0.995578587 1.043048263 0.986674786 0.983571351 0.984516442 0.93760097 0.938768327 0.993624449 0.994751215 0.994717181 0.99087131 0.98780638 0.954268456 0.988496423 0.958005428 0.990726948 0.992021918 0.992546916 0.992534876 0.992772281 0.979721785 0.979805291 0.997384787 0.998163223 0.998624682 0.986180663 0.998019099 1.004052639 1.004058063 1.006026089 1.004065037 1.004503548 1.004733622 1.013029218 1.01315558 1.014073491 1.013151407 1.013257861 1.014012337 1.015690804 1.013070822 1.013140321 1.020875454 1.012757897 1.022779822 1.014571428 1.015469432 1.016213417 1.017654419 1.0177809 1.01816535 1.019393444 1.054057956 1.018738747 0.960031211
1.239823341 1.240598202 0.919826865 0.925189912 0.927360654 1.181054831 0.990820229 1.999616742 1.039634347 0.999783158 0.999856532 0.997657537 0.99387753 0.992506087 0.993179023 0.993836999 0.9773615 0.979616463 0.980718434 0.981458426 0.994447351 0.995381355 0.996873796 0.999130726 1.000182211 1.000724137 1.001631618 1.003349602 1.005367577 1.007064998 1.008125484 1.003680468 1.013103962 1.015458107 1.041965485 1.043118834 1.018291712 1.017538667 1.003379047 1.016891003 1.01016742 1.019138932 1.02009201 1.010715961 1.011027038 1.011641979 1.012890577 1.013779521 1.016483545 1.015594602 1.016816616 1.018092036 1.017290115 0.960496962 0.960465491 1.018561959
1.115435362 0.998093247 1.117078662 0.917094648 0.987695575 0.869049072 0.918468475 0.9217453 0.995724618 0.997657359 0.935737729 0.999655604 0.997097135 0.957391679 0.994536579 0.993691027 0.97587353 0.993102491 0.979668975 0.981448948 0.995141864 0.985073328 0.985298276 1.00005126 1.00211817 1.003498137 1.004400134 1.005637109 1.007276118 1.008505523 1.009328067 0.999165595 1.013829589 1.015810728 1.01695931 0.982444882 1.017115831 1.016211152 0.997908056 1.016261935 1.016777992 1.017316937 1.018248558 1.007602513 1.008534014 1.00978452 1.011126518 1.012374043 1.013604045 1.015166521 1.01664114 1.016705632 1.017178535 1.017235041 1.020350456 1.055611968
0.855822027 0.86412394 0.865885913 0.99188143 0.869198024 0.859893084 0.872040093 0.91354996 0.919727862 0.998575211 0.922693431 0.933950603 0.931833804 0.996388972 0.992421746 1.044247627 0.990687609 1.122872591 0.979706109 0.982236028 0.984339952 0.985578954 0.985507905 0.999976397 1.002157807 1.003604293 1.004768729 1.005544782 1.006641328 1.00799036 1.009005427 1.010068417 0.991135478 1.012069941 1.012072444 1.047127485 0.994406462 1.009938836 1.0093261 0.996427417 1.011306405 1.001240969 1.003547013 1.004258037 1.006134093 0.99596262 1.00079757 1.006952047 1.022749066 1.014258623 1.015597582 1.016164064 1.017749548 1.016795039 1.019411922 1.0564394
0.857390523 0.858997881 0.865897834 0.867098927 0.868505478 0.869938076 0.87196058 0.87361443 0.875302255 0.917321861 0.999128401 0.998997986 0.996896803 0.993464172 0.989296138 1.052457452 0.952269912 0.967239857 0.976064801 0.993352652 0.99427855 0.899862468 0.979191899 0.999519885 1.000079393 1.000005841 1.001080275 1.001493335 1.00194639 1.049052477 1.003289163 1.005455256 0.989859402 0.992033482 0.977699459 0.993735015 1.00512588 1.004312754 0.995228767 0.994650543 0.989776492 0.997648001 1.000358582 0.993663669 1.004384756 1.006745756 1.016775727 1.01704812 0.960544109 1.012694597 1.0156672 1.01554215 1.016456604 1.01601851 1.016456962 1.028214931
0.858374894 0.859356225 0.859548151 0.859792292 0.860127985 0.869351089 0.863151133 0.874059439 0.876078725 0.905792058 0.908267617 0.908083618 0.910148978 1.059478521 0.915684521 0.982716918 0.934426844 0.947157264 0.986723125 0.960316062 0.988814473 0.986638248 0.987240613 1.051135421 0.991914451 0.991822422 0.991827428 0.991364896 0.991829932 0.992784023 0.981906176 0.985006392 0.988361597 0.991624773 0.99285984 0.993073344 1.002493799 1.061977506 0.995269775 0.994490743 0.99408257 0.995205104 0.993288159 0.994273007 0.996809006 1.00482893 1.013994455 1.01440084 1.008415222 1.010362744 1.014939189 1.014781713 1.014979124 1.015649676 1.016254067 1.019276142
0.85885334 0.859792292 0.859671175 0.860127985 0.86989665 0.862629235 0.872799635 0.874528944 0.877184272 0.878669024 0.900246441 0.88271594 0.904535949 0.907347858 0.892553449 0.914818883 0.919064701 0.980345011 0.979436934 0.97909981 1.064394236 0.973341167 0.944066942 0.975859165 0.977440655 0.979351163 0.960948646 0.958598137 0.958506584 0.977083981 0.979906917 0.99068749 0.985437691 0.994847417 0.996694624 0.990585268 0.991434753 1.00034517 1.000404894 0.993135095 0.992487848 0.990297139 0.992938697 0.998333037 0.996962011 1.002786994 1.012472987 1.000175476 1.005902469 1.008419394 1.010934353 1.012860775 1.014643192 1.015305758 1.016261697 1.016449809
0.868397176 0.859612167 0.871637225 0.872534633 0.872900665 0.873229265 0.873799682 0.875175476 0.86666733 0.879396141 0.896903038 0.882570922 0.884491801 0.888876319 0.893636525 0.897613704 0.902148664 0.901914895 0.918805718 0.923709571 0.926863492 0.960933447 0.936735272 0.936504006 1.069463849 0.946367443 0.972466588 1.082836628 0.970745564 0.975462496 0.987051427 0.98896426 0.981475115 0.982848167 0.984242797 0.986624479 0.979943991 0.99890703 0.99869144 1.000319302 0.990584671 0.992528856 0.992643714 0.993532658 1.000111639 1.001065612 1.012853622 1.002912641 1.005271137 1.008146524 1.013030529 1.012990832 1.015105247 1.015375733 1.01576376 1.016240239
0.869359195 0.872804105 0.875343502 0.875790775 0.874361098 0.873457491 0.864807427 0.87546432 0.878300726 0.880796671 0.882614553 0.884445965 0.886317432 0.888992012 0.906965673 0.910004735 0.910158396 0.903487384 0.903895795 1.16815865 0.925714135 0.957031131 0.930031598 0.933582902 0.938774168 0.945937574 0.954661191 0.980199814 0.959631741 0.971691608 0.974380553 0.987062573 0.977696538 0.97964251 0.981114984 0.982508421 0.984306872 0.985950828 0.986386836 0.987540364 0.98702985 0.957820892 0.95970726 0.992575645 0.995263636 0.996891618 1.000850618 1.002549589 1.005420029 1.008948982 1.012313366 1.015021324 1.015215397 1.018712878 1.020466805 1.02280724
0.870102942 0.87452668 0.877755404 0.877388656 0.88788408 0.889389813 0.87199384 0.874940336 0.866725206 0.866588593 0.900549591 0.886111081 0.887994468 0.903442979 0.896730542 0.910380006 0.905353427 0.968972385 0.917526245 0.955024242 0.907168686 0.924072087 0.927341044 0.933513999 0.971355915 0.976713777 0.958400309 0.960100532 0.963124037 0.960119009 0.959545195 0.971108615 0.97293961 0.973067045 0.977811992 0.990754962 0.978401423 0.982913375 0.981957853 0.984373331 0.986366332 0.98860532 0.994764686 0.996091664 0.998275161 0.999756157 1.000735104 1.00328505 1.006413937 1.007215917 1.015631914 1.018748879 1.019642353 1.020689726 1.023379207 1.02424252
0.872781277 0.87493974 1.134185076 0.876601219 0.890376091 0.870356917 0.862586319 0.865035295 0.880306721 0.901734114 1.069421053 0.901388347 0.870644927 0.903493762 0.959570765 0.9649598 0.908825755 1.088009238 0.958944201 0.921732128 0.923551142 0.925661027 0.927496493 0.935685515 0.98751992 0.990848422 0.956086397 0.960264504 0.960124016 0.885655999 0.966172278 0.967673242 0.969954669 0.972711623 0.973539531 0.97663343 0.978423417 0.978155434 0.984361887 0.983948886 0.990838826 0.989134312 0.995747745 0.991883695 0.995267153 0.961429119 1.002737522 1.003896892 1.005511284 1.005957723 1.008665681 1.020010233 1.021136642 1.032392383 1.025339246 1.025690913
0.851908565 0.85908854 0.860437334 0.874510229 0.860975385 0.860884488 0.856555462 0.857488394 0.962684691 0.90122813 0.888780475 0.869962752 0.892009735 0.871718168 0.961593211 1.08865726 0.915236235 0.910398185 0.910349071 0.923128068 0.927864015 0.931038976 0.932781041 1.000343144 0.947235227 0.955029607 1.00657469 1.109837294 0.960124016 0.964378417 0.965267301 0.967688799 0.967935205 0.973497152 0.973142564 0.973067462 0.974995911 0.976528406 0.979477406 0.98859781 0.991530299 0.989686787 0.991294742 0.999703109 1.003473043 0.998167872 1.006887794 1.008684039 1.005970001 1.016725659 1.01967144 1.022190571 1.024646521 1.033886909 1.027507663 1.028089881
0.852505744 0.802729607 0.853753567 0.86051178 0.859892368 0.908003569 0.857126534 0.857688904 0.866433322 0.859300613 1.194128513 1.067694426 0.87183702 0.907490432 0.966330051 0.908077538 0.918215394 0.911061585 0.910754442 0.928975403 0.933295369 0.933717847 1.001812577 1.085606933 1.020315409 1.019845724 1.020053029 0.972127736 0.974551082 0.971356809 0.970914423 0.973293006 0.971022367 0.976185203 0.976193607 0.976882517 0.975880444 0.97803241 0.979270399 0.98919034 0.987775326 0.995151222 0.999300182 1.00149554 1.005444944 1.007285833 1.008962631 1.011043966 0.960422039 1.008515656 0.960299969 1.0323627 1.033690214 1.034489036 1.029931426 1.030180693
0.853191674 0.853730559 0.802850544 0.855345547 0.855467081 0.802981079 0.857102573 0.858232439 0.901433468 0.869436264 0.881410122 0.882762074 0.884058118 0.90734911 0.911833763 0.91735214 0.923162222 0.910634339 0.928228199 0.930859625 0.934543014 0.934181988 1.012875199 1.025369406 1.027117014 1.076178432 0.972556174 1.023198366 0.978298843 0.980046153 0.981874943 0.985502005 0.986464381 0.983689725 0.981190562 0.975955009 0.978159487 0.984318435 0.98021239 1.015526414 0.992298782 0.990119219 0.992760718 1.001867115 1.025955915 1.007245839 1.009161711 1.011733651 1.015344501 1.020072579 1.02327168 1.014214396 1.028054595 1.062422514 1.030845761 1.030936956
0.864748836 0.864487827 0.802870572 0.861585498 0.855700791 0.856319964 0.856912315 0.858861327 0.860405922 0.861359239 0.862416685 0.880327225 0.881249189 0.90786767 0.884153724 0.918700039 0.927402616 0.931189179 0.984779954 1.081615329 1.003400624 1.012519598 1.022038698 1.02629137 1.031448722 1.071117282 1.077991486 1.031351805 1.023915291 0.991700768 0.993662417 0.994508326 0.992724478 0.978414834 0.988030791 0.980967999 0.980362475 0.987045944 0.982339442 0.989335418 0.992097735 0.995935738 0.937313735 1.000711203 1.003396571 1.006259561 1.005222917 1.012633443 1.011934459 1.020162702 1.023863316 1.017305493 1.032061696 1.017665863 1.030960441 1.031390071
0.872659206 0.853711247 0.865255296 0.85777539 0.856888354 0.856694818 0.858053327 0.857537329 0.861051321 0.869430363 0.879272282 0.87305367 0.873741627 0.873786747 0.916135192 0.978251815 0.930374503 0.988672554 0.998003125 1.01015085 1.018834591 1.018959045 1.025005102 1.028236151 1.074166059 1.075471044 1.078522325 1.038118958 1.033344865 1.028618455 1.002861977 1.025484204 1.025753856 0.999114811 0.995635331 0.986399949 0.985247612 0.984160483 0.983921409 0.984324813 0.913407743 0.988937199 0.997448206 0.998865783 1.001756251 0.998222709 1.009709775 1.012870431 0.987822413 1.013078332 1.030127525 1.029418111 1.031390667 1.035507321 1.031475067 1.03269732
0.913668215 0.854891181 0.856325209 0.857718885 0.85905385 0.859111369 0.857309818 0.858227849 0.859228849 0.869705796 0.87191236 0.881243229 0.881020606 0.883154154 0.886381149 0.886811554 0.93724364 0.942646801 1.012998819 1.024284601 1.025413752 1.080551147 1.078505278 1.077092171 1.134372115 1.081423402 1.083369732 1.04367733 1.07898438 1.034846663 1.015157938 1.01609838 1.027981877 1.006136358 0.992484331 0.996965885 0.995010436 0.987405539 0.992251337 0.985360265 0.986403227 0.98816371 0.990468323 0.991237819 0.992329717 0.996076226 1.00995934 1.00729984 1.016037583 1.107666016 1.017472506 1.02876842 1.025104046 1.017794132 1.017644048 1.017332911
0.861423254 0.917506158 0.860692978 0.861199915 0.861287355 0.857658863 0.861352324 0.858843803 0.868773341 0.859686852 0.865214884 0.859809935 0.87243259 0.873494148 0.890682042 0.942398608 1.48968327 1.076102495 1.022497892 1.029527545 1.034540772 1.276249766 1.980879664 5.566819191 1.341198802 1.087752342 1.087984443 1.047201991 1.046178102 1.040873647 1.032992125 1.016862512 1.013262153 1.008236587 0.995736837 0.995489359 0.997554898 0.989480436 0.988430262 0.992162287 0.992390156 0.988876164 0.990716815 0.992197871 1.001580775 1.020917058 1.009541631 1.007359743 1.015809536 1.017837048 1.017061472 1.021624923 1.017674088 1.017577529 1.032547951 1.043187857
0.911757052 1.486773968 0.802105963 0.861977994 0.862952292 0.870114923 0.871274292 0.802283823 0.859730363 0.8597579 0.865588427 0.867140949 0.859809935 0.874311745 0.876797557 0.949332535 1.001990139 1.010050952 1.020358801 1.030066133 1.036484122 1.355626702 1.422696233 1.278614759 1.265175462 1.093593836 1.092427373 1.092277527 1.047415495 1.044231892 1.01638031 1.015151143 1.01244688 0.997116268 1.003819346 0.995812774 0.994212329 0.997705877 0.916611731 0.989359677 0.99024415 0.990281165 0.991883457 0.992486775 0.995303452 0.995400488 1.008281708 1.012533903 1.016137481 1.008477986 1.014524937 1.015785336 1.037719011 1.017424941 1.03259182 1.035990834
0.918368995 0.863623023 1.056703329 0.872153342 0.862956107 0.86369437 0.879033446 0.90933907 0.87621814 0.860093594 0.859879971 0.867307961 0.859625816 0.898446262 0.87920171 0.881477118 0.955776036 0.959668696 0.962661505 0.963863909 1.032758117 1.101843119 2.338879347 27.7770977 3.471522808 1.273996353 1.096906543 1.095620155 1.093109846 1.050139904 1.045612097 1.014010072 1.01250416 1.027691483 0.996593058 0.995634615 0.994206071 0.992604852 0.991189539 0.9905231 0.990023792 0.989932239 1.000569284 0.993193805 0.995966852 1.007218897 1.009717941 1.002233446 1.016627431 1.019019127 1.020446181 1.037131667 1.039220095 1.071187615 1.044039488 1.04600656
0.919618726 0.920723617 0.945726514 0.862122774 0.862902462 0.883841336 0.886470675 0.886586547 0.867357135 0.867619991 0.860368252 0.867928505 0.868903339 0.878369689 0.881614208 0.883805215 0.886883557 0.921103477 0.963746786 0.965867102 1.030984402 1.101066947 1.217256546 1.815781236 1.351415277 1.351020813 1.277673006 1.150408864 1.058282375 1.057675004 1.05782485 1.01451695 1.013287425 1.01171273 1.009630442 0.995787024 1.005004227 0.992918849 0.991765916 1.001922011 1.000922024 1.026147962 1.02475059 1.004821301 1.006908357 1.029643416 1.009281099 1.071798563 1.073397398 1.01865685 1.037964344 1.070459962 1.118325353 1.118822336 1.072863936 1.122940898
0.836411238 0.937972665 0.91209811 1.02116406 0.896461725 0.936364591 0.903512895 0.895706236 0.894800365 0.891778648 0.86854881 0.86886853 0.869184494 0.869177938 0.912998855 0.869114816 0.891622007 0.92422694 0.897956371 1.014291167 0.970807493 1.04001987 1.107550144 1.230098486 1.708030343 2.328626156 2.135166407 1.222809196 1.10003686 1.059858918 1.099534035 1.056632519 1.046273232 1.086522937 1.010196865 1.008461595 1.027036071 1.027163982 1.027722001 1.028678656 1.029476166 0.918078661 1.134051681 1.13339889 1.209963441 1.031409264 1.03140378 1.082293987 1.082676888 1.079544902 1.134821415 1.196104884 1.137722135 1.134480238 1.13269031 1.13442862
