Environmental Parameters 2050 RCP85/Sea-bottom_salinity.asc
ncols 720
nrows 360
xllcorner -180.00
yllcorner -90.00
cellsize 0.5
NODATA_value -9999
[rows 100 to 124 of 360, columns 224 to 279 of 720]
34.92350388 34.92284012 34.89725113 34.89859009 34.89125061 34.89385986 34.89410782 34.88779831 34.88809586 34.88824463 34.88844299 34.88868332 34.88898087 34.88918304 34.8892746 34.88996506 34.89047623 34.88969803 34.88991547 34.88989639 34.89000702 34.8903389 34.89076233 34.89069366 34.89014816 34.88999176 34.88908768 34.88840103 34.86650085 34.86640549 34.86660004 34.86695862 34.86749649 34.8677063 34.86788177 34.86818695 34.86843872 34.86885071 34.86880493 34.86808395 34.8692894 34.89548492 34.89495468 34.90516663 34.90458298 34.89641571 34.89691162 34.89678955 34.89680481 34.89846802 34.93133545 35.03730774 35.06100082 35.05438995 35.03451157 34.93795776
34.90316391 34.89746094 34.88930511 34.89006805 34.89319992 34.8875885 34.88802338 34.888237 34.88832092 34.88840103 34.8886261 34.88912201 34.88963318 34.88978195 34.87013245 34.89056396 34.89121628 34.89095688 34.89035416 34.89032745 34.89051437 34.86928177 34.87010574 34.87089157 34.8706398 34.86952591 34.86851501 34.86825562 34.86774445 34.86758423 34.8680191 34.86841583 34.86861801 34.86865616 34.86911774 34.86938477 34.86932755 34.86948013 34.86933517 34.8693428 34.86907959 34.89001846 34.89682007 34.89572906 34.89484787 34.89777756 34.89245224 34.89875031 34.89877319 34.8961525 34.89775467 34.8984642 34.92088318 34.89599609 34.79647064 34.76026535
34.89698792 34.88993454 34.88951492 34.8898735 34.89341354 34.88766479 34.88835526 34.89525223 34.88812256 34.88833237 34.88863373 34.88931656 34.89055252 34.89076233 34.89120865 34.89212036 34.89252472 34.89147949 34.89108658 34.89090347 34.89076233 34.89113235 34.87019348 34.87108994 34.8716011 34.87137222 34.87091064 34.87015152 34.86956406 34.8692894 34.86967087 34.8696785 34.86973572 34.86971283 34.87003708 34.86997986 34.86969376 34.86958313 34.86954117 34.86928177 34.86919403 34.86899948 34.86896896 34.890728 34.89148331 34.89243698 34.89319611 34.89413071 34.89493561 34.89609146 34.89732361 34.89737701 34.89762115 34.89808273 34.89801788 34.86843872
34.89097214 34.89432144 34.89400864 34.89375687 34.88728333 34.88817596 34.88856888 34.8887291 34.88909149 34.88903427 34.88879776 34.89035034 34.89164734 34.89277649 34.90683365 34.89350128 34.89323044 34.89297485 34.89223099 34.89155197 34.89121628 34.8914032 34.89268494 34.8718071 34.87200546 34.87171936 34.87131119 34.87091064 34.87030792 34.87014008 34.87009048 34.8701973 34.87018204 34.87021255 34.86997986 34.86953354 34.86928177 34.86926651 34.86917114 34.86925888 34.86914825 34.86902618 34.86896133 34.86879349 34.86877441 34.89266968 34.89326477 34.89393234 34.89473343 34.89538193 34.89665985 34.89664459 34.89939117 34.90066147 34.9019165 34.90283203
34.89447784 34.8877449 34.88789749 34.88785553 34.88827133 34.88840103 34.88879395 34.88921738 34.88953781 34.8896904 34.89027405 34.89147568 34.89286423 34.89455414 34.89521408 34.89526749 34.89847946 34.89365768 34.89328384 34.8923912 34.89117813 34.89365005 34.87240601 34.87269211 34.87245941 34.87187958 34.87147141 34.87096405 34.87054443 34.87024307 34.87029266 34.87029648 34.87013626 34.86993027 34.86956787 34.86920547 34.8691864 34.86904907 34.86903381 34.89042664 34.86902237 34.86882782 34.86882401 34.86884308 34.86875534 34.89278412 34.89337921 34.89350128 34.89407349 34.89783096 34.90620422 34.89693069 34.89741135 34.90710449 34.89595032 34.89527512
34.88872147 34.88916397 34.88930511 34.88937378 34.88929749 34.88912582 34.88944244 34.88949203 34.88983536 34.89041138 34.89130783 34.89242172 34.89399719 34.89550018 34.89655304 34.96747971 34.89532471 34.87047195 34.89304352 34.89228821 34.89191437 34.87244034 34.89269257 34.87294006 34.87271118 34.8722229 34.87153244 34.87110138 34.87071991 34.870327 34.87021637 34.87001038 34.86968613 34.86948013 34.86924362 34.86905289 34.86904144 34.86898804 34.8690033 34.89035797 34.89033127 34.89054871 34.86870956 34.891716 34.89263535 34.89323425 34.86859894 34.89338303 34.8935585 34.89303207 34.9017601 34.89406586 34.89537811 34.92017746 34.89709091 34.90427017
34.88898468 34.88968658 34.88981247 34.88965607 34.88964462 34.8895607 34.88953781 34.88958359 34.8899765 34.89062119 34.89185715 34.89309692 34.89437103 34.89580154 34.89686966 34.89644241 34.8989563 34.89377594 34.87031555 34.87017822 34.89120102 34.87264633 34.8728447 34.87293625 34.87284851 34.87247467 34.88896179 34.87133026 34.87070847 34.86994553 34.86967087 34.86954117 34.86946487 34.86925888 34.86912918 34.86901474 34.86899948 34.88923645 34.88982773 34.89022064 34.89041901 34.86872864 34.86868668 34.89193726 34.89238358 34.89284515 34.89295959 34.89307022 34.89212036 34.89183807 34.89274597 34.89450073 34.90252686 34.91848373 34.89608002 34.89535141
34.88829803 34.8898201 34.88989258 34.88968277 34.88939285 34.889431 34.88952637 34.88946533 34.88991165 34.89063263 34.89180756 34.89308929 34.89431381 34.89569092 34.89639664 34.89617538 34.8948822 34.89811325 34.89159775 34.89113235 34.89772797 34.8910675 34.87247086 34.87264252 34.88896561 34.87264633 34.88746643 34.87133408 34.87057114 34.86996078 34.86974335 34.98526382 34.88581085 34.88699341 34.86909485 34.88768387 34.8879776 34.86875534 34.90477371 34.86882019 34.86878586 34.88999557 34.89118958 34.89199829 34.89211273 34.89261627 34.89295578 34.89573669 34.8923645 34.89393616 34.90280533 34.90183258 34.90135193 34.89344788 34.89532089 34.90377045
34.89024353 34.89038086 34.8900528 34.88920975 34.88862991 34.88871002 34.88934326 34.88948441 34.88980865 34.89030838 34.89144516 34.89234543 34.8936348 34.89513397 34.89875031 34.89513779 34.89374542 34.89194107 34.89085388 34.89751434 34.88920593 34.87099457 34.88759995 34.88730621 34.87255096 34.87258911 34.87240601 34.87147522 34.8707962 34.87036896 34.87001801 34.90482712 34.92162704 34.89002228 34.88619232 34.88739395 34.88775635 34.88785934 34.88862228 34.86888885 34.96938324 34.88992691 34.89064026 34.8940506 34.89196396 34.89239502 34.89580536 34.89561462 34.89552689 34.90164566 34.89113998 34.90040588 34.90062332 34.900177 34.90271378 34.90035629
34.89146042 34.89078522 34.89003372 34.88847733 34.88794708 34.88805771 34.88898468 34.88959122 34.8897171 34.89609528 34.89074326 34.89157104 34.89722824 34.89772797 34.89781952 34.89725876 34.89152527 34.89004135 34.88996506 34.89632416 34.88734818 34.88563156 34.87195587 34.87290573 34.8730011 34.87278366 34.8723526 34.87142944 34.87061691 34.87029648 34.87002563 34.86955261 34.86942673 34.90285873 34.88289261 34.88635254 34.86909103 34.88780975 34.90082932 34.94434357 34.99673462 34.88846207 34.88959122 34.89335632 34.94579315 34.89528275 34.89586258 34.89461136 34.90285492 34.89987564 34.89876175 34.89825821 34.89723206 34.89733887 34.91168594 34.91094971
34.89117813 34.89042282 34.88961411 34.88903809 34.88898468 34.88813019 34.89681244 34.88941193 34.88977051 34.88986588 34.89016342 34.8914299 34.89639664 34.89608002 34.89604568 34.89569855 34.89545441 34.89548111 34.88874054 34.88710403 34.88449097 34.8833046 34.89738083 34.872612 34.8727951 34.8725853 34.87198639 34.87102127 34.88004303 34.86984253 34.86951065 34.86914825 34.92110443 34.877491 34.94289017 34.94523239 35.08448792 34.86744308 34.88296127 34.88394547 34.88399887 34.88466263 34.88500977 34.89059067 34.90063477 34.89350891 34.89385986 34.8934288 34.89847183 34.89908218 34.89824295 34.89752579 34.89658737 34.89532089 34.90416336 34.90153503
34.89038086 34.88957596 34.88901901 34.88879776 34.88879395 34.88739014 34.88819504 34.88855743 34.88897324 34.88975143 34.89048767 34.89102554 34.89558792 34.89529037 34.88839722 34.88648987 34.88671494 34.88674545 34.88657761 34.89477539 34.88263321 34.88360214 34.87127686 34.87203979 34.87205124 34.87170029 34.87101746 34.87015915 34.86933517 34.86870956 34.8686142 34.86862946 34.90184021 34.87552643 34.87541199 34.88592529 34.88708496 34.87940598 34.87944031 34.88047028 34.8804245 34.88101959 34.88179398 34.89066315 34.89060593 34.89118195 34.89167023 34.89205551 34.89202499 34.8985405 34.91353607 34.89647675 34.88796997 34.89497375 34.93507004 34.89971542
34.88932419 34.88861084 34.88832855 34.88834763 34.88684845 34.88689804 34.89613724 34.88776398 34.8947258 34.88885117 34.89343262 34.89406586 34.88762665 34.89481354 34.88328552 34.89495468 34.88346863 34.86415482 34.89460373 34.90574646 34.89352798 34.88153839 34.88093567 34.87097549 34.87088013 34.87044525 34.8697052 34.86891937 34.86844254 34.86782074 34.86743927 34.86752319 34.86757278 34.86748886 34.8738327 34.87535477 34.86808014 34.87820816 34.87965012 34.88113403 34.86737442 34.88121796 34.88889313 34.88990021 34.89093399 34.88956833 34.89818192 34.89614105 34.89767838 34.89831543 34.89469147 34.88819504 34.89582825 34.9004097 34.89982986 34.92722702
34.88834763 34.88742065 34.88723373 34.88689804 34.89587402 34.88615417 34.89530563 34.8935585 34.8942337 34.8931427 34.88841248 34.88498306 34.89334106 34.89426422 34.89477539 34.88226318 34.88220596 34.86379623 34.8938179 34.89307785 34.89335251 34.87965775 34.86878586 34.86946106 34.86948013 34.86886597 34.87557983 34.8677597 34.86763 34.86718369 34.8669548 34.86673355 34.87208939 34.86646652 34.88363266 34.90010452 34.8849411 34.87677383 34.87819672 34.88677597 34.88140106 34.88679504 34.88721848 34.88809204 34.88946915 34.88835907 34.89760971 34.8921814 34.91387558 34.91370392 34.91240692 34.89467239 34.90195465 34.89837265 34.89800262 34.92558289
34.88711166 34.89844513 34.88531113 34.88525391 34.89512253 34.89445877 34.91719437 34.89247894 34.89206314 34.89245987 34.89193344 34.89254379 34.89334869 34.89421082 34.89421844 34.88245773 34.88243103 34.88196945 34.89381027 34.86512375 34.89312363 34.87797928 34.86730194 34.86837387 34.86811829 34.86758804 34.86724091 34.90258026 34.86680984 34.86651993 34.86640167 34.87104416 34.87057114 34.87073517 34.86571884 34.88261032 34.8832283 34.86627197 34.86595535 34.8758049 34.87787247 34.87882996 34.87889099 34.87939072 34.88606262 34.89610672 34.89655685 34.91370392 34.9145813 34.89313889 34.91457748 34.88673782 34.88562775 34.89810562 34.91530228 34.95075607
34.88556671 34.88412857 34.88354111 34.88319778 34.88338089 34.90221405 34.980896 34.89087296 34.89136505 34.8921814 34.89254379 34.88191605 34.89353561 34.88223267 34.88230896 34.85906601 34.88269424 34.88233948 34.86398315 34.86489487 34.86499405 34.86559677 34.86659241 34.86737823 34.86740112 34.86698532 34.86668396 34.86660385 34.86616516 34.8658371 34.86569214 34.86569214 34.86556244 34.86535645 34.86988068 34.88153839 34.88202667 34.88254166 34.87092209 34.87180328 34.87358475 34.87553024 34.88380432 34.88486481 34.89488983 34.89556122 34.88166428 34.91596222 34.89053726 34.91655731 34.90656662 34.90525055 34.90304184 34.92114258 34.95033646 34.91449356
34.8830452 34.88216019 34.88223267 34.88127518 34.88014603 34.8920784 34.88952637 34.88956833 34.87741852 34.89165878 34.89200592 34.88147354 34.8817749 34.89293289 34.88254929 34.88363266 34.86010361 34.880867 34.86256409 34.86434174 34.8651886 34.86510849 34.8657074 34.86634445 34.86671066 34.86659241 34.86623001 34.86584854 34.86538696 34.8649559 34.86486435 34.86491776 34.86489487 34.86465073 34.86879349 34.86898422 34.86459351 34.86880875 34.86436462 34.86381531 34.86355591 34.88240814 34.87387085 34.88265991 34.88283157 34.88414764 34.88913345 34.88963318 34.91812897 34.9115448 34.90756226 34.90549469 34.92445374 34.91696167 34.90090561 34.92193985
34.8818512 34.88034058 34.88026428 34.87945938 34.87759018 34.89108658 34.88918304 34.88933563 34.87704849 34.8904686 34.89095306 34.88090134 34.88127136 34.88163376 34.88412094 34.86040878 34.8603096 34.86034012 34.8612175 34.86249924 34.86364746 34.86417389 34.86465073 34.86525726 34.86572647 34.86574936 34.86558914 34.86524963 34.86471176 34.86430359 34.86426163 34.86436081 34.86442184 34.86436081 34.86791611 34.86410904 34.88015747 34.86719131 34.86697388 34.86690521 34.86296082 34.88148499 34.86988831 34.88203812 34.8821106 34.87769699 34.93968201 34.88676071 34.88405609 34.88286591 34.88319397 34.9281044 34.91117859 34.89901733 34.96034241 34.90950394
34.88173294 34.87963486 34.87863541 34.87764359 34.8759079 34.89039612 34.88902283 34.88929749 34.88933945 34.88942337 34.87834167 34.879776 34.88071442 34.88164902 34.88298416 34.86074829 34.86096954 34.86100006 34.86096191 34.86124039 34.86156464 34.8625145 34.86323166 34.86407089 34.86456299 34.86484909 34.86474228 34.86463165 34.86411667 34.86392212 34.8641243 34.86431503 34.86428452 34.864151 34.8641243 34.8639946 34.86316681 34.86613083 34.88017654 34.86620331 34.88080978 34.89237595 34.89232635 34.86925507 34.89311218 34.88817596 34.91796875 34.91712952 34.9149704 34.91428757 34.91319656 34.92751312 34.91231537 34.92472839 34.92464066 34.90749741
34.88101959 34.87872696 34.87694931 34.87615204 34.87544632 34.8749733 34.8740387 34.88897324 34.88884735 34.87679672 34.8777771 34.85626602 34.88008118 34.88093185 34.85946655 34.86063004 34.86137772 34.86138916 34.86155319 34.86144257 34.86151123 34.86192322 34.86243439 34.86278534 34.86303711 34.86328506 34.86371613 34.86723328 34.8639183 34.86383057 34.86423492 34.86704254 34.86422348 34.86410141 34.86403275 34.86377716 34.86569595 34.86541367 34.89479446 34.8805542 34.88082886 34.87954712 34.87938309 34.89150238 34.88844681 34.88777542 34.92079544 34.92172623 34.91535568 34.90817642 34.92252731 34.97121811 34.97006989 34.92289352 34.92444229 34.90156937
34.88011551 34.87889862 34.87664032 34.87506866 34.8743248 34.87353134 34.87306595 34.87363052 34.87455368 34.87586212 34.88949585 34.87966156 34.87989426 34.87915802 34.85894012 34.86022568 34.86101532 34.86135101 34.86169052 34.86178589 34.8618927 34.86192322 34.8619957 34.86206818 34.86200333 34.86196899 34.86691284 34.86256409 34.86268234 34.86677933 34.86336899 34.86700821 34.86354065 34.86346436 34.86442947 34.86482239 34.86492538 34.86533356 34.86564255 34.86529922 34.86405563 34.88062668 34.89141846 34.8800621 34.91892242 34.88766479 34.88836288 34.91532516 34.93097305 34.96189117 34.95771408 34.97297668 34.96586227 34.96527863 34.8928833 34.89985657
34.87937927 34.87808609 34.87740707 34.87661743 34.87408447 34.87306213 34.87253952 34.87360001 34.87538528 34.87705994 34.87687683 34.87775421 34.85768509 34.85810852 34.85857773 34.85924149 34.85998535 34.8605423 34.86081696 34.8611145 34.86101532 34.8609848 34.86108017 34.86127853 34.86138535 34.86119843 34.86079407 34.86050034 34.86019897 34.86093521 34.86711884 34.86122513 34.8611412 34.86562729 34.86032486 34.86027145 34.86516571 34.8817215 34.86565781 34.88306046 34.88243484 34.89325714 34.89255524 34.89192581 34.87887573 34.9204483 34.91599655 34.91477585 34.96442413 34.92754364 34.97814941 34.9717865 34.90195847 34.90386581 34.90636826 34.90642548
34.87854004 34.8774147 34.87670135 34.87605667 34.87503815 34.87436295 34.87245178 34.87426376 34.87493515 34.87578201 34.85797882 34.87693024 34.85856247 34.85831451 34.8583107 34.85860443 34.85900879 34.85922623 34.85954285 34.85942841 34.85922241 34.85920715 34.85918045 34.85984421 34.86019135 34.86026764 34.85991287 34.85916519 34.86575317 34.8662529 34.85854721 34.85873795 34.85877228 34.85852432 34.86771774 34.86694336 34.8661499 34.86580658 34.88447952 34.89686584 34.88409805 34.89516068 34.8956604 34.91960526 34.89248276 34.8913002 34.91734314 34.91369247 34.92911148 34.97544098 34.9378891 34.90882111 34.90761948 34.90430069 34.9028511 34.9034729
34.87820816 34.89387131 34.87601852 34.85614777 34.85566711 34.85555267 34.8560791 34.85641479 34.87429047 34.87503433 34.85858917 34.85886383 34.85813522 34.85770035 34.85763931 34.85776901 34.8578186 34.85797119 34.85808182 34.85791397 34.85780716 34.85787964 34.85786819 34.85799408 34.85871887 34.85891724 34.85896301 34.85853195 34.85823822 34.8578949 34.86661148 34.85748291 34.85761261 34.85732651 34.85762024 34.86834335 34.86741638 34.86657333 34.8853569 34.86624146 34.88513565 34.88420486 34.89823151 34.91845703 34.89487076 34.91641617 34.93406677 34.92864227 34.93967056 34.90006638 34.93741989 34.94852066 34.90469742 34.90881729 34.90281677 34.90263748
34.87763596 34.87586212 34.87508392 34.85509872 34.8554306 34.87378311 34.8559227 34.8741188 34.8576088 34.85810471 34.85853577 34.85771179 34.85725403 34.8568306 34.85667801 34.85665131 34.85666656 34.85667801 34.85658646 34.85636139 34.85624695 34.85629272 34.85636902 34.85644531 34.85657501 34.85717392 34.85732269 34.85760117 34.85776138 34.8576088 34.85750198 34.86700821 34.85721588 34.85709763 34.87841415 34.88015747 34.86865997 34.88351822 34.8855896 34.8666954 34.89823914 34.8847847 34.90058517 34.89815903 34.91848755 34.91912079 34.93287277 34.94589615 34.97551727 34.92970276 34.91535187 34.94182968 34.91060638 34.90383911 34.89383316 34.90485382
