Environmental Parameters 2050 RCP85/Sea-bottom_temperature.asc
ncols 720
nrows 360
xllcorner -180.00
yllcorner -90.00
cellsize 0.5
NODATA_value -9999
[rows 125 to 149 of 360, columns 56 to 111 of 720]
1.011804342 1.010142803 1.018163681 1.011318684 1.01328063 1.017895222 1.014327288 1.031875968 1.025886893 1.027307034 1.04965508 1.054589391 1.090370417 1.080803871 1.083622336 1.089103818 1.091900826 1.0932163 1.092884302 1.100257397 1.093658328 1.096549869 1.074797273 1.101058245 1.102144837 1.105486155 1.101795077 1.102231383 1.119049668 1.113479257 1.115552306 1.11719811 1.126411796 1.129458308 1.117951155 1.147565961 1.148030996 1.148600578 1.136765599 1.124292612 1.126203179 1.153448701 1.162761331 1.154242396 1.128798485 1.158517599 1.153213978 1.144876838 1.149068356 1.15232861 1.17357707 1.176295996 1.161663413 1.191704512 1.161991596 1.176552653
1.009064198 1.006713629 1.011609554 1.007198572 1.012731552 1.013145566 1.011474609 1.020770311 1.038737059 1.025033593 1.023842573 1.065062523 1.051813483 1.053705931 1.078316808 1.081873298 1.097322345 1.098977327 1.091183901 1.102030873 1.101807833 1.101965785 1.103055835 1.100907803 1.10467732 1.105066776 1.105807304 1.106883168 1.108488917 1.110541105 1.113700747 1.12231195 1.116024613 1.115159392 1.11607933 1.130280733 1.062176228 1.130370378 1.133043766 1.124406219 1.125174284 1.124844432 1.133697867 1.123485088 1.12412405 1.142062426 1.048920274 1.134087205 1.157838345 1.151750922 1.154736757 1.159150362 1.152389526 1.152057409 1.162459135 1.183801532
1.006413698 1.00439322 1.004057169 1.007080436 1.006580472 1.009425402 1.029336452 1.015891671 1.018144965 1.021234035 1.038830042 1.042540431 1.046244264 1.049995303 1.070063353 1.052438259 1.07827282 1.082026839 1.099475384 1.101849437 1.102830887 1.09708035 1.10341382 1.103607297 1.102980375 1.103166938 1.104136467 1.085329175 1.026798248 1.083500624 1.108422995 1.120198607 1.111763 1.111225009 1.112309933 1.126092434 1.117286563 1.11764133 1.120491266 1.124709845 1.125465512 1.054046512 1.121951938 1.121282816 1.1222651 1.13539362 1.140357375 1.14486289 1.148375988 1.151564002 1.170068502 1.162741423 1.146994948 1.162524819 1.169618845 1.162741542
1.004214644 1.002748787 1.002304077 1.003384471 1.004967332 1.005783796 1.007530332 1.011378527 1.013311267 1.014855981 1.033575416 1.037126541 1.040995955 1.046688318 1.065885305 1.068446517 1.072382569 1.078072667 1.078805327 1.099807978 1.102554798 1.113487482 1.082620025 1.101537943 1.076889515 1.115540624 1.102904081 1.102245212 1.081082702 1.100326061 1.082926512 1.104091048 1.118856549 1.106317759 1.121892452 1.111091375 1.010367393 1.115207314 1.128895283 1.12082386 1.124219418 1.053528905 1.120258451 1.119226336 1.120701671 1.121037841 1.121827006 1.155193567 1.124690056 1.158071995 1.15942359 1.161430717 1.160565257 1.16575551 1.168957949 1.170441151
1.003679276 1.002647758 1.001860023 1.002520442 1.075518847 1.002347708 1.003947377 1.007137537 1.008394718 1.010295868 1.026596904 1.030194759 1.033886671 1.039377093 1.043886781 1.044633985 1.043608069 1.089252114 1.091941833 1.09642899 1.100460172 1.112764239 1.101791263 1.057455301 1.057641745 1.097423196 1.099704623 1.071695685 1.078179598 1.09621501 1.080896497 1.075425029 1.070293427 1.104906321 1.131595016 1.10794878 1.107405424 1.135085344 1.126416683 1.126824856 1.115158439 1.052387953 1.117009997 1.115163326 1.116522551 1.117965579 1.139814615 1.155278802 1.148696303 1.15371716 1.15677917 1.157979131 1.117263675 1.161523461 1.168230772 1.170210123
1.000343084 0.998733997 0.99685663 0.99819392 0.998669326 0.999213815 1.000075936 1.00249207 1.003670692 1.005922794 1.021741271 1.024860144 1.027836561 1.03202951 1.036958575 1.039603829 0.997371018 1.065546632 1.023320317 1.066230536 1.061783671 1.097173333 1.096750617 1.093846083 1.090712547 1.091165304 1.060280681 1.091562152 1.090718627 1.067745924 1.07087338 1.130229831 1.11182034 1.099987984 1.097943306 1.113524318 1.094341159 1.052151799 1.052706361 1.052355766 1.10092175 1.11043787 1.119632483 1.112854838 1.12394321 1.131525517 1.138491154 1.140833259 1.145177841 1.168654799 1.100052595 1.158571482 1.164417624 1.166600466 1.177226186 1.16254127
0.99435693 0.990570128 0.993987203 0.994512022 0.995275497 0.99021101 0.990578532 0.988217592 0.988860667 1.002280653 1.017979145 1.001917064 0.999486089 1.024533629 1.027225971 1.028028965 1.052756429 1.077799082 1.07984972 1.056889892 1.054501534 1.020013809 1.0873909 1.085263491 1.028010368 1.002088308 1.025988698 1.059163213 1.057125568 1.107900858 1.128444433 1.107248783 1.107665539 1.087983727 1.009907722 1.047775149 1.048417568 1.051393628 1.051984549 1.081875682 1.086441159 1.093830705 1.15533638 1.113280177 1.091179967 1.124550819 1.084799528 1.135311604 1.157350063 1.16083467 1.15559268 1.073532939 1.167272568 1.169899821 1.178065896 1.173467636
0.988434613 0.991675735 0.992252529 0.9873088 0.993439198 0.99465555 0.996065915 0.997288883 0.997662544 0.998664081 0.982189059 1.040437698 1.015242219 0.981017649 0.981634557 0.981970489 0.983440936 1.043545961 1.028741598 0.983496487 1.013851523 1.016543269 0.997130811 1.044626713 1.043720007 1.024000525 1.024564981 1.053194523 1.05376792 1.019494176 1.049931407 1.050432324 1.103883982 1.076017737 1.009115815 1.0451262 1.046248078 1.006698489 1.005990505 1.004938602 1.10336113 1.128831506 1.105906487 1.04234457 1.073134899 1.073144913 1.071356058 1.123765349 1.128987908 1.161632538 1.170523524 1.148938298 1.170167446 1.173342228 1.173763394 1.174162984
0.987101734 0.98742795 0.990988851 0.986081719 0.98517096 0.994111121 0.995608866 1.007697344 0.995664895 0.983420491 0.980936348 0.989627838 0.979276061 0.979656637 0.980213046 0.981991529 0.992009044 0.982549071 1.007368565 1.007940531 0.996207237 0.980659246 1.013489842 1.017063737 1.020425081 1.01998508 1.018573046 1.019540787 1.019171834 1.044037223 1.04432857 1.067451477 1.067402482 1.038419604 1.039303184 1.007558703 1.04158771 1.044463038 1.06466794 1.066019535 1.067976713 1.068823457 1.04084909 1.040413141 1.037638664 1.069128633 1.107609868 1.061952472 1.168548107 1.170752048 1.163432598 1.16671586 1.045711398 1.173245549 1.174374819 1.247608662
0.985812247 1.032925606 0.984830141 0.983653963 1.031744242 0.991857767 0.984037459 0.979135811 1.025041223 0.988999188 0.979251444 1.043989897 1.044300556 0.982809842 1.044851899 1.045261145 0.981687784 1.045586348 0.979772151 0.993806601 0.994059205 1.006466269 0.995356262 0.996533215 1.013916016 1.015296102 1.015430093 0.998972893 0.997914493 1.015398502 1.011248469 1.03362751 1.009144187 1.02909565 1.029048562 1.006899476 1.031484604 1.030475616 1.032431126 1.036937594 1.038108826 1.060438991 1.035743117 1.087715149 1.090588212 1.027792096 1.100843072 1.102247 1.054143667 1.14999187 1.085480809 1.155997276 1.188909054 1.081514955 1.193319798 1.180528998
0.983680487 0.982803285 0.981715143 0.990756035 0.986628115 0.974465549 0.973768592 1.025795341 0.976070642 1.027624011 0.975158334 0.976172805 0.975222409 0.971048176 1.044785976 1.001209736 0.98427093 1.045846939 0.97788924 1.001438141 0.975809693 0.972402334 0.993460834 1.006756663 1.009114742 1.009358168 0.99717164 1.01112771 1.029688835 1.055920959 1.007268906 1.006745815 0.989027798 0.988777757 1.004325747 1.003472924 1.022615194 1.024087071 1.026150346 1.026603937 1.028854012 1.053806543 1.032203197 1.03072226 1.079739332 1.051971793 1.050601721 1.089599252 1.134103775 1.137089133 1.140449524 1.136857271 1.239024758 1.12882638 1.133437037 1.139577031
0.946823716 0.980460525 0.992726445 0.978823543 0.992276907 1.023300052 0.979806125 0.995403409 0.995141804 0.966866791 0.968358696 0.970499635 1.04441607 1.044705391 0.973956048 0.976084232 1.045602798 0.969814897 0.998468995 0.999578238 0.969786167 0.966966212 0.988541782 0.989044249 1.002645731 1.002761185 0.994357705 1.002249181 0.995558202 1.00252372 0.991320848 0.999266803 0.989027798 0.997847259 0.999409735 1.014107823 1.001404226 0.983798563 1.039393306 1.103744626 1.044785261 1.067263722 1.066230178 0.993620336 1.025889277 1.023572206 1.044131637 1.044947624 1.078027844 1.077898741 1.041020989 1.079228759 1.079660058 1.079135895 1.079107523 1.163846493
0.978011429 0.976683915 0.973882735 0.976410747 0.97489512 0.972489655 0.985677183 0.964792609 0.987754226 0.96555531 0.961341918 0.965256214 0.989546597 0.967858613 0.964204252 0.963362813 0.963056803 1.045745969 0.965407133 0.965427339 0.965025127 0.964460611 0.983006239 0.98433131 0.99808377 0.9982602 0.997120202 0.996373177 0.990849733 0.989306271 0.99630779 0.988100767 0.988467753 0.9864977 0.985611141 0.994582117 1.008857012 1.010305762 0.995030463 1.013133883 1.01367569 1.035308719 1.036444664 1.022870064 1.034006476 1.018761277 1.040100336 1.042815447 1.068680406 1.069844842 1.070838332 1.072291493 1.075609326 1.077318072 1.114976287 1.11903584
0.992817163 0.986411691 0.968415916 0.963818312 1.018412828 0.975830555 0.975740552 0.958066583 0.958755791 0.956636965 0.96051991 0.962621689 0.964313984 0.963015914 0.962224901 1.045580387 0.960069776 0.960755348 0.961884439 0.972565889 0.960964739 0.960618138 0.976479709 0.979192317 0.993711829 0.993959725 0.992967725 0.987323701 0.992444754 0.98721081 0.985793769 0.99075526 0.989967704 0.954143703 0.983539164 0.989206672 0.990235865 0.991255283 0.990864396 1.006495595 1.009138942 0.991093755 1.012011766 1.016592264 1.029015303 1.014640808 1.034115791 1.037464976 1.037015438 1.101679802 1.064061046 1.039134026 1.03995955 1.040465713 1.041053534 1.112176776
0.990758538 0.964827061 0.962062418 0.956712544 0.952024639 0.950832129 0.950539887 0.951415896 0.952027023 0.954093099 0.957692504 0.960516334 0.962489128 0.961312532 0.960361958 0.959026337 1.045493841 1.04535532 1.045518756 0.960531831 0.960434377 0.960484385 0.959830344 0.959381342 0.973831832 0.988972783 0.974454224 0.988789678 0.989410281 0.9887923 0.984508276 0.984651744 0.986921191 0.982220232 0.953095675 0.980855167 0.986394107 0.978956163 0.987744391 0.988679886 1.003925204 1.006809115 1.084422588 1.007151484 1.009034991 1.010471463 1.026256561 1.013117552 1.013621569 1.031679153 1.036239982 1.039232016 1.066381097 1.103063226 1.078657985 1.106859565
0.956760287 0.955398023 0.953626275 0.94899714 0.948346496 0.945131242 0.947171986 0.948989451 0.948323488 0.950383008 0.950173497 0.955967426 0.959513724 0.95909965 1.039472461 0.957855344 0.957085252 0.958151758 0.975552261 0.958547771 0.958507895 0.958756983 0.958965003 0.958337367 0.970124304 0.971298337 0.970515788 0.9743343 0.981060743 0.983188212 0.983258247 1.051628709 0.984570146 0.979701161 0.983284712 0.978913665 0.978438675 0.977867663 0.984351695 0.985696018 0.988271475 0.989395261 0.9911834 1.005043745 1.006837845 1.008877397 1.010975003 1.013103008 1.013823986 1.01453054 1.033945084 1.015958667 1.100823283 1.072577596 1.078797698 1.079732537
0.951423705 0.949872911 0.946190357 0.945228457 0.943231881 0.940837681 0.941168487 0.942500889 0.946320295 0.946038246 0.949236333 0.952079356 0.957371771 0.956765056 0.954977393 0.954896331 0.95555532 0.956497788 0.957859278 0.956581771 0.956601858 0.956372917 0.956819415 0.956159294 0.963636637 0.965541184 0.966563821 0.969165921 0.982890844 0.978781283 0.978827775 0.976689816 0.981704295 0.975142717 0.975767195 0.976104677 0.977012217 0.95267117 0.977023661 0.983320713 0.986054718 0.988009751 0.98995316 0.991984785 1.004498839 0.99385649 1.018786073 1.021162629 1.015125632 1.01525712 1.032325149 1.036401629 1.102117538 1.111971974 1.077020764 1.078605175
0.963330865 0.944984078 0.939713597 0.941530764 0.938831151 0.939242959 0.938105762 0.944076717 0.940753639 0.954768598 0.945517242 0.947806716 0.949230671 0.950387478 0.952378392 0.952609837 0.953070283 0.954200804 0.956982732 0.954164743 0.954098821 0.95386529 0.971239269 0.954423666 0.953790605 0.953415632 0.962134778 0.962989509 0.967800558 0.970697522 0.972099423 0.977740884 0.970416844 0.971229255 0.972027242 0.952762723 0.978295743 0.9758237 0.976234734 0.976891756 0.976863265 0.976891756 0.989837766 0.992856026 0.994230092 1.007247567 1.010098696 1.013155341 1.016670346 1.028097272 1.015685678 1.050384283 1.097301722 1.110466599 1.116781116 1.116049886
0.942667425 0.941025496 0.9383955 0.935408175 0.936086595 0.937647343 0.938692212 0.941532671 0.940030634 0.942667127 0.953467667 0.946984708 0.947932124 0.949241996 0.950480402 0.951643884 0.963524818 0.951255798 0.951734304 0.955386281 0.951675773 0.955265224 0.95238018 0.956268191 0.952414632 0.952298105 0.95227617 0.960768402 0.963400066 0.973809063 0.974098027 0.967508435 0.967837811 0.968485773 0.970287263 0.974715233 0.974185705 0.974800766 0.979100883 0.980548263 0.982890248 0.985959768 0.989832282 0.993336141 1.004741669 1.007398725 1.008894801 1.011619091 1.029510498 1.155393362 1.074136257 1.049516439 1.168854117 1.172915339 1.211211443 1.103864908
0.935369492 0.93632561 0.933598042 0.933907151 0.936332107 0.937747419 0.938173294 0.949150264 0.940347254 0.941383719 0.945520699 0.946803689 0.947996616 0.946635544 0.947353959 0.947609901 0.951543868 0.962232351 0.953271806 0.952798367 0.949003816 0.94963026 1.045400262 0.950380743 1.034295201 0.951364219 0.95741874 0.952339292 0.952644467 0.964041531 0.965131521 0.966089964 0.968067408 0.973002732 0.974240243 0.985815227 0.976997733 0.978358328 0.979941368 0.982390463 1.004091382 0.992488384 0.996941328 1.002284348 0.993512154 0.99514538 1.023519397 1.035644531 0.99544245 0.995291889 1.049132466 1.05008924 1.125069261 1.346243262 1.131968379 1.251914859
0.938878655 0.930934429 0.931153774 0.933299243 0.934546173 0.936438501 0.937610388 0.940376401 0.941535413 0.941781878 0.946625769 0.947517693 0.943840146 0.944995642 0.945896089 0.94879508 0.950034976 0.951001465 0.950810432 0.946942925 0.946803868 0.947507322 0.948085785 0.948862731 0.949674249 0.950671732 0.958394766 0.961801946 0.96439302 0.97094202 0.972080529 0.973139048 0.981991947 0.976037383 0.976938367 0.975299358 0.975424409 0.975502372 0.975998461 0.976522505 1.055434346 1.022202373 1.024156451 1.026194334 1.014816523 1.030202866 1.022315502 0.995742321 1.03749454 1.028134465 1.047353148 1.109858036 1.045358181 1.073263764 1.043119192 1.041752815
0.925482988 0.927887738 0.913222134 0.934283555 0.93577081 0.937615097 0.939590037 0.94829905 0.942223668 0.944942176 0.95342195 1.045538306 0.945403278 0.942372739 1.046262264 0.946530759 0.943219602 0.944059014 0.944743514 0.945153475 0.945628405 0.946664393 0.947282374 0.947964787 0.953114748 0.955694735 0.959418356 0.963635981 0.971589088 0.974053085 0.952432573 0.952371538 0.972432554 0.952491462 0.977755427 1.133973837 0.979536355 0.988980353 0.984316051 0.997457087 1.509101629 1.001028597 1.002118468 1.061550856 0.99583137 0.996500194 1.016399264 1.007235289 1.018635273 1.018291831 1.039865255 1.040223718 1.039398193 1.039140344 1.038537145 1.038044214
0.912058175 0.913556993 0.913400352 0.93298316 0.936560929 0.942467213 0.939538658 0.932311237 0.933229923 0.941564381 0.941939652 0.942422032 0.940382957 0.939728439 0.939828932 0.940721333 0.942239761 0.943691134 0.944293618 0.945332587 0.951330602 0.95286262 0.961831093 0.954860508 0.955828369 0.957263887 0.959701955 0.951393068 1.044440031 1.003144145 1.001571119 0.990390539 0.99118489 0.99276191 0.99780494 0.990509987 0.983155012 1.05469656 0.996842504 0.994802654 1.001547217 1.008330226 1.007735014 1.007492781 1.002802372 1.003753066 1.005242109 1.006597757 1.013020754 1.013467789 1.013661623 1.013165712 1.036710262 1.036858797 1.035562396 1.060253024
0.904245675 0.910761058 0.911239922 0.92459476 0.927792966 0.929794788 0.930880249 0.932448924 0.935272098 0.935184538 0.936095953 0.94101584 0.939606607 0.938780546 0.938773513 0.939682007 0.942643881 0.944764376 0.946297348 0.951615274 0.954147279 0.955917299 0.956183255 1.045687675 0.956980467 0.984902918 1.000328422 0.987941027 0.98921901 0.990519702 0.998110771 0.976686835 0.994826376 0.9953264 0.993602395 0.991730988 1.050055027 0.993750513 0.997152984 0.999154091 0.997782171 0.994806111 0.994520962 0.998853385 0.993962467 0.993976057 1.001981616 1.003565669 1.004385233 1.010036826 1.010073781 1.026861548 1.030463219 1.031181335 1.049455285 1.031617045
0.904342651 0.904045582 0.910781503 0.922071397 0.925390244 0.927932084 0.918210506 0.92495656 0.928241193 0.930564642 0.93218106 0.933792412 0.93538332 0.938008189 0.939047098 0.942348599 0.941031039 0.942726493 0.974527478 0.974317372 0.951181293 0.999937832 0.986446261 0.999240279 0.99776274 0.988958836 0.990192533 0.997215509 0.992974281 0.996684134 0.994016171 0.994868755 0.995785356 0.995976925 0.998776436 0.998436451 0.995221436 0.995772481 0.995688915 0.998466909 0.995199442 0.992938876 0.993116379 0.993266404 0.998084962 0.999484599 1.001283228 1.006212831 1.007469296 1.009043813 1.02083838 1.009171844 1.027854204 1.028939366 1.029393911 1.03046751
