Environmental Parameters 2050 RCP85/Sea-bottom_salinity.asc
ncols 720
nrows 360
xllcorner -180.00
yllcorner -90.00
cellsize 0.5
NODATA_value -9999
[rows 225 to 249 of 360, columns 112 to 167 of 720]
34.67053604 34.66702652 34.66769791 34.66744614 34.67103958 34.66669083 34.65638733 34.66553116 34.66378784 34.66287613 34.66218185 34.66134644 34.65193176 34.65873718 34.6502037 34.65792084 34.65829849 34.65190125 34.65186691 34.65194321 34.659935 34.65948105 34.65778351 34.65101242 34.64981842 34.65481186 34.65806961 34.65704346 34.65658569 34.65653992 34.65592957 34.65177536 34.65046692 34.64914703 34.64830399 34.6483078 34.65172577 34.65855026 34.66477966 34.66926956 34.6729393 34.67619324 34.67090988 34.66791916 34.67034912 34.6835022 34.68914032 34.69552612 34.69831848 34.70082092 34.69986725 34.70711899 34.70778275 34.71246719 34.70300674 34.71213531
34.66624451 34.66542435 34.6652565 34.66601181 34.66665649 34.66691971 34.66690826 34.66734314 34.66625595 34.66520691 34.66379166 34.66275787 34.66181183 34.6604805 34.65171432 34.65088654 34.64992523 34.65818024 34.65787888 34.65738678 34.65613556 34.65529633 34.6543808 34.65333939 34.64655685 34.65100861 34.65066528 34.65251541 34.65573883 34.65804672 34.65453339 34.65266037 34.65265656 34.64891434 34.647892 34.64789963 34.64725494 34.65546417 34.66246796 34.66714859 34.67074203 34.67416763 34.67764282 34.67806625 34.67515182 34.68052673 34.69031525 34.69729996 34.70134735 34.7056427 34.71055603 34.71320724 34.7135849 34.71729279 34.71681595 34.73060989
34.66703796 34.65715408 34.66559219 34.66875076 34.66462326 34.66411972 34.66431427 34.65502167 34.65493393 34.66531754 34.66464615 34.65552902 34.65471649 34.65402985 34.65343094 34.65256119 34.65137863 34.64984512 34.64811707 34.65393829 34.65312576 34.65245438 34.64624023 34.65118408 34.63269806 34.64900589 34.64731598 34.64838028 34.65028 34.65323257 34.65242004 34.6531105 34.65339661 34.64981842 34.64810944 34.64702606 34.64636993 34.64669418 34.65378952 34.65942383 34.66469955 34.66956329 34.67423248 34.67799759 34.68150711 34.68477249 34.69356155 34.70083618 34.70123672 34.71199417 34.71697235 34.7196312 34.71963501 34.71896362 34.71310806 34.72028732
34.66805267 34.64584351 34.65755081 34.66575623 34.66531754 34.66446686 34.65465546 34.66529465 34.65346909 34.66347504 34.66313553 34.65379333 34.653862 34.6541481 34.65454865 34.65441132 34.64051819 34.66046524 34.65824127 34.65581894 34.65358734 34.65166092 34.65114594 34.64559174 34.63135147 34.6424408 34.64547729 34.64324951 34.64256287 34.64627457 34.64736176 34.64805603 34.64847183 34.64957428 34.64833069 34.64705276 34.64576721 34.64427185 34.64297485 34.64305878 34.64631653 34.65126038 34.66116714 34.66364288 34.67451096 34.67435455 34.67766571 34.68245697 34.6897049 34.69781876 34.7060585 34.71315765 34.7095871 34.70918274 34.71056366 34.711689
34.66085434 34.66841507 34.66789246 34.66765976 34.47417068 34.66696167 34.66644287 34.66788483 34.66700363 34.3821106 34.66468811 34.66404343 34.65357208 34.6531868 34.63893127 34.65394592 34.65360641 34.65278244 34.66014481 34.65846634 34.65727997 34.65614319 34.64878845 34.64700699 34.63058853 34.64245224 34.64571762 34.64364243 34.6414299 34.63984299 34.64099503 34.64203262 34.64344788 34.64417267 34.64447784 34.64451599 34.64437866 34.64467239 34.64336777 34.64086533 34.63840485 34.63617325 34.63920593 34.6460495 34.65427017 34.66166306 34.66848755 34.67101669 34.67259216 34.68244553 34.68982697 34.69879532 34.68018723 34.70001221 34.70424652 34.70087814
34.66902161 34.66885757 34.66861343 34.66867447 34.66094208 34.66086578 34.66918945 34.66051865 34.66010666 34.65971756 34.60810089 34.65716553 34.65634537 34.63972473 34.65524673 34.65526199 34.65467072 34.65383148 34.65347672 34.65317154 34.65224457 34.6517334 34.65070343 34.64961624 34.64812088 34.6460228 34.6438179 34.64775467 34.64540863 34.64208984 34.64065933 34.63951874 34.63909531 34.64099503 34.64192963 34.64216232 34.64165115 34.64034271 34.64036179 34.64048004 34.6375351 34.63368607 34.63062668 34.63567352 34.64258194 34.64266968 34.64702606 34.65280151 34.65608978 34.63341522 34.68110657 34.68524933 34.68708801 34.69038391 34.695961 34.70657349
34.66814423 34.66830444 34.66840363 34.66854095 34.66096115 34.66098022 34.66924286 34.66147232 34.46383667 34.66228867 34.66207123 34.66124725 34.65960312 34.6416893 34.65815353 34.64153671 34.64141083 34.64122391 34.65718079 34.65619659 34.65495682 34.63620758 34.6515274 34.65048218 34.64859772 34.64671707 34.64522171 34.65128326 34.64260483 34.64930344 34.64590073 34.64375305 34.64170837 34.63140869 34.63957214 34.63843155 34.63752365 34.62672806 34.63599777 34.62664795 34.6362915 34.63242722 34.62943268 34.63310623 34.62203598 34.64242172 34.4419136 34.6419754 34.64762878 34.67594147 34.68889999 34.68967438 34.69383621 34.69804764 34.69018936 34.70125961
34.66853333 34.66863251 34.66836548 34.66051865 34.66861725 34.66868591 34.66889572 34.66065216 34.6608963 34.67182922 34.67140198 34.67107391 34.67092514 34.61124802 34.66069031 34.66096115 34.66072845 34.66028595 34.64274979 34.65968323 34.65863419 34.65741348 34.63883591 34.65499115 34.65267181 34.64943695 34.64789581 34.6462059 34.64515686 34.65219879 34.6422081 34.64999771 34.64004135 34.6467247 34.63232803 34.62936401 34.62641525 34.61396027 34.63161469 34.62121201 34.62205887 34.61263275 34.61632538 34.62929535 34.52534103 34.6423378 34.63843918 34.64094162 34.66032791 34.67498398 34.69803619 34.70175171 34.70961761 34.70389557 34.70861435 34.72702789
34.66974258 34.66969681 34.66965866 34.66933823 34.66930008 34.66897202 34.643013 34.67189789 34.67182922 34.67164612 34.66007614 34.67104721 34.65996552 34.670784 34.67058182 34.65991592 34.66989136 34.65872192 34.61503983 34.61591721 34.64152145 34.64130783 34.64082336 34.65709686 34.63851929 34.65307617 34.65139389 34.64970779 34.64752197 34.645504 34.64328766 34.64220428 34.64043045 34.63855743 34.64664459 34.62363052 34.61974335 34.63354111 34.61751938 34.62786865 34.62812424 34.62984848 34.63401413 34.59429169 34.63409805 34.63683319 34.57578659 34.59260178 34.67703629 34.68924713 34.70018005 34.70452118 34.70557404 34.72093582 34.73094177 34.74443054
34.67107391 34.67100525 34.67050171 34.67020416 34.66991806 34.66971588 34.66027451 34.67191315 34.67184448 34.67186356 34.67184448 34.67172241 34.67168808 34.6715889 34.64089966 34.67087555 34.65929031 34.65837479 34.65744781 34.64044952 34.65581131 34.64014053 34.65460587 34.65504074 34.63970947 34.63889694 34.65278625 34.65067291 34.63499451 34.64632034 34.63347626 34.64176559 34.63150024 34.63806915 34.63698578 34.64498138 34.62956238 34.61723328 34.58350372 34.61513901 34.62522888 34.63333511 34.6342392 34.62997055 34.63289642 34.64345932 34.64070511 34.66576767 34.67604065 34.69055557 34.69462204 34.69843674 34.70924377 34.72795486 34.74298859 34.76170349
34.67075729 34.67102051 34.6711235 34.67093658 34.64455032 34.67049026 34.67046356 34.6608696 34.67294312 34.67276382 34.6724472 34.67258072 34.67282867 34.67280579 34.67274094 34.66072845 34.66012192 34.65963364 34.65866089 34.65744019 34.64097595 34.61742401 34.63990402 34.65302277 34.6402626 34.65362549 34.65236664 34.61355209 34.64798355 34.64562988 34.64424515 34.64229202 34.63319016 34.63846207 34.64912033 34.64842606 34.62559509 34.62800217 34.6239624 34.62008667 34.62980652 34.62034988 34.62525177 34.63752747 34.63777542 34.64504242 34.65700531 34.62263489 34.67306519 34.67569351 34.68166351 34.69009018 34.70802307 34.73244095 34.74627686 34.7574501
34.66996384 34.67020798 34.6703186 34.67057037 34.67101669 34.67175293 34.67224884 34.68948364 34.66233444 34.68881226 34.67379379 34.67363739 34.67347717 34.67381668 34.67415237 34.67424774 34.67406082 34.67359161 34.66021347 34.65909576 34.65769196 34.64167404 34.64126587 34.65414047 34.65291595 34.65209579 34.64043045 34.64938736 34.6481514 34.64698792 34.6458931 34.64486694 34.64367676 34.64227676 34.64069366 34.63899231 34.6363945 34.63238907 34.63974762 34.63566208 34.63222122 34.62882233 34.62987137 34.63095474 34.63896179 34.64703369 34.65352631 34.6584549 34.66112518 34.66292572 34.67553329 34.69181061 34.70342636 34.72227478 34.73695374 34.74653244
34.66888046 34.66950226 34.67499161 34.67026901 34.67097473 34.67196274 34.6727066 34.67461777 34.67486954 34.6750946 34.67485809 34.67461014 34.67424011 34.67377853 34.67353439 34.66123581 34.67398071 34.66121292 34.67366028 34.65927887 34.65782547 34.65678024 34.65575409 34.65473175 34.65329361 34.64260101 34.651577 34.65090561 34.64994049 34.64928436 34.64808273 34.64694214 34.64577866 34.6444931 34.64307404 34.65311813 34.65161133 34.63782883 34.64323425 34.63942337 34.63609695 34.63257217 34.62553406 34.63419342 34.64240265 34.64921951 34.65542603 34.65685272 34.66811752 34.67136002 34.68153763 34.68620682 34.69623184 34.71068192 34.71703339 34.73402405
34.66759491 34.66802216 34.6685257 34.66959763 34.67087936 34.67243195 34.68402481 34.67459488 34.67473221 34.6632309 34.67486954 34.67474365 34.67435455 34.66101456 34.66007996 34.67228317 34.67214203 34.65895081 34.65867996 34.65794373 34.65726471 34.65655518 34.64325333 34.64380264 34.6542511 34.65356064 34.65307236 34.65238571 34.65166855 34.65098953 34.64987564 34.64842606 34.6470108 34.64586258 34.64496231 34.64394379 34.6528511 34.64143372 34.64796066 34.64270401 34.63940048 34.63619995 34.62915039 34.6275177 34.63632584 34.6453743 34.6584816 34.66927719 34.67284775 34.67434311 34.67798615 34.6812706 34.68553925 34.69654465 34.70759964 34.712677
34.67168808 34.66634369 34.67627716 34.67725372 34.66976929 34.6717453 34.673172 34.67421722 34.67451477 34.67442703 34.68962097 34.66181564 34.64250946 34.64176178 34.67188644 34.6709404 34.67050552 34.65604019 34.65546417 34.65565872 34.66956329 34.65538788 34.65533066 34.65525055 34.64515305 34.65454483 34.65426636 34.65362549 34.65280533 34.65189362 34.65066147 34.64945984 34.64818573 34.64686584 34.6460762 34.65504837 34.65341187 34.65178299 34.64928436 34.64527512 34.63393021 34.629879 34.62182617 34.62329102 34.62032318 34.63308716 34.64715576 34.65633774 34.66154861 34.66024399 34.67268372 34.67913055 34.68445206 34.69688416 34.70145798 34.69906616
34.67176819 34.66458893 34.66514587 34.67564011 34.66779327 34.68051529 34.6711731 34.67246246 34.66173935 34.67325974 34.67319489 34.67287827 34.6721077 34.65857697 34.67056656 34.66968536 34.66882706 34.65423584 34.65372849 34.65320969 34.65299988 34.65315247 34.65338516 34.65357208 34.64465332 34.65385056 34.65392685 34.65370941 34.65304565 34.6522789 34.65081024 34.66093063 34.64850235 34.64784241 34.65651321 34.65507507 34.65349579 34.651577 34.64894485 34.64545441 34.64197922 34.62958145 34.6246376 34.62625504 34.61188126 34.60911179 34.63421249 34.62636566 34.63174057 34.63777161 34.64435959 34.65597916 34.66526413 34.68296432 34.6903801 34.68946075
34.67083359 34.66262436 34.67245102 34.67381287 34.66500854 34.66667175 34.66798782 34.68556976 34.67029572 34.67050171 34.65807343 34.67056656 34.67047119 34.65719223 34.65613174 34.66823578 34.6667366 34.65233612 34.66537857 34.66469193 34.65075684 34.65016937 34.65046692 34.65077591 34.65095901 34.65143967 34.65160751 34.65165329 34.66360474 34.65070724 34.66143036 34.65979385 34.64833832 34.65678787 34.64663315 34.64586258 34.64491272 34.65050125 34.64819336 34.64508438 34.64070892 34.63585663 34.63155746 34.62573624 34.61761093 34.60951614 34.60454941 34.61660767 34.64369202 34.63114929 34.63975525 34.65335846 34.66657257 34.69124985 34.69508743 34.68537521
34.66140366 34.66111755 34.6703949 34.66149902 34.67355347 34.66325378 34.66428375 34.65478897 34.66606903 34.66585159 34.66621399 34.65419388 34.6674881 34.66751099 34.66711426 34.66552734 34.65101242 34.65019608 34.63758087 34.64849472 34.64794159 34.64756775 34.63875198 34.63966751 34.64077759 34.64161301 34.64792252 34.64727402 34.6471138 34.64713287 34.64754868 34.64687729 34.64616394 34.65419769 34.64509964 34.66972351 34.71081161 34.72156525 34.71297836 34.67754364 34.65522766 34.6345253 34.62298584 34.62092209 34.61347198 34.6350975 34.643116 34.65500641 34.6783371 34.66688919 34.69139862 34.68660355 34.71147537 34.71880722 34.72743225 34.71103668
34.65930176 34.65888977 34.65863419 34.658741 34.67020798 34.6582489 34.65826035 34.65955734 34.66073227 34.6607132 34.64934158 34.66175461 34.64994049 34.66198349 34.66194534 34.64827347 34.64726257 34.65996552 34.64601135 34.64536667 34.64458847 34.64404297 34.64273071 34.64293289 34.64985657 34.66906738 34.64335251 34.65365219 34.65780258 34.67266464 34.67873383 34.74991608 34.78654861 34.81900787 34.87163544 34.88896561 34.87030792 34.87069702 34.87020874 34.8489418 34.85939407 34.85922241 34.82536697 34.81735611 34.80694962 34.78736877 34.78945541 34.80155563 34.79125977 34.80998611 34.81367493 34.83766937 34.82730103 34.82645416 34.8236618 34.81267548
34.69145584 34.6594162 34.6958046 34.68714523 34.70671082 34.71116638 34.73632812 34.75138855 34.75033188 34.77106094 34.76566696 34.78597641 34.78739929 34.77190781 34.78488541 34.80117035 34.77913666 34.75292587 34.7458992 34.72797394 34.74825668 34.74985886 34.76921082 34.78382874 34.79337692 34.77965546 34.76325607 34.84415817 34.86332703 34.85557556 34.87577057 34.90166855 34.93507004 34.93507004 34.9367218 34.94465256 34.97601318 34.97214127 34.99251556 34.98538589 34.9727478 34.96294785 34.95929337 34.95785522 34.9548645 34.94711685 34.923069 34.92669296 34.93817139 34.9200058 34.90087128 34.89784622 34.90726852 34.89994049 34.89014816 34.86655426
34.79558182 34.80410767 34.80933762 34.79453659 34.81371689 34.80676651 34.85232162 34.87015152 34.87942505 34.87252808 34.89930344 34.88862228 34.88948822 34.89024734 34.87627029 34.8743248 34.86925507 34.86558151 34.86624527 34.88653183 34.88409042 34.8955574 34.90720749 34.91532516 34.9313736 34.9431076 34.95814896 34.96763992 34.9755249 34.96263885 34.95835876 34.95614243 34.95584869 34.95073318 34.9491272 34.94200134 34.94145203 34.94795227 34.96213531 34.9719429 34.97410965 34.97109222 34.96367264 34.95322037 34.93756104 34.92754745 34.91157532 34.90776443 34.9066658 34.87904739 34.86605835 34.8768425 34.86598969 34.8639679 34.87065887 34.84820175
34.88010788 34.87324142 34.89764786 34.89936447 34.90686798 34.93465424 34.91457367 34.9711647 34.98285294 34.99006271 34.9908905 34.97564697 34.95154953 34.93517303 34.92111969 34.90048599 34.89638901 34.89814377 34.88706589 34.90316391 34.89679718 34.89465332 34.88497543 34.90068436 34.90333557 34.90482712 34.90326309 34.927948 34.95272827 34.95034409 34.95332718 34.9675293 34.96553421 34.94393158 34.93210602 34.91275024 34.89906311 34.91042709 34.90137482 34.89298248 34.88083267 34.88932419 34.88287735 34.84317398 34.82616806 34.80786133 34.79834366 34.79412079 34.81361008 34.82504272 34.8319931 34.83227539 34.81367874 34.7943573 34.79452133 34.78952408
34.8180542 34.86584854 34.91889191 34.9635582 34.97464371 34.99671173 35.00857544 35.02079391 34.99996185 34.9752655 34.95035553 34.9211998 34.87791061 34.85264587 34.83231354 34.81876755 34.80493164 34.80945587 34.80749893 34.79902267 34.80814743 34.80224228 34.79620743 34.79857254 34.79940796 34.80971909 34.81954575 34.8372612 34.86582565 34.89165497 34.91300583 34.93995667 34.9370079 34.91282654 34.90901184 34.88935089 34.8757515 34.86183167 34.85102463 34.82893372 34.81427002 34.79652405 34.7868576 34.76735306 34.74455261 34.73254776 34.72455215 34.71878815 34.7249794 34.75585938 34.77186584 34.77873993 34.77627563 34.76124191 34.74291229 34.74347305
34.72084808 34.76774979 34.83188248 34.92004013 34.96310043 35.01041412 35.00389481 34.9802475 34.9546051 34.91007614 34.89531708 34.82731628 34.80422592 34.78253937 34.75773621 34.73871613 34.72278976 34.7351799 34.73190689 34.72707367 34.72727966 34.71997833 34.71920776 34.68727112 34.68982315 34.73114014 34.73703766 34.75013351 34.77083588 34.81918335 34.85391998 34.87160873 34.88427353 34.86208344 34.84882736 34.83599472 34.83427811 34.80619431 34.78099442 34.771698 34.75798798 34.75310135 34.75619507 34.7253685 34.70785141 34.69428253 34.68564606 34.69244003 34.71497345 34.73161316 34.74769211 34.75401306 34.72999573 34.72713852 34.71605682 34.7167511
34.66573715 34.71114731 34.77309418 34.86727142 34.89891815 34.95436096 34.95018768 34.93222046 34.8847847 34.8178215 34.78733063 34.77414703 34.75973892 34.73088837 34.70981598 34.68822098 34.6776886 34.67945862 34.67511368 34.67359161 34.67274857 34.69435883 34.68630219 34.68576431 34.71400452 34.69309235 34.70097351 34.71395111 34.74518204 34.75073242 34.80623245 34.82204437 34.80783463 34.7967186 34.80850601 34.77631378 34.75632477 34.73457336 34.71527481 34.69979095 34.69674683 34.69770432 34.69141769 34.68370438 34.6696701 34.65483475 34.65567017 34.66144562 34.68057632 34.69745636 34.72123337 34.72484589 34.71064377 34.70036697 34.68508911 34.68706512
