Environmental Parameters 2050 RCP85/Sea-bottom_temperature.asc
ncols 720
nrows 360
xllcorner -180.00
yllcorner -90.00
cellsize 0.5
NODATA_value -9999
[rows 225 to 249 of 360, columns 392 to 447 of 720]
-9999.0 -9999.0 -9999.0 -9999.0 -9999.0 -9999.0 -9999.0 -9999.0 -9999.0 -9999.0 -9999.0 -9999.0 -9999.0 -9999.0 -9999.0 -9999.0 -9999.0 -9999.0 -9999.0 -9999.0 -9999.0 -9999.0 -9999.0 -9999.0 -9999.0 -9999.0 -9999.0 -9999.0 -9999.0 -9999.0 -9999.0 -9999.0 -9999.0 -9999.0 -9999.0 -9999.0 -9999.0 -9999.0 -9999.0 12.79205513 4.436346054 2.183471441 1.938474417 1.808837771 1.818192005 1.928101182 1.899155617 1.740961552 1.838370562 1.806881666 1.633260489 1.763390541 1.896825194 2.042032242 23.50619507 19.35292321
-9999.0 -9999.0 -9999.0 -9999.0 -9999.0 -9999.0 -9999.0 -9999.0 -9999.0 -9999.0 -9999.0 -9999.0 -9999.0 -9999.0 -9999.0 -9999.0 -9999.0 -9999.0 -9999.0 -9999.0 -9999.0 -9999.0 -9999.0 -9999.0 -9999.0 -9999.0 -9999.0 -9999.0 -9999.0 -9999.0 -9999.0 -9999.0 -9999.0 -9999.0 -9999.0 -9999.0 -9999.0 -9999.0 20.9179554 13.46964169 3.071365833 2.188229799 1.92965591 1.898991466 1.936350942 1.885739326 1.870477319 1.851209164 1.827874422 1.790424347 1.626789808 1.746127367 1.602819562 1.998663664 3.125498772 14.97616863
-9999.0 -9999.0 -9999.0 -9999.0 -9999.0 -9999.0 -9999.0 -9999.0 -9999.0 -9999.0 -9999.0 -9999.0 -9999.0 -9999.0 -9999.0 -9999.0 -9999.0 -9999.0 -9999.0 -9999.0 -9999.0 -9999.0 -9999.0 -9999.0 -9999.0 -9999.0 -9999.0 -9999.0 -9999.0 -9999.0 -9999.0 -9999.0 -9999.0 -9999.0 -9999.0 -9999.0 -9999.0 -9999.0 19.82850456 13.38564301 2.581496954 2.270667553 1.886159658 1.972104669 1.908207059 1.814884305 1.670645833 1.671611309 1.799567819 1.612767816 1.258269429 1.593179107 1.437040448 1.718380094 1.902452707 9.766155243
-9999.0 -9999.0 -9999.0 -9999.0 -9999.0 -9999.0 -9999.0 -9999.0 -9999.0 -9999.0 -9999.0 -9999.0 -9999.0 -9999.0 -9999.0 -9999.0 -9999.0 -9999.0 -9999.0 -9999.0 -9999.0 -9999.0 -9999.0 -9999.0 -9999.0 -9999.0 -9999.0 -9999.0 -9999.0 -9999.0 -9999.0 -9999.0 -9999.0 -9999.0 -9999.0 -9999.0 -9999.0 -9999.0 19.57074738 7.228990078 2.448453665 2.160518169 1.632889867 1.738940835 1.745594621 1.640238404 1.648042321 1.639389157 1.620473742 1.448789358 1.433869362 0.984159291 1.422728896 1.563432932 1.244075418 5.771507263
-9999.0 -9999.0 -9999.0 -9999.0 -9999.0 -9999.0 -9999.0 -9999.0 -9999.0 -9999.0 -9999.0 -9999.0 -9999.0 -9999.0 -9999.0 -9999.0 -9999.0 -9999.0 -9999.0 -9999.0 -9999.0 -9999.0 -9999.0 -9999.0 -9999.0 -9999.0 -9999.0 -9999.0 -9999.0 -9999.0 -9999.0 -9999.0 -9999.0 -9999.0 -9999.0 -9999.0 23.94900322 26.12251282 21.65655136 7.188853264 2.451757908 2.256537676 1.607449412 1.717273593 1.618035316 1.425676823 1.443784833 1.220554352 1.225251317 1.229608059 0.979089677 0.788133442 1.409892201 0.966816902 1.240929723 2.821959496
-9999.0 -9999.0 -9999.0 -9999.0 -9999.0 -9999.0 -9999.0 -9999.0 -9999.0 -9999.0 -9999.0 -9999.0 -9999.0 -9999.0 -9999.0 -9999.0 -9999.0 -9999.0 -9999.0 -9999.0 -9999.0 -9999.0 -9999.0 -9999.0 -9999.0 -9999.0 -9999.0 -9999.0 -9999.0 -9999.0 -9999.0 -9999.0 -9999.0 25.80704737 25.51252174 15.6887579 13.18497658 17.96348572 8.698518753 2.633390427 2.595193863 2.290693521 1.827976227 1.153509498 1.384838104 1.188011646 0.958510816 0.960247755 0.954302549 0.75061959 0.77321434 0.784289658 0.773812115 0.95904541 1.740911484 1.915287018
-9999.0 -9999.0 -9999.0 -9999.0 -9999.0 -9999.0 -9999.0 -9999.0 -9999.0 -9999.0 -9999.0 -9999.0 -9999.0 -9999.0 -9999.0 -9999.0 -9999.0 -9999.0 -9999.0 -9999.0 -9999.0 -9999.0 -9999.0 -9999.0 -9999.0 -9999.0 -9999.0 -9999.0 -9999.0 -9999.0 -9999.0 -9999.0 -9999.0 25.82280731 9.839224815 10.56050968 10.9728241 10.5091238 5.235510826 3.429029226 2.622304916 2.461369038 2.080252171 1.132107615 0.696988225 0.935970306 0.70946604 0.583873749 0.59394151 0.604282737 0.619883895 0.765034199 0.76165086 0.753485739 1.216447353 2.068911076
-9999.0 -9999.0 -9999.0 -9999.0 -9999.0 -9999.0 -9999.0 -9999.0 -9999.0 -9999.0 -9999.0 -9999.0 -9999.0 -9999.0 -9999.0 -9999.0 -9999.0 -9999.0 -9999.0 -9999.0 -9999.0 -9999.0 -9999.0 -9999.0 -9999.0 -9999.0 -9999.0 -9999.0 -9999.0 -9999.0 -9999.0 -9999.0 -9999.0 23.99022293 10.31454849 9.87606144 10.3674345 6.624366283 5.856678486 2.824744701 2.480721235 2.464655161 1.567826152 0.538574457 0.54376322 0.551473975 0.562296748 0.512166381 0.523122579 0.602895319 0.617132366 0.622612119 0.719448686 0.63453424 0.745188713 1.734688878
-9999.0 -9999.0 -9999.0 -9999.0 -9999.0 -9999.0 -9999.0 -9999.0 -9999.0 -9999.0 -9999.0 -9999.0 -9999.0 -9999.0 -9999.0 -9999.0 -9999.0 -9999.0 -9999.0 -9999.0 -9999.0 -9999.0 -9999.0 -9999.0 -9999.0 -9999.0 -9999.0 -9999.0 -9999.0 -9999.0 -9999.0 -9999.0 -9999.0 22.13371849 7.962295532 7.941524982 5.16616106 3.631933689 2.868946314 3.150300741 2.629539013 2.630824327 0.540036231 0.47114715 0.435723275 0.464279234 0.503335446 0.516579717 0.527139544 0.537799269 0.599517405 0.612140179 0.629460394 0.635619521 0.739119887 1.211836815
-9999.0 -9999.0 -9999.0 -9999.0 -9999.0 -9999.0 -9999.0 -9999.0 -9999.0 -9999.0 -9999.0 -9999.0 -9999.0 -9999.0 -9999.0 -9999.0 -9999.0 -9999.0 -9999.0 -9999.0 -9999.0 -9999.0 -9999.0 -9999.0 -9999.0 -9999.0 -9999.0 -9999.0 -9999.0 -9999.0 -9999.0 -9999.0 -9999.0 21.35658646 5.041259766 4.571604252 3.974206209 3.690617561 4.06746006 3.202212095 2.482973337 2.643735409 0.474048644 0.472275108 0.458282918 0.464699417 0.475721717 0.484938145 0.523243666 0.537681758 0.544306099 0.548886836 0.602381289 0.55915606 0.742979169 0.74404788
-9999.0 -9999.0 -9999.0 -9999.0 -9999.0 -9999.0 -9999.0 -9999.0 -9999.0 -9999.0 -9999.0 -9999.0 -9999.0 -9999.0 -9999.0 -9999.0 -9999.0 -9999.0 -9999.0 -9999.0 -9999.0 -9999.0 -9999.0 -9999.0 -9999.0 -9999.0 -9999.0 -9999.0 -9999.0 -9999.0 -9999.0 -9999.0 -9999.0 7.967569351 3.879324675 3.59544611 3.664375305 3.160861731 2.899230003 2.8813169 2.622334242 2.662992239 0.547639906 0.44888559 0.45214963 0.463910669 0.47479859 0.486744344 0.491009682 0.529251069 0.534906954 0.541310608 0.548908055 0.559534609 0.626760721 0.743957758
13.73521328 -9999.0 -9999.0 -9999.0 -9999.0 -9999.0 -9999.0 -9999.0 -9999.0 -9999.0 -9999.0 -9999.0 -9999.0 -9999.0 -9999.0 -9999.0 -9999.0 -9999.0 -9999.0 -9999.0 -9999.0 -9999.0 -9999.0 -9999.0 -9999.0 -9999.0 -9999.0 -9999.0 -9999.0 -9999.0 -9999.0 -9999.0 20.63271141 4.902590752 2.895650625 3.109761715 2.876296043 2.643701792 2.470582008 2.387867212 2.48985076 1.909992456 0.478207648 0.433092117 0.435830504 0.455098212 0.466035157 0.479526609 0.49125123 0.499738783 0.529278398 0.531927913 0.496100128 0.560727179 0.559842169 0.93454355
12.85994148 13.80371308 -9999.0 -9999.0 -9999.0 -9999.0 -9999.0 -9999.0 -9999.0 -9999.0 -9999.0 -9999.0 -9999.0 -9999.0 -9999.0 -9999.0 -9999.0 -9999.0 -9999.0 -9999.0 -9999.0 -9999.0 -9999.0 -9999.0 -9999.0 -9999.0 -9999.0 -9999.0 -9999.0 -9999.0 -9999.0 23.09909439 22.79649162 3.101521015 2.692988396 2.916634798 2.891059637 2.342534304 2.249948978 2.387882471 2.405034781 1.175259948 0.439821362 0.430046886 0.434818119 0.44049862 0.446003973 0.448947787 0.482821763 0.492638916 0.502173215 0.498623133 0.551581919 0.504971355 0.737438381 1.571730137
12.11863518 13.08751774 13.88214874 -9999.0 -9999.0 -9999.0 -9999.0 -9999.0 -9999.0 -9999.0 -9999.0 -9999.0 -9999.0 -9999.0 -9999.0 -9999.0 -9999.0 -9999.0 -9999.0 -9999.0 -9999.0 -9999.0 -9999.0 -9999.0 -9999.0 -9999.0 -9999.0 -9999.0 -9999.0 -9999.0 23.67918015 23.4943924 4.947778702 2.888393164 2.692215204 2.453733206 2.340167999 2.178982019 2.745865107 2.514880419 2.857631683 0.943320572 0.432704717 0.424827665 0.432033926 0.440210372 0.446374834 0.451329887 0.454175711 0.464319289 0.498663992 0.504915357 0.510496408 0.559207737 0.94913137 2.209602594
11.66864395 12.09040833 13.52833557 -9999.0 -9999.0 -9999.0 -9999.0 -9999.0 -9999.0 -9999.0 -9999.0 -9999.0 -9999.0 -9999.0 -9999.0 -9999.0 -9999.0 -9999.0 -9999.0 -9999.0 -9999.0 -9999.0 -9999.0 -9999.0 -9999.0 -9999.0 -9999.0 -9999.0 -9999.0 23.53524578 17.8507061 8.190547943 3.537324429 3.227903605 2.282270908 2.214843035 2.299170971 2.232931137 2.747275114 2.547370195 2.285481691 1.614938498 0.418858141 0.423393488 0.434658825 0.441712081 0.445649207 0.450398177 0.456781507 0.465959758 0.469134808 0.466732532 0.609794855 1.208239794 1.217760682 1.906186342
11.35934067 11.51398849 12.47355747 -9999.0 -9999.0 -9999.0 -9999.0 -9999.0 -9999.0 -9999.0 -9999.0 -9999.0 -9999.0 -9999.0 -9999.0 -9999.0 -9999.0 -9999.0 -9999.0 -9999.0 -9999.0 -9999.0 -9999.0 -9999.0 -9999.0 -9999.0 -9999.0 -9999.0 -9999.0 24.03182411 5.314473152 2.141034365 2.219227791 2.322264194 2.086812735 2.100288391 2.212320089 2.218828201 2.531306267 2.931658268 2.289485455 1.618911505 0.414946765 0.403096676 0.414793581 0.442067593 0.443368971 0.446998477 0.455492258 0.467348188 0.471840024 0.552911162 0.749987841 1.197031021 1.739732265 2.302911997
10.18455315 10.84285259 11.71033192 12.98673266 -9999.0 -9999.0 -9999.0 -9999.0 -9999.0 -9999.0 -9999.0 -9999.0 -9999.0 -9999.0 -9999.0 -9999.0 -9999.0 -9999.0 -9999.0 -9999.0 -9999.0 -9999.0 -9999.0 -9999.0 -9999.0 -9999.0 -9999.0 -9999.0 22.09078217 2.380308628 2.006782413 2.06965518 1.884828925 1.87953341 1.866974592 1.979540467 2.070896864 2.19727087 2.710252047 2.706289291 2.411901236 0.472287029 0.40124777 0.417085201 0.426163673 0.434914321 0.437653542 0.444328576 0.456915081 0.466940761 0.519064605 0.513960093 1.868193269 1.1915555 3.155458927 2.455108643
9.350784302 10.34834576 11.01725006 12.08121586 13.59624642 -9999.0 -9999.0 -9999.0 -9999.0 -9999.0 -9999.0 -9999.0 -9999.0 -9999.0 -9999.0 -9999.0 -9999.0 -9999.0 -9999.0 -9999.0 -9999.0 -9999.0 -9999.0 -9999.0 -9999.0 -9999.0 -9999.0 21.93519783 2.97776556 1.988820314 1.994541645 2.068006754 1.882160664 1.731481194 1.856387973 1.722225189 2.076331854 2.163546085 2.090848684 2.182377815 1.771250963 0.47181499 0.404065847 0.405548066 0.419262856 0.426510602 0.410548836 0.410088867 0.453893006 0.461772561 0.558410347 0.614402473 0.927916229 1.878563285 3.169710636 2.858923674
8.177643776 9.569630623 11.40179062 11.60073757 13.61493397 -9999.0 -9999.0 -9999.0 -9999.0 -9999.0 -9999.0 -9999.0 -9999.0 -9999.0 -9999.0 -9999.0 -9999.0 -9999.0 -9999.0 -9999.0 -9999.0 -9999.0 -9999.0 -9999.0 -9999.0 -9999.0 23.61305428 2.448934078 2.234568834 1.869009495 1.710930586 1.529879093 1.539316058 1.550760627 1.55328238 1.713521242 1.983166933 2.180188417 2.422687531 2.406020403 2.338151932 0.761040747 0.401554853 0.399307132 0.422718942 0.405486435 0.407244235 0.432813704 0.416754216 0.503363669 0.513536483 0.773148596 0.918957353 1.722566843 2.608658791 2.682908297
4.772004604 9.187763214 10.57548141 11.29287338 15.81772614 -9999.0 -9999.0 -9999.0 -9999.0 -9999.0 -9999.0 -9999.0 -9999.0 -9999.0 -9999.0 -9999.0 -9999.0 -9999.0 -9999.0 -9999.0 -9999.0 -9999.0 -9999.0 -9999.0 -9999.0 21.39610863 3.418100834 1.977800131 1.856752515 1.506181836 1.502253294 1.507486224 1.52195859 1.546198964 1.545425296 1.847645879 2.16787982 3.157250881 3.721577883 2.677038193 2.243788719 0.433928549 0.416140825 0.412246585 0.432469517 0.411680877 0.430076689 0.415885061 0.420693487 0.498284698 0.471040994 0.650674462 0.768988013 0.893235385 2.983705997 4.15713644
2.743389845 7.593919277 9.591777802 14.39462566 15.71890068 -9999.0 -9999.0 -9999.0 -9999.0 -9999.0 -9999.0 -9999.0 -9999.0 -9999.0 -9999.0 -9999.0 -9999.0 -9999.0 -9999.0 -9999.0 -9999.0 -9999.0 -9999.0 21.67061764 21.55866623 3.744570255 1.989570022 1.720625758 1.500824094 1.272834778 1.282942891 1.28441751 1.490165591 1.676612139 1.53239274 1.979000211 2.685037851 3.484357595 4.359994411 2.655759096 2.381791353 0.494076848 0.409824193 0.416695684 0.415701449 0.416927963 0.422519535 0.427253604 0.452857643 0.466254383 0.476350069 0.57342273 0.757852912 0.920918584 2.806046486 9.769841194
2.411026239 3.450169802 7.508913517 11.3348465 15.31350517 -9999.0 -9999.0 -9999.0 -9999.0 -9999.0 -9999.0 -9999.0 -9999.0 -9999.0 -9999.0 -9999.0 -9999.0 -9999.0 -9999.0 -9999.0 -9999.0 -9999.0 20.52681345 19.66160774 2.701053619 1.853349566 1.484953523 1.248720884 1.252294421 1.052964449 1.059528112 1.286500096 1.270615101 1.500075579 2.191001415 2.311749458 2.685452223 3.888598919 3.472165346 2.648066282 2.239233494 0.418133378 0.414018422 0.422405154 0.419159949 0.41761604 0.400788575 0.403547674 0.453703582 0.463444829 0.449020267 0.51771453 0.571199894 1.197479725 2.720857859 13.18988419
2.101287603 2.516378403 3.103368521 11.14080524 14.59652424 16.61792672 -9999.0 -9999.0 -9999.0 -9999.0 -9999.0 -9999.0 -9999.0 15.62716764 16.11886674 16.70818865 -9999.0 18.24762833 19.29613113 20.44489098 20.97285271 18.89149284 12.73540878 2.384540558 1.209547877 1.206653237 1.018853068 1.025665402 1.03060317 1.03997612 1.047594905 1.04643178 1.260537505 2.092543602 2.476440907 2.301513672 2.305333614 2.623637915 2.848930597 2.578886986 1.623470187 0.400036186 0.403285027 0.408198088 0.410265267 0.411130488 0.415876031 0.42748329 0.435862511 0.44796744 0.451766789 0.479296088 0.589835465 1.182410479 2.15024972 2.666063786
1.12811017 1.886016011 2.44645834 9.093348503 13.85046864 17.623703 17.3034935 -9999.0 16.07552224 15.5912869 15.34216595 14.82569504 14.82685471 14.38044071 14.67498016 14.34959221 15.06766987 15.58466148 16.66872787 17.34738731 17.05138588 2.97592473 1.711829305 1.207547665 0.892908692 0.891945004 0.898439348 0.909774184 0.865635395 0.909811258 0.911053777 1.217969298 2.120735407 2.242118835 3.438096285 2.450579166 2.199317694 2.306481838 2.078538179 1.953845382 0.435608745 0.395769298 0.38815406 0.390984029 0.394013822 0.396009982 0.395538479 0.424103975 0.433277339 0.44357723 0.477020085 0.44253847 0.594266355 0.791391313 1.765014648 2.207211971
0.871764839 1.99083972 2.226821423 2.826333284 7.829908371 12.34089375 14.46292877 18.55023193 16.12879467 14.63740063 14.84715557 14.44656086 14.58585358 15.26947117 14.83559036 14.62348461 12.79777145 10.41167641 2.969003677 2.207939148 1.996474028 0.984337568 0.884236276 0.891266584 0.85049057 0.857948124 0.84062469 0.863717198 0.862302125 0.858603776 0.861027658 1.013492882 1.851948857 2.396816254 2.338775873 2.343028545 2.450183392 2.074634552 1.815399289 1.406630158 0.393898129 0.386086464 0.39207837 0.386856824 0.388749003 0.392440498 0.395663559 0.41789788 0.426147759 0.407473028 0.472423792 0.528693438 0.534814984 0.67980355 1.874702454 2.497066498
