Environmental Parameters 2050 RCP85/Sea-bottom_temperature.asc
ncols 720
nrows 360
xllcorner -180.00
yllcorner -90.00
cellsize 0.5
NODATA_value -9999
[rows 275 to 299 of 360, columns 616 to 671 of 720]
0.494630694 0.51466158 0.577450931 0.561474621 0.584880799 0.597207367 0.60920769 0.630609035 0.665602565 0.672513247 0.674088418 0.685171366 0.695602655 0.769515097 0.771132171 0.707170308 0.72088486 0.791169524 0.797479272 0.850561798 0.8588292 0.906668425 1.030816019 0.769438624 0.784705222 0.76644671 0.750240922 0.697211742 0.722814202 0.700110435 0.721926093 0.690662742 0.689510763 0.89030236 0.750658929 1.432645202 1.718338013 2.058807135 2.80807519 3.399549484 3.8012712 3.371552944 2.924004316 1.657287002 1.018365264 0.793313444 0.782407045 0.783364594 0.781319857 0.787931144 0.769123375 0.770234048 0.773076415 0.775845408 0.776937783 0.778094172
0.522783101 0.51515007 0.541640311 0.566206723 0.61450994 0.584463984 0.593274474 0.616050065 0.744818211 0.756340146 0.75836271 0.768349469 0.772722721 0.834328115 0.842207611 0.852108121 0.866240442 0.873986959 0.86530441 0.915503442 0.914871037 1.540659785 1.116941094 0.793161273 0.785614491 0.76105243 0.699101269 0.730872154 0.727655113 0.703009367 0.690432549 1.038065195 0.698432267 0.746971488 0.688077271 1.032801032 1.730187058 1.730081916 1.906095862 2.081759214 2.472080469 2.352730513 2.459214926 2.776359797 1.639491677 0.840688348 0.78216058 0.784664631 0.784897029 0.781191707 0.777889013 0.774762273 0.778149307 0.782675862 0.783325613 0.781260133
0.530913651 0.521690995 0.546518117 0.587032437 0.604082584 0.583448112 0.648308575 0.789382815 0.831513226 0.842056394 0.881446123 0.847322822 0.815915346 0.828136146 0.831846178 0.840247273 0.854154885 0.871491969 0.851566195 0.947511077 1.122963905 0.944541752 1.096145153 0.907191277 0.688249886 0.762610018 0.760447919 0.764710307 0.770961583 0.766725302 0.768537283 0.697684467 0.743307173 0.795894802 0.629556537 0.732521534 1.419849753 0.914722323 0.9270913 0.801412404 0.917409897 1.281731129 2.729000092 2.559225798 2.545813084 1.467677116 0.791657746 0.78603816 0.786478519 0.784790635 0.78110683 0.777840793 0.786031246 0.790058613 0.791895807 0.788758099
0.554830909 0.576536596 0.599863827 0.588259339 0.656462073 0.621623397 0.725958765 0.783655286 0.83299911 0.83861959 0.845157027 0.838774383 0.865444422 0.82220459 0.860304594 0.864111781 0.872065604 0.885970294 0.910646617 0.959177494 0.962296665 0.974127829 1.065266371 0.85925734 0.818518281 0.79497999 0.781822622 0.78064698 0.780489981 0.817089379 0.827078819 0.785114527 0.77296859 0.781942844 0.766967535 0.77234292 0.798645735 0.816460907 0.826035619 0.828753531 0.825243115 0.841066241 1.414450765 1.870677948 2.427646637 1.941497803 0.945967376 0.813727796 0.794583678 0.79864186 0.790230513 0.789208055 0.791991353 0.80044353 0.797122955 0.787317395
0.556273878 0.575214088 0.689640284 0.605650783 0.632160962 0.655034244 0.781840146 0.805464745 0.789304256 0.96872884 0.88102591 0.891327381 0.947992563 0.93818289 0.861165106 0.869976461 0.873634636 0.94579196 0.947303891 0.958279908 1.0288167 0.970625877 0.98341471 0.861532509 0.793584645 0.798109531 0.810194194 0.807356477 0.831734478 0.831340313 0.835619926 0.821037233 0.808566153 0.798066497 0.772277772 0.721521378 0.800704181 0.810247064 0.808526754 0.826275408 0.829310417 0.829354942 0.814811528 0.881506801 0.774830699 0.742271781 0.868043721 0.788941622 0.795917392 0.80619061 0.807857037 0.795510292 0.800559223 0.800454199 0.793199241 0.779819429
0.7918396 0.795472801 0.799936771 0.817180991 0.737512648 0.848947883 0.868146658 0.941001296 1.038993001 0.959465384 0.969454408 0.966819704 0.954763353 0.952275515 0.952331901 0.99694252 1.111866593 1.107666612 1.103416562 1.228495717 1.100952744 1.101497173 1.037662625 0.812541485 0.813771784 0.814746678 0.801524758 0.825639665 0.831813633 0.806107819 0.800064564 0.817148447 0.858477175 0.795934618 0.771048188 0.770132601 0.778606355 0.793736458 0.753034055 0.817032456 0.82854706 0.909333289 0.868061721 0.932779312 0.804050446 0.740558445 0.784307957 0.788627505 0.802097261 0.80072999 0.80901438 0.795258641 0.793500543 0.795677304 0.80421406 0.811911881
0.925742984 0.784151435 0.711458862 0.783865154 0.584389508 0.81302917 0.841330707 0.763227761 0.934939444 0.956702769 0.974738836 0.969953835 1.020150781 0.994949639 0.978655934 0.975221455 0.987741172 1.093134522 1.23469317 0.954705954 1.179152131 1.04250741 0.842790663 0.827195764 0.826164484 0.823271096 0.819786429 0.841528475 0.840889215 0.823061347 0.815354049 0.815292358 0.814424694 0.803591371 0.793428898 0.722753167 0.778091073 0.822466075 0.807045043 0.821433365 0.83517909 0.835635066 0.880129397 1.179620147 1.162385583 0.791150153 0.807977736 0.798227787 0.803597331 0.804517746 0.801081955 0.796015203 0.793807983 0.790911615 0.79535675 0.809243858
0.638590336 0.774086714 0.771009743 0.672010422 0.66022557 0.63889873 0.777263463 0.900554359 0.913011909 0.808263779 0.943955541 0.951803386 1.041402221 0.92725575 0.897678733 0.97100234 0.915696919 0.974717438 0.982759237 1.004236937 1.577065706 0.967392504 0.844056487 0.860348821 0.831340432 0.797723174 0.813939571 0.81550473 0.81717664 0.826527894 0.813099921 0.813784003 0.8156389 0.807934999 0.784214675 0.776876926 0.732824683 0.779949725 0.771679461 0.813340604 0.838579297 0.836188197 0.844118834 0.827283978 0.816385567 0.801837027 0.815330029 0.813054204 0.815003753 0.812926769 0.804772437 0.801155448 0.792473018 0.788474381 0.79293561 0.80591172
0.443523109 0.444297701 0.436727345 0.581272721 0.580537736 0.58299005 0.587149501 0.598148525 0.778812051 0.7846542 0.791596472 0.797608852 0.900349617 0.593841732 1.603427649 0.897077203 1.170012832 0.752807498 0.99102217 1.092232347 1.209432125 1.575565696 0.924385726 1.06192863 0.838063896 0.816432476 0.860731363 0.819979012 0.820593596 0.81713295 0.818807542 0.821991682 0.82566458 0.810958505 0.787058651 0.760508835 0.760218918 0.759927571 0.765822351 0.769676566 0.84229511 0.839377403 0.838970125 0.910134792 0.834199071 0.824938059 0.814027607 0.821306765 0.819391847 0.812584043 0.802350342 0.80162406 0.794201612 0.792785347 0.796355546 0.80608362
0.31774421 0.39462772 0.392365277 0.391716003 0.402570724 0.511054605 0.659043908 0.550639361 0.578285992 0.715924501 0.618467212 0.603679776 0.593024373 0.877609193 0.882525265 0.770402431 0.765740633 1.001813769 0.713698804 1.124901772 1.405763388 1.627740622 0.904195607 0.947639704 0.970445812 0.830434442 0.829845965 0.848048985 0.821415842 0.823416233 0.825929344 0.84136194 0.940608382 0.865400434 0.845719337 0.804009855 0.777948618 0.750109076 0.748384476 0.75785917 0.784793615 0.844151855 0.863974392 0.853063047 0.832777262 0.831804812 0.813540339 0.806080461 0.802069545 0.819145024 0.797556758 0.795904636 0.795436382 0.795470834 0.796958387 0.805189431
0.223907813 0.212340459 0.291046262 0.300875813 0.305523902 0.295289323 0.475060672 0.377784133 0.484169245 0.407107979 0.524736702 0.541038275 0.556728274 0.846377432 0.688029766 0.546646804 0.429890692 0.822860658 0.821307123 1.136632681 0.494555295 0.681715369 0.849695325 1.154279947 0.834661484 0.88964051 0.846167922 0.852963567 0.864213943 0.826489449 0.873446345 0.854938209 0.892194211 0.887058914 0.846059859 0.82304275 0.751583815 0.74685818 0.741099298 0.738608479 0.766053975 0.791131318 0.838947892 0.880426884 0.830253124 0.850089848 0.822401762 0.798549592 0.79126966 0.82292676 0.791047692 0.790975034 0.802179754 0.802199185 0.806995332 0.813393414
0.225668862 0.176902726 0.175436459 0.197875254 0.191909842 0.324083656 0.177115895 0.353854269 0.458495736 0.392152548 0.297898188 0.471115559 0.316919476 0.19010967 0.393251568 0.617129207 0.499711633 0.623283803 0.504000098 0.777315736 0.779557824 0.509936005 0.452650547 0.622748911 0.708450139 0.883330166 0.873324037 0.890822887 0.890479207 0.892793894 0.890031457 0.897036374 0.883240402 0.892204344 1.173614025 0.804572105 0.740458369 0.744901717 0.755359888 0.75712043 0.76397866 0.783103824 0.812209249 0.831713855 0.828484178 0.798062861 0.791568935 0.787674427 0.784826279 0.792475998 0.821186364 0.793600559 0.796654999 0.80201441 0.813245595 0.813260317
0.172482722 0.171812914 0.170211397 0.203359455 0.182336435 0.239450276 0.253071502 0.313809544 0.271889418 0.434226543 0.300161406 0.314462706 0.608308375 0.59853965 0.326460689 0.453175873 0.45086953 0.435471237 0.445578665 0.395841897 0.461862624 1.113692284 0.422473133 0.59446317 0.533730626 1.014877439 0.888249993 0.926703215 0.9184919 0.924175918 1.025342047 0.957445145 0.927352428 0.93729353 0.989587069 0.86258167 0.804315031 0.742024362 0.74731499 0.818297029 0.778426528 0.788024127 0.816232741 0.827186465 0.831337094 0.83160162 0.836357653 0.820650637 0.790048838 0.782176733 0.786343694 0.79308033 0.796830118 0.80959785 0.807546258 0.83611542
0.119800599 0.120571428 0.159364525 0.158268489 0.193584338 0.196297199 0.19923716 0.192519628 0.186199561 0.190719083 0.278858557 0.348038316 0.329879016 0.328429356 0.32559748 0.353444606 0.412156254 0.415492505 0.373450041 1.076147079 0.430481374 0.703356087 0.457807571 0.52439484 0.562151104 0.736525118 0.886864126 0.908982754 0.904320896 0.950915754 0.978382468 1.031666517 0.955936849 1.064844787 1.078596354 1.135387599 1.071590662 0.752975404 0.769742727 0.856998384 0.821451366 0.805234909 0.821133673 0.849358141 0.851247489 0.878219187 0.831661403 0.818254709 0.784341514 0.780847073 0.785599828 0.802843034 0.806605995 0.796414375 0.795806825 0.816882074
0.129926414 0.144557439 0.145267053 0.147902567 0.14615903 0.174809948 0.222186625 0.226770662 0.241777763 0.19964236 0.248966455 0.405148208 0.307447702 0.317933559 0.339056432 0.335010916 0.333734468 0.335382804 0.396382034 0.407753706 0.427634567 0.861525834 0.453544021 0.524479032 0.556795031 0.556511939 0.845053911 0.864566624 0.91628927 0.892746091 0.956855893 0.965644956 1.115164161 1.139105797 1.17538476 1.178831875 1.059745193 0.819777727 0.81348753 0.85831207 0.918505788 0.838141799 0.83613658 0.88225776 0.867563903 0.850228786 0.802894592 0.804085791 0.796993315 0.777953804 0.770341814 0.800921023 0.795835912 0.77292186 0.789514899 0.796024919
0.136551593 0.121761031 0.138949865 0.116668178 0.139618052 0.104073481 0.173622414 0.181415513 0.205281168 0.303650007 0.291615069 0.293988958 0.203648373 0.299700141 0.324404061 0.386334568 0.383548528 0.310183316 0.305145279 0.317088544 0.409055322 0.671507776 0.672221184 0.494267493 0.537683278 0.476122677 0.674351573 0.793678641 0.887304664 0.889142096 0.949861467 0.944633961 0.983591318 1.099712908 1.101460338 1.09149766 1.005559385 0.946164906 0.772214413 0.806100607 0.810722291 0.820433676 0.833627343 0.843192816 0.846002758 0.82256633 0.803634405 0.793184817 0.787377 0.773651302 0.771437347 0.776926279 0.776902795 0.770896316 0.766833186 0.77094847
0.092988793 0.096829547 0.101560723 0.12251234 0.125449194 0.158113856 0.133760145 0.277973816 0.146351837 0.145832172 0.191513352 0.228763446 0.373771638 0.373209655 0.28612636 0.357309222 0.286472097 0.274308965 0.26757732 0.240821719 0.372730643 0.364493102 0.518324137 0.266205505 0.558685869 0.284206465 0.622916341 0.727755904 0.765925109 0.762309134 0.760570288 0.758030593 0.749634981 0.93757689 0.938893318 0.973717153 0.954374552 1.032818139 0.740074456 0.753585219 0.781608701 0.787671626 0.803838909 0.780405939 0.804229081 0.765652418 0.770302415 0.753591418 0.795576513 0.793392956 0.781532586 0.771894097 0.770809412 0.780277789 0.776211858 0.760298848
0.060859844 0.049246863 0.050956089 0.088872854 0.097003845 0.086715242 0.1076379 0.112455262 0.086523924 0.128469547 0.136857005 0.184640147 0.192698978 0.129488055 0.274723232 0.27118513 0.258643121 0.09671044 0.103257297 0.213703804 0.238827959 0.388500929 0.422865957 0.283614799 0.469402373 0.124371914 0.567330927 0.593018979 0.606068999 0.609323204 0.723913074 0.70113492 0.577478886 0.74565959 0.93164587 0.927602887 0.938463449 1.420491815 0.895890474 0.762660086 0.754798651 0.828840673 0.757233262 0.762532473 0.772703528 0.74975121 0.751823545 0.76094979 0.757036746 0.76638639 0.773385286 0.789737046 0.774328589 0.763384283 0.752345622 0.766530395
0.031033769 0.03039461 0.028239757 0.026060652 0.04351465 0.058829691 0.033876047 0.06420131 0.08880018 0.10639764 0.116934002 0.156347372 0.198142804 0.335515603 0.161223609 0.213066578 0.242852062 0.221100681 0.205925159 0.177729987 0.284293473 0.313493416 0.345492855 0.280952409 0.347818851 0.275521472 0.547763556 0.571632564 0.529810309 0.594132543 0.663531005 0.625977159 0.575712204 0.826904655 0.863630712 0.87743187 0.885552824 0.749100864 0.887028813 0.772871673 0.763898671 0.744630039 0.749538541 0.748547077 0.748596668 0.739671946 0.754254282 0.781965256 0.734504282 0.748652458 0.756369472 0.76278758 0.770873547 0.754251301 0.719284713 0.755357802
0.018864319 0.072769241 0.019036785 0.022513486 0.028182104 0.044923894 0.049579132 0.057664935 0.056915268 0.082147392 0.095457299 0.06249075 0.142223444 0.123191539 0.126342716 0.118780524 0.154464263 0.116200105 0.149514999 0.185746104 0.214077257 0.302122518 0.319401249 0.27675657 0.099718114 0.616422117 0.405753225 0.475210786 0.514152467 0.400421172 0.66250509 0.592215478 0.570398211 0.870262146 0.727651477 0.840073824 0.994861364 0.720465839 0.965588152 0.981013596 0.779205203 0.744490504 0.796634495 0.752763808 0.758097768 0.739504576 0.720336258 0.748763561 0.714685559 0.739353538 0.782235801 0.763081253 0.76370281 0.739925683 0.724475443 0.709326684
0.012371726 0.015968554 0.015941307 0.017673388 0.02201876 0.027476795 0.031736903 0.043909714 0.05211895 0.269588098 0.039286043 0.056841429 0.061769344 0.12543752 0.109775318 0.165891998 0.126820689 0.106795393 0.113970412 0.131196983 0.18239101 0.212619059 0.22502318 0.202567369 0.192931503 0.45905903 0.239576668 0.342347085 0.350265473 0.363309026 0.498607069 0.516920984 0.540503055 0.398347825 0.692123473 0.718697488 0.673405707 0.717571855 0.894680738 0.809670269 1.050749123 0.762793064 0.778992534 0.762765944 0.78361237 0.754286945 0.734911621 0.694528162 0.816509128 0.727383733 0.736851573 0.758614242 0.746599019 0.757930875 0.740102947 0.693149745
0.016885199 0.025265358 0.027002968 0.026484378 0.026317164 0.02580829 0.036385849 0.036699936 0.029029317 0.250118613 0.266031444 0.052983712 0.101368049 0.07551989 0.512946755 0.054520022 0.079234842 0.061099987 0.112858664 0.117056429 0.163377784 0.148351885 0.194882922 0.191148311 0.079213069 0.166127533 0.210338399 0.210967332 0.306020305 0.219729304 0.346606106 0.353451192 0.364313841 0.506775081 0.582229555 0.602726132 0.64533937 0.703828871 0.547203213 0.829015195 0.824729919 0.878242493 0.680712134 0.711621165 0.740751743 0.736412585 0.749295294 0.706986487 0.812617362 0.779270828 0.705067873 0.783685327 0.750427365 0.745456696 0.686278343 0.668639332
0.009232096 0.019487686 0.025074922 0.028117962 0.02980464 0.036136456 0.027489766 0.030733354 0.020575643 0.046276636 0.032357052 0.051190563 0.055565346 0.056133661 0.07761508 0.056959882 0.062235534 0.087246491 0.094046234 0.101006904 0.111494232 0.129719388 0.29702197 0.178147264 0.15444167 0.149794385 0.227741569 0.165186435 0.168219157 0.176787049 0.173172697 0.216732517 0.333302721 0.47570616 0.551895678 0.489746124 0.61311394 0.775164425 0.791843534 0.66588068 0.658786714 0.774422765 0.930312812 0.673735231 0.675921232 0.759874642 0.740122616 0.723049611 0.710824788 0.858897209 0.665608197 0.709308177 0.683472455 0.673322082 0.654088706 0.622316808
0.006615885 0.013915159 0.022104554 0.027030371 0.034732908 0.032360218 0.027789325 0.024192058 0.014710575 0.019569404 0.020756595 0.023340501 0.039546169 0.026026905 0.030426778 0.385893792 0.082697432 0.077887213 0.053505044 0.082615906 0.092058816 0.135003526 0.093090719 0.050892908 0.186436623 0.109973576 0.083012498 0.087907461 0.152932435 0.193431109 0.167930022 0.214295834 0.311904043 0.237316012 0.2435783 0.537409902 0.364888459 0.75214988 0.625005037 0.558042943 0.767229915 0.679356337 0.622579813 0.63336122 0.643623501 0.720939517 0.700005978 0.71944207 0.645462096 0.736387074 0.755161881 0.615931869 0.63415727 0.643364489 0.61145696 0.618958801
0.015055269 0.019186616 0.021256357 0.025863513 0.027043656 0.021996282 0.017589331 0.013962999 0.011914648 0.009276882 0.420445293 0.200670168 0.017466262 0.017637365 0.491778791 0.024304785 0.041237995 0.030385509 0.025804549 0.064948523 0.046461958 0.061809642 0.037348729 0.018086776 0.079150973 0.047585007 0.117381874 0.026529148 0.114943633 0.073070265 0.183766745 0.197057605 0.215440661 0.228265472 0.235129386 0.332330823 0.231047094 0.450184613 0.484205782 0.652793348 0.358559191 0.546688139 0.580427349 0.575093478 0.581317931 0.560093462 0.574715704 0.599785656 0.577069491 0.54969582 0.543040872 0.529447854 0.591215611 0.597050756 0.610148221 0.613083959
