Environmental Parameters 2050 RCP85/Sea_Ice_Concentration.asc
ncols 720
nrows 360
xllcorner -180.00
yllcorner -90.00
cellsize 0.5
NODATA_value -9999
[rows 266 to 303 of 360, columns 430 to 515 of 720]
0.0 0.0 0.0 0.0 0.0 0.0 0.0 0.0 0.0 0.0 0.0 0.0 0.0 0.0 0.0 0.0 0.0 0.0 0.0 0.0 0.0 0.0 0.0 0.0 0.0 0.0 0.0 0.0 0.0 0.0 0.0 0.0 0.0 0.0 0.0 0.0 0.0 0.0 0.0 0.0 0.0 0.0 0.0 0.0 0.0 0.0 0.0 0.0 0.0 0.0 0.0 0.0 0.0 0.0 0.0 0.0 0.0 0.0 0.0 0.0 0.0 0.0 0.0 0.0 0.0 0.0 0.0 0.0 0.0 0.0 0.0 0.0 0.0 0.0 0.0 0.0 0.0 0.0 0.0 0.0 0.0 0.0 0.0 0.0 0.0 0.0
0.0 0.0 0.0 0.0 0.0 0.0 0.0 0.0 0.0 0.0 0.0 0.0 0.0 0.0 0.0 0.0 0.0 0.0 0.0 0.0 0.0 0.0 0.0 0.0 0.0 0.0 0.0 0.0 0.0 0.0 0.0 0.0 0.0 0.0 0.0 0.0 0.0 0.0 0.0 0.0 0.0 0.0 0.0 0.0 0.0 0.0 0.0 0.0 0.0 0.0 0.0 0.0 0.0 0.0 0.0 0.0 0.0 0.0 0.0 0.0 0.0 0.0 0.0 0.0 0.0 0.0 0.0 0.0 0.0 0.0 0.0 0.0 0.0 0.0 0.0 0.0 0.0 0.0 0.0 0.0 0.0 0.0 0.0 0.0 0.0 0.0
0.0 0.0 0.0 0.0 0.0 0.0 0.0 0.0 0.0 0.0 0.0 0.0 0.0 0.0 0.0 0.0 0.0 0.0 0.0 0.0 0.0 0.0 0.0 0.0 0.0 0.0 0.0 0.0 0.0 0.0 0.0 0.0 0.0 0.0 0.0 0.0 0.0 0.0 0.0 0.0 0.0 0.0 0.0 0.0 0.0 0.0 0.0 0.0 0.0 0.0 0.0 0.0 0.0 0.0 0.0 0.0 0.0 0.0 0.0 0.0 0.0 0.0 0.0 0.0 0.0 0.0 0.0 0.0 0.0 0.0 0.0 0.0 0.0 0.0 0.0 0.0 0.0 0.0 0.0 0.0 0.0 0.0 0.0 0.0 0.0 0.0
0.0 0.0 0.0 0.0 0.0 0.0 0.0 0.0 0.0 0.0 0.0 0.0 0.0 0.0 0.0 0.0 0.0 0.0 0.0 0.0 0.0 0.0 0.0 0.0 0.0 0.0 0.0 0.0 0.0 0.0 0.0 0.0 0.0 0.0 0.0 0.0 0.0 0.0 0.0 0.0 0.0 0.0 0.0 0.0 0.0 0.0 0.0 0.0 0.0 0.0 0.0 0.0 0.0 0.0 0.0 0.0 0.0 0.0 0.0 0.0 0.0 0.0 0.0 0.0 0.0 0.0 0.0 0.0 0.0 0.0 0.0 0.0 0.0 0.0 0.0 0.0 0.0 0.0 0.0 0.0 0.0 0.0 0.0 0.0 0.0 0.0
0.0 0.0 0.0 0.0 0.0 0.0 0.0 0.0 0.0 0.0 0.0 0.0 0.0 0.0 0.0 0.0 0.0 0.0 0.0 0.0 0.0 0.0 0.0 0.0 0.0 0.0 0.0 0.0 0.0 0.0 0.0 0.0 0.0 0.0 0.0 0.0 0.0 0.0 0.0 0.0 0.0 0.0 0.0 0.0 0.0 0.0 0.0 0.0 0.0 0.0 0.0 0.0 0.0 0.0 0.0 0.0 0.0 0.0 0.0 0.0 0.0 0.0 0.0 0.0 0.0 0.0 0.0 0.0 0.0 0.0 0.0 0.0 0.0 0.0 0.0 0.0 0.0 0.0 0.0 0.0 0.0 0.0 0.0 0.0 0.0 0.0
0.0 0.0 0.0 0.0 0.0 0.0 0.0 0.0 0.0 0.0 0.0 0.0 0.0 0.0 0.0 0.0 0.0 0.0 0.0 0.0 0.0 0.0 0.0 0.0 0.0 0.0 0.0 0.0 0.0 0.0 0.0 0.0 0.0 0.0 0.0 0.0 0.0 0.0 0.0 0.0 0.0 0.0 0.0 0.0 0.0 0.0 0.0 0.0 0.0 0.0 0.0 0.0 0.0 0.0 0.0 0.0 0.0 0.0 0.0 0.0 0.0 0.0 0.0 0.0 0.0 0.0 0.0 0.0 0.0 0.0 0.0 0.0 0.0 0.0 0.0 0.0 0.0 0.0 0.0 0.0 0.0 0.0 0.0 0.0 0.0 0.0
0.0 0.0 0.0 0.0 0.0 0.0 0.0 0.0 0.0 0.0 0.0 0.0 0.0 0.0 0.0 0.0 0.0 0.0 0.0 0.0 0.0 0.0 0.0 0.0 0.0 0.0 0.0 0.0 0.0 0.0 0.0 0.0 0.0 0.0 0.0 0.0 0.0 0.0 0.0 0.0 0.0 0.0 0.0 0.0 0.0 0.0 0.0 0.0 0.0 0.0 0.0 0.0 0.0 0.0 0.0 0.0 0.0 0.0 0.0 0.0 0.0 0.0 0.0 0.0 0.0 0.0 0.0 0.0 0.0 0.0 0.0 0.0 0.0 0.0 0.0 0.0 0.0 0.0 0.0 0.0 0.0 0.0 0.0 0.0 0.0 0.0
0.0 0.0 0.0 0.0 0.0 0.0 0.0 0.0 0.0 0.0 0.0 0.0 0.0 0.0 0.0 0.0 0.0 0.0 0.0 0.0 0.0 0.0 0.0 0.0 0.0 0.0 0.0 0.0 0.0 0.0 0.0 0.0 0.0 0.0 0.0 0.0 0.0 0.0 0.0 0.0 0.0 0.0 0.0 0.0 0.0 0.0 0.0 0.0 0.0 0.0 0.0 0.0 0.0 0.0 0.0 0.0 0.0 0.0 0.0 0.0 0.0 0.0 0.0 0.0 0.0 0.0 0.0 0.0 0.0 0.0 0.0 0.0 0.0 0.0 0.0 0.0 0.0 0.0 0.0 0.0 0.0 0.0 0.0 0.0 0.0 0.0
0.0 0.0 0.0 0.0 0.0 0.0 0.0 0.0 0.0 0.0 0.0 0.0 0.0 0.0 0.0 0.0 0.0 0.0 0.0 0.0 0.0 0.0 0.0 0.0 0.0 0.0 0.0 0.0 0.0 0.0 0.0 0.0 0.0 0.0 0.0 0.0 0.0 0.0 0.0 0.0 0.0 0.0 0.0 0.0 0.0 0.0 0.0 0.0 0.0 0.0 0.0 0.0 0.0 0.0 0.0 0.0 0.0 0.0 0.0 0.0 0.0 0.0 0.0 0.0 0.0 0.0 0.0 0.0 0.0 0.0 0.0 0.0 0.0 0.0 0.0 0.0 0.0 0.0 0.0 0.0 0.0 0.0 0.0 0.0 0.0 0.0
0.0 0.0 0.0 0.0 0.0 0.0 0.0 0.0 0.0 0.0 0.0 0.0 0.0 0.0 0.0 0.0 0.0 0.0 0.0 0.0 0.0 0.0 0.0 0.0 0.0 0.0 0.0 0.0 0.0 0.0 0.0 0.0 0.0 0.0 0.0 0.0 0.0 0.0 0.0 0.0 0.0 0.0 0.0 0.0 0.0 0.0 0.0 0.0 0.0 0.0 0.0 0.0 0.0 0.0 0.0 0.0 0.0 0.0 0.0 0.0 0.0 0.0 0.0 0.0 0.0 0.0 0.0 0.0 0.0 0.0 0.0 0.0 0.0 0.0 0.0 0.0 0.0 0.0 0.0 0.0 0.0 0.0 0.0 0.0 0.0 0.0
0.0 0.0 0.0 0.0 0.0 0.0 0.0 0.0 0.0 0.0 0.0 0.0 0.0 0.0 0.0 0.0 0.0 0.0 0.0 0.0 0.0 0.0 0.0 0.0 0.0 0.0 0.0 0.0 0.0 0.0 0.0 0.0 0.0 0.0 0.0 0.0 0.0 0.0 0.0 0.0 0.0 0.0 0.0 0.0 0.0 0.0 0.0 0.0 0.0 0.0 0.0 0.0 0.0 0.0 0.0 0.0 0.0 0.0 0.0 0.0 0.0 0.0 0.0 0.0 0.0 0.0 0.0 0.0 0.0 0.0 0.0 0.0 0.0 0.0 0.0 0.0 0.0 0.0 0.0 0.0 0.0 0.0 0.0 0.0 0.0 0.0
0.0 0.0 0.0 0.0 0.0 0.0 0.0 0.0 0.0 0.0 0.0 0.0 0.0 0.0 0.0 0.0 0.0 0.0 0.0 0.0 0.0 0.0 0.0 0.0 0.0 0.0 0.0 0.0 0.0 0.0 0.0 0.0 0.0 0.0 0.0 0.0 0.0 0.0 0.0 0.0 0.0 0.0 0.0 0.0 0.0 0.0 0.0 0.0 0.0 0.0 0.0 0.0 0.0 0.0 0.0 0.0 0.0 0.0 0.0 0.0 0.0 0.0 0.0 0.0 0.0 0.0 0.0 0.0 0.0 0.0 0.0 0.0 0.0 0.0 0.0 0.0 0.0 0.0 0.0 0.0 0.0 0.0 0.0 0.0 0.0 0.0
0.0 0.0 0.0 0.0 0.0 0.0 0.0 0.0 0.0 0.0 0.0 0.0 0.0 0.0 0.0 0.0 0.0 0.0 0.0 0.0 0.0 0.0 0.0 0.0 0.0 0.0 0.0 0.0 0.0 0.0 0.0 0.0 0.0 0.0 0.0 0.0 0.0 0.0 0.0 0.0 0.0 0.0 0.0 0.0 0.0 0.0 0.0 0.0 0.0 0.0 0.0 0.0 0.0 0.0 0.0 0.0 0.0 0.0 0.0 0.0 0.0 0.0 0.0 0.0 0.0 0.0 0.0 0.0 0.0 0.0 0.0 0.0 0.0 0.0 0.0 0.0 0.0 0.0 0.0 0.0 0.0 0.0 0.0 0.0 0.0 0.0
0.0 0.0 0.0 0.0 0.0 0.0 0.0 0.0 0.0 0.0 0.0 0.0 0.0 0.0 0.0 0.0 0.0 0.0 0.0 0.0 0.0 0.0 0.0 0.0 0.0 0.0 0.0 0.0 0.0 0.0 0.0 0.0 0.0 0.0 0.0 0.0 0.0 0.0 0.0 0.0 0.0 0.0 0.0 0.0 0.0 0.0 0.0 0.0 0.0 0.0 0.0 0.0 0.0 0.0 0.0 0.0 0.0 0.0 0.0 0.0 0.0 0.0 0.0 0.0 0.0 0.0 0.0 0.0 0.0 0.0 0.0 0.0 0.0 0.0 0.0 0.0 0.0 0.0 0.0 0.0 0.0 0.0 0.0 0.0 0.0 0.0
0.0 0.0 0.0 0.0 0.0 0.0 0.0 0.0 0.0 0.0 0.0 0.0 0.0 0.0 0.0 0.0 0.0 0.0 0.0 0.0 0.0 0.0 0.0 0.0 0.0 0.0 0.0 0.0 0.0 0.0 0.0 0.0 0.0 0.0 0.0 0.0 0.0 0.0 0.0 0.0 0.0 0.0 0.0 0.0 0.0 0.0 0.0 0.0 0.0 0.0 0.0 0.0 0.0 0.0 0.0 0.0 0.0 0.0 0.0 0.0 0.0 0.0 0.0 0.0 0.0 0.0 0.0 0.0 0.0 0.0 0.0 0.0 0.0 0.0 0.0 0.0 0.0 0.0 0.0 0.0 0.0 0.0 0.0 0.0 0.0 0.0
0.0 0.0 0.0 0.0 0.0 0.0 0.0 0.0 0.0 0.0 0.0 0.0 0.0 0.0 0.0 0.0 0.0 0.0 0.0 0.0 0.0 0.0 0.0 0.0 0.0 0.0 0.0 0.0 0.0 0.0 0.0 0.0 0.0 0.0 0.0 0.0 0.0 0.0 0.0 0.0 0.0 0.0 0.0 0.0 0.0 0.0 0.0 0.0 0.0 0.0 0.0 0.0 0.0 0.0 0.0 0.0 0.0 0.0 0.0 0.0 0.0 0.0 0.0 0.0 0.0 0.0 0.0 0.0 0.0 0.0 0.0 0.0 0.0 0.0 0.0 0.0 0.0 0.0 0.0 0.0 0.0 0.0 0.0 0.0 0.0 0.0
0.0 0.0 0.0 0.0 0.0 0.0 0.0 0.0 0.0 0.0 0.0 0.0 0.0 0.0 0.0 0.0 0.0 0.0 0.0 0.0 0.0 0.0 0.0 0.0 0.0 0.0 0.0 0.0 0.0 0.0 0.0 0.0 0.0 0.0 0.0 0.0 0.0 0.0 0.0 0.0 0.0 0.0 0.0 0.0 0.0 0.0 0.0 0.0 0.0 0.0 0.0 0.0 0.0 0.0 0.0 0.0 0.0 0.0 0.0 0.0 0.0 0.0 0.0 0.0 0.0 0.0 0.0 0.0 0.0 0.0 0.0 0.0 0.0 0.0 0.0 0.0 0.0 0.0 0.0 0.0 0.0 0.0 0.0 0.0 0.0 0.0
0.0 0.0 1.0E-6 1.0E-6 1.0E-6 0.0 0.0 0.0 0.0 1.0E-6 1.0E-6 1.0E-6 1.0E-6 1.0E-6 1.0E-6 1.0E-6 1.0E-6 1.0E-6 1.0E-6 1.0E-6 0.0 0.0 1.0E-6 0.0 0.0 1.0E-6 1.0E-6 1.0E-6 0.0 0.0 0.0 0.0 0.0 0.0 0.0 0.0 0.0 0.0 0.0 0.0 0.0 0.0 0.0 0.0 0.0 0.0 0.0 0.0 0.0 0.0 0.0 0.0 0.0 0.0 0.0 0.0 0.0 0.0 0.0 0.0 0.0 0.0 0.0 0.0 0.0 0.0 0.0 0.0 0.0 0.0 0.0 0.0 0.0 0.0 0.0 0.0 0.0 0.0 0.0 0.0 0.0 0.0 0.0 0.0 0.0 0.0
1.0E-6 2.0E-6 1.0E-6 1.0E-6 2.0E-6 2.0E-6 1.0E-6 1.0E-6 1.0E-6 1.0E-6 2.0E-6 2.0E-6 2.0E-6 2.0E-6 2.0E-6 2.0E-6 2.0E-6 1.0E-6 1.0E-6 2.0E-6 2.0E-6 1.0E-6 1.0E-6 1.0E-6 1.0E-6 1.0E-6 1.0E-6 1.0E-6 1.0E-6 1.0E-6 1.0E-6 1.0E-6 1.0E-6 1.0E-6 1.0E-6 1.0E-6 1.0E-6 1.0E-6 1.0E-6 1.0E-6 1.0E-6 1.0E-6 1.0E-6 1.0E-6 0.0 0.0 0.0 0.0 0.0 0.0 0.0 0.0 0.0 0.0 0.0 0.0 0.0 0.0 0.0 0.0 0.0 0.0 0.0 0.0 0.0 0.0 0.0 0.0 0.0 0.0 0.0 0.0 0.0 0.0 0.0 0.0 0.0 0.0 0.0 0.0 0.0 0.0 0.0 0.0 0.0 0.0
3.0E-6 3.0E-6 3.0E-6 3.0E-6 3.0E-6 3.0E-6 2.0E-6 2.0E-6 2.0E-6 3.0E-6 4.0E-6 4.0E-6 4.0E-6 5.0E-6 5.0E-6 4.0E-6 4.0E-6 4.0E-6 4.0E-6 5.0E-6 5.0E-6 0.0 0.0 4.0E-6 3.0E-6 3.0E-6 3.0E-6 2.0E-6 2.0E-6 1.0E-6 1.0E-6 1.0E-6 2.0E-6 1.0E-6 1.0E-6 1.0E-6 1.0E-6 1.0E-6 1.0E-6 2.0E-6 2.0E-6 2.0E-6 1.0E-6 1.0E-6 1.0E-6 1.0E-6 1.0E-6 1.0E-6 0.0 0.0 1.0E-6 0.0 0.0 0.0 0.0 0.0 0.0 0.0 0.0 0.0 0.0 0.0 0.0 0.0 0.0 0.0 0.0 0.0 0.0 0.0 0.0 1.0E-6 1.0E-6 0.0 0.0 0.0 0.0 0.0 0.0 0.0 0.0 0.0 0.0 0.0 0.0 0.0
5.0E-6 5.0E-6 6.0E-6 6.0E-6 5.0E-6 5.0E-6 5.0E-6 5.0E-6 6.0E-6 7.0E-6 8.0E-6 8.0E-6 8.0E-6 9.0E-6 9.0E-6 8.0E-6 8.0E-6 7.0E-6 7.0E-6 7.0E-6 8.0E-6 8.0E-6 7.0E-6 6.0E-6 6.0E-6 7.0E-6 6.0E-6 5.0E-6 4.0E-6 3.0E-6 3.0E-6 3.0E-6 3.0E-6 3.0E-6 2.0E-6 2.0E-6 2.0E-6 2.0E-6 3.0E-6 3.0E-6 3.0E-6 2.0E-6 2.0E-6 2.0E-6 2.0E-6 2.0E-6 1.0E-6 1.0E-6 1.0E-6 1.0E-6 1.0E-6 1.0E-6 1.0E-6 1.0E-6 1.0E-6 1.0E-6 1.0E-6 0.0 1.0E-6 1.0E-6 1.0E-6 1.0E-6 0.0 0.0 0.0 0.0 0.0 0.0 1.0E-6 1.0E-6 1.0E-6 2.0E-6 2.0E-6 2.0E-6 2.0E-6 3.0E-6 3.0E-6 0.0 0.0 0.0 0.0 0.0 0.0 0.0 0.0 0.0
1.1E-5 1.0E-5 1.1E-5 1.3E-5 1.3E-5 1.1E-5 1.1E-5 1.1E-5 0.0 1.5E-5 1.5E-5 1.6E-5 1.7E-5 1.8E-5 1.8E-5 1.8E-5 1.7E-5 1.6E-5 1.5E-5 1.5E-5 1.4E-5 1.4E-5 0.0 1.4E-5 1.2E-5 1.0E-5 1.1E-5 1.0E-5 8.0E-6 8.0E-6 7.0E-6 6.0E-6 6.0E-6 6.0E-6 5.0E-6 5.0E-6 5.0E-6 5.0E-6 6.0E-6 7.0E-6 7.0E-6 6.0E-6 4.0E-6 4.0E-6 4.0E-6 3.0E-6 3.0E-6 3.0E-6 3.0E-6 3.0E-6 3.0E-6 2.0E-6 2.0E-6 1.0E-6 1.0E-6 1.0E-6 2.0E-6 1.0E-6 2.0E-6 2.0E-6 2.0E-6 2.0E-6 2.0E-6 1.0E-6 1.0E-6 1.0E-6 1.0E-6 1.0E-6 2.0E-6 3.0E-6 3.0E-6 4.0E-6 4.0E-6 5.0E-6 6.0E-6 6.0E-6 8.0E-6 9.0E-6 1.0E-5 1.1E-5 1.1E-5 1.3E-5 1.6E-5 1.9E-5 0.0 0.0
2.2E-5 2.0E-5 2.0E-5 2.2E-5 2.2E-5 1.8E-5 1.8E-5 1.8E-5 2.1E-5 2.3E-5 2.4E-5 2.6E-5 2.9E-5 3.0E-5 3.3E-5 3.3E-5 3.0E-5 2.7E-5 2.7E-5 2.5E-5 2.5E-5 2.4E-5 2.4E-5 2.3E-5 2.1E-5 2.0E-5 2.0E-5 1.9E-5 1.7E-5 1.3E-5 1.2E-5 1.1E-5 1.0E-5 1.0E-5 9.0E-6 8.0E-6 9.0E-6 1.1E-5 1.2E-5 1.3E-5 1.2E-5 1.0E-5 8.0E-6 7.0E-6 7.0E-6 7.0E-6 7.0E-6 7.0E-6 7.0E-6 6.0E-6 6.0E-6 5.0E-6 5.0E-6 4.0E-6 3.0E-6 3.0E-6 3.0E-6 4.0E-6 3.0E-6 3.0E-6 4.0E-6 4.0E-6 3.0E-6 3.0E-6 3.0E-6 3.0E-6 3.0E-6 4.0E-6 4.0E-6 5.0E-6 6.0E-6 7.0E-6 8.0E-6 9.0E-6 1.0E-5 1.2E-5 1.4E-5 1.8E-5 2.3E-5 2.2E-5 2.2E-5 2.3E-5 2.5E-5 3.1E-5 4.5E-5 7.3E-5
3.9E-5 4.0E-5 4.3E-5 4.4E-5 3.9E-5 3.4E-5 3.0E-5 3.2E-5 3.4E-5 0.0 4.0E-5 4.4E-5 5.1E-5 5.5E-5 5.8E-5 5.7E-5 5.2E-5 4.9E-5 4.9E-5 4.5E-5 4.5E-5 4.5E-5 4.5E-5 4.3E-5 4.1E-5 3.9E-5 3.9E-5 3.7E-5 3.3E-5 2.7E-5 2.2E-5 1.8E-5 1.8E-5 1.8E-5 1.6E-5 1.5E-5 1.6E-5 1.9E-5 2.2E-5 2.2E-5 1.9E-5 1.5E-5 1.4E-5 1.3E-5 1.3E-5 1.5E-5 1.5E-5 1.5E-5 1.5E-5 1.4E-5 1.2E-5 1.1E-5 1.0E-5 9.0E-6 8.0E-6 8.0E-6 8.0E-6 8.0E-6 7.0E-6 8.0E-6 8.0E-6 8.0E-6 7.0E-6 6.0E-6 6.0E-6 6.0E-6 6.0E-6 8.0E-6 9.0E-6 1.0E-5 1.1E-5 1.2E-5 1.3E-5 1.5E-5 1.9E-5 2.4E-5 2.8E-5 3.3E-5 3.8E-5 4.1E-5 4.3E-5 4.5E-5 4.7E-5 5.9E-5 8.6E-5 1.31E-4
8.1E-5 8.3E-5 8.2E-5 7.8E-5 6.9E-5 5.8E-5 5.2E-5 5.2E-5 5.7E-5 6.5E-5 7.1E-5 8.2E-5 9.1E-5 1.0E-4 1.05E-4 9.3E-5 8.5E-5 8.3E-5 8.5E-5 8.0E-5 7.7E-5 7.6E-5 7.8E-5 7.6E-5 7.1E-5 6.7E-5 6.3E-5 5.9E-5 5.4E-5 5.1E-5 4.7E-5 3.9E-5 3.3E-5 3.2E-5 3.1E-5 2.9E-5 3.0E-5 3.4E-5 4.1E-5 4.3E-5 3.8E-5 3.0E-5 2.6E-5 2.6E-5 3.0E-5 3.4E-5 3.3E-5 2.8E-5 2.4E-5 2.1E-5 1.9E-5 1.8E-5 1.8E-5 1.8E-5 1.6E-5 1.6E-5 1.5E-5 1.4E-5 1.5E-5 1.7E-5 1.8E-5 1.9E-5 1.9E-5 1.7E-5 1.6E-5 1.6E-5 1.6E-5 1.6E-5 1.6E-5 1.7E-5 1.8E-5 2.0E-5 2.2E-5 2.8E-5 3.5E-5 4.2E-5 5.0E-5 5.7E-5 6.8E-5 7.5E-5 7.9E-5 8.5E-5 9.3E-5 1.11E-4 1.49E-4 2.42E-4
1.56E-4 1.58E-4 1.62E-4 1.53E-4 1.33E-4 1.09E-4 9.5E-5 9.2E-5 9.9E-5 1.09E-4 1.25E-4 1.49E-4 1.64E-4 1.68E-4 1.63E-4 1.73E-4 1.64E-4 1.7E-4 1.82E-4 1.6E-4 1.61E-4 1.45E-4 1.42E-4 1.27E-4 1.18E-4 1.08E-4 9.9E-5 9.0E-5 8.3E-5 8.0E-5 7.5E-5 6.9E-5 6.2E-5 5.7E-5 5.2E-5 5.1E-5 5.4E-5 6.1E-5 6.9E-5 7.1E-5 6.5E-5 5.7E-5 5.1E-5 5.0E-5 5.5E-5 6.0E-5 5.4E-5 4.3E-5 3.7E-5 3.5E-5 3.5E-5 3.5E-5 3.5E-5 3.5E-5 3.3E-5 3.1E-5 2.8E-5 2.5E-5 2.5E-5 3.0E-5 3.6E-5 3.9E-5 3.9E-5 3.7E-5 3.4E-5 3.3E-5 3.2E-5 3.4E-5 3.5E-5 3.6E-5 3.7E-5 3.8E-5 4.3E-5 5.1E-5 5.9E-5 7.3E-5 9.2E-5 1.52E-4 2.17E-4 2.6E-4 2.33E-4 3.12E-4 4.8E-4 5.98E-4 0.001617 0.002998
4.94E-4 5.93E-4 7.48E-4 7.56E-4 5.8E-4 3.84E-4 3.47E-4 2.95E-4 2.97E-4 3.91E-4 4.16E-4 4.72E-4 5.21E-4 6.23E-4 7.2E-4 9.43E-4 0.001074 0.001312 0.00131 0.001156 0.001074 7.82E-4 5.39E-4 3.51E-4 2.28E-4 1.69E-4 1.51E-4 1.37E-4 1.32E-4 1.26E-4 1.18E-4 1.11E-4 1.03E-4 9.4E-5 8.6E-5 8.6E-5 9.4E-5 1.09E-4 1.24E-4 1.26E-4 1.13E-4 9.9E-5 9.1E-5 9.1E-5 1.01E-4 1.03E-4 8.9E-5 7.0E-5 6.5E-5 6.6E-5 6.7E-5 7.1E-5 7.1E-5 7.1E-5 6.7E-5 6.1E-5 5.7E-5 5.2E-5 4.8E-5 4.9E-5 6.0E-5 6.9E-5 6.4E-5 6.2E-5 6.4E-5 6.4E-5 6.5E-5 6.7E-5 6.8E-5 7.0E-5 7.4E-5 8.0E-5 8.9E-5 1.05E-4 1.34E-4 1.71E-4 3.03E-4 6.07E-4 0.00103 0.00154 0.002046 0.002788 0.005711 0.009587 0.010088 0.010051
0.002682013 0.003571964 0.004318956 0.003787999 0.002841 0.002226 0.00195 0.00179 0.00183 0.001759 0.001812 0.002553 0.003513 0.003803 0.003989 0.004438 0.004529 0.004495 0.004342 0.004022 0.003477 0.003082 0.002446 0.001736 9.08E-4 3.37E-4 2.4E-4 2.2E-4 2.1E-4 1.92E-4 1.79E-4 1.73E-4 1.77E-4 2.57E-4 1.9E-4 1.61E-4 1.92E-4 2.35E-4 0.0 2.21E-4 1.89E-4 1.69E-4 1.62E-4 1.72E-4 1.89E-4 3.04E-4 4.82E-4 5.37E-4 5.65E-4 4.62E-4 3.59E-4 3.16E-4 1.77E-4 1.31E-4 1.18E-4 1.08E-4 1.0E-4 9.1E-5 8.3E-5 8.2E-5 9.3E-5 1.1E-4 1.17E-4 1.21E-4 1.24E-4 1.26E-4 1.24E-4 1.3E-4 1.35E-4 1.34E-4 1.42E-4 1.66E-4 2.05E-4 2.46E-4 3.4E-4 4.67E-4 6.56E-4 0.001612 0.002679 0.004075 0.006695 0.010352 0.017554 0.024251999 0.024125 0.019623
0.009172447 0.009879531 0.010048239 0.009225347 0.007664 0.006608 0.006197 0.006211 0.005629 0.005445 0.005472 0.006627 0.008731 0.010639 0.011509 0.010947 0.00966 0.009092 0.008601 0.00804 0.007472 0.006473 0.005186 0.003701992 0.002597072 0.001862643 0.001011963 4.86E-4 3.6E-4 3.56E-4 3.95E-4 5.42E-4 7.92E-4 8.53E-4 7.97E-4 6.92E-4 6.67E-4 7.4E-4 8.47E-4 7.61E-4 7.18E-4 5.49E-4 4.28E-4 5.12E-4 7.32E-4 0.0013 0.001765 0.001891 0.001876 0.001581 0.00128 8.98E-4 5.38E-4 3.7E-4 2.31E-4 1.94E-4 1.6E-4 1.41E-4 1.24E-4 1.2E-4 1.38E-4 2.21E-4 3.27E-4 3.72E-4 3.75E-4 3.17E-4 3.08E-4 2.85E-4 3.52E-4 4.57E-4 6.29E-4 6.38E-4 8.7E-4 0.001281 0.001605 0.003315 0.004024 0.004909 0.006799 0.009119 0.014896 0.025203001 0.033615001 0.040052999 0.042436998 0.039046999
0.019707304 0.01965863 0.019871378 0.020218766 0.018384085 0.0149979 0.013484551 0.013738927 0.014432641 0.015033606 0.014829 0.016656747 0.018547642 0.021953016 0.023564999 0.023102 0.020368 0.018710185 0.017364216 0.016151679 0.015600923 0.013883121 0.011520008 0.008671735 0.008083207 0.006140628 0.004662262 0.00361 0.003657 0.003689 0.004283 0.004457 0.004556 0.004655 0.004881 0.004875 0.00469 0.004594 0.004668 0.005485 0.005833 0.006141 0.005715 0.004882 0.005086 0.005907 0.006104 0.005752 0.00548 0.004639 0.004123 0.003783 0.003462 0.002673 0.001947 0.00149 8.98E-4 3.9E-4 2.57E-4 2.62E-4 7.35E-4 0.0011 0.001743 0.001958 0.002466 0.002478 0.002849 0.002537 0.002806 0.003188 0.003791 0.004693 0.00525 0.008118 0.009366 0.011095 0.014077 0.013541 0.019074 0.029890999 0.042172998 0.059349 0.073120996 0.071644999 0.072295003 0.073720001
0.036685358 0.035969802 0.035449027 0.034717642 0.034297864 0.032578717 0.030876984 0.030865105 0.031793177 0.032440622 0.034024762 0.033371353 0.03530268 0.037474667 0.03904257 0.037591373 0.033397841 0.03042376 0.027323556 0.025635171 0.023970593 0.023369429 0.022173294 0.020194683 0.020120162 0.017170663 0.014287113 0.012483048 0.011572993 0.012780192 0.012712381 0.013309 0.013547 0.014817 0.016861999 0.018635999 0.018322 0.018271999 0.018858001 0.019505 0.018795 0.01798 0.018361 0.01653 0.015698001 0.018181 0.018773001 0.019045001 0.016609 0.013421 0.012454 0.012735 0.012273 0.013755 0.011499 0.010651 0.008582 0.006212 0.004178 0.00339 0.003872 0.004738 0.006403 0.007343 0.008368 0.007907 0.008135 0.00881 0.010417 0.014533 0.015204 0.01942 0.021608001 0.028387999 0.034008 0.032400999 0.043970998 0.051151998 0.061446 0.080513999 0.096228004 0.100630999 0.109848998 0.111125 0.104910001 0.105632
0.062220272 0.061253416 0.059804766 0.058448598 0.058461277 0.057962919 0.059688821 0.061988481 0.061180268 0.060779848 0.061393281 0.062198922 0.061977928 0.061383618 0.061283487 0.055701103 0.05188242 0.048314077 0.045316556 0.043464112 0.043200095 0.042474698 0.041623784 0.041306449 0.039851912 0.038827904 0.033815334 0.030916609 0.029897897 0.030397867 0.031526541 0.03373328 0.037790638 0.038590268 0.04022659 0.04306222 0.043376335 0.042800005 0.043940999 0.044854 0.046925999 0.046433002 0.044569001 0.044408001 0.043756001 0.044263002 0.045156995 0.042059999 0.039519999 0.034077998 0.03235 0.034221999 0.034717001 0.03568 0.032499999 0.030638 0.027318001 0.024939001 0.021909 0.021175999 0.021402 0.023817999 0.025957 0.025632 0.024281999 0.02351 0.021945 0.026112 0.030018 0.040704999 0.044491999 0.052444998 0.062647 0.066725999 0.078405999 0.078147002 0.092839003 0.125460491 0.140142008 0.145184311 0.152569619 0.151621992 0.146732002 0.148163006 0.145512998 0.139067117
0.097244186 0.095191502 0.095890871 0.09559642 0.092749347 0.093939725 0.095370776 0.098054179 0.100429032 0.097860461 0.096440791 0.093911977 0.090183133 0.086089658 0.084085537 0.081914387 0.081617299 0.079693317 0.078902569 0.077381068 0.077191396 0.07571022 0.07473369 0.07414073 0.070654242 0.064887592 0.059555453 0.058854481 0.059280824 0.062648585 0.065843997 0.072213108 0.073703915 0.073367965 0.074303598 0.074747176 0.07681568 0.076486246 0.075969306 0.076742001 0.078721002 0.077315003 0.078111 0.076632999 0.074504003 0.07697064 0.077545954 0.073832006 0.07239072 0.066746956 0.064341981 0.066050999 0.067466997 0.066209003 0.061852999 0.059884999 0.054965001 0.053932 0.050476 0.051881999 0.050246999 0.052452002 0.051612001 0.053994 0.050588001 0.052638002 0.050992001 0.059831001 0.070081003 0.080741003 0.093385004 0.094761997 0.108806998 0.113154002 0.125859007 0.137809127 0.155803299 0.179020401 0.190296194 0.184138118 0.184381175 0.189088486 0.186615162 0.180648061 0.18124157 0.180276093
0.148661153 0.144302946 0.140238346 0.137410161 0.140102566 0.13844431 0.136502015 0.13710299 0.13598042 0.136240979 0.133750758 0.127075847 0.124310105 0.119098518 0.116355762 0.1157555 0.117461835 0.1163026 0.117761938 0.118267064 0.116657415 0.115681257 0.112954513 0.112431375 0.10594647 0.100348043 0.098549769 0.099427401 0.098234173 0.104477702 0.108360878 0.111132703 0.116029517 0.117179283 0.119660221 0.121003866 0.117523428 0.119809607 0.121677464 0.123123059 0.123640001 0.121151 0.126198167 0.127609083 0.121165532 0.125697538 0.119034747 0.115460129 0.11265653 0.107183676 0.109842866 0.109531473 0.107224941 0.108789985 0.102507003 0.1039 0.098091997 0.100475997 0.095413998 0.096395001 0.090405002 0.092556 0.087352999 0.092593998 0.088706002 0.096717998 0.102099001 0.111327 0.123845004 0.132548004 0.151549995 0.156096995 0.163335994 0.174171001 0.179153994 0.191623971 0.212067293 0.218205858 0.221996586 0.218968946 0.214878761 0.218326183 0.220010771 0.212595015 0.209649219 0.20985873
0.192089587 0.187129474 0.181624067 0.177830082 0.177267917 0.17550851 0.173581028 0.174279735 0.173385658 0.171553369 0.169110113 0.167191343 0.165606493 0.160118889 0.1602723 0.161301365 0.159472734 0.159004144 0.157365848 0.156730838 0.156142943 0.154278451 0.152177472 0.148746729 0.1458984 0.14310216 0.142442875 0.148134109 0.147754901 0.149123282 0.153424575 0.1581025 0.160849346 0.161269518 0.164716565 0.167389117 0.167423118 0.168974056 0.172905281 0.174515851 0.176162227 0.175209303 0.177902415 0.180726045 0.176291998 0.170210515 0.163898193 0.155894391 0.154149216 0.153577985 0.1563285 0.160224887 0.164309839 0.162386228 0.155381918 0.158822867 0.153649928 0.155476028 0.147305995 0.147217005 0.138853801 0.142140972 0.140072936 0.140840075 0.143443299 0.151516576 0.158199237 0.165510352 0.185232726 0.187750995 0.200646996 0.207614005 0.210026994 0.223154955 0.230168552 0.225792141 0.242789725 0.245458478 0.248005719 0.249995152 0.247349878 0.243034411 0.243813359 0.244004483 0.240421049 0.237052595
0.228256319 0.22573329 0.222963439 0.215930149 0.213270132 0.212211748 0.212521231 0.211297582 0.20935777 0.211050439 0.208203595 0.207659804 0.206570126 0.204909247 0.205662977 0.203469737 0.199845964 0.192896275 0.192211509 0.191275787 0.1904782 0.189191325 0.186895376 0.190700715 0.190645159 0.191563745 0.190231861 0.192349997 0.193870085 0.196582471 0.202130861 0.202163609 0.206103314 0.210946144 0.212922726 0.216082783 0.219455306 0.226638274 0.226296969 0.225186256 0.225515896 0.224450549 0.226205515 0.223153729 0.217790803 0.212239449 0.208195479 0.203942585 0.204006341 0.203581446 0.209845536 0.212923594 0.217166995 0.217320236 0.217273989 0.215924908 0.211884456 0.207570254 0.202013806 0.199102215 0.195031604 0.194440637 0.191942268 0.193724933 0.201760993 0.20551658 0.221578487 0.224073627 0.238785345 0.244530324 0.246114999 0.254678303 0.250501647 0.254523119 0.260616974 0.251783626 0.266670792 0.271613786 0.270295639 0.26936425 0.270211872 0.265425445 0.264925821 0.266782824 0.268421257 0.264302977
0.2674022 0.263306339 0.257574835 0.253561491 0.251625112 0.253066415 0.248535087 0.248959049 0.249280519 0.244558377 0.242653096 0.240444208 0.237521427 0.236517763 0.234474444 0.233771785 0.233834503 0.229713385 0.229992174 0.228988866 0.227947725 0.228432364 0.226786367 0.226504604 0.227153475 0.230150049 0.231857291 0.232673348 0.235841868 0.238685699 0.240745254 0.244807936 0.24223925 0.242164446 0.248016624 0.248973942 0.254766914 0.260590152 0.266012793 0.268141164 0.270172067 0.267322658 0.262216098 0.26076625 0.252680503 0.247219058 0.245189061 0.243756871 0.248960018 0.253526209 0.264168338 0.265409247 0.262862313 0.262081143 0.259596793 0.256967622 0.251732209 0.248011072 0.243494724 0.243016239 0.241720719 0.246034335 0.250074728 0.253729974 0.263954143 0.266332807 0.279689479 0.285018325 0.292782019 0.300793269 0.294901474 0.295356726 0.291109961 0.286648149 0.289491901 0.277488783 0.289670048 0.293239806 0.294111148 0.291596137 0.29000194 0.289049361 0.286029591 0.283778701 0.285796696 0.287121923
0.296005778 0.292615449 0.28798967 0.287969683 0.287178564 0.281233199 0.278277341 0.275651423 0.273069845 0.269346807 0.266580197 0.261698457 0.261568651 0.260197299 0.258575585 0.255895154 0.257394587 0.256484241 0.252769778 0.252542025 0.254036146 0.252563299 0.252472996 0.250846143 0.248293892 0.250438507 0.252659819 0.25335928 0.254501741 0.260829889 0.260995742 0.257920597 0.254700496 0.252124344 0.25251991 0.259829811 0.267484727 0.276697202 0.290500192 0.296340995 0.2967522 0.29359373 0.286441207 0.282526872 0.27519735 0.272476528 0.273294425 0.274854944 0.282166778 0.290469563 0.298287996 0.298350265 0.296498666 0.29449559 0.29077781 0.288939961 0.285300899 0.284843438 0.282481868 0.282922408 0.286486593 0.284968302 0.296154324 0.297274847 0.309826343 0.314876883 0.321820795 0.326994362 0.326483156 0.332854137 0.329153023 0.325174234 0.324612378 0.31980589 0.318179344 0.304720029 0.320607554 0.320454586 0.322932829 0.319775199 0.315055194 0.312790684 0.308732272 0.303215907 0.301600691 0.304140832
