Environmental Parameters/Training/Maximum_depth.asc
ncols 720
nrows 360
xllcorner -180.00
yllcorner -90.00
cellsize 0.5
NODATA_value -9999
[rows 33 to 65 of 360, columns 150 to 224 of 720]
167.0 302.0 357.0 357.0 303.0 144.0 124.0 120.0 108.0 6.0 0.0 0.0 0.0 6.0 48.0 138.0 272.0 360.0 339.0 0.0 0.0 0.0 0.0 0.0 0.0 0.0 110.0 328.0 445.0 487.0 485.0 429.0 314.0 0.0 0.0 0.0 0.0 711.0 749.0 727.0 673.0 571.0 156.0 0.0 0.0 0.0 0.0 385.0 379.0 300.0 0.0 0.0 0.0 0.0 0.0 336.0 1032.0 1033.0 1009.0 963.0 940.0 947.0 939.0 962.0 1065.0 1177.0 1202.0 1331.0 1584.0 1736.0 1881.0 2178.0 2191.0 2257.0 2306.0
176.0 303.0 359.0 354.0 245.0 37.0 26.0 55.0 40.0 31.0 0.0 0.0 0.0 2.0 0.0 70.0 259.0 452.0 422.0 245.0 0.0 14.0 84.0 92.0 119.0 252.0 351.0 452.0 468.0 457.0 379.0 146.0 0.0 0.0 0.0 0.0 508.0 649.0 668.0 248.0 102.0 0.0 0.0 0.0 0.0 0.0 0.0 0.0 103.0 618.0 624.0 716.0 749.0 862.0 934.0 997.0 884.0 736.0 698.0 839.0 884.0 880.0 879.0 893.0 978.0 1113.0 1196.0 1390.0 1616.0 1777.0 1905.0 2042.0 2174.0 2270.0 2326.0
146.0 243.0 278.0 287.0 268.0 261.0 161.0 82.0 35.0 24.0 0.0 0.0 0.0 0.0 0.0 0.0 86.0 463.0 426.0 351.0 0.0 15.0 142.0 145.0 152.0 280.0 360.0 394.0 373.0 274.0 43.0 0.0 0.0 0.0 0.0 0.0 0.0 496.0 683.0 376.0 77.0 0.0 0.0 0.0 0.0 0.0 0.0 0.0 673.0 733.0 66.0 345.0 526.0 68.0 0.0 0.0 0.0 0.0 1.0 53.0 129.0 161.0 370.0 791.0 910.0 1023.0 1175.0 1460.0 1665.0 1815.0 1915.0 2069.0 2190.0 2278.0 2369.0
54.0 121.0 198.0 235.0 258.0 257.0 225.0 198.0 170.0 127.0 95.0 32.0 0.0 11.0 147.0 207.0 379.0 474.0 436.0 196.0 2.0 72.0 124.0 123.0 220.0 281.0 353.0 355.0 316.0 193.0 30.0 0.0 0.0 0.0 0.0 0.0 0.0 109.0 107.0 92.0 58.0 0.0 0.0 0.0 0.0 0.0 0.0 0.0 0.0 0.0 0.0 0.0 0.0 0.0 0.0 0.0 0.0 0.0 0.0 0.0 164.0 237.0 599.0 711.0 710.0 770.0 746.0 1263.0 1674.0 1733.0 1909.0 2049.0 2158.0 2240.0 2318.0
3.0 68.0 125.0 146.0 176.0 206.0 207.0 199.0 177.0 150.0 173.0 167.0 172.0 160.0 181.0 252.0 369.0 396.0 225.0 0.0 0.0 0.0 0.0 33.0 209.0 275.0 268.0 286.0 235.0 178.0 133.0 86.0 66.0 57.0 38.0 6.0 5.0 10.0 8.0 24.0 27.0 0.0 0.0 0.0 0.0 0.0 0.0 0.0 0.0 0.0 0.0 0.0 0.0 0.0 0.0 0.0 0.0 0.0 0.0 0.0 0.0 0.0 76.0 124.0 0.0 140.0 305.0 537.0 813.0 766.0 437.0 921.0 1603.0 1714.0 1949.0
0.0 14.0 45.0 70.0 70.0 81.0 77.0 111.0 110.0 117.0 184.0 210.0 218.0 206.0 168.0 126.0 105.0 63.0 0.0 0.0 0.0 0.0 0.0 0.0 102.0 208.0 230.0 205.0 178.0 174.0 172.0 175.0 84.0 16.0 16.0 0.0 0.0 0.0 0.0 0.0 8.0 0.0 0.0 0.0 0.0 0.0 0.0 0.0 0.0 0.0 0.0 1.0 2.0 0.0 0.0 0.0 0.0 0.0 0.0 0.0 0.0 0.0 0.0 0.0 0.0 227.0 319.0 455.0 587.0 432.0 389.0 268.0 243.0 276.0 509.0
0.0 0.0 0.0 0.0 0.0 32.0 31.0 36.0 37.0 148.0 188.0 214.0 209.0 198.0 160.0 105.0 108.0 60.0 0.0 0.0 0.0 0.0 0.0 0.0 0.0 29.0 216.0 231.0 211.0 215.0 180.0 167.0 175.0 181.0 175.0 166.0 79.0 106.0 107.0 111.0 96.0 19.0 0.0 13.0 0.0 11.0 15.0 17.0 34.0 20.0 0.0 10.0 113.0 139.0 76.0 0.0 0.0 0.0 0.0 0.0 0.0 0.0 0.0 0.0 0.0 0.0 0.0 325.0 0.0 0.0 201.0 266.0 271.0 299.0 299.0
0.0 0.0 0.0 6.0 14.0 27.0 27.0 23.0 42.0 104.0 150.0 175.0 161.0 133.0 84.0 44.0 50.0 39.0 13.0 9.0 10.0 6.0 4.0 0.0 4.0 150.0 175.0 209.0 164.0 147.0 146.0 104.0 126.0 154.0 203.0 264.0 315.0 357.0 357.0 367.0 225.0 141.0 143.0 177.0 232.0 94.0 136.0 140.0 109.0 90.0 59.0 83.0 114.0 118.0 115.0 72.0 42.0 0.0 0.0 0.0 0.0 0.0 0.0 0.0 0.0 0.0 0.0 0.0 0.0 80.0 66.0 201.0 216.0 165.0 213.0
8.0 0.0 0.0 1.0 12.0 6.0 49.0 69.0 72.0 60.0 80.0 44.0 33.0 3.0 0.0 0.0 2.0 8.0 9.0 12.0 12.0 9.0 5.0 0.0 0.0 0.0 0.0 0.0 77.0 151.0 169.0 85.0 99.0 67.0 130.0 196.0 234.0 283.0 334.0 181.0 3.0 0.0 0.0 0.0 0.0 33.0 51.0 87.0 100.0 68.0 64.0 77.0 72.0 40.0 65.0 31.0 28.0 85.0 68.0 3.0 0.0 0.0 0.0 0.0 0.0 0.0 0.0 0.0 0.0 0.0 0.0 0.0 0.0 149.0 190.0
59.0 101.0 108.0 114.0 124.0 104.0 99.0 99.0 35.0 20.0 24.0 25.0 25.0 26.0 3.0 7.0 8.0 8.0 9.0 8.0 8.0 8.0 8.0 0.0 0.0 0.0 0.0 0.0 0.0 176.0 47.0 0.0 0.0 66.0 91.0 127.0 191.0 272.0 326.0 170.0 1.0 0.0 0.0 0.0 1.0 1.0 19.0 66.0 51.0 84.0 80.0 48.0 37.0 65.0 67.0 68.0 61.0 42.0 44.0 62.0 11.0 6.0 1.0 0.0 0.0 0.0 0.0 0.0 0.0 0.0 0.0 55.0 111.0 158.0 484.0
20.0 52.0 74.0 92.0 107.0 99.0 112.0 120.0 111.0 98.0 36.0 27.0 11.0 3.0 1.0 7.0 9.0 8.0 10.0 8.0 10.0 9.0 0.0 0.0 0.0 0.0 0.0 0.0 0.0 126.0 0.0 0.0 0.0 80.0 85.0 91.0 86.0 241.0 278.0 0.0 0.0 0.0 0.0 0.0 0.0 16.0 52.0 67.0 67.0 94.0 52.0 37.0 19.0 39.0 72.0 70.0 60.0 27.0 15.0 16.0 17.0 17.0 15.0 15.0 7.0 0.0 0.0 0.0 0.0 0.0 0.0 0.0 0.0 0.0 9.0
0.0 0.0 0.0 4.0 30.0 32.0 29.0 32.0 33.0 30.0 29.0 26.0 26.0 2.0 2.0 2.0 0.0 5.0 14.0 15.0 0.0 0.0 0.0 0.0 0.0 0.0 0.0 0.0 0.0 0.0 0.0 0.0 0.0 69.0 148.0 105.0 85.0 61.0 0.0 0.0 0.0 0.0 0.0 0.0 0.0 14.0 55.0 91.0 102.0 100.0 86.0 69.0 53.0 40.0 28.0 18.0 0.0 0.0 0.0 10.0 17.0 17.0 17.0 15.0 15.0 5.0 0.0 0.0 0.0 0.0 0.0 0.0 0.0 0.0 0.0
0.0 0.0 0.0 0.0 0.0 0.0 0.0 0.0 0.0 0.0 0.0 0.0 0.0 0.0 0.0 0.0 0.0 1.0 7.0 4.0 0.0 0.0 0.0 0.0 0.0 0.0 0.0 0.0 0.0 0.0 0.0 0.0 0.0 0.0 82.0 99.0 91.0 0.0 0.0 0.0 0.0 0.0 0.0 0.0 0.0 0.0 0.0 111.0 102.0 100.0 97.0 83.0 69.0 55.0 42.0 31.0 23.0 19.0 19.0 18.0 17.0 17.0 16.0 15.0 15.0 15.0 0.0 0.0 0.0 0.0 0.0 0.0 0.0 0.0 0.0
0.0 0.0 0.0 0.0 0.0 0.0 0.0 0.0 0.0 0.0 0.0 0.0 0.0 0.0 0.0 0.0 0.0 0.0 0.0 0.0 0.0 0.0 0.0 0.0 0.0 0.0 0.0 0.0 0.0 0.0 0.0 0.0 0.0 0.0 0.0 0.0 11.0 14.0 24.0 24.0 1.0 12.0 20.0 0.0 46.0 103.0 103.0 103.0 103.0 100.0 99.0 88.0 76.0 63.0 51.0 41.0 32.0 26.0 21.0 19.0 17.0 17.0 17.0 19.0 15.0 0.0 0.0 0.0 0.0 0.0 0.0 0.0 0.0 0.0 5.0
0.0 0.0 0.0 0.0 0.0 0.0 0.0 0.0 0.0 0.0 0.0 0.0 0.0 0.0 0.0 0.0 0.0 0.0 0.0 0.0 0.0 0.0 0.0 0.0 0.0 0.0 0.0 0.0 0.0 0.0 0.0 0.0 0.0 0.0 0.0 0.0 41.0 111.0 198.0 188.0 117.0 85.0 193.0 245.0 225.0 149.0 136.0 127.0 120.0 110.0 100.0 90.0 77.0 64.0 51.0 41.0 32.0 26.0 21.0 17.0 17.0 17.0 13.0 0.0 0.0 0.0 0.0 0.0 0.0 0.0 0.0 0.0 0.0 3.0 9.0
0.0 0.0 0.0 0.0 0.0 0.0 0.0 0.0 0.0 0.0 0.0 0.0 0.0 0.0 0.0 0.0 0.0 0.0 0.0 0.0 0.0 0.0 0.0 0.0 0.0 0.0 0.0 0.0 0.0 13.0 62.0 57.0 30.0 6.0 0.0 0.0 45.0 61.0 65.0 73.0 343.0 409.0 300.0 301.0 335.0 315.0 218.0 201.0 201.0 143.0 101.0 92.0 75.0 60.0 46.0 35.0 26.0 20.0 17.0 15.0 16.0 16.0 15.0 0.0 0.0 0.0 0.0 0.0 0.0 0.0 0.0 0.0 0.0 8.0 14.0
0.0 0.0 0.0 0.0 0.0 0.0 0.0 0.0 0.0 0.0 0.0 0.0 0.0 0.0 0.0 0.0 0.0 0.0 0.0 0.0 0.0 0.0 0.0 0.0 0.0 0.0 0.0 0.0 0.0 0.0 0.0 25.0 49.0 43.0 37.0 44.0 56.0 60.0 0.0 12.0 56.0 309.0 398.0 387.0 310.0 314.0 414.0 437.0 411.0 216.0 180.0 106.0 75.0 51.0 30.0 11.0 11.0 13.0 11.0 11.0 12.0 1.0 0.0 0.0 0.0 0.0 0.0 0.0 0.0 0.0 0.0 0.0 0.0 0.0 0.0
0.0 0.0 0.0 0.0 0.0 0.0 0.0 0.0 0.0 0.0 0.0 0.0 0.0 0.0 0.0 0.0 0.0 0.0 0.0 0.0 0.0 0.0 0.0 0.0 0.0 0.0 0.0 0.0 0.0 0.0 0.0 0.0 0.0 0.0 20.0 62.0 62.0 49.0 0.0 0.0 0.0 0.0 0.0 162.0 261.0 266.0 344.0 413.0 412.0 323.0 303.0 299.0 217.0 165.0 0.0 0.0 0.0 0.0 1.0 1.0 3.0 8.0 1.0 1.0 0.0 0.0 0.0 0.0 0.0 0.0 0.0 0.0 0.0 0.0 0.0
0.0 0.0 0.0 0.0 0.0 0.0 0.0 0.0 0.0 0.0 0.0 0.0 0.0 0.0 0.0 0.0 0.0 0.0 0.0 0.0 0.0 0.0 1.0 19.0 0.0 0.0 0.0 0.0 0.0 1.0 42.0 19.0 25.0 43.0 103.0 105.0 85.0 14.0 0.0 0.0 0.0 0.0 69.0 65.0 10.0 0.0 275.0 330.0 326.0 319.0 305.0 303.0 261.0 216.0 310.0 440.0 377.0 215.0 248.0 190.0 136.0 108.0 52.0 7.0 19.0 0.0 0.0 0.0 0.0 0.0 0.0 0.0 0.0 0.0 0.0
0.0 0.0 0.0 0.0 0.0 0.0 0.0 0.0 0.0 0.0 0.0 0.0 0.0 0.0 0.0 0.0 0.0 0.0 0.0 0.0 0.0 0.0 30.0 38.0 62.0 26.0 41.0 45.0 20.0 30.0 73.0 120.0 158.0 164.0 155.0 132.0 36.0 46.0 67.0 0.0 0.0 98.0 131.0 108.0 109.0 111.0 102.0 24.0 47.0 108.0 238.0 310.0 310.0 317.0 291.0 424.0 406.0 425.0 387.0 281.0 276.0 275.0 262.0 244.0 223.0 72.0 84.0 77.0 0.0 0.0 0.0 0.0 100.0 175.0 152.0
0.0 0.0 0.0 0.0 0.0 0.0 0.0 0.0 0.0 0.0 0.0 0.0 0.0 0.0 0.0 0.0 0.0 0.0 0.0 0.0 0.0 0.0 0.0 0.0 0.0 0.0 0.0 1.0 93.0 113.0 140.0 162.0 175.0 176.0 158.0 91.0 83.0 97.0 97.0 56.0 103.0 128.0 148.0 151.0 160.0 219.0 235.0 269.0 287.0 277.0 292.0 292.0 248.0 203.0 159.0 283.0 340.0 429.0 375.0 426.0 464.0 431.0 404.0 414.0 346.0 305.0 190.0 96.0 2.0 0.0 0.0 0.0 0.0 222.0 524.0
0.0 0.0 0.0 0.0 0.0 0.0 0.0 0.0 0.0 0.0 0.0 0.0 0.0 0.0 0.0 0.0 0.0 0.0 0.0 0.0 0.0 0.0 0.0 0.0 2.0 32.0 49.0 70.0 106.0 139.0 170.0 190.0 189.0 145.0 130.0 121.0 124.0 132.0 132.0 136.0 141.0 131.0 129.0 100.0 122.0 99.0 231.0 247.0 272.0 295.0 322.0 367.0 357.0 493.0 452.0 435.0 412.0 415.0 313.0 225.0 203.0 302.0 387.0 418.0 373.0 367.0 365.0 341.0 314.0 146.0 96.0 158.0 0.0 0.0 1.0
0.0 0.0 0.0 0.0 0.0 0.0 0.0 0.0 0.0 0.0 0.0 0.0 0.0 0.0 0.0 0.0 0.0 0.0 0.0 0.0 0.0 0.0 0.0 13.0 28.0 65.0 103.0 122.0 145.0 154.0 164.0 167.0 181.0 153.0 162.0 161.0 162.0 171.0 171.0 167.0 166.0 147.0 139.0 107.0 191.0 222.0 243.0 229.0 208.0 184.0 179.0 195.0 220.0 139.0 4.0 0.0 16.0 94.0 134.0 182.0 183.0 102.0 31.0 154.0 349.0 378.0 364.0 348.0 337.0 346.0 302.0 278.0 224.0 180.0 135.0
0.0 0.0 0.0 0.0 0.0 0.0 0.0 0.0 0.0 0.0 0.0 0.0 0.0 0.0 0.0 0.0 0.0 0.0 0.0 0.0 0.0 0.0 42.0 43.0 105.0 122.0 145.0 153.0 152.0 145.0 150.0 161.0 166.0 195.0 195.0 205.0 220.0 218.0 213.0 198.0 204.0 204.0 207.0 220.0 232.0 235.0 219.0 206.0 212.0 86.0 119.0 150.0 172.0 121.0 51.0 1.0 0.0 0.0 0.0 0.0 0.0 0.0 0.0 0.0 1.0 227.0 137.0 296.0 329.0 343.0 315.0 336.0 326.0 329.0 330.0
0.0 0.0 0.0 0.0 0.0 0.0 0.0 0.0 0.0 0.0 0.0 0.0 0.0 0.0 0.0 0.0 0.0 0.0 0.0 0.0 0.0 45.0 63.0 105.0 114.0 126.0 141.0 144.0 137.0 143.0 147.0 160.0 160.0 193.0 208.0 231.0 234.0 244.0 231.0 219.0 230.0 208.0 207.0 207.0 211.0 204.0 197.0 205.0 173.0 100.0 152.0 154.0 158.0 116.0 64.0 0.0 0.0 0.0 0.0 0.0 0.0 0.0 0.0 0.0 0.0 0.0 41.0 259.0 273.0 218.0 244.0 339.0 393.0 430.0 518.0
0.0 0.0 0.0 0.0 0.0 0.0 0.0 0.0 0.0 0.0 0.0 0.0 0.0 0.0 0.0 0.0 0.0 0.0 0.0 0.0 66.0 49.0 106.0 128.0 127.0 119.0 131.0 140.0 141.0 152.0 193.0 165.0 166.0 185.0 199.0 218.0 213.0 208.0 209.0 213.0 206.0 201.0 201.0 193.0 184.0 184.0 178.0 175.0 162.0 164.0 166.0 159.0 133.0 104.0 101.0 1.0 0.0 0.0 0.0 0.0 0.0 0.0 0.0 0.0 0.0 0.0 0.0 0.0 0.0 12.0 48.0 108.0 225.0 362.0 428.0
0.0 0.0 0.0 0.0 0.0 0.0 0.0 0.0 0.0 0.0 0.0 0.0 0.0 0.0 0.0 0.0 0.0 0.0 0.0 0.0 66.0 93.0 115.0 126.0 107.0 118.0 131.0 144.0 154.0 158.0 152.0 146.0 171.0 191.0 204.0 209.0 209.0 202.0 206.0 180.0 186.0 202.0 186.0 206.0 202.0 184.0 165.0 142.0 148.0 165.0 172.0 159.0 139.0 110.0 55.0 11.0 0.0 0.0 0.0 0.0 0.0 0.0 0.0 0.0 0.0 0.0 0.0 0.0 1.0 26.0 132.0 33.0 27.0 34.0 30.0
0.0 0.0 0.0 0.0 0.0 0.0 0.0 0.0 0.0 0.0 0.0 0.0 0.0 0.0 0.0 0.0 0.0 0.0 0.0 0.0 78.0 91.0 106.0 113.0 109.0 125.0 135.0 142.0 145.0 156.0 161.0 153.0 162.0 196.0 220.0 215.0 217.0 210.0 196.0 176.0 168.0 178.0 147.0 210.0 229.0 208.0 190.0 141.0 158.0 159.0 138.0 137.0 130.0 93.0 92.0 30.0 0.0 0.0 0.0 0.0 0.0 0.0 0.0 0.0 0.0 0.0 0.0 0.0 0.0 0.0 42.0 28.0 52.0 118.0 135.0
0.0 0.0 0.0 0.0 0.0 0.0 0.0 0.0 0.0 0.0 0.0 0.0 0.0 0.0 0.0 0.0 0.0 0.0 0.0 0.0 69.0 76.0 81.0 70.0 96.0 119.0 125.0 124.0 128.0 151.0 145.0 152.0 170.0 195.0 206.0 206.0 207.0 204.0 181.0 150.0 156.0 144.0 175.0 214.0 239.0 192.0 174.0 164.0 162.0 130.0 147.0 121.0 118.0 63.0 31.0 0.0 0.0 0.0 0.0 0.0 0.0 0.0 0.0 0.0 0.0 0.0 0.0 0.0 0.0 0.0 33.0 47.0 77.0 196.0 217.0
0.0 0.0 0.0 0.0 0.0 0.0 0.0 0.0 0.0 0.0 0.0 0.0 0.0 0.0 0.0 0.0 0.0 0.0 0.0 0.0 26.0 47.0 41.0 39.0 93.0 95.0 94.0 102.0 120.0 150.0 148.0 135.0 167.0 181.0 188.0 190.0 193.0 190.0 164.0 108.0 157.0 144.0 179.0 204.0 199.0 184.0 171.0 181.0 166.0 124.0 169.0 172.0 147.0 59.0 0.0 0.0 0.0 0.0 0.0 0.0 0.0 0.0 0.0 0.0 0.0 0.0 0.0 0.0 0.0 1.0 68.0 48.0 22.0 175.0 193.0
0.0 0.0 0.0 0.0 0.0 0.0 0.0 0.0 0.0 0.0 0.0 0.0 0.0 0.0 0.0 0.0 0.0 0.0 0.0 0.0 0.0 1.0 0.0 24.0 73.0 71.0 86.0 95.0 124.0 140.0 138.0 138.0 162.0 175.0 182.0 187.0 185.0 185.0 155.0 127.0 137.0 159.0 183.0 189.0 191.0 165.0 165.0 164.0 145.0 154.0 166.0 156.0 139.0 107.0 133.0 131.0 0.0 0.0 0.0 0.0 0.0 0.0 0.0 0.0 0.0 0.0 0.0 0.0 0.0 0.0 0.0 0.0 1.0 42.0 88.0
0.0 0.0 0.0 0.0 0.0 0.0 0.0 0.0 0.0 0.0 0.0 0.0 0.0 0.0 0.0 0.0 0.0 0.0 0.0 0.0 0.0 0.0 0.0 0.0 55.0 49.0 65.0 83.0 86.0 89.0 97.0 120.0 141.0 149.0 167.0 175.0 159.0 160.0 137.0 116.0 138.0 172.0 185.0 186.0 170.0 146.0 144.0 146.0 145.0 157.0 170.0 127.0 128.0 114.0 92.0 134.0 102.0 0.0 0.0 0.0 0.0 0.0 0.0 0.0 0.0 0.0 0.0 0.0 0.0 0.0 0.0 0.0 0.0 0.0 0.0
0.0 0.0 0.0 0.0 0.0 0.0 0.0 0.0 0.0 0.0 0.0 0.0 0.0 0.0 0.0 0.0 0.0 0.0 0.0 0.0 0.0 0.0 0.0 0.0 61.0 48.0 37.0 34.0 29.0 48.0 82.0 85.0 109.0 151.0 117.0 121.0 106.0 101.0 104.0 118.0 136.0 172.0 181.0 179.0 168.0 144.0 160.0 149.0 155.0 120.0 114.0 96.0 93.0 86.0 83.0 77.0 107.0 0.0 0.0 0.0 0.0 0.0 0.0 0.0 0.0 0.0 0.0 0.0 0.0 0.0 0.0 0.0 0.0 0.0 0.0
