Environmental Parameters/Training/Maximum_depth.asc
ncols 720
nrows 360
xllcorner -180.00
yllcorner -90.00
cellsize 0.5
NODATA_value -9999
[rows 231 to 263 of 360, columns 450 to 524 of 720]
174.0 936.0 1682.0 2052.0 2985.0 4392.0 4658.0 4791.0 4986.0 5051.0 5144.0 5194.0 5282.0 5224.0 5326.0 5698.0 5610.0 5502.0 5243.0 5422.0 5449.0 5224.0 5258.0 5287.0 5260.0 5347.0 5327.0 5322.0 5335.0 5903.0 5436.0 5460.0 5332.0 5555.0 5864.0 5302.0 5293.0 5067.0 5119.0 5245.0 5205.0 4740.0 4835.0 4630.0 4702.0 4288.0 4160.0 4888.0 4673.0 4837.0 3867.0 3796.0 3856.0 3604.0 3701.0 3760.0 3693.0 4118.0 4036.0 4301.0 4287.0 4246.0 4335.0 4448.0 4529.0 4506.0 4698.0 4501.0 4492.0 4393.0 4167.0 4265.0 4495.0 4443.0 4357.0
1606.0 1952.0 2188.0 2657.0 3191.0 4322.0 4784.0 4993.0 5132.0 5168.0 5257.0 5293.0 5392.0 5337.0 5520.0 5577.0 5541.0 5426.0 5554.0 5414.0 5266.0 5267.0 5294.0 5360.0 5432.0 5494.0 5393.0 5800.0 5597.0 5575.0 5525.0 5526.0 5837.0 5599.0 5437.0 5204.0 5146.0 5214.0 5277.0 5116.0 5061.0 4921.0 4775.0 4486.0 4186.0 5151.0 5117.0 4984.0 4295.0 4019.0 3847.0 4239.0 4049.0 3962.0 3780.0 3647.0 3550.0 3862.0 4144.0 4369.0 4108.0 4134.0 4225.0 4520.0 4595.0 4604.0 4496.0 4551.0 4508.0 4101.0 4301.0 4487.0 4522.0 4378.0 4433.0
1757.0 1974.0 2070.0 2476.0 2634.0 4367.0 4679.0 4911.0 5099.0 5287.0 5336.0 5385.0 5395.0 5405.0 5516.0 5505.0 5542.0 5611.0 5487.0 5337.0 5282.0 5247.0 5203.0 5255.0 5345.0 5445.0 5746.0 5875.0 5832.0 5782.0 5724.0 5530.0 5757.0 5674.0 5376.0 4994.0 4690.0 4810.0 4615.0 4934.0 4822.0 4668.0 4609.0 4237.0 5514.0 5062.0 4282.0 3979.0 4103.0 4116.0 4027.0 4190.0 3669.0 3807.0 4050.0 3773.0 3620.0 3781.0 3834.0 3877.0 4012.0 4039.0 4389.0 4485.0 4728.0 4726.0 4174.0 4346.0 4273.0 4361.0 4474.0 4413.0 4364.0 4330.0 4456.0
2070.0 2060.0 1980.0 2093.0 2699.0 4391.0 4548.0 4614.0 4989.0 5222.0 5394.0 5348.0 5370.0 5488.0 5470.0 5484.0 5515.0 5586.0 5454.0 5274.0 5191.0 5218.0 5208.0 5220.0 5379.0 5568.0 5947.0 5881.0 5834.0 6103.0 5768.0 5510.0 5963.0 5157.0 5282.0 5115.0 4804.0 4493.0 4402.0 4417.0 4678.0 4453.0 5170.0 5112.0 5004.0 4547.0 4399.0 4067.0 4169.0 4063.0 4092.0 3926.0 3791.0 3700.0 3456.0 3956.0 3987.0 3799.0 3605.0 3689.0 3810.0 4158.0 4277.0 4376.0 4422.0 3992.0 4074.0 4377.0 4338.0 4453.0 4389.0 4227.0 4303.0 4483.0 4482.0
2450.0 2436.0 2338.0 2496.0 2646.0 2787.0 3009.0 4196.0 4818.0 5147.0 5423.0 5368.0 5446.0 5500.0 5469.0 5624.0 5700.0 5501.0 5370.0 5237.0 5166.0 5171.0 5181.0 5335.0 5522.0 5533.0 5716.0 6181.0 5706.0 5790.0 5934.0 5887.0 5638.0 5289.0 5326.0 4449.0 4798.0 5476.0 5126.0 5128.0 5503.0 5045.0 4863.0 4526.0 4484.0 4422.0 4475.0 4357.0 4541.0 4505.0 4152.0 4012.0 3861.0 3716.0 3708.0 3638.0 3709.0 3718.0 3657.0 4232.0 4111.0 3960.0 4097.0 4225.0 4323.0 4311.0 4357.0 4416.0 4550.0 4351.0 4341.0 4305.0 4426.0 4497.0 4408.0
3007.0 3117.0 3219.0 3288.0 3095.0 2928.0 2671.0 2853.0 4825.0 4984.0 5363.0 5317.0 5356.0 5275.0 5331.0 5362.0 5330.0 5233.0 5214.0 5210.0 5104.0 5282.0 5313.0 5505.0 5677.0 5828.0 5757.0 5726.0 5685.0 5750.0 5921.0 6044.0 4825.0 4994.0 5015.0 5411.0 5211.0 5199.0 4175.0 4678.0 4827.0 4602.0 4954.0 5074.0 4592.0 4449.0 4539.0 4601.0 4637.0 4488.0 4233.0 4397.0 4221.0 4035.0 3914.0 4016.0 3704.0 3747.0 4155.0 3726.0 3645.0 3957.0 3933.0 4280.0 4557.0 4157.0 4358.0 4274.0 4412.0 4343.0 4314.0 4358.0 4387.0 4585.0 4619.0
3007.0 3117.0 3198.0 3294.0 3177.0 2989.0 2839.0 2934.0 3894.0 5339.0 5218.0 5344.0 5240.0 5247.0 5212.0 5245.0 5104.0 5226.0 5080.0 5056.0 5180.0 5395.0 5500.0 5385.0 5586.0 5718.0 5651.0 5578.0 5309.0 5831.0 4913.0 5708.0 4445.0 5178.0 5223.0 4606.0 4575.0 4976.0 5053.0 4726.0 5039.0 5038.0 5006.0 4597.0 4652.0 4683.0 5076.0 4591.0 4574.0 5101.0 4662.0 4368.0 4254.0 4117.0 4101.0 4055.0 4064.0 3872.0 4065.0 3928.0 3560.0 3838.0 3916.0 4278.0 4286.0 4243.0 4038.0 4387.0 4206.0 4305.0 4301.0 4247.0 4418.0 4346.0 4359.0
2947.0 3080.0 3140.0 3269.0 3324.0 3303.0 3287.0 3836.0 4532.0 5340.0 5110.0 5121.0 5290.0 5235.0 5190.0 5117.0 5133.0 4954.0 4943.0 5027.0 5166.0 5370.0 5454.0 5408.0 5520.0 5416.0 5618.0 5135.0 4764.0 5474.0 4506.0 5861.0 4857.0 4672.0 4980.0 5182.0 4800.0 5110.0 5298.0 5119.0 4885.0 4840.0 4818.0 4783.0 4644.0 4594.0 5065.0 4783.0 4664.0 5016.0 4788.0 4569.0 4550.0 4339.0 4282.0 4368.0 4044.0 3941.0 3704.0 4034.0 3912.0 3690.0 4106.0 3980.0 3984.0 4182.0 4143.0 4344.0 4198.0 4098.0 4280.0 4260.0 4110.0 4194.0 4257.0
2843.0 2659.0 2500.0 2915.0 3431.0 3372.0 4013.0 4613.0 4768.0 4757.0 4838.0 5208.0 5291.0 5242.0 5175.0 5062.0 4922.0 4888.0 4938.0 4926.0 4812.0 4974.0 5100.0 5375.0 5571.0 5760.0 5360.0 5317.0 4630.0 5245.0 4520.0 5683.0 4397.0 5007.0 4875.0 5412.0 5132.0 5569.0 5096.0 5011.0 4887.0 4693.0 4633.0 4595.0 4735.0 4615.0 4601.0 4637.0 4421.0 4668.0 4877.0 4679.0 4732.0 4769.0 4363.0 4279.0 4475.0 4371.0 4159.0 3794.0 4054.0 3540.0 3631.0 3670.0 3636.0 4336.0 4477.0 4333.0 4146.0 4206.0 4244.0 4214.0 4291.0 4195.0 4337.0
2613.0 2353.0 2197.0 2651.0 3299.0 3824.0 4438.0 4809.0 4746.0 4854.0 4923.0 5072.0 5109.0 5148.0 5183.0 5138.0 5084.0 5086.0 4537.0 4413.0 4683.0 5084.0 5034.0 5409.0 5683.0 5617.0 5011.0 5371.0 4233.0 4401.0 4653.0 5822.0 5068.0 5165.0 5250.0 5179.0 5492.0 5177.0 5145.0 5020.0 4894.0 4933.0 4729.0 4668.0 4886.0 5057.0 5051.0 4811.0 4830.0 4694.0 4738.0 4554.0 4473.0 4375.0 4426.0 4511.0 4212.0 4136.0 4139.0 4276.0 3617.0 3513.0 3482.0 3719.0 3536.0 3777.0 4326.0 4184.0 3960.0 4309.0 4176.0 4103.0 4190.0 4356.0 4343.0
2283.0 2319.0 2324.0 2632.0 3564.0 4351.0 4665.0 4795.0 4920.0 4968.0 5083.0 5237.0 5182.0 5096.0 5135.0 5356.0 5244.0 4934.0 4596.0 4737.0 4950.0 5014.0 5016.0 5326.0 4813.0 5195.0 4588.0 4538.0 4829.0 5018.0 4181.0 5698.0 5356.0 5374.0 5510.0 5475.0 5190.0 4920.0 4858.0 4973.0 4931.0 4942.0 5249.0 5051.0 4954.0 4973.0 4802.0 4639.0 4723.0 5008.0 4462.0 4530.0 4763.0 4675.0 4679.0 4598.0 4463.0 4427.0 4259.0 4087.0 3533.0 3504.0 3452.0 3394.0 3522.0 3528.0 3710.0 3608.0 3925.0 4034.0 4053.0 4313.0 4564.0 4256.0 4104.0
2276.0 2319.0 2776.0 3654.0 4119.0 4534.0 4564.0 4831.0 4881.0 4952.0 5000.0 5227.0 5201.0 5008.0 5248.0 5092.0 5150.0 4821.0 4890.0 5077.0 5011.0 4884.0 5056.0 5667.0 4946.0 3883.0 5482.0 4642.0 4958.0 4382.0 4863.0 6149.0 6628.0 5756.0 5106.0 5112.0 5163.0 5069.0 4930.0 4937.0 5037.0 5190.0 5288.0 4985.0 4963.0 4982.0 4738.0 4695.0 4559.0 4474.0 4539.0 4541.0 4508.0 4666.0 4440.0 4310.0 4293.0 4291.0 3887.0 4010.0 4048.0 3759.0 3404.0 3633.0 3350.0 3356.0 3482.0 3800.0 3866.0 4054.0 4083.0 4210.0 4333.0 4161.0 4117.0
2053.0 2087.0 3094.0 3596.0 3905.0 4112.0 4304.0 4430.0 4605.0 4618.0 4800.0 4824.0 4806.0 4905.0 5034.0 5303.0 5048.0 5165.0 5084.0 5025.0 5122.0 4901.0 4931.0 5226.0 5172.0 4541.0 5896.0 4577.0 4661.0 5543.0 4973.0 6008.0 6072.0 5507.0 5454.0 5111.0 5276.0 5125.0 5084.0 5142.0 5264.0 5262.0 5200.0 5131.0 5157.0 5252.0 4710.0 4692.0 4627.0 4603.0 4844.0 4698.0 4965.0 4720.0 4852.0 4324.0 4468.0 4353.0 4076.0 3743.0 3532.0 3438.0 3841.0 3655.0 3264.0 3337.0 3307.0 3689.0 4368.0 4070.0 4242.0 4133.0 4042.0 4136.0 4095.0
1947.0 2287.0 2940.0 3396.0 3572.0 3727.0 3696.0 3758.0 3873.0 3974.0 4281.0 4407.0 4625.0 4867.0 4700.0 5409.0 5144.0 5100.0 5118.0 4974.0 4855.0 4781.0 4562.0 5437.0 5772.0 4385.0 5468.0 4963.0 4973.0 5518.0 5378.0 5699.0 5332.0 5598.0 5470.0 5090.0 5257.0 5121.0 5216.0 5478.0 5361.0 5250.0 5084.0 5229.0 5047.0 4771.0 4758.0 4630.0 4683.0 4755.0 4739.0 4794.0 4662.0 4410.0 4345.0 4600.0 4414.0 4317.0 4109.0 4127.0 3690.0 3563.0 3319.0 3219.0 3024.0 3013.0 3245.0 3731.0 4008.0 4029.0 3953.0 3952.0 3979.0 4013.0 3725.0
1659.0 2268.0 2832.0 3250.0 3508.0 3670.0 3910.0 4041.0 4181.0 4338.0 4379.0 4442.0 4526.0 4858.0 4936.0 5419.0 4750.0 5178.0 5111.0 4961.0 4786.0 4732.0 4438.0 5017.0 6303.0 4737.0 5643.0 4998.0 5095.0 5366.0 5680.0 5698.0 5101.0 5166.0 4970.0 5126.0 5204.0 5120.0 5335.0 5327.0 5315.0 5240.0 5223.0 5108.0 4720.0 4689.0 4758.0 4578.0 4714.0 4797.0 4751.0 4763.0 4590.0 4591.0 4738.0 4662.0 4406.0 4353.0 4193.0 4137.0 4112.0 3560.0 3536.0 3328.0 3200.0 2958.0 3632.0 3658.0 3765.0 3984.0 3698.0 3793.0 3994.0 3818.0 3891.0
1476.0 2102.0 2638.0 3176.0 3604.0 3840.0 4013.0 4164.0 4243.0 4334.0 4411.0 4501.0 4526.0 4852.0 5122.0 5199.0 4810.0 5086.0 4733.0 4456.0 4580.0 3979.0 3816.0 4035.0 6430.0 4803.0 5540.0 4845.0 5295.0 5279.0 5666.0 5294.0 5265.0 5211.0 5210.0 5229.0 5116.0 5098.0 5035.0 5330.0 5454.0 5111.0 4789.0 4778.0 4727.0 4762.0 4760.0 4756.0 4676.0 4638.0 4731.0 4656.0 4876.0 4783.0 4668.0 4418.0 4574.0 4556.0 4507.0 4291.0 3821.0 3594.0 3622.0 3383.0 3271.0 4416.0 3711.0 3793.0 3755.0 3504.0 3668.0 3857.0 3810.0 3875.0 3858.0
1274.0 2000.0 2637.0 3047.0 3660.0 4019.0 4204.0 4260.0 4462.0 4493.0 4569.0 4470.0 4711.0 4834.0 4679.0 4989.0 4789.0 5024.0 4522.0 4244.0 3949.0 4038.0 3817.0 4812.0 5763.0 5080.0 5195.0 4588.0 5479.0 5223.0 5476.0 5405.0 5354.0 5205.0 5325.0 5150.0 5233.0 4864.0 4867.0 5223.0 5344.0 4827.0 4799.0 4789.0 4838.0 4770.0 4758.0 4640.0 4734.0 4579.0 4478.0 4768.0 5088.0 4732.0 4678.0 4429.0 4859.0 4625.0 4564.0 4169.0 3886.0 3868.0 3702.0 3687.0 3706.0 3679.0 3464.0 3176.0 3259.0 3338.0 3669.0 3647.0 3620.0 3592.0 3594.0
1737.0 2339.0 2614.0 2923.0 3900.0 4160.0 4320.0 4358.0 4393.0 4669.0 4323.0 4484.0 4765.0 4971.0 5056.0 4867.0 4820.0 4608.0 4377.0 4207.0 4170.0 4518.0 4027.0 4906.0 5233.0 5355.0 4942.0 4780.0 5470.0 5182.0 5258.0 5158.0 5035.0 5453.0 5345.0 4822.0 4843.0 4813.0 4884.0 4831.0 4839.0 4887.0 4912.0 4786.0 4778.0 4694.0 4718.0 4654.0 4573.0 4843.0 5021.0 4729.0 4605.0 4674.0 4664.0 4452.0 4778.0 4783.0 4429.0 4286.0 4103.0 3711.0 4050.0 4222.0 3577.0 3417.0 3270.0 3216.0 3231.0 3418.0 3564.0 3570.0 3645.0 3351.0 3528.0
2547.0 2811.0 2814.0 3709.0 4269.0 4194.0 4208.0 4194.0 4311.0 4497.0 4292.0 4857.0 4878.0 5516.0 5497.0 5244.0 4338.0 4384.0 4839.0 4253.0 3451.0 4177.0 4447.0 4693.0 5132.0 5286.0 5244.0 5109.0 5294.0 5319.0 5198.0 5120.0 4987.0 5074.0 5088.0 4844.0 4817.0 4734.0 4720.0 4754.0 4786.0 4733.0 4671.0 4671.0 4708.0 4664.0 4661.0 4631.0 4588.0 4685.0 4627.0 4414.0 4430.0 4718.0 4580.0 4682.0 4922.0 4479.0 4469.0 4532.0 4264.0 4289.0 4428.0 3574.0 3470.0 3151.0 3259.0 3481.0 3354.0 3664.0 3577.0 3643.0 3649.0 3395.0 4309.0
3387.0 3196.0 3748.0 4231.0 4316.0 3924.0 4316.0 4585.0 4616.0 4391.0 4351.0 4872.0 4645.0 5374.0 6139.0 6258.0 5678.0 5840.0 4853.0 3867.0 4452.0 4461.0 4821.0 4829.0 5204.0 5076.0 4964.0 5164.0 5326.0 5390.0 5102.0 5021.0 5175.0 5120.0 5181.0 4889.0 4722.0 4671.0 5030.0 4682.0 4712.0 4597.0 4519.0 4585.0 4580.0 4609.0 4876.0 4703.0 4958.0 4578.0 4645.0 4417.0 4591.0 4641.0 5021.0 4743.0 4766.0 4329.0 4446.0 4444.0 4196.0 4290.0 3904.0 3589.0 3361.0 3119.0 3822.0 3712.0 3317.0 3544.0 3336.0 3298.0 3271.0 4046.0 4295.0
3469.0 3802.0 3802.0 4502.0 4649.0 4435.0 4456.0 4608.0 4355.0 4273.0 4275.0 4506.0 4389.0 4107.0 5671.0 4782.0 5296.0 5291.0 4437.0 4085.0 4650.0 4558.0 4883.0 5009.0 4921.0 5114.0 5447.0 5551.0 5301.0 5144.0 5112.0 5210.0 5276.0 5184.0 5043.0 4766.0 4634.0 4619.0 4572.0 4580.0 4581.0 4412.0 4448.0 4376.0 4582.0 4583.0 4652.0 4655.0 4614.0 4548.0 4559.0 4478.0 4558.0 4904.0 5007.0 4371.0 4376.0 4446.0 4553.0 4303.0 4180.0 4320.0 3598.0 3361.0 3328.0 3518.0 3685.0 3081.0 3299.0 3175.0 3116.0 2932.0 3449.0 4393.0 4020.0
3171.0 3802.0 4111.0 4715.0 4659.0 4498.0 4530.0 4425.0 4211.0 4184.0 4174.0 4128.0 3884.0 3688.0 6436.0 5324.0 4890.0 4433.0 4283.0 4524.0 4905.0 4837.0 5156.0 4982.0 5030.0 5121.0 5372.0 5172.0 5127.0 5138.0 5201.0 5337.0 5114.0 4969.0 4914.0 4822.0 4688.0 4608.0 4575.0 4578.0 4740.0 4479.0 4559.0 4412.0 4526.0 4613.0 4525.0 4594.0 4513.0 4497.0 4499.0 4585.0 4920.0 4659.0 4685.0 4741.0 4204.0 4228.0 4692.0 4327.0 4072.0 4088.0 3865.0 3788.0 3827.0 3539.0 2999.0 3040.0 3217.0 3366.0 2639.0 2639.0 4094.0 4148.0 3981.0
3432.0 4159.0 4108.0 4509.0 4178.0 4805.0 4150.0 3931.0 3584.0 3516.0 3327.0 3529.0 3689.0 3962.0 6277.0 4314.0 4505.0 4461.0 4587.0 4729.0 4799.0 5196.0 5121.0 4905.0 5215.0 5321.0 5269.0 5113.0 5080.0 5090.0 5171.0 5271.0 5242.0 5084.0 4980.0 4894.0 4835.0 4794.0 4648.0 4659.0 4600.0 4665.0 4901.0 4699.0 4584.0 4606.0 4469.0 4553.0 4392.0 4474.0 4673.0 4612.0 4782.0 4688.0 4591.0 4385.0 4415.0 4825.0 4371.0 4227.0 4210.0 3961.0 4286.0 4150.0 3672.0 3191.0 2918.0 3202.0 2868.0 2892.0 3196.0 3861.0 3855.0 3962.0 3987.0
3802.0 4081.0 3997.0 4298.0 3999.0 4425.0 3843.0 3601.0 3361.0 3392.0 3085.0 3202.0 3249.0 3824.0 5994.0 3879.0 4524.0 4519.0 4855.0 4546.0 4806.0 5208.0 4905.0 5070.0 5417.0 5398.0 5293.0 5292.0 5241.0 5215.0 5254.0 5215.0 5201.0 5175.0 5154.0 5069.0 5066.0 5041.0 4761.0 4993.0 4656.0 4572.0 5079.0 4732.0 4571.0 4445.0 4500.0 4268.0 4308.0 4444.0 4548.0 4542.0 4589.0 4572.0 4431.0 4612.0 4615.0 4412.0 4361.0 4158.0 4048.0 4120.0 4100.0 3517.0 3239.0 3075.0 2873.0 2233.0 2460.0 3265.0 3896.0 3968.0 3807.0 3814.0 3934.0
4061.0 4100.0 4561.0 4851.0 3703.0 3597.0 3268.0 3519.0 3720.0 3747.0 2829.0 3167.0 3267.0 3396.0 4855.0 4135.0 4500.0 4611.0 4840.0 4889.0 4870.0 4988.0 5008.0 4976.0 5457.0 5487.0 5276.0 5335.0 5294.0 5272.0 5269.0 5256.0 5246.0 5222.0 5225.0 5191.0 5196.0 5187.0 5039.0 4774.0 4866.0 4801.0 4650.0 4552.0 4511.0 4465.0 4375.0 4244.0 4273.0 4368.0 4424.0 4455.0 4593.0 4434.0 4634.0 4830.0 4596.0 4540.0 4242.0 4146.0 4476.0 4253.0 3618.0 3413.0 3325.0 2588.0 2123.0 2091.0 2234.0 3537.0 3687.0 3651.0 3717.0 3715.0 3746.0
4507.0 3980.0 4499.0 3823.0 3194.0 3190.0 3731.0 3263.0 3220.0 3404.0 3645.0 3458.0 3308.0 3849.0 4521.0 4491.0 4584.0 4973.0 4826.0 4866.0 4937.0 4908.0 4859.0 5408.0 5442.0 5548.0 5308.0 5318.0 5314.0 5360.0 5301.0 5310.0 5350.0 5300.0 5282.0 5217.0 5226.0 5199.0 5067.0 5059.0 5072.0 4815.0 4779.0 4743.0 4444.0 4441.0 4384.0 4316.0 4317.0 4374.0 4353.0 4376.0 4625.0 4766.0 4506.0 4583.0 4786.0 4463.0 4350.0 4348.0 4122.0 3842.0 3540.0 3341.0 2897.0 2439.0 2397.0 2533.0 3421.0 3602.0 3597.0 3577.0 3626.0 3660.0 3732.0
4345.0 3377.0 4150.0 3544.0 3290.0 3438.0 3152.0 3333.0 3449.0 3125.0 3682.0 3925.0 3762.0 4755.0 4864.0 4524.0 4742.0 4779.0 4929.0 4848.0 4914.0 4709.0 5047.0 5111.0 5213.0 5279.0 5332.0 5368.0 5368.0 5399.0 5417.0 5404.0 5453.0 5404.0 5335.0 5283.0 5212.0 5255.0 5099.0 5174.0 5073.0 4883.0 4809.0 4504.0 4457.0 4310.0 4305.0 4276.0 4381.0 4385.0 4256.0 4276.0 4560.0 4588.0 4462.0 4562.0 4527.0 4573.0 4484.0 4336.0 4047.0 3837.0 3601.0 3202.0 3143.0 2146.0 3554.0 2899.0 3418.0 3499.0 3421.0 3517.0 3626.0 3628.0 3691.0
3981.0 3285.0 4249.0 3061.0 3082.0 3499.0 3576.0 3542.0 3618.0 3485.0 3840.0 3730.0 3914.0 5013.0 4998.0 4698.0 4388.0 4627.0 4828.0 4717.0 4637.0 4815.0 4911.0 5032.0 5095.0 5228.0 5315.0 5350.0 5412.0 5401.0 5603.0 5629.0 5407.0 5398.0 5342.0 5329.0 5159.0 5209.0 5526.0 5234.0 4979.0 4912.0 4797.0 4517.0 4521.0 4437.0 4347.0 4261.0 4232.0 4257.0 4272.0 4283.0 4441.0 4481.0 4412.0 4376.0 4400.0 4549.0 4354.0 4286.0 3908.0 3931.0 3615.0 3471.0 3253.0 2109.0 2459.0 3252.0 3526.0 3361.0 3413.0 3499.0 3474.0 3552.0 3640.0
3740.0 3080.0 4640.0 3476.0 3325.0 3547.0 3562.0 3615.0 3856.0 4071.0 4197.0 4016.0 4147.0 4719.0 4635.0 4536.0 4323.0 4243.0 4355.0 4702.0 4702.0 4823.0 4878.0 4931.0 5087.0 5127.0 5212.0 5343.0 5394.0 5395.0 5588.0 5619.0 5419.0 5422.0 5334.0 5214.0 5113.0 5157.0 5125.0 5042.0 5133.0 4894.0 4768.0 4992.0 4496.0 4332.0 4352.0 4693.0 4234.0 4260.0 4267.0 4275.0 4337.0 4345.0 4343.0 4183.0 4257.0 4304.0 4201.0 4016.0 3945.0 3733.0 3834.0 3553.0 2466.0 2625.0 2697.0 3234.0 3311.0 3463.0 3459.0 3463.0 3423.0 3418.0 3455.0
3740.0 4027.0 4189.0 3475.0 3402.0 3487.0 3889.0 3864.0 3774.0 3880.0 4002.0 4154.0 4050.0 4497.0 4246.0 4345.0 4245.0 4251.0 4691.0 4665.0 4711.0 4701.0 4831.0 4901.0 4947.0 5048.0 5180.0 5212.0 5304.0 5375.0 5432.0 5368.0 5360.0 5315.0 5348.0 5244.0 5198.0 5176.0 5210.0 5246.0 4968.0 4953.0 4807.0 4478.0 4588.0 4279.0 4170.0 4401.0 4372.0 4206.0 4330.0 4261.0 4246.0 4316.0 4288.0 4286.0 4256.0 4135.0 4226.0 3976.0 3844.0 4131.0 3966.0 3290.0 3149.0 3664.0 3107.0 3414.0 3419.0 3294.0 3279.0 3324.0 3356.0 3379.0 3329.0
3330.0 4720.0 4376.0 3603.0 3496.0 3506.0 3719.0 3790.0 3739.0 3858.0 3951.0 4062.0 3971.0 4028.0 3988.0 4104.0 4209.0 4629.0 4610.0 4533.0 4648.0 4736.0 4797.0 4882.0 4922.0 5039.0 5142.0 5234.0 5306.0 5324.0 5344.0 5317.0 5304.0 5290.0 5276.0 5245.0 5194.0 5181.0 5104.0 5412.0 4915.0 5093.0 4544.0 4537.0 4507.0 4441.0 4437.0 4134.0 4193.0 4199.0 4153.0 4179.0 4241.0 4249.0 4390.0 4336.0 4173.0 4371.0 4200.0 3941.0 4152.0 4029.0 3378.0 3289.0 3186.0 3098.0 3289.0 3450.0 3031.0 3133.0 3170.0 3239.0 3295.0 3258.0 3084.0
2942.0 4262.0 3818.0 3549.0 3464.0 3528.0 3590.0 3510.0 3525.0 3635.0 3668.0 3720.0 3906.0 4087.0 3918.0 3882.0 4319.0 4561.0 4538.0 4588.0 4670.0 4738.0 4743.0 4752.0 4826.0 4909.0 5015.0 5143.0 5277.0 5242.0 5223.0 5240.0 5234.0 5310.0 5352.0 5265.0 5169.0 5173.0 5163.0 5009.0 4886.0 4673.0 4570.0 4498.0 4469.0 4430.0 4297.0 4221.0 4336.0 4135.0 4086.0 4268.0 4184.0 4247.0 4230.0 4333.0 4224.0 3970.0 4010.0 4154.0 3940.0 3482.0 3412.0 3270.0 3241.0 3296.0 3349.0 3077.0 3010.0 3024.0 3424.0 3451.0 3024.0 2902.0 2891.0
3489.0 3765.0 3657.0 3416.0 3405.0 3577.0 3480.0 3334.0 3326.0 3443.0 3453.0 3859.0 4105.0 4227.0 4210.0 4224.0 4167.0 4279.0 4496.0 4581.0 4636.0 4647.0 4666.0 4785.0 4804.0 4848.0 5031.0 5102.0 5211.0 5125.0 5248.0 5161.0 5205.0 5319.0 5412.0 5246.0 5180.0 5197.0 5222.0 4968.0 5013.0 4748.0 4629.0 4604.0 4448.0 4387.0 4451.0 4244.0 4146.0 4155.0 4142.0 4321.0 4223.0 4195.0 4586.0 4280.0 3955.0 4129.0 3957.0 3531.0 3516.0 3386.0 3363.0 3269.0 3303.0 3114.0 3133.0 3076.0 3055.0 3291.0 3842.0 3016.0 2945.0 2760.0 2779.0
