Environmental Parameters/Training/Maximum_depth.asc
ncols 720
nrows 360
xllcorner -180.00
yllcorner -90.00
cellsize 0.5
NODATA_value -9999
[rows 99 to 131 of 360, columns 300 to 374 of 720]
2958.0 2807.0 2443.0 2323.0 2503.0 2365.0 2792.0 3081.0 3332.0 3473.0 3782.0 3912.0 4390.0 4444.0 4375.0 4515.0 4684.0 4740.0 4940.0 5110.0 5147.0 5574.0 5806.0 5703.0 5497.0 5546.0 5646.0 5295.0 5378.0 5542.0 5498.0 5401.0 5485.0 5564.0 5372.0 5329.0 5265.0 5176.0 4957.0 4734.0 3832.0 393.0 89.0 0.0 0.0 0.0 0.0 0.0 0.0 0.0 0.0 0.0 0.0 0.0 0.0 0.0 0.0 0.0 0.0 0.0 136.0 94.0 1529.0 1827.0 2002.0 2058.0 2190.0 2380.0 2663.0 2809.0 2931.0 2965.0 2937.0 2956.0 2917.0
2337.0 1948.0 2292.0 2229.0 2055.0 2000.0 2713.0 3074.0 3392.0 3473.0 3767.0 3991.0 4035.0 4139.0 4370.0 4678.0 4665.0 4644.0 5127.0 5189.0 5033.0 5475.0 5721.0 5426.0 5135.0 5328.0 5592.0 5641.0 5438.0 5489.0 5461.0 5602.0 5620.0 5411.0 5333.0 5259.0 5224.0 5150.0 4992.0 4709.0 3533.0 1361.0 27.0 0.0 0.0 0.0 0.0 0.0 0.0 0.0 0.0 0.0 0.0 0.0 0.0 0.0 0.0 0.0 0.0 94.0 1044.0 1362.0 1547.0 1681.0 1468.0 1353.0 131.0 1637.0 1722.0 2810.0 2924.0 2918.0 2918.0 2921.0 2918.0
2185.0 2272.0 2132.0 2525.0 2231.0 1812.0 2704.0 3120.0 3205.0 3516.0 3934.0 4031.0 4037.0 4107.0 4677.0 4678.0 4757.0 5016.0 5183.0 5303.0 5266.0 5560.0 5501.0 5443.0 5434.0 5616.0 5623.0 5723.0 5704.0 5510.0 5445.0 5358.0 5322.0 5099.0 5528.0 4694.0 4921.0 4998.0 4697.0 3738.0 3035.0 126.0 0.0 0.0 0.0 0.0 0.0 0.0 0.0 0.0 0.0 0.0 0.0 0.0 0.0 0.0 0.0 0.0 0.0 101.0 1218.0 1351.0 1451.0 1385.0 1076.0 898.0 2410.0 2410.0 2293.0 2776.0 2951.0 2934.0 2921.0 2921.0 2910.0
2124.0 2018.0 1746.0 1782.0 2480.0 2066.0 2095.0 2631.0 2995.0 3273.0 3858.0 3876.0 4387.0 4639.0 4760.0 4448.0 4689.0 5066.0 5133.0 4862.0 5321.0 5446.0 5754.0 5617.0 5475.0 5846.0 5565.0 5607.0 5613.0 5657.0 5617.0 5545.0 5409.0 4563.0 4893.0 4956.0 4967.0 4948.0 4909.0 4807.0 3365.0 432.0 41.0 0.0 0.0 0.0 0.0 0.0 0.0 0.0 0.0 0.0 0.0 0.0 0.0 0.0 0.0 0.0 0.0 111.0 740.0 916.0 601.0 1020.0 1762.0 2782.0 2750.0 2705.0 2711.0 2771.0 2896.0 2908.0 2913.0 2927.0 2924.0
2956.0 2791.0 1811.0 1881.0 1877.0 2198.0 2556.0 3221.0 3054.0 3276.0 3693.0 4277.0 4535.0 4326.0 4439.0 4522.0 4790.0 4894.0 5225.0 5269.0 5313.0 5291.0 5356.0 5300.0 5840.0 5925.0 5625.0 5641.0 5646.0 5858.0 6339.0 6100.0 4764.0 4691.0 4940.0 5098.0 5126.0 5136.0 5036.0 4923.0 4640.0 2411.0 423.0 0.0 0.0 0.0 0.0 0.0 0.0 0.0 0.0 0.0 0.0 0.0 0.0 0.0 0.0 0.0 169.0 929.0 1282.0 2223.0 2468.0 2606.0 2816.0 2841.0 2882.0 2866.0 2874.0 2885.0 2900.0 2913.0 2918.0 2931.0 2908.0
2002.0 1932.0 2083.0 2511.0 2572.0 2539.0 2549.0 3217.0 3117.0 2396.0 3263.0 3356.0 3697.0 4295.0 4716.0 4699.0 4745.0 4833.0 4973.0 5087.0 5666.0 5751.0 5625.0 4717.0 5707.0 5712.0 5535.0 5325.0 5168.0 5036.0 5067.0 4800.0 4665.0 4743.0 5227.0 5203.0 5239.0 5225.0 5136.0 4587.0 3352.0 1419.0 252.0 0.0 0.0 0.0 0.0 0.0 0.0 0.0 0.0 0.0 0.0 0.0 0.0 0.0 0.0 291.0 1319.0 2235.0 2780.0 2762.0 2783.0 2887.0 2863.0 2864.0 2865.0 2884.0 2878.0 2869.0 2881.0 2894.0 2870.0 2899.0 2901.0
3430.0 3439.0 2932.0 3506.0 3518.0 2656.0 2708.0 2881.0 3183.0 2598.0 3370.0 4305.0 4023.0 4685.0 4757.0 4694.0 4446.0 4383.0 4662.0 4741.0 5662.0 5709.0 5137.0 5328.0 5349.0 5313.0 4939.0 5310.0 5135.0 4773.0 4417.0 3042.0 4472.0 4717.0 5236.0 5211.0 5144.0 5224.0 5195.0 4453.0 3768.0 1974.0 214.0 42.0 100.0 124.0 59.0 0.0 0.0 0.0 0.0 0.0 0.0 0.0 0.0 0.0 1701.0 2598.0 2698.0 2767.0 2799.0 2766.0 2803.0 2817.0 2833.0 2802.0 2821.0 2795.0 2772.0 2788.0 2785.0 2782.0 2830.0 2833.0 2856.0
3459.0 3590.0 3578.0 3559.0 3777.0 3848.0 3710.0 3872.0 3776.0 3892.0 3881.0 4581.0 5190.0 4557.0 4532.0 4595.0 4631.0 4997.0 5107.0 5179.0 5330.0 5522.0 5574.0 5589.0 5705.0 5356.0 5213.0 5258.0 4952.0 3633.0 3312.0 4043.0 4513.0 4724.0 5132.0 5178.0 5170.0 5126.0 4638.0 4776.0 4231.0 3254.0 2490.0 2301.0 856.0 769.0 502.0 66.0 0.0 0.0 48.0 646.0 874.0 894.0 982.0 1230.0 1930.0 2666.0 2719.0 2745.0 2740.0 2763.0 2805.0 2792.0 2755.0 2624.0 2525.0 1531.0 734.0 1350.0 2294.0 2248.0 897.0 71.0 78.0
3531.0 3567.0 3660.0 3507.0 3519.0 3839.0 4005.0 4217.0 4285.0 4350.0 4444.0 4500.0 4613.0 4653.0 4891.0 5126.0 5046.0 4957.0 5255.0 5491.0 5645.0 5603.0 5637.0 5698.0 5586.0 5419.0 5146.0 4676.0 4206.0 3865.0 3885.0 4588.0 4888.0 5000.0 4844.0 4538.0 4694.0 4963.0 5079.0 4958.0 4929.0 4296.0 3791.0 2772.0 1835.0 1137.0 846.0 415.0 611.0 921.0 1216.0 1355.0 1339.0 1725.0 1865.0 1983.0 2366.0 2626.0 2697.0 2731.0 2675.0 2040.0 0.0 0.0 0.0 0.0 0.0 0.0 0.0 0.0 0.0 0.0 0.0 0.0 0.0
3764.0 3739.0 3657.0 3696.0 3649.0 4142.0 4548.0 4277.0 4255.0 4529.0 4552.0 4927.0 4963.0 5002.0 4875.0 5047.0 5186.0 5236.0 5380.0 5402.0 5502.0 5602.0 5546.0 5429.0 5397.0 4915.0 4653.0 4065.0 3729.0 3477.0 4256.0 4734.0 4891.0 4923.0 4972.0 4934.0 4997.0 5025.0 4957.0 4974.0 4662.0 4356.0 3728.0 2635.0 1771.0 1474.0 1148.0 516.0 649.0 817.0 1326.0 1545.0 1572.0 1671.0 1154.0 2041.0 2370.0 2441.0 2448.0 2035.0 43.0 0.0 0.0 0.0 0.0 0.0 0.0 0.0 0.0 0.0 0.0 0.0 0.0 0.0 0.0
3508.0 3630.0 3720.0 3613.0 3539.0 4365.0 4546.0 4506.0 4785.0 4830.0 4941.0 5020.0 5065.0 5138.0 5161.0 5088.0 5203.0 5244.0 5331.0 5469.0 5357.0 5332.0 5233.0 5147.0 4866.0 4525.0 3915.0 3332.0 3115.0 3649.0 4306.0 4716.0 4944.0 4994.0 4960.0 4834.0 4888.0 4968.0 4584.0 4448.0 4296.0 4259.0 3689.0 3139.0 2733.0 1552.0 1023.0 405.0 0.0 60.0 430.0 502.0 492.0 648.0 301.0 485.0 590.0 207.0 0.0 0.0 0.0 0.0 0.0 0.0 0.0 0.0 0.0 0.0 0.0 0.0 0.0 0.0 0.0 0.0 0.0
3623.0 3741.0 3759.0 3810.0 4079.0 4482.0 4862.0 5003.0 5271.0 5340.0 5312.0 5299.0 5266.0 5240.0 5292.0 5309.0 5356.0 5366.0 5296.0 5239.0 5311.0 5283.0 5160.0 4992.0 4695.0 4208.0 3496.0 3782.0 3842.0 4031.0 3744.0 4107.0 4257.0 4527.0 4529.0 4498.0 4611.0 4489.0 4524.0 4450.0 4331.0 4313.0 4069.0 3513.0 2904.0 2181.0 1123.0 166.0 0.0 0.0 0.0 0.0 0.0 0.0 0.0 0.0 0.0 0.0 0.0 0.0 0.0 0.0 0.0 0.0 0.0 0.0 0.0 0.0 0.0 0.0 0.0 0.0 0.0 0.0 0.0
3510.0 3709.0 3611.0 3799.0 4198.0 4493.0 4899.0 5005.0 5332.0 5478.0 5550.0 5627.0 5323.0 5378.0 5502.0 5456.0 5426.0 5405.0 5341.0 5339.0 5324.0 5294.0 5049.0 5013.0 4747.0 4407.0 4357.0 4314.0 4193.0 4159.0 4343.0 4402.0 4490.0 4540.0 4504.0 4548.0 4596.0 4532.0 4527.0 4390.0 4348.0 4330.0 4023.0 3192.0 2444.0 1418.0 897.0 0.0 0.0 0.0 0.0 0.0 0.0 0.0 0.0 0.0 0.0 0.0 0.0 0.0 0.0 0.0 0.0 0.0 0.0 0.0 0.0 0.0 0.0 0.0 0.0 0.0 0.0 0.0 0.0
3375.0 3399.0 3311.0 4176.0 4250.0 4573.0 4735.0 5071.0 5263.0 5554.0 5500.0 5643.0 5485.0 5526.0 5450.0 5441.0 5372.0 5372.0 5284.0 5269.0 5183.0 4803.0 4714.0 4703.0 4319.0 4279.0 4314.0 4105.0 3981.0 4082.0 4251.0 4491.0 4655.0 4516.0 4484.0 4665.0 4566.0 4463.0 4427.0 4406.0 4402.0 4332.0 3864.0 1696.0 267.0 421.0 302.0 0.0 0.0 0.0 0.0 0.0 0.0 0.0 0.0 0.0 0.0 0.0 0.0 0.0 0.0 0.0 0.0 0.0 0.0 0.0 0.0 0.0 0.0 0.0 0.0 0.0 0.0 0.0 0.0
3209.0 3419.0 3529.0 4179.0 4249.0 4599.0 4744.0 4928.0 5398.0 5470.0 5517.0 5485.0 5477.0 5463.0 5465.0 5373.0 5328.0 5364.0 5288.0 5217.0 5004.0 4492.0 4386.0 4101.0 3914.0 4087.0 3926.0 3646.0 4002.0 4171.0 4355.0 4478.0 4533.0 4478.0 4493.0 4424.0 4503.0 4368.0 4461.0 4440.0 4421.0 2168.0 449.0 290.0 0.0 0.0 0.0 0.0 0.0 0.0 0.0 0.0 0.0 0.0 0.0 0.0 0.0 0.0 0.0 0.0 0.0 0.0 0.0 0.0 0.0 0.0 0.0 0.0 0.0 0.0 0.0 0.0 0.0 0.0 0.0
3728.0 3775.0 3632.0 3707.0 3821.0 4712.0 4970.0 5405.0 5408.0 5476.0 5499.0 5474.0 5475.0 5473.0 5388.0 5332.0 5282.0 5241.0 5250.0 5026.0 4670.0 4083.0 4143.0 4376.0 4227.0 3944.0 2784.0 4081.0 4334.0 4412.0 4419.0 4440.0 4488.0 4477.0 4235.0 4041.0 3937.0 3908.0 4333.0 4225.0 3478.0 1124.0 96.0 0.0 0.0 0.0 0.0 0.0 0.0 0.0 0.0 0.0 0.0 0.0 0.0 0.0 0.0 0.0 0.0 0.0 0.0 0.0 0.0 0.0 0.0 0.0 0.0 0.0 0.0 0.0 0.0 0.0 0.0 0.0 0.0
4221.0 4062.0 3887.0 3459.0 2491.0 5187.0 5281.0 5351.0 5509.0 5486.0 5500.0 5492.0 5456.0 5437.0 5381.0 5296.0 5208.0 5139.0 5038.0 4848.0 4543.0 4409.0 4610.0 4684.0 4582.0 4423.0 4358.0 4533.0 4458.0 4419.0 4420.0 4479.0 4347.0 4275.0 4287.0 4142.0 3426.0 3695.0 3778.0 3640.0 2120.0 74.0 0.0 0.0 0.0 0.0 0.0 0.0 0.0 0.0 0.0 0.0 0.0 0.0 0.0 0.0 0.0 0.0 0.0 0.0 0.0 0.0 0.0 0.0 0.0 0.0 0.0 0.0 0.0 0.0 0.0 0.0 0.0 0.0 0.0
4287.0 4161.0 3842.0 3496.0 4096.0 5193.0 5521.0 5449.0 5478.0 5498.0 5494.0 5465.0 5446.0 5439.0 5389.0 5254.0 5139.0 5042.0 4947.0 4844.0 4790.0 4775.0 4785.0 4722.0 4631.0 4564.0 4503.0 4564.0 4575.0 4478.0 4479.0 4406.0 4237.0 3713.0 3907.0 3956.0 3193.0 3031.0 3044.0 2142.0 352.0 21.0 0.0 0.0 0.0 0.0 0.0 0.0 0.0 0.0 0.0 0.0 0.0 0.0 0.0 0.0 0.0 0.0 0.0 0.0 0.0 0.0 0.0 0.0 0.0 0.0 0.0 0.0 0.0 0.0 0.0 0.0 0.0 0.0 0.0
4387.0 4291.0 4190.0 4586.0 4599.0 4871.0 5257.0 5460.0 5534.0 5458.0 5459.0 5457.0 5440.0 5432.0 5369.0 5252.0 5081.0 4998.0 4929.0 4888.0 4847.0 4805.0 4766.0 4686.0 4634.0 4561.0 4493.0 4485.0 4424.0 4439.0 4310.0 4147.0 3754.0 3303.0 3263.0 3597.0 3332.0 2981.0 1950.0 1146.0 320.0 0.0 0.0 0.0 0.0 0.0 0.0 0.0 0.0 0.0 0.0 0.0 0.0 0.0 0.0 0.0 0.0 0.0 0.0 0.0 0.0 0.0 0.0 0.0 0.0 0.0 0.0 0.0 0.0 0.0 0.0 0.0 0.0 0.0 0.0
4538.0 4377.0 4331.0 4600.0 4831.0 4876.0 5060.0 5517.0 5559.0 5478.0 5471.0 5454.0 5456.0 5425.0 5276.0 5170.0 5056.0 5004.0 4954.0 4883.0 4829.0 4805.0 4750.0 4664.0 4587.0 4542.0 4444.0 4400.0 4244.0 4154.0 3848.0 3503.0 3024.0 2866.0 2889.0 2866.0 3000.0 3011.0 2576.0 2101.0 323.0 0.0 0.0 0.0 0.0 0.0 0.0 0.0 0.0 0.0 0.0 0.0 0.0 0.0 0.0 0.0 0.0 0.0 0.0 0.0 0.0 0.0 0.0 0.0 0.0 0.0 0.0 0.0 0.0 0.0 0.0 0.0 0.0 0.0 0.0
4565.0 4374.0 4070.0 4382.0 4831.0 5024.0 5101.0 5417.0 5416.0 5474.0 5474.0 5432.0 5413.0 5390.0 5251.0 5151.0 5057.0 4981.0 4901.0 4856.0 4817.0 4782.0 4726.0 4643.0 4569.0 4437.0 4321.0 4053.0 3588.0 3582.0 3382.0 3430.0 3282.0 2892.0 2645.0 2128.0 2353.0 2357.0 2218.0 1909.0 353.0 0.0 0.0 0.0 0.0 0.0 0.0 0.0 0.0 0.0 0.0 0.0 0.0 0.0 0.0 0.0 0.0 0.0 0.0 0.0 0.0 0.0 0.0 0.0 0.0 0.0 0.0 0.0 0.0 0.0 0.0 0.0 0.0 0.0 0.0
4611.0 4511.0 3747.0 4436.0 4931.0 5285.0 5271.0 5275.0 5440.0 5459.0 5459.0 5396.0 5391.0 5311.0 5222.0 5136.0 5045.0 4953.0 4872.0 4812.0 4748.0 4692.0 4620.0 4580.0 4462.0 4331.0 4093.0 3819.0 3658.0 3641.0 3631.0 3476.0 3366.0 2929.0 1904.0 2147.0 2153.0 2034.0 1799.0 1384.0 182.0 0.0 0.0 0.0 0.0 0.0 0.0 0.0 0.0 0.0 0.0 0.0 0.0 0.0 0.0 0.0 0.0 0.0 0.0 0.0 0.0 0.0 0.0 0.0 0.0 0.0 0.0 0.0 0.0 0.0 0.0 0.0 0.0 0.0 0.0
4718.0 4819.0 4910.0 5023.0 5107.0 5290.0 5384.0 5305.0 5403.0 5432.0 5439.0 5397.0 5282.0 5247.0 5130.0 5048.0 4958.0 4884.0 4813.0 4738.0 4678.0 4603.0 4495.0 4376.0 4216.0 4148.0 3958.0 3773.0 3731.0 3726.0 3593.0 3487.0 3867.0 1602.0 1746.0 1747.0 1694.0 1400.0 1218.0 154.0 0.0 0.0 0.0 0.0 0.0 0.0 0.0 0.0 0.0 0.0 0.0 0.0 0.0 0.0 0.0 0.0 0.0 0.0 0.0 0.0 0.0 0.0 0.0 0.0 0.0 0.0 0.0 0.0 0.0 0.0 0.0 0.0 0.0 0.0 0.0
4956.0 4860.0 4922.0 5122.0 5161.0 5244.0 5351.0 5351.0 5394.0 5440.0 5413.0 5330.0 5215.0 5152.0 5079.0 5009.0 4928.0 4860.0 4794.0 4703.0 4588.0 4559.0 4495.0 4144.0 3257.0 3805.0 3689.0 3639.0 3706.0 3717.0 3683.0 3313.0 1996.0 1376.0 1284.0 840.0 206.0 286.0 149.0 0.0 0.0 0.0 0.0 0.0 0.0 0.0 0.0 0.0 0.0 0.0 0.0 0.0 0.0 0.0 0.0 0.0 0.0 0.0 0.0 0.0 0.0 0.0 0.0 0.0 0.0 0.0 0.0 0.0 0.0 0.0 0.0 0.0 0.0 0.0 0.0
5126.0 5237.0 5139.0 5146.0 5215.0 5243.0 5308.0 5382.0 5398.0 5348.0 5304.0 5293.0 5176.0 5087.0 5031.0 4952.0 4903.0 4862.0 4779.0 4696.0 4571.0 4458.0 4295.0 4208.0 3552.0 2700.0 2180.0 2609.0 3602.0 3512.0 3442.0 2487.0 1682.0 1305.0 499.0 151.0 280.0 13.0 0.0 0.0 0.0 0.0 0.0 0.0 0.0 0.0 0.0 0.0 0.0 0.0 0.0 0.0 0.0 0.0 0.0 0.0 0.0 0.0 0.0 0.0 0.0 0.0 0.0 0.0 0.0 0.0 0.0 0.0 0.0 0.0 0.0 0.0 0.0 0.0 0.0
5474.0 5282.0 5243.0 5270.0 5317.0 5352.0 5325.0 5380.0 5352.0 5337.0 5278.0 5226.0 5149.0 5073.0 4988.0 4949.0 4886.0 4820.0 4739.0 4633.0 4520.0 4749.0 4210.0 3984.0 3672.0 3721.0 3667.0 3617.0 3175.0 2680.0 2721.0 2366.0 1837.0 1099.0 85.0 0.0 0.0 0.0 0.0 0.0 0.0 0.0 0.0 0.0 0.0 0.0 0.0 0.0 0.0 0.0 0.0 0.0 0.0 0.0 0.0 0.0 0.0 0.0 0.0 0.0 0.0 0.0 0.0 0.0 0.0 0.0 0.0 0.0 0.0 0.0 0.0 0.0 0.0 0.0 0.0
5504.0 5393.0 5391.0 5490.0 5413.0 5405.0 5314.0 5273.0 5296.0 5356.0 5275.0 5214.0 5140.0 5075.0 5005.0 4941.0 4893.0 4811.0 4711.0 4626.0 4442.0 4275.0 4093.0 3894.0 3851.0 3806.0 3705.0 3649.0 3499.0 3253.0 2906.0 2606.0 1885.0 1137.0 0.0 0.0 0.0 0.0 0.0 0.0 0.0 0.0 0.0 0.0 0.0 0.0 0.0 0.0 0.0 0.0 0.0 0.0 0.0 0.0 0.0 0.0 0.0 0.0 0.0 0.0 0.0 0.0 0.0 0.0 0.0 0.0 0.0 0.0 0.0 0.0 0.0 0.0 0.0 0.0 0.0
5562.0 5512.0 5505.0 5463.0 5468.0 5388.0 5376.0 5290.0 5417.0 5328.0 5280.0 5173.0 5129.0 5053.0 4977.0 4927.0 4883.0 4845.0 4678.0 4537.0 4333.0 4117.0 3834.0 3836.0 3760.0 3781.0 3737.0 3615.0 3478.0 3233.0 2896.0 2063.0 663.0 36.0 0.0 0.0 0.0 0.0 0.0 0.0 0.0 0.0 0.0 0.0 0.0 0.0 0.0 0.0 0.0 0.0 0.0 0.0 0.0 0.0 0.0 0.0 0.0 0.0 0.0 0.0 0.0 0.0 0.0 0.0 0.0 0.0 0.0 0.0 0.0 0.0 0.0 0.0 0.0 0.0 0.0
5768.0 5590.0 5594.0 5563.0 5538.0 5331.0 5528.0 5520.0 5420.0 5286.0 5234.0 5180.0 5118.0 5083.0 4997.0 4937.0 4870.0 4751.0 4621.0 4458.0 4172.0 3939.0 3716.0 3703.0 3732.0 3663.0 3724.0 3574.0 3392.0 2620.0 1247.0 486.0 0.0 0.0 0.0 0.0 0.0 0.0 0.0 0.0 0.0 0.0 0.0 0.0 0.0 0.0 0.0 0.0 0.0 0.0 0.0 0.0 0.0 0.0 0.0 0.0 0.0 0.0 0.0 0.0 0.0 0.0 0.0 0.0 0.0 0.0 0.0 0.0 0.0 0.0 0.0 0.0 0.0 0.0 0.0
5744.0 5788.0 5750.0 5706.0 5827.0 5616.0 5478.0 5443.0 5391.0 5297.0 5255.0 5297.0 5156.0 5071.0 4998.0 4938.0 4819.0 4693.0 4626.0 4401.0 4087.0 3833.0 3435.0 3402.0 3536.0 3547.0 3639.0 3453.0 2054.0 592.0 302.0 0.0 0.0 0.0 0.0 0.0 0.0 0.0 0.0 0.0 0.0 0.0 0.0 0.0 0.0 0.0 0.0 0.0 0.0 0.0 0.0 0.0 0.0 0.0 0.0 0.0 0.0 0.0 0.0 0.0 0.0 0.0 0.0 0.0 0.0 0.0 0.0 0.0 0.0 0.0 0.0 0.0 0.0 0.0 0.0
5826.0 5810.0 5707.0 5687.0 5635.0 5621.0 5638.0 5725.0 5435.0 5389.0 5335.0 5241.0 5146.0 5068.0 4978.0 4894.0 4784.0 4640.0 4524.0 4442.0 4074.0 3614.0 3245.0 3157.0 3249.0 3323.0 3180.0 2399.0 434.0 184.0 128.0 0.0 0.0 0.0 0.0 0.0 0.0 0.0 0.0 0.0 0.0 0.0 0.0 0.0 0.0 0.0 0.0 0.0 0.0 0.0 0.0 0.0 0.0 0.0 0.0 0.0 0.0 0.0 0.0 0.0 0.0 0.0 0.0 0.0 0.0 0.0 0.0 0.0 0.0 0.0 0.0 0.0 0.0 0.0 0.0
5799.0 5740.0 5725.0 5713.0 5696.0 5568.0 5524.0 5553.0 5392.0 5392.0 5285.0 5195.0 5124.0 5047.0 4966.0 4828.0 4732.0 4592.0 4487.0 4235.0 3967.0 3514.0 3142.0 2943.0 3021.0 2918.0 2631.0 895.0 94.0 167.0 180.0 0.0 0.0 0.0 0.0 0.0 0.0 0.0 0.0 0.0 0.0 0.0 0.0 0.0 0.0 0.0 0.0 0.0 0.0 0.0 0.0 0.0 0.0 0.0 0.0 0.0 0.0 0.0 0.0 0.0 0.0 0.0 0.0 0.0 0.0 0.0 0.0 0.0 0.0 0.0 0.0 0.0 0.0 0.0 0.0
5777.0 5986.0 5800.0 5724.0 5701.0 5703.0 5686.0 5685.0 5674.0 5329.0 5288.0 5214.0 5135.0 5022.0 4932.0 4815.0 4746.0 4578.0 4378.0 4099.0 3829.0 3579.0 3296.0 2888.0 2602.0 2413.0 1794.0 597.0 92.0 89.0 0.0 0.0 0.0 0.0 0.0 0.0 0.0 0.0 0.0 0.0 0.0 0.0 0.0 0.0 0.0 0.0 0.0 0.0 0.0 0.0 0.0 0.0 0.0 0.0 0.0 0.0 0.0 0.0 0.0 0.0 0.0 0.0 0.0 0.0 0.0 0.0 0.0 0.0 0.0 0.0 0.0 0.0 0.0 0.0 0.0
