Environmental Parameters/Training/Maximum_depth.asc
ncols 720
nrows 360
xllcorner -180.00
yllcorner -90.00
cellsize 0.5
NODATA_value -9999
[rows 132 to 164 of 360, columns 0 to 74 of 720]
5725.0 5762.0 5772.0 5689.0 5647.0 5607.0 5482.0 5426.0 5198.0 5153.0 5134.0 5195.0 5168.0 5111.0 4926.0 4827.0 4842.0 4769.0 4735.0 4695.0 4780.0 4852.0 5021.0 5000.0 5184.0 5125.0 5009.0 4451.0 4253.0 4163.0 4117.0 4766.0 4786.0 4731.0 4869.0 4878.0 4553.0 4693.0 4928.0 4913.0 4934.0 4809.0 4774.0 4758.0 4614.0 4427.0 4405.0 4428.0 4408.0 4577.0 4564.0 4772.0 5014.0 5211.0 5416.0 5477.0 5554.0 5536.0 5500.0 5472.0 5510.0 5577.0 5452.0 5472.0 5459.0 5452.0 5529.0 5619.0 5779.0 5812.0 5667.0 5550.0 5631.0 5593.0 5821.0
5742.0 5725.0 5751.0 5765.0 5789.0 5717.0 5625.0 5555.0 5345.0 5327.0 5258.0 5184.0 5185.0 5105.0 5031.0 4882.0 4877.0 4838.0 4751.0 4715.0 4700.0 4809.0 4902.0 4930.0 5076.0 5035.0 4935.0 4780.0 4647.0 4753.0 4481.0 4574.0 4430.0 3951.0 3951.0 3785.0 3848.0 4704.0 4990.0 4878.0 4903.0 4949.0 4872.0 4772.0 4682.0 4490.0 4371.0 4374.0 4336.0 4402.0 4592.0 4737.0 4921.0 5190.0 5329.0 5452.0 5501.0 5620.0 5570.0 5561.0 5499.0 5483.0 5388.0 5505.0 5721.0 5577.0 5783.0 5952.0 5657.0 5659.0 5657.0 5681.0 5650.0 5587.0 5566.0
5572.0 5724.0 5757.0 5743.0 5706.0 5745.0 5696.0 5578.0 5429.0 5337.0 5325.0 5271.0 5208.0 5200.0 5103.0 4996.0 4963.0 4880.0 4803.0 4756.0 4749.0 4721.0 4877.0 4894.0 4920.0 4928.0 4843.0 4842.0 4894.0 4912.0 4819.0 4865.0 4857.0 4649.0 4549.0 4323.0 4420.0 4350.0 4738.0 4877.0 4901.0 4794.0 5000.0 5065.0 4839.0 4791.0 4667.0 4697.0 4526.0 4427.0 4550.0 4667.0 5030.0 5109.0 5314.0 5416.0 5653.0 5621.0 5535.0 5754.0 5789.0 5890.0 5806.0 5695.0 5848.0 5963.0 6132.0 6250.0 6016.0 6267.0 5969.0 5889.0 5691.0 5891.0 5870.0
5589.0 5569.0 5773.0 5746.0 5732.0 5817.0 5708.0 5675.0 5514.0 5457.0 5392.0 5345.0 5306.0 5269.0 5345.0 5292.0 5037.0 5111.0 5030.0 4879.0 4868.0 4743.0 4928.0 4828.0 4693.0 4648.0 4836.0 4830.0 4820.0 4769.0 4776.0 4827.0 4855.0 4873.0 4744.0 4653.0 4699.0 4678.0 4616.0 4560.0 4562.0 3706.0 4937.0 5003.0 4920.0 4825.0 5077.0 5153.0 5067.0 4875.0 4718.0 4885.0 5085.0 5527.0 5577.0 5784.0 5852.0 5853.0 5959.0 6000.0 5748.0 5724.0 5815.0 5599.0 5871.0 5689.0 6018.0 6018.0 5988.0 5792.0 5723.0 5743.0 5722.0 5787.0 5783.0
5418.0 5481.0 5600.0 5739.0 5771.0 5912.0 5873.0 5794.0 5715.0 5735.0 5597.0 5536.0 5386.0 5366.0 5407.0 5329.0 5144.0 5026.0 5045.0 4927.0 4985.0 4852.0 5018.0 4923.0 4809.0 4852.0 4829.0 4733.0 4882.0 4907.0 4847.0 4865.0 4840.0 4909.0 4821.0 4791.0 4718.0 4676.0 4479.0 4339.0 4144.0 4351.0 4520.0 3768.0 4497.0 4614.0 5359.0 5760.0 5752.0 5633.0 5267.0 5198.0 5413.0 5211.0 5502.0 5598.0 5809.0 5607.0 5773.0 5635.0 5584.0 5570.0 5775.0 5467.0 5499.0 5516.0 5473.0 5672.0 5781.0 5800.0 5640.0 5669.0 5674.0 5809.0 5980.0
5249.0 5370.0 5440.0 5574.0 5803.0 5870.0 5791.0 5761.0 5701.0 5678.0 5619.0 5571.0 5649.0 5564.0 5502.0 5260.0 5182.0 5390.0 5093.0 5003.0 4930.0 4953.0 5148.0 5016.0 4930.0 4889.0 4971.0 5085.0 4981.0 5131.0 5014.0 5005.0 4991.0 4900.0 4846.0 4763.0 4693.0 4718.0 4708.0 4712.0 4711.0 4719.0 4761.0 4428.0 2188.0 3388.0 4476.0 5728.0 5793.0 5846.0 5851.0 5495.0 5347.0 5407.0 5328.0 5461.0 5550.0 5632.0 5862.0 5879.0 5982.0 6001.0 6047.0 6334.0 5771.0 5623.0 5727.0 5721.0 5831.0 5769.0 5619.0 5639.0 5667.0 5713.0 5625.0
5050.0 5395.0 5349.0 5512.0 5584.0 5679.0 5664.0 5531.0 5741.0 5569.0 5643.0 5488.0 5470.0 5606.0 5568.0 5284.0 5237.0 5023.0 5002.0 4614.0 4912.0 5384.0 5097.0 5035.0 5193.0 5220.0 5115.0 5132.0 5097.0 5071.0 5097.0 5075.0 5032.0 4940.0 4927.0 4963.0 4944.0 4837.0 4825.0 5096.0 5204.0 5217.0 4730.0 4700.0 4866.0 4438.0 732.0 1981.0 4394.0 5755.0 5832.0 5716.0 5486.0 5327.0 5377.0 5280.0 5228.0 5448.0 5398.0 5606.0 6096.0 6159.0 5842.0 5693.0 5477.0 5525.0 5506.0 5472.0 5483.0 5707.0 5688.0 5729.0 5716.0 5638.0 5633.0
4818.0 5065.0 5163.0 5226.0 5377.0 5410.0 5642.0 5617.0 5801.0 5626.0 5653.0 5623.0 5450.0 5594.0 4414.0 3905.0 4557.0 4650.0 4207.0 4502.0 5078.0 5139.0 5056.0 5132.0 5261.0 5366.0 5197.0 5229.0 5194.0 5203.0 5107.0 5306.0 5248.0 5103.0 5118.0 5132.0 4988.0 5240.0 5242.0 5233.0 4602.0 4578.0 4430.0 4635.0 4853.0 4740.0 4780.0 4197.0 2656.0 5219.0 5779.0 5779.0 5522.0 5327.0 5296.0 5292.0 5406.0 5440.0 5398.0 5473.0 5628.0 5567.0 5542.0 5531.0 5475.0 5530.0 5602.0 5462.0 5459.0 5532.0 5642.0 5677.0 5704.0 5724.0 5841.0
4694.0 4728.0 4910.0 4968.0 5014.0 5238.0 5500.0 5561.0 5617.0 5474.0 5446.0 5201.0 5110.0 5071.0 3417.0 4029.0 3956.0 3531.0 4424.0 4953.0 5151.0 5052.0 5002.0 5128.0 5614.0 5363.0 5414.0 5322.0 5369.0 5462.0 5402.0 5357.0 5384.0 5376.0 5554.0 5521.0 5406.0 5072.0 5058.0 4963.0 4749.0 4537.0 4459.0 4423.0 4364.0 4767.0 4807.0 4805.0 1884.0 832.0 4903.0 5624.0 5572.0 5415.0 5324.0 5373.0 5460.0 5500.0 5393.0 5426.0 5443.0 5491.0 5497.0 5521.0 5522.0 5577.0 5620.0 5568.0 5554.0 5637.0 5724.0 5701.0 5698.0 5673.0 5766.0
4854.0 4828.0 4897.0 5096.0 5175.0 5255.0 5452.0 5445.0 5465.0 5389.0 5474.0 4986.0 4771.0 3278.0 4187.0 4437.0 4988.0 3165.0 4606.0 4921.0 5063.0 5088.0 5272.0 5230.0 5251.0 5394.0 5720.0 5602.0 5502.0 5525.0 5453.0 5565.0 5521.0 5566.0 5560.0 5636.0 5459.0 5237.0 5136.0 5043.0 4848.0 4816.0 4563.0 4514.0 4488.0 4767.0 4794.0 4734.0 2948.0 3316.0 5587.0 5708.0 5553.0 5352.0 5280.0 5307.0 5414.0 5508.0 5504.0 5508.0 5613.0 5654.0 5522.0 5577.0 5560.0 5577.0 5599.0 5555.0 5576.0 5584.0 5587.0 5539.0 5574.0 5567.0 5639.0
4942.0 4318.0 4594.0 4793.0 4897.0 5076.0 5493.0 5113.0 5124.0 4841.0 4751.0 4718.0 2661.0 4170.0 5081.0 5124.0 5124.0 5092.0 5090.0 4595.0 4961.0 5229.0 5194.0 5155.0 5064.0 5397.0 5849.0 5747.0 5843.0 5860.0 5961.0 5612.0 5697.0 5802.0 5527.0 5545.0 5586.0 5445.0 5326.0 5214.0 5118.0 4932.0 4798.0 4652.0 4509.0 4589.0 4684.0 5013.0 4985.0 5202.0 5486.0 5542.0 5436.0 5293.0 5280.0 5329.0 5439.0 5542.0 5561.0 5610.0 5524.0 5560.0 5532.0 5624.0 6287.0 6339.0 5613.0 5530.0 5542.0 5652.0 5549.0 5501.0 5551.0 5537.0 5566.0
4778.0 4750.0 4531.0 4326.0 4410.0 4925.0 4702.0 4465.0 4587.0 3199.0 2771.0 3079.0 4516.0 4513.0 5192.0 5418.0 5450.0 5304.0 5224.0 5327.0 5299.0 5418.0 5178.0 5205.0 5196.0 5411.0 5600.0 5821.0 5716.0 5677.0 5665.0 5546.0 5675.0 5832.0 5593.0 5578.0 5629.0 5594.0 5530.0 5351.0 5255.0 5065.0 4944.0 4901.0 4910.0 4718.0 4833.0 5087.0 5152.0 5201.0 5247.0 5350.0 5296.0 5214.0 5293.0 5439.0 5471.0 5507.0 5405.0 5467.0 5434.0 5519.0 5561.0 5583.0 5863.0 5596.0 5676.0 5743.0 5451.0 5558.0 5576.0 5487.0 5448.0 5590.0 5599.0
5256.0 5252.0 5364.0 5286.0 5044.0 4161.0 4197.0 4024.0 3183.0 3879.0 4606.0 4797.0 5229.0 5171.0 5351.0 5376.0 5331.0 5322.0 5286.0 5532.0 5457.0 5481.0 5245.0 5211.0 5335.0 5345.0 5490.0 5448.0 5500.0 5542.0 5653.0 5578.0 5632.0 5672.0 5744.0 5714.0 5628.0 5606.0 5583.0 5512.0 5509.0 5431.0 5062.0 5036.0 4975.0 4877.0 4932.0 4965.0 5121.0 5202.0 5169.0 5213.0 5210.0 5163.0 5338.0 5436.0 5487.0 5343.0 5392.0 5417.0 5449.0 5479.0 5518.0 5515.0 5595.0 5590.0 5646.0 5956.0 5533.0 5609.0 5562.0 5613.0 5552.0 5396.0 5646.0
5299.0 5421.0 5359.0 5295.0 5050.0 5240.0 5044.0 4984.0 4972.0 4933.0 5324.0 5529.0 5441.0 5402.0 5447.0 5371.0 5435.0 5359.0 5367.0 5504.0 5403.0 5260.0 5215.0 5250.0 5444.0 5526.0 5535.0 5476.0 5493.0 5556.0 5568.0 5592.0 5666.0 5867.0 5831.0 5719.0 5658.0 5693.0 5611.0 5620.0 5635.0 5506.0 5407.0 5298.0 5287.0 5057.0 4985.0 5098.0 5104.0 5266.0 5304.0 5207.0 5330.0 5277.0 5395.0 5387.0 5419.0 5440.0 5391.0 5417.0 5421.0 5486.0 5479.0 5441.0 5505.0 5567.0 5521.0 5496.0 5524.0 5534.0 5542.0 5610.0 5952.0 5580.0 5534.0
5266.0 5356.0 5384.0 5296.0 5291.0 5398.0 5420.0 5589.0 5473.0 5578.0 5638.0 5529.0 5607.0 5783.0 5683.0 5487.0 5373.0 5301.0 5346.0 5379.0 5052.0 5182.0 5181.0 5167.0 5493.0 5619.0 5419.0 5405.0 5476.0 5598.0 5656.0 5661.0 5958.0 5804.0 5834.0 5682.0 5735.0 5758.0 5715.0 5731.0 5679.0 5602.0 5571.0 5467.0 5489.0 5419.0 5301.0 5298.0 5127.0 5123.0 5345.0 5310.0 5315.0 5375.0 5449.0 5395.0 5417.0 5446.0 5437.0 5460.0 5466.0 5373.0 5344.0 5374.0 5474.0 5473.0 5490.0 5505.0 5480.0 5622.0 5682.0 5588.0 5501.0 5517.0 5625.0
5370.0 5300.0 5239.0 5296.0 5169.0 5610.0 5830.0 5600.0 5592.0 5935.0 5986.0 5797.0 5680.0 5838.0 6037.0 6228.0 6127.0 5770.0 5589.0 5338.0 5275.0 5293.0 5360.0 5324.0 5494.0 5514.0 5604.0 5532.0 5425.0 5523.0 5615.0 5649.0 5625.0 5719.0 5626.0 5821.0 5714.0 5875.0 5828.0 5720.0 5680.0 5678.0 5722.0 5655.0 5628.0 5444.0 5489.0 5351.0 5216.0 5293.0 5372.0 5512.0 5564.0 5580.0 5591.0 5557.0 5495.0 5559.0 5570.0 5407.0 5405.0 5349.0 5360.0 5714.0 5662.0 5551.0 5537.0 5487.0 5586.0 5543.0 5596.0 5617.0 5534.0 5559.0 5566.0
5533.0 5355.0 5577.0 5336.0 5124.0 5350.0 5928.0 5677.0 5776.0 5800.0 5876.0 5860.0 5962.0 6007.0 6088.0 6056.0 5816.0 6019.0 5542.0 5378.0 5412.0 5078.0 5424.0 5457.0 5439.0 5680.0 5623.0 5638.0 5518.0 5454.0 5612.0 5697.0 5777.0 5769.0 5781.0 5761.0 5654.0 5827.0 5718.0 5688.0 5682.0 5648.0 5718.0 6028.0 5827.0 5517.0 5457.0 5463.0 5489.0 5649.0 5495.0 5548.0 5544.0 5693.0 5688.0 5702.0 5762.0 5636.0 5544.0 5500.0 5386.0 5362.0 5389.0 5389.0 5420.0 5478.0 5579.0 5577.0 5616.0 5642.0 5613.0 5604.0 5518.0 5552.0 5555.0
5691.0 5551.0 5627.0 5630.0 5287.0 5335.0 5643.0 5942.0 5787.0 5915.0 6010.0 5939.0 6119.0 6219.0 6227.0 6122.0 5996.0 6108.0 5924.0 5898.0 5732.0 5669.0 5703.0 5532.0 5258.0 5374.0 5523.0 5719.0 5556.0 5700.0 5559.0 5641.0 5810.0 5850.0 5836.0 5721.0 5668.0 5685.0 5695.0 5709.0 5688.0 5667.0 5729.0 5799.0 5893.0 5869.0 5722.0 5646.0 5705.0 5648.0 5622.0 5711.0 5765.0 5929.0 5873.0 5797.0 5803.0 5712.0 5614.0 5532.0 5493.0 5432.0 5642.0 6203.0 5500.0 5477.0 5558.0 5569.0 5510.0 5507.0 5546.0 5524.0 5892.0 5902.0 6187.0
6065.0 6052.0 5986.0 5731.0 5614.0 5341.0 5742.0 5930.0 6145.0 5987.0 5829.0 5916.0 5830.0 5796.0 5918.0 5889.0 5991.0 6045.0 5979.0 5965.0 5787.0 5612.0 5639.0 5430.0 5439.0 5467.0 5422.0 5587.0 5558.0 5618.0 5709.0 5723.0 5676.0 5861.0 5737.0 5791.0 5754.0 5729.0 5742.0 5748.0 5748.0 5671.0 5679.0 5747.0 5822.0 5930.0 5831.0 5871.0 5734.0 5716.0 5642.0 5784.0 5860.0 6026.0 5930.0 5827.0 5861.0 5752.0 5716.0 5549.0 5449.0 5553.0 5645.0 6007.0 6043.0 5900.0 6294.0 6091.0 6050.0 6010.0 6231.0 6271.0 5938.0 5628.0 5258.0
5975.0 5774.0 5767.0 5713.0 5454.0 5421.0 5395.0 5790.0 5927.0 5847.0 5897.0 5901.0 6123.0 6219.0 6087.0 5983.0 5957.0 6014.0 5947.0 5986.0 5839.0 5456.0 5722.0 5500.0 5392.0 5379.0 5555.0 5468.0 5495.0 5625.0 5658.0 5672.0 5755.0 5806.0 5709.0 5773.0 5788.0 5811.0 5744.0 5728.0 5733.0 5729.0 5742.0 5724.0 5853.0 5859.0 5951.0 5964.0 5880.0 6042.0 6107.0 6084.0 6107.0 6196.0 6224.0 6174.0 6560.0 5947.0 5904.0 5957.0 6094.0 6214.0 6182.0 6150.0 5793.0 6175.0 6151.0 6004.0 5859.0 5472.0 5491.0 5388.0 5199.0 5163.0 5137.0
5924.0 5930.0 5851.0 5529.0 5194.0 5206.0 5319.0 5665.0 5700.0 5753.0 5834.0 6003.0 6150.0 6196.0 6001.0 5900.0 6029.0 6019.0 6108.0 6131.0 5983.0 6224.0 5952.0 5673.0 5442.0 5533.0 5453.0 5510.0 5527.0 5780.0 5681.0 5628.0 5689.0 5833.0 5740.0 5723.0 5725.0 5825.0 5842.0 5715.0 5655.0 5672.0 5803.0 5920.0 5968.0 5888.0 5952.0 5926.0 5909.0 5912.0 6127.0 6261.0 6194.0 6336.0 6312.0 6026.0 6078.0 6193.0 6041.0 5947.0 6040.0 5459.0 5478.0 5429.0 5442.0 5509.0 5518.0 5508.0 5393.0 5303.0 5526.0 5185.0 5156.0 5254.0 5255.0
6359.0 6024.0 5873.0 5289.0 5167.0 5071.0 5264.0 5300.0 5541.0 5680.0 5695.0 5759.0 5949.0 5827.0 5814.0 5981.0 6107.0 5952.0 6280.0 6086.0 6181.0 6069.0 5880.0 5594.0 5722.0 5422.0 5427.0 5449.0 5274.0 5545.0 5554.0 5514.0 5483.0 5607.0 5672.0 5710.0 5793.0 5608.0 5845.0 5951.0 5860.0 5708.0 5831.0 5832.0 5694.0 5670.0 5768.0 5720.0 5686.0 5561.0 5551.0 5650.0 5735.0 5732.0 5774.0 5874.0 5810.0 5760.0 5622.0 5464.0 5631.0 5518.0 5507.0 5514.0 5515.0 5512.0 5518.0 5456.0 5404.0 5393.0 5412.0 5243.0 5259.0 5191.0 5115.0
6499.0 5956.0 5834.0 5463.0 5193.0 4827.0 5003.0 5170.0 5311.0 5589.0 5816.0 5568.0 5879.0 5804.0 6142.0 5869.0 5897.0 6009.0 5972.0 5871.0 5906.0 5873.0 5875.0 5659.0 5432.0 5371.0 5404.0 5765.0 5438.0 5576.0 5538.0 5552.0 5567.0 5547.0 5556.0 5706.0 5878.0 5761.0 5750.0 5634.0 5577.0 5474.0 5573.0 5624.0 5812.0 5711.0 5733.0 5648.0 5657.0 5456.0 5467.0 5549.0 5503.0 5501.0 5595.0 5613.0 5665.0 5609.0 5607.0 5427.0 5482.0 5622.0 5553.0 5428.0 5515.0 5715.0 5660.0 5705.0 5838.0 5603.0 5599.0 5558.0 5576.0 5826.0 5363.0
6321.0 6000.0 6114.0 5610.0 4985.0 4568.0 4938.0 5239.0 5365.0 5500.0 5693.0 5766.0 5833.0 5647.0 5465.0 5695.0 5931.0 5820.0 5691.0 5677.0 5874.0 5697.0 5539.0 5578.0 5494.0 5478.0 5637.0 5558.0 5375.0 5420.0 5363.0 5453.0 5601.0 5505.0 5614.0 5638.0 5683.0 5802.0 5835.0 5761.0 5616.0 5576.0 5379.0 5544.0 5669.0 5614.0 5586.0 5539.0 5515.0 5246.0 5361.0 5464.0 5475.0 5337.0 5375.0 5470.0 5453.0 5621.0 5549.0 5520.0 5440.0 5537.0 5541.0 5504.0 5487.0 5506.0 5506.0 5470.0 5549.0 5613.0 5647.0 5633.0 5477.0 5620.0 5486.0
6408.0 6275.0 6101.0 5604.0 5521.0 5484.0 5467.0 5591.0 5602.0 5628.0 5609.0 5709.0 5732.0 5623.0 5367.0 5511.0 5888.0 5580.0 5701.0 5777.0 5738.0 5464.0 5445.0 5404.0 5453.0 5555.0 5348.0 5454.0 5231.0 5362.0 5335.0 5422.0 5516.0 5459.0 5538.0 5468.0 5681.0 6063.0 5812.0 5672.0 5687.0 5500.0 5365.0 5390.0 5623.0 5712.0 5577.0 5520.0 5254.0 5260.0 5325.0 5366.0 5403.0 5283.0 5344.0 5479.0 5469.0 5392.0 5501.0 5579.0 5543.0 5514.0 5579.0 5531.0 5560.0 5544.0 5479.0 5493.0 5609.0 5577.0 5571.0 5587.0 5423.0 5269.0 5137.0
6234.0 6342.0 6326.0 6013.0 6166.0 5789.0 5914.0 5826.0 5665.0 5532.0 5219.0 5634.0 5634.0 5670.0 5704.0 5646.0 5653.0 5524.0 5646.0 5618.0 5094.0 5382.0 5485.0 5545.0 5471.0 5556.0 5337.0 5360.0 5114.0 5042.0 4994.0 5133.0 5212.0 5385.0 5478.0 5357.0 5473.0 5990.0 5576.0 5700.0 5761.0 5530.0 5426.0 5384.0 5402.0 5562.0 5625.0 5524.0 5287.0 5327.0 5292.0 5353.0 5440.0 5256.0 5329.0 5457.0 5483.0 5416.0 5473.0 5427.0 5496.0 5491.0 5385.0 5352.0 5432.0 5440.0 5379.0 5468.0 5519.0 5437.0 5474.0 5454.0 5390.0 5491.0 5136.0
6224.0 6246.0 6290.0 6385.0 6380.0 6564.0 5884.0 6043.0 5905.0 5720.0 5315.0 5677.0 5673.0 5754.0 5827.0 5756.0 5571.0 5572.0 5630.0 4778.0 4062.0 5122.0 5503.0 5493.0 5702.0 5565.0 5484.0 5214.0 5041.0 5063.0 4951.0 5039.0 5041.0 5123.0 5247.0 5358.0 5395.0 5410.0 5718.0 5641.0 5393.0 5581.0 5626.0 5356.0 5413.0 5470.0 5712.0 5390.0 5347.0 5343.0 5296.0 5247.0 5258.0 5331.0 5338.0 5370.0 5429.0 5389.0 5475.0 5381.0 5393.0 5430.0 5404.0 5400.0 5359.0 5396.0 5312.0 5283.0 5346.0 5320.0 5447.0 5373.0 5356.0 5413.0 5187.0
6326.0 6264.0 6236.0 6221.0 6187.0 6473.0 6474.0 6240.0 6455.0 6127.0 5851.0 5855.0 5878.0 5857.0 5949.0 5924.0 5845.0 5266.0 5024.0 4961.0 4434.0 5226.0 5441.0 5666.0 5488.0 5384.0 5394.0 5070.0 4809.0 4692.0 4923.0 4995.0 4926.0 4859.0 5218.0 5311.0 5394.0 5301.0 5392.0 5469.0 5425.0 5356.0 5358.0 5306.0 5325.0 5503.0 5603.0 5312.0 5287.0 5415.0 5410.0 5222.0 5277.0 5356.0 5447.0 5394.0 5303.0 5210.0 5334.0 5364.0 5429.0 5369.0 5392.0 5375.0 5338.0 5367.0 5287.0 5263.0 5212.0 5253.0 5376.0 5289.0 5414.0 5258.0 5193.0
6269.0 6215.0 6217.0 6192.0 6140.0 6166.0 6353.0 6104.0 6139.0 6271.0 6009.0 6029.0 5931.0 5915.0 5993.0 6049.0 5774.0 4873.0 5158.0 5141.0 4645.0 5029.0 5395.0 5407.0 5450.0 5397.0 5474.0 5304.0 5036.0 4779.0 4462.0 4773.0 4715.0 4663.0 4978.0 4952.0 5138.0 5201.0 5510.0 5226.0 5276.0 5125.0 5236.0 5336.0 5456.0 5562.0 5364.0 5344.0 5353.0 5429.0 5397.0 5272.0 5240.0 5384.0 5429.0 5476.0 5355.0 5376.0 5323.0 5364.0 5320.0 5373.0 5418.0 5343.0 5357.0 5362.0 5293.0 5240.0 5273.0 5304.0 5235.0 5242.0 5404.0 5337.0 5225.0
6173.0 6154.0 6155.0 6154.0 6041.0 6028.0 6195.0 6393.0 6637.0 6605.0 6437.0 6286.0 6022.0 5966.0 5995.0 5811.0 5686.0 5174.0 5229.0 5453.0 5365.0 5166.0 5479.0 5425.0 5653.0 5314.0 5249.0 5152.0 5004.0 5003.0 4939.0 5012.0 4929.0 4883.0 4927.0 5042.0 5336.0 5163.0 5320.0 5148.0 5067.0 4810.0 5110.0 5005.0 5156.0 5420.0 5357.0 5399.0 5304.0 5395.0 5370.0 5224.0 5263.0 5306.0 5343.0 5343.0 5279.0 5340.0 5232.0 5143.0 5075.0 5277.0 5283.0 5246.0 5300.0 5319.0 5274.0 5313.0 5266.0 5333.0 5281.0 5411.0 5301.0 5228.0 5184.0
6147.0 6048.0 6056.0 6085.0 5994.0 5831.0 5897.0 6174.0 6144.0 6288.0 6011.0 6873.0 6581.0 6308.0 5872.0 5849.0 5728.0 5514.0 5358.0 5676.0 5545.0 5442.0 5254.0 5413.0 5526.0 5414.0 5243.0 5268.0 5072.0 5205.0 5063.0 5204.0 4943.0 4932.0 4884.0 4900.0 5078.0 5131.0 5124.0 5216.0 5023.0 4878.0 5097.0 5002.0 5145.0 5307.0 5336.0 5504.0 5375.0 5380.0 5376.0 5266.0 5267.0 5315.0 5320.0 5460.0 5447.0 5330.0 5210.0 5165.0 5076.0 5275.0 5296.0 5257.0 5381.0 5322.0 5546.0 5324.0 5358.0 5390.0 5339.0 5422.0 5398.0 5403.0 5227.0
6214.0 5975.0 5902.0 5884.0 5911.0 5674.0 5667.0 5610.0 5984.0 6179.0 6053.0 6144.0 6085.0 6034.0 6119.0 5942.0 5832.0 5506.0 5612.0 5653.0 5639.0 5706.0 5384.0 5181.0 5344.0 5389.0 5270.0 5214.0 5182.0 5186.0 5282.0 5253.0 4886.0 4805.0 4772.0 5137.0 5090.0 4996.0 4920.0 5006.0 4771.0 4807.0 4928.0 4857.0 4986.0 5219.0 5251.0 5467.0 5257.0 5300.0 5342.0 5179.0 5299.0 5358.0 5278.0 5259.0 5238.0 5190.0 5165.0 5108.0 5067.0 5125.0 5135.0 5298.0 5478.0 5522.0 5348.0 5338.0 5404.0 5399.0 5309.0 5232.0 5370.0 5386.0 5301.0
6258.0 5986.0 5875.0 5823.0 5680.0 5208.0 4874.0 4232.0 5762.0 6027.0 6159.0 6018.0 6074.0 6043.0 5973.0 5783.0 5701.0 5613.0 5683.0 5739.0 5640.0 5754.0 5480.0 5251.0 5298.0 5357.0 5289.0 5369.0 5328.0 5116.0 5356.0 5483.0 5037.0 4644.0 4825.0 4626.0 4455.0 4899.0 4912.0 4888.0 4723.0 4868.0 4844.0 4877.0 4912.0 5091.0 5250.0 5375.0 5334.0 5265.0 5262.0 5208.0 5327.0 5366.0 5259.0 5432.0 5508.0 5347.0 5192.0 5246.0 5106.0 5143.0 5085.0 5066.0 5175.0 5265.0 5288.0 5301.0 5327.0 5247.0 5219.0 5292.0 5225.0 5290.0 5316.0
