Environmental Parameters/Training/Net_Primary_Production.asc
ncols 720
nrows 360
xllcorner -180.00
yllcorner -90.00
cellsize 0.5
NODATA_value -9999
[rows 175 to 199 of 360, columns 342 to 398 of 720]
3.865000093 3.961000126 4.069999792 4.184000194 4.279999994 4.370000213 4.447999876 4.557999782 4.72499989 4.962000065 5.299999844 5.69400005 6.116000004 6.450000219 6.597000174 6.510999985 6.256999914 5.925999954 5.669999868 5.520999897 5.458999891 5.503000226 5.661000032 5.921999924 6.279000081 6.345999893 6.163000129 5.975000095 5.849999841 5.748999771 5.425999872 4.420000128 3.264999948 2.448000014 1.866000006 1.632999978 2.870999975 12.68499997 -9999.0 -9999.0 -9999.0 -9999.0 -9999.0 -9999.0 -9999.0 -9999.0 -9999.0 -9999.0 -9999.0 -9999.0 -9999.0 -9999.0 -9999.0 -9999.0 -9999.0 -9999.0 -9999.0
5.54500008 5.520000122 5.489000119 5.444000009 5.375000183 5.297000054 5.233999807 5.195000209 5.216999911 5.305000115 5.462999921 5.663000047 5.824999884 5.888000131 5.882000085 5.778000224 5.599000026 5.421999842 5.317999981 5.274999887 5.272000097 5.309000146 5.458000116 5.619999953 5.723000038 5.719000008 5.628000014 5.431000143 5.208000075 5.040999968 4.809999838 4.408999812 3.838999895 3.199999919 2.860999899 2.130999928 4.608000163 12.36807089 -9999.0 -9999.0 -9999.0 -9999.0 -9999.0 -9999.0 -9999.0 -9999.0 -9999.0 -9999.0 -9999.0 -9999.0 -9999.0 -9999.0 -9999.0 -9999.0 -9999.0 -9999.0 -9999.0
8.325999603 8.10599979 7.801999804 7.501999848 7.201000117 6.854000036 6.512000225 6.227000151 6.053000223 5.975000095 5.948000122 5.952000152 5.934000015 5.857999902 5.729999859 5.565000232 5.417999811 5.315999966 5.253000185 5.262000021 5.30599989 5.357000045 5.481000058 5.572000053 5.570999812 5.54399984 5.49700018 5.373999942 5.245999899 5.090000108 4.672000185 4.207999911 3.838999895 3.423999995 3.000000026 2.479000017 6.016000174 12.1499151 -9999.0 -9999.0 -9999.0 -9999.0 -9999.0 -9999.0 -9999.0 -9999.0 -9999.0 -9999.0 -9999.0 -9999.0 -9999.0 -9999.0 -9999.0 -9999.0 -9999.0 -9999.0 -9999.0
12.1790003 11.76599972 11.28700003 10.76299977 10.15499979 9.4569996 8.729999885 8.109999821 7.639000192 7.271999959 6.974000018 6.750000175 6.570000201 6.401000079 6.221000105 6.047000177 5.913999863 5.83200017 5.768999923 5.770000163 5.816000048 5.867999978 5.960999988 6.049000192 6.084000226 6.053000223 5.954999942 5.814999808 5.723000038 5.537999794 5.003000144 4.751000088 4.180000164 3.770000068 3.49500007 4.046000075 6.448999979 12.02695072 -9999.0 -9999.0 -9999.0 -9999.0 -9999.0 -9999.0 -9999.0 -9999.0 -9999.0 -9999.0 -9999.0 -9999.0 -9999.0 -9999.0 -9999.0 -9999.0 -9999.0 -9999.0 -9999.0
15.8220008 15.66400006 15.36700036 14.90900014 14.31300025 13.63699976 12.82699965 11.90800034 11.05699968 10.3869997 9.833999909 9.312000126 8.833000436 8.423999883 8.076000027 7.786999922 7.538999896 7.311999798 7.135999855 7.019999903 6.94399979 6.936000194 6.949999835 6.957000121 6.941 6.829000078 6.670999806 6.537000183 6.411000155 6.246000063 5.760999862 4.922000226 4.633000121 4.39100014 5.543000065 9.599000216 11.63700037 11.98699977 -9999.0 -9999.0 -9999.0 -9999.0 -9999.0 -9999.0 -9999.0 -9999.0 -9999.0 -9999.0 -9999.0 -9999.0 -9999.0 -9999.0 -9999.0 -9999.0 -9999.0 -9999.0 -9999.0
17.38299988 17.62199961 17.75000058 17.75800064 17.61999913 17.28799939 16.77500084 16.12200029 15.23199957 14.37599957 13.66399974 13.03400006 12.41999958 11.79600041 11.22699957 10.69799997 10.18999983 9.735999629 9.376999922 9.06500034 8.764999919 8.519000374 8.306000382 8.119000122 7.934999652 7.743999828 7.544000167 7.356999908 7.108999882 6.80000009 6.467000116 6.134999916 5.69400005 5.74199995 8.330999874 13.40499986 13.30600027 -9999.0 -9999.0 -9999.0 -9999.0 -9999.0 -9999.0 -9999.0 -9999.0 -9999.0 -9999.0 -9999.0 -9999.0 -9999.0 -9999.0 -9999.0 -9999.0 -9999.0 -9999.0 -9999.0 -9999.0
16.43900014 16.78399928 17.09000021 17.35999994 17.59500057 17.7480001 17.80099981 17.69099943 17.35699922 16.84799977 16.25400037 15.58999997 14.94500041 14.33499996 13.7339998 13.13399989 12.54300028 11.97700016 11.42400037 10.89600008 10.44199988 10.03499981 9.64799989 9.298999794 8.999999613 8.739000186 8.531000465 8.372000419 8.20299983 8.050999604 7.884999737 7.522999775 7.344999816 7.455000188 10.12699958 15.34599997 13.20071984 -9999.0 -9999.0 -9999.0 -9999.0 -9999.0 -9999.0 -9999.0 -9999.0 -9999.0 -9999.0 -9999.0 -9999.0 -9999.0 -9999.0 -9999.0 -9999.0 -9999.0 -9999.0 -9999.0 -9999.0
14.88200016 15.21100011 15.51400032 15.77500068 16.02100022 16.25300013 16.42699912 16.50400087 16.47399925 16.31000079 16.03000052 15.69299959 15.28100017 14.82199971 14.32999969 13.86599988 13.42300046 12.95000035 12.46399991 11.96799986 11.51600014 11.10500004 10.72200015 10.36799978 10.0689996 9.809000418 9.615000337 9.469999932 9.341999888 9.224000387 9.173999541 8.923999965 8.859000169 9.006000124 9.917999618 12.04700023 13.0587779 -9999.0 -9999.0 -9999.0 -9999.0 -9999.0 -9999.0 -9999.0 -9999.0 -9999.0 -9999.0 -9999.0 -9999.0 -9999.0 -9999.0 -9999.0 -9999.0 -9999.0 -9999.0 -9999.0 -9999.0
13.60199973 13.81199993 14.0180001 14.22499958 14.40299954 14.51199967 14.58599977 14.64099996 14.66100011 14.59799986 14.50799964 14.37299978 14.20699991 13.98599986 13.72400019 13.45000044 13.16600014 12.87500001 12.56099995 12.22699974 11.89300045 11.57000009 11.28100045 11.04300003 10.82099974 10.58700029 10.37499961 10.23299992 10.11999976 9.987000376 9.827000089 9.824999608 9.812000208 9.925999679 10.18199977 11.91799995 13.14400043 -9999.0 -9999.0 -9999.0 -9999.0 -9999.0 -9999.0 -9999.0 -9999.0 -9999.0 -9999.0 -9999.0 -9999.0 -9999.0 -9999.0 -9999.0 -9999.0 -9999.0 -9999.0 -9999.0 -9999.0
12.6149999 12.73300033 12.8340004 12.92700041 13.00300006 13.05400021 13.08500022 13.08699977 13.07899971 13.05999979 13.01100012 12.9610002 12.92799972 12.86699995 12.76999991 12.64400035 12.50800025 12.36900035 12.2039998 12.01699954 11.86200045 11.69199962 11.51700038 11.4190001 11.32099982 11.14500035 10.9339999 10.75199991 10.59299987 10.44099964 10.39300021 10.31200029 10.28299984 10.39099973 10.49300004 10.81500016 11.6320001 13.45152501 -9999.0 -9999.0 -9999.0 -9999.0 -9999.0 -9999.0 -9999.0 -9999.0 -9999.0 -9999.0 -9999.0 -9999.0 -9999.0 -9999.0 -9999.0 -9999.0 -9999.0 -9999.0 -9999.0
11.5980003 11.66499965 11.71199977 11.75200008 11.78800035 11.83000021 11.87099982 11.90000027 11.92000043 11.92099974 11.92400046 11.94099989 11.97899971 12.00199965 12.01499999 11.99399959 11.94799971 11.90700009 11.82600018 11.73000038 11.67699974 11.69299986 11.70700043 11.69100031 11.71899959 11.68300025 11.55299973 11.36500016 11.11599989 10.86200029 10.74100006 10.70000045 10.6060002 10.76900028 11.12399995 11.77399978 12.65900023 13.33499979 14.6681061 -9999.0 -9999.0 -9999.0 -9999.0 -9999.0 -9999.0 -9999.0 -9999.0 -9999.0 -9999.0 -9999.0 -9999.0 -9999.0 -9999.0 -9999.0 -9999.0 -9999.0 -9999.0
10.33599954 10.40800009 10.4700001 10.53499989 10.60499996 10.66100039 10.71500033 10.77799965 10.84099989 10.90800017 10.97599976 11.0510001 11.13200001 11.20700035 11.27700042 11.34900004 11.40599977 11.46099996 11.48699969 11.49099972 11.53100003 11.63600013 11.7809996 11.95299998 12.02400029 12.00599968 11.9160004 11.73199993 11.47999987 11.22500002 11.01099979 10.96600015 10.90800017 11.01399958 11.41399983 12.22299971 13.41800019 14.67599999 14.71200027 16.74561761 -9999.0 -9999.0 -9999.0 -9999.0 -9999.0 -9999.0 -9999.0 -9999.0 -9999.0 -9999.0 -9999.0 -9999.0 -9999.0 -9999.0 -9999.0 -9999.0 -9999.0
8.852000348 8.911999874 8.992999792 9.092000313 9.177000262 9.243000299 9.336000308 9.442999959 9.568000212 9.681999683 9.785999544 9.883999825 9.990000166 10.09999961 10.21299977 10.33500023 10.47500037 10.65200008 10.84899995 11.02500036 11.20300032 11.41500007 11.63300034 11.82499994 11.92300022 11.90999988 11.80000044 11.65299956 11.40000019 11.14400011 11.02100033 11.00399997 11.01300027 10.83699986 10.96200012 11.56399958 12.65299972 13.9340004 15.2540002 15.77600092 19.10093985 -9999.0 -9999.0 -9999.0 -9999.0 -9999.0 -9999.0 -9999.0 -9999.0 -9999.0 -9999.0 -9999.0 -9999.0 -9999.0 -9999.0 -9999.0 -9999.0
7.329999935 7.441000082 7.528000046 7.637000177 7.679999806 7.743999828 7.796999998 7.883000188 7.983000018 8.111000061 8.264999837 8.425000124 8.58100038 8.744000457 8.909000084 9.091000073 9.313000366 9.576999582 9.858000092 10.15300024 10.41600015 10.671 10.92400029 11.11499965 11.2309996 11.23199984 11.15700044 11.00699976 10.8160004 10.59999969 10.44800039 10.41600015 10.49499959 10.20199992 9.968000464 10.50900016 11.27499994 12.24100031 14.09399975 16.36900008 19.66400072 21.14066482 -9999.0 -9999.0 -9999.0 -9999.0 -9999.0 -9999.0 -9999.0 -9999.0 -9999.0 -9999.0 -9999.0 -9999.0 -9999.0 -9999.0 -9999.0
5.870999768 5.874999799 5.954000168 6.087999791 6.217999849 6.36400003 6.469000131 6.568000186 6.701000035 6.818000227 7.002000231 7.18700001 7.356999908 7.569000125 7.832000032 8.070999756 8.305000141 8.546999656 8.801000193 9.072000161 9.325999767 9.623999707 9.920000099 10.16800012 10.32999996 10.396 10.34099981 10.19200031 9.998999536 9.820999578 9.64100007 9.473999962 9.375000373 9.301000275 8.972000331 9.138000198 10.07200032 10.89099981 12.60400005 15.3280003 19.18799989 21.46600001 24.29722995 -9999.0 -9999.0 -9999.0 -9999.0 -9999.0 -9999.0 -9999.0 -9999.0 -9999.0 -9999.0 -9999.0 -9999.0 -9999.0 -9999.0
4.643000197 4.691999871 4.831000231 5.026999861 5.297999829 5.514999852 5.729999859 5.894999951 6.033000071 6.171999965 6.275999825 6.428000052 6.632999983 6.843000185 7.065999787 7.311000023 7.538999896 7.778000087 8.00199993 8.205000311 8.460000157 8.704000153 8.949000388 9.154999629 9.340999648 9.480999783 9.534000419 9.44500044 9.306999855 9.096999653 8.834999986 8.593999781 8.423999883 8.333000354 8.325999603 8.460000157 9.235999547 10.56800038 11.93699986 14.77599982 18.94200034 23.78300019 25.86755343 -9999.0 -9999.0 -9999.0 -9999.0 -9999.0 -9999.0 -9999.0 -9999.0 -9999.0 -9999.0 -9999.0 -9999.0 -9999.0 -9999.0
3.776000114 3.882999998 4.102000035 4.461999983 4.7220001 4.92000021 5.166999996 5.415999796 5.601999816 5.748999771 5.88699989 6.014999934 6.151999813 6.312999874 6.504999939 6.728000008 7.000000216 7.253000047 7.468000054 7.691000123 7.922999561 8.116000332 8.332000114 8.554000407 8.853999898 8.747999556 8.809000254 8.821999654 8.733999915 8.559999987 8.228999563 7.938999683 7.8189997 7.859000005 8.054999635 8.400999941 9.096000344 10.57600044 12.64899969 16.2499994 23.95500056 48.67099971 29.87779677 28.24170701 -9999.0 -9999.0 -9999.0 -9999.0 -9999.0 -9999.0 -9999.0 -9999.0 -9999.0 -9999.0 -9999.0 -9999.0 -9999.0
3.105999902 3.384999931 3.727999981 3.976999782 4.184999969 4.395999946 4.637999926 4.780000076 4.941999912 5.175999831 5.367999896 5.545999855 5.739999935 5.960000213 6.207999773 6.484000012 6.769000087 7.077000104 7.371000014 7.445000112 7.672000211 7.880000398 8.045000024 8.197999559 8.29300005 8.306999691 8.369999938 8.410000242 8.348000236 8.255000226 8.043999784 7.811000105 7.615999784 7.641000208 7.837999612 8.019999601 8.479000069 9.736999869 11.62999962 15.90600051 27.11700089 57.96699971 59.8269999 30.3953141 -9999.0 -9999.0 -9999.0 -9999.0 -9999.0 -9999.0 -9999.0 -9999.0 -9999.0 -9999.0 -9999.0 -9999.0 -9999.0
2.633000026 2.913000062 3.178999992 3.442999907 3.593999892 3.711000085 3.901999909 4.079999868 4.366000183 4.755000118 5.082000047 5.35500003 5.628000014 5.898999982 6.163999904 6.436999887 6.705000065 7.015999872 7.296000142 7.509999909 7.734000217 7.904999889 8.031999692 8.128000423 8.217000403 8.317000233 8.438999765 8.484999649 8.427999914 8.356999606 8.260999806 8.112999611 7.848000154 7.6179998 7.590999827 7.600999903 7.703999989 8.256999776 8.96400027 10.5969999 16.54499955 33.11499953 50.91299862 32.94580057 -9999.0 -9999.0 -9999.0 -9999.0 -9999.0 -9999.0 -9999.0 -9999.0 -9999.0 -9999.0 -9999.0 -9999.0 -9999.0
2.1230001 2.364000073 2.581000095 2.768999897 2.880000044 2.994999988 3.263999941 3.591000102 3.892000066 4.234000109 4.610999953 5.028999876 5.444000009 5.772000179 6.107000168 6.428000052 6.717000157 7.062999997 7.393000182 7.681000046 7.973999716 8.185000159 8.348999545 8.493999951 8.608000353 8.748999797 8.895000443 8.998000063 8.963000029 8.861999959 8.704000153 8.516999893 8.217999712 7.807000075 7.509000134 7.191000041 6.89599989 6.912000012 7.114000153 7.7709998 10.0379996 14.11900017 22.53299952 27.2489991 -9999.0 -9999.0 -9999.0 -9999.0 -9999.0 -9999.0 -9999.0 -9999.0 -9999.0 -9999.0 -9999.0 -9999.0 -9999.0
1.704999944 1.894999994 2.138999989 2.283999929 2.348999958 2.487000078 2.761000069 3.033000045 3.315000096 3.610000014 3.951999824 4.39100014 4.883999936 5.361000076 5.743999965 6.120999809 6.479000207 6.883000024 7.38100009 7.915000431 8.372000419 8.744999766 9.006000124 9.240999818 9.44800023 9.600999765 9.670999832 9.715000167 9.651999921 9.510000236 9.301999584 9.007999673 8.644999936 8.183999918 7.751000114 7.431000005 7.029999979 6.773000117 6.670999806 7.046000101 8.48000031 10.88699978 17.38199964 26.26400068 35.75515747 -9999.0 -9999.0 -9999.0 -9999.0 -9999.0 -9999.0 -9999.0 -9999.0 -9999.0 -9999.0 -9999.0 -9999.0
1.477999962 1.618999988 1.706999959 1.75299996 1.881000004 2.067999914 2.271000063 2.473999979 2.748999977 3.102000104 3.441999899 3.81299993 4.211999942 4.662999883 5.119000096 5.632999819 6.17399998 6.694999989 7.247000001 7.857999764 8.406000212 8.812000044 9.192000143 9.588999674 9.856999852 10.00200026 10.04500035 10.03499981 10.04400011 9.909000248 9.731000289 9.468000382 9.136999957 8.689000271 8.287999779 7.935999893 7.621000055 7.32900016 7.153000217 7.321999874 8.431999944 10.92999987 15.80999978 27.31899917 39.02399912 -9999.0 -9999.0 -9999.0 -9999.0 -9999.0 -9999.0 -9999.0 -9999.0 -9999.0 -9999.0 -9999.0 -9999.0
1.226000022 1.217999961 1.288000029 1.394000021 1.529000001 1.693999977 1.813999959 1.923999982 2.089000074 2.420000033 2.830999903 3.286000108 3.721999936 4.081000108 4.43200022 4.794000182 5.218000151 5.747000221 6.298999768 6.866999902 7.399000227 7.90700037 8.48000031 9.142999537 9.614000097 9.84499976 9.92500037 9.976999834 10.01800038 10.04500035 9.983000346 9.759999812 9.461999871 9.131999686 8.805000223 8.476999588 8.209000342 7.8189997 7.602999918 7.792000193 8.849999867 12.23899983 18.5649991 36.66000068 50.87799951 -9999.0 -9999.0 -9999.0 -9999.0 -9999.0 -9999.0 -9999.0 -9999.0 -9999.0 -9999.0 -9999.0 -9999.0
1.031000051 0.981000019 0.995000009 1.088000019 1.182000036 1.252999995 1.262999955 1.246999949 1.276999945 1.429000054 1.751999953 2.230999991 2.686999971 3.164999885 3.567999927 3.87799996 4.215000197 4.643999971 5.073999986 5.441999994 5.797000136 6.397000048 7.247000001 7.957999595 8.612000383 9.173000231 9.65099968 9.906000458 10.02299972 10.1739997 10.17899998 10.08300018 9.921000339 9.689000435 9.405000135 9.045000188 8.669000119 8.283000439 8.135000244 8.340000175 9.194999933 12.88700011 20.0539995 40.40100053 44.83089969 -9999.0 -9999.0 -9999.0 -9999.0 -9999.0 -9999.0 -9999.0 -9999.0 -9999.0 -9999.0 -9999.0 -9999.0
0.851000019 0.806000025 0.814000028 0.854999991 0.896000012 0.92999998 0.946999993 0.912000018 0.878999999 0.914999982 1.043000026 1.218999969 1.431999961 1.711999997 2.032000106 2.40899995 2.894999925 3.396000015 3.859000048 4.110000096 4.377999809 4.848999903 5.59299998 6.455999799 7.093000226 7.575999945 8.159999736 8.750000037 9.124999866 9.619999677 10.09400003 10.28100029 10.1859998 10.10300033 9.901000187 9.619999677 9.297000244 8.933999576 8.741999976 8.643000387 9.25400015 11.90499961 17.46499911 28.55199948 36.20899841 -9999.0 -9999.0 -9999.0 -9999.0 -9999.0 -9999.0 -9999.0 -9999.0 -9999.0 -9999.0 -9999.0 -9999.0
