Environmental Parameters/Training/Net_Primary_Production.asc
ncols 720
nrows 360
xllcorner -180.00
yllcorner -90.00
cellsize 0.5
NODATA_value -9999
[rows 250 to 274 of 360, columns 570 to 626 of 720]
4.209000152 4.242999945 4.306999967 4.38300008 4.416999873 4.598999862 4.846999887 5.11300005 5.470999982 5.636000074 6.062999833 6.597000174 7.244999986 7.739999797 8.205000311 8.638000116 8.898999542 8.953000419 8.546999656 8.241999894 8.511000313 7.873999886 7.681000046 9.011999704 9.55200009 10.13899967 10.76200046 11.60100009 12.24599965 11.80799957 10.73499955 9.83799994 9.286999702 8.812000044 8.528999984 8.210999891 8.241999894 8.160999976 7.561000064 7.42899999 6.843000185 6.17399998 5.530999973 5.084999837 4.784000106 4.635999911 4.472999834 4.606999923 4.951999988 5.171999801 5.336999893 5.648000166 5.92799997 6.575999781 7.400000002 8.671999909 8.852000348
4.490999971 4.519999959 4.57700016 4.627000075 4.674999975 4.770999774 4.954999778 5.181000102 5.59599977 6.107000168 6.407000124 6.802000105 7.261000108 7.845999673 8.419999853 9.099000134 9.600999765 9.852999821 10.26699971 10.59599966 11.26400009 11.45400014 11.55600045 11.95400022 12.11600006 12.54799962 12.46100012 12.29599956 10.7420003 9.444000199 8.752999827 8.138000034 7.841000333 7.561000064 7.288999856 6.998999976 6.663999986 6.444999948 6.087000016 5.677000154 5.508999806 5.398000125 4.995999858 4.548999947 4.323999863 4.193999805 4.153000191 4.188000225 4.370999988 4.472000059 4.57700016 4.776000045 4.937000107 5.16499998 5.725999828 6.639999803 7.840000093
4.724000115 4.697999917 4.747000057 4.82199993 4.867999814 4.960999824 5.148000084 5.303999875 5.508999806 5.803000182 6.153999828 6.448000204 6.99400017 7.679999806 8.00000038 8.170000277 8.77700001 9.100000374 9.446999989 9.850000031 10.22499986 10.56700014 10.59400011 10.21400001 9.902999736 9.819000028 9.852999821 9.484999813 9.202999994 8.502000012 7.972000167 7.575999945 7.168000098 6.812000182 6.424999796 6.126999855 5.799999926 5.752000026 5.429000128 5.084999837 4.91600018 4.784000106 4.58699977 4.232999869 4.038000014 3.994999919 3.95500008 3.971999977 4.102000035 4.290999845 4.463999998 4.645999987 4.751999862 4.836000036 5.160000175 5.648000166 6.440000143
5.078999791 5.096999928 5.094999913 5.125999916 5.133000202 5.16200019 5.305000115 5.460000131 5.656000227 5.888000131 6.113000214 6.455999799 6.806000136 7.211000193 7.406999823 7.768999785 8.20199959 8.631000295 8.609999903 8.740000427 8.954999968 9.06100031 9.008999914 8.821999654 8.623999543 8.516999893 8.507000282 8.445999585 8.311999962 8.019000292 7.588000037 7.203000132 6.746999919 6.339999847 6.002999842 5.663000047 5.462000147 5.25399996 5.082999822 4.916999955 4.714999814 4.645000212 4.542000126 4.420999903 4.360999912 4.271999933 4.211000167 4.209000152 4.226999823 4.288999829 4.412999842 4.505999852 4.714000039 4.86700004 5.049999803 5.363999866 5.797000136
5.489000119 5.512999836 5.524000153 5.623000208 5.69299981 5.69299981 5.710999947 5.725000054 5.68899978 5.766000133 5.907000042 6.109999958 6.333999801 6.554999854 6.713000126 6.75799977 6.881999783 7.253000047 7.52899982 7.915000431 8.278000169 8.376000449 8.120999672 7.90300034 7.925000042 7.819999941 7.730000187 7.734000217 7.371999789 7.098000031 6.812999956 6.50600018 6.173000205 5.781000014 5.539999809 5.311000161 5.034000147 4.962000065 4.999000113 4.898999818 4.809000064 4.803000018 4.854000174 4.889000207 4.819999915 4.76700021 4.732000176 4.662999883 4.610000178 4.645999987 4.654999822 4.631000105 4.687000066 4.811000079 4.908000119 5.034999922 5.253000185
5.903999787 5.962000228 6.004999857 6.033000071 6.095999852 6.134999916 6.101999898 6.004999857 5.911999848 5.867999978 5.797000136 5.824000109 5.863000173 5.909000058 5.958999973 5.963999778 6.031000055 6.215999834 6.461999845 6.812000182 7.104999851 7.224000059 7.27700023 7.098000031 6.972000003 6.883999798 6.785000209 6.597000174 6.508000195 6.415000185 6.266000215 6.047000177 5.801000167 5.553000141 5.369000137 5.237000063 5.169999786 5.224999972 5.286999978 5.212000106 5.117000081 5.150999874 5.245999899 5.288000219 5.317000207 5.322000012 5.293000024 5.218000151 5.123999901 5.104999989 5.100999959 5.107999779 5.080000032 5.024999846 4.993999843 5.01499977 5.166000221
6.053000223 6.085999776 6.120000035 6.124000065 6.132999901 6.173000205 6.217000075 6.120000035 6.018999964 5.987999961 5.946000107 5.878000055 5.774999969 5.745999981 5.743999965 5.683000199 5.710000172 5.83200017 5.979000125 6.161000114 6.424999796 6.498999894 6.494999863 6.372000091 6.302999798 6.250999868 6.22199988 6.151000038 6.095999852 6.101000123 6.097999867 5.932999775 5.73900016 5.574000068 5.470999982 5.417000037 5.40299993 5.499000195 5.54100005 5.516999867 5.489000119 5.54399984 5.613000132 5.636000074 5.68599999 5.659000017 5.611000117 5.588999949 5.535999779 5.466999952 5.45200007 5.526000168 5.54100005 5.462999921 5.3989999 5.338000134 5.367999896
6.068999879 6.07400015 6.043999922 6.033000071 6.043999922 6.07000012 6.089999806 6.033999845 5.963000003 5.911999848 5.894000176 5.88699989 5.863999948 5.834000185 5.754000042 5.646000151 5.625999998 5.754999816 5.896999966 5.898999982 5.969999824 6.031000055 6.058999803 6.016000174 6.099000107 6.155999843 6.144999992 6.109999958 6.07800018 6.161000114 6.237000227 6.12499984 5.963000003 5.853000097 5.799000151 5.735999905 5.694999825 5.745999981 5.840000231 5.938000046 5.97700011 5.973999854 5.950000137 5.960000213 5.923000164 5.861999933 5.805000197 5.805000197 5.828000139 5.869999994 5.840000231 5.863000173 5.843999796 5.787999835 5.700000096 5.609000102 5.611999892
5.898000207 5.900999997 5.915000103 5.921999924 5.93600003 5.956000183 5.962000228 5.950999912 5.913999863 5.88000007 5.832999945 5.832999945 5.828999914 5.822999869 5.822999869 5.795999896 5.805000197 5.861999933 5.911000073 5.911999848 5.960999988 6.066999864 6.136000156 6.12899987 6.136000156 6.118999794 6.221000105 6.287999917 6.324000191 6.347999908 6.36699982 6.291999947 6.157000083 6.062999833 6.049000192 5.962000228 5.88299986 5.898000207 6.004000083 6.12200005 6.151999813 6.113999989 6.118000019 6.12499984 6.058999803 6.014000159 6.018000189 6.023999769 6.053000223 6.091000047 6.047999952 6.018999964 6.008999888 5.948000122 5.917000119 5.905000027 5.874999799
5.679000169 5.683000199 5.708999932 5.73500013 5.743000191 5.764000118 5.801000167 5.803999957 5.785000045 5.778000224 5.776999984 5.783999804 5.795000121 5.793000106 5.760000087 5.758999847 5.845000036 5.954000168 5.962000228 5.950000137 5.996999796 6.064999849 6.082999986 6.080000196 6.07699994 6.118999794 6.171999965 6.186999846 6.22300012 6.283000112 6.269000005 6.180999801 6.060000043 5.996999796 5.993000232 5.971000064 5.952000152 5.998999812 6.103999913 6.163000129 6.171999965 6.144000217 6.134000141 6.136000156 6.132000126 6.107999943 6.105999928 6.107999943 6.147999782 6.17699977 6.194000132 6.190999877 6.186000071 6.095999852 6.054999772 6.097999867 6.085999776
5.44800004 5.446999799 5.477000028 5.493999925 5.503000226 5.539000034 5.59000019 5.621999968 5.638999864 5.683000199 5.714999977 5.721999798 5.719000008 5.694999825 5.665999837 5.681999959 5.750000011 5.853000097 5.88299986 5.870999768 5.88299986 5.950999912 5.942999851 5.931000225 5.950000137 6.004000083 6.010000128 5.996000022 5.97700011 6.002999842 6.014999934 5.962000228 5.890000146 5.849000067 5.826000124 5.865999963 5.940000061 6.004000083 6.043000147 6.045999937 6.037999876 6.031000055 6.012000144 6.020000204 6.039999891 6.041999906 6.058000028 6.066999864 6.080000196 6.105999928 6.136000156 6.153999828 6.147999782 6.151999813 6.17100019 6.180000026 6.159999873
5.224999972 5.241999868 5.259000231 5.270999856 5.293000024 5.332999863 5.371000152 5.400999915 5.429999903 5.450000055 5.489999894 5.537000019 5.54900011 5.555000156 5.563000217 5.572999828 5.603999831 5.636999849 5.656000227 5.667999852 5.679000169 5.729999859 5.733999889 5.733999889 5.756000057 5.768000148 5.762000103 5.774000194 5.787999835 5.795000121 5.779999774 5.770999938 5.762000103 5.739999935 5.708999932 5.747000221 5.814999808 5.84199978 5.847000051 5.847000051 5.847000051 5.843999796 5.855999887 5.886000115 5.900000222 5.896000192 5.900999997 5.923000164 5.932999775 5.938000046 5.960000213 5.994000006 6.033000071 6.08099997 6.116999779 6.130999885 6.147999782
4.980999976 4.982999992 5.009999964 5.040999968 5.075000226 5.123999901 5.148000084 5.160000175 5.187000148 5.220000166 5.25399996 5.286999978 5.332000088 5.373000167 5.382000003 5.388000049 5.410000216 5.423000082 5.460000131 5.487000104 5.501999985 5.535999779 5.541999824 5.537999794 5.54799987 5.553000141 5.561000202 5.574999843 5.582000129 5.568000022 5.561999977 5.572000053 5.568999797 5.576000083 5.572999828 5.578000098 5.601000041 5.613000132 5.615999922 5.628000014 5.630000029 5.632999819 5.652000196 5.692000035 5.708999932 5.702000111 5.712999962 5.725000054 5.733000115 5.756000057 5.768999923 5.789000075 5.84199978 5.888999905 5.921000149 5.948000122 5.963000003
4.77 4.753999878 4.761000164 4.801000003 4.832999781 4.840999842 4.87100007 4.898999818 4.91499994 4.933000077 4.984000232 5.022999831 5.051999819 5.094000138 5.131000187 5.177000072 5.208000075 5.226000212 5.247000139 5.286000203 5.297999829 5.301000085 5.305000115 5.326000042 5.326999817 5.336000118 5.35799982 5.371999927 5.369000137 5.357000045 5.365000106 5.371999927 5.365000106 5.371000152 5.377000198 5.365000106 5.369999912 5.386999808 5.402000155 5.421000067 5.429999903 5.427000113 5.439000204 5.475000013 5.495000165 5.497999955 5.506999791 5.522999913 5.528000183 5.555000156 5.580999888 5.603000056 5.640000105 5.68599999 5.708000157 5.73500013 5.756000057
4.575000145 4.585999995 4.588999785 4.598000087 4.610999953 4.608999938 4.604000133 4.633000121 4.643000197 4.687999841 4.736000206 4.761000164 4.77699982 4.813000094 4.863999784 4.894000012 4.935000092 4.962999839 4.987999797 5.011000205 5.01600001 5.028999876 5.069999956 5.121999886 5.119000096 5.107999779 5.133999977 5.169000011 5.179000087 5.181000102 5.193999968 5.189999938 5.164000206 5.15800016 5.154999904 5.154999904 5.16200019 5.16799977 5.193000194 5.216999911 5.218000151 5.224000197 5.229999777 5.262000021 5.280999932 5.288000219 5.305000115 5.326999817 5.346999969 5.373000167 5.392999854 5.425000098 5.458999891 5.481000058 5.495000165 5.522999913 5.545999855
4.428999964 4.410999827 4.428000189 4.428999964 4.418999888 4.420999903 4.406999797 4.441000056 4.455000162 4.470999818 4.503000062 4.532999825 4.540000111 4.561999813 4.575999919 4.616000224 4.679000005 4.72499989 4.745000042 4.765000194 4.784999881 4.786999896 4.792999942 4.840999842 4.889999982 4.912000149 4.931999836 4.958000034 4.985000007 4.999999888 5.005000159 5.005000159 4.985999782 4.974999931 4.962000065 4.987000022 5.013999995 5.024000071 5.030999891 5.034999922 5.026000086 5.01600001 5.022000056 5.055000074 5.084000062 5.121000111 5.148000084 5.16099995 5.166999996 5.189999938 5.20899985 5.222000182 5.25399996 5.282000173 5.289999768 5.313000176 5.334000103
4.325999878 4.306000192 4.279999994 4.267999902 4.24200017 4.271999933 4.24200017 4.263999872 4.279000219 4.277999979 4.271999933 4.261000082 4.300000146 4.302000161 4.284000024 4.329000134 4.379000049 4.412999842 4.443999846 4.470999818 4.53499984 4.563999828 4.567000084 4.600000102 4.647000227 4.693000112 4.716000054 4.72899992 4.751999862 4.774999805 4.794000182 4.82599996 4.82599996 4.809999838 4.811000079 4.825000186 4.832999781 4.856000189 4.852999933 4.844999872 4.834999796 4.834999796 4.844000097 4.87399986 4.912000149 4.960000049 4.989000037 5.003999919 5.007000174 5.01300022 5.018000025 5.038999952 5.069999956 5.086999852 5.088000093 5.096000154 5.111000035
4.248000216 4.232999869 4.191000015 4.122000188 4.052999895 4.073999822 4.077999853 4.106000066 4.100999795 4.073999822 4.10000002 4.106000066 4.085000139 4.09599999 4.102000035 4.122999962 4.14900016 4.162999801 4.184999969 4.211999942 4.213999957 4.215999972 4.257000051 4.321000073 4.373999778 4.435999785 4.482000135 4.513999913 4.526000004 4.544000141 4.573000129 4.604000133 4.621000029 4.62500006 4.635000136 4.652999807 4.668000154 4.68100002 4.68100002 4.658999853 4.650000017 4.662000109 4.68399981 4.718000069 4.77299979 4.82599996 4.863000009 4.875999875 4.881000146 4.877000116 4.879000131 4.894999787 4.900999833 4.898000043 4.902999848 4.910000134 4.927999806
4.195000045 4.203000106 4.139999859 4.044000059 3.942999989 3.913000226 3.922000062 4.00000019 4.027000163 3.990000114 3.967999946 3.936999943 3.914000001 3.942999989 3.984000068 4.019000102 4.029000178 4.029999953 4.040999804 4.058000166 4.056000151 4.027999938 4.00400022 4.038999788 4.091000184 4.160000011 4.217000213 4.255999811 4.255999811 4.273000173 4.325000104 4.377999809 4.404000007 4.414000083 4.433999769 4.459999967 4.478000104 4.490000196 4.497999791 4.507999867 4.528000019 4.544000141 4.567000084 4.610999953 4.664000124 4.701999947 4.720999859 4.720999859 4.720000084 4.714999814 4.707999993 4.714999814 4.724000115 4.7220001 4.72499989 4.741999786 4.759000149
4.145999905 4.129999783 4.071000032 3.963999916 3.851999994 3.786999965 3.827000037 3.890000051 3.898000112 3.882999998 3.869999899 3.815999953 3.780999919 3.792000003 3.83000006 3.861000063 3.853000002 3.836000105 3.829000052 3.869999899 3.903999925 3.884000005 3.85400001 3.872999921 3.884000005 3.895000089 3.938000184 3.998000175 4.011999816 4.021000117 4.046999849 4.0930002 4.168999847 4.224000033 4.238999914 4.251000006 4.271999933 4.29000007 4.311999772 4.346000031 4.368000198 4.391999915 4.433999769 4.478999879 4.48699994 4.488999955 4.492000211 4.503999837 4.507000092 4.511000123 4.526000004 4.550000187 4.565999843 4.573000129 4.588999785 4.625999834 4.650999792
3.976999782 3.978999797 3.982000053 3.88600002 3.762000008 3.707000054 3.769000061 3.845999949 3.864000086 3.849999979 3.792000003 3.675000044 3.624999896 3.617000068 3.621000098 3.64400004 3.660999937 3.685999895 3.674000036 3.73300002 3.78899998 3.804000095 3.805000102 3.756999969 3.743000096 3.781999927 3.837999888 3.873999929 3.874999937 3.846999956 3.841999918 3.857000032 3.871999914 3.934999928 4.023999907 4.067999776 4.085000139 4.089999944 4.104000051 4.168999847 4.201000091 4.228999838 4.277000204 4.306999967 4.306999967 4.313999787 4.308999982 4.304000176 4.311999772 4.348999821 4.387999885 4.408999812 4.420000128 4.437000025 4.455999937 4.492000211 4.525000229
3.798000049 3.833000083 3.856000025 3.786999965 3.704000032 3.703000024 3.770000068 3.815999953 3.864000086 3.88199999 3.831000067 3.727999981 3.578000003 3.532999894 3.525000066 3.487000009 3.510999959 3.558000084 3.606999991 3.661999945 3.671000013 3.685999895 3.729999997 3.710000077 3.683000105 3.697999986 3.738000058 3.751999931 3.772000084 3.747999901 3.718999913 3.708000062 3.700000001 3.672000021 3.705000039 3.731000004 3.755999962 3.783999942 3.832000075 3.930000123 3.994000144 4.015000071 4.058999941 4.09899978 4.108000081 4.106000066 4.110999871 4.124000203 4.135000054 4.166000057 4.186000209 4.219000228 4.238999914 4.263000097 4.300999921 4.335999954 4.368999973
3.677000059 3.721999936 3.73700005 3.716999898 3.704000032 3.685999895 3.693999955 3.757999977 3.811999923 3.807999892 3.803000087 3.747999901 3.66799999 3.567999927 3.459000029 3.453999991 3.484999994 3.541999962 3.627999919 3.628999926 3.635999979 3.664999967 3.673000028 3.671000013 3.650000086 3.674000036 3.686999902 3.666999983 3.654999891 3.617000068 3.578000003 3.540999955 3.529000096 3.547 3.552000038 3.551000031 3.547 3.559000092 3.587000072 3.641000018 3.725999966 3.794000018 3.819999984 3.849999979 3.864000086 3.876999952 3.907999955 3.934000153 3.959999885 3.976000007 3.982999828 4.0099998 4.052999895 4.077999853 4.085999914 4.104999825 4.137000069
3.522000043 3.562999889 3.589000087 3.597999923 3.576999996 3.560000099 3.568999935 3.613000037 3.634999972 3.657999914 3.660999937 3.64000001 3.600999946 3.539999947 3.504999913 3.517000005 3.548000008 3.592999885 3.597999923 3.590000095 3.626999911 3.654999891 3.656999907 3.641000018 3.628999926 3.61600006 3.602999961 3.587000072 3.561000107 3.509999951 3.414999926 3.344000084 3.333000001 3.361999989 3.386999946 3.431000048 3.453999991 3.439999884 3.44999996 3.486000001 3.487000009 3.528000088 3.559000092 3.58800008 3.603999969 3.627999919 3.66799999 3.695999971 3.731000004 3.754999954 3.743000096 3.745000111 3.790999996 3.844999941 3.874999937 3.874999937 3.865000093
3.335000016 3.341000061 3.349999897 3.364000004 3.37800011 3.392999992 3.401000053 3.400000045 3.438000102 3.502999898 3.527000081 3.533999901 3.51900002 3.492000047 3.453999991 3.44599993 3.49100004 3.532999894 3.538999939 3.558000084 3.568999935 3.585000057 3.591000102 3.58800008 3.569999943 3.534999909 3.517000005 3.484999994 3.448999953 3.388999961 3.319999902 3.244000021 3.215000033 3.22500011 3.252000082 3.312000073 3.367000027 3.406000091 3.44999996 3.430000041 3.388999961 3.354999935 3.323999932 3.321999917 3.362999996 3.395000007 3.405000083 3.414999926 3.464000067 3.514999989 3.504999913 3.507999936 3.537999932 3.583000042 3.602999961 3.625999903 3.64400004
