Environmental Parameters/Training/Net_Primary_Production.asc
ncols 720
nrows 360
xllcorner -180.00
yllcorner -90.00
cellsize 0.5
NODATA_value -9999
[rows 175 to 199 of 360, columns 171 to 227 of 720]
7.81499967 7.792000193 7.782000117 7.796000224 7.807000075 7.836000063 7.879000157 7.911000401 7.930000313 7.988000289 8.09600018 8.217999712 8.39100033 8.569999598 8.755999617 8.945000358 9.16699972 9.407999925 9.659999982 9.918999858 10.18100046 10.4179997 10.64100023 10.98699961 11.48799993 12.06700038 12.5409998 13.3410003 15.03000036 18.05800013 29.63100001 43.68399829 37.13948652 -9999.0 -9999.0 -9999.0 -9999.0 -9999.0 -9999.0 -9999.0 -9999.0 -9999.0 -9999.0 -9999.0 -9999.0 -9999.0 -9999.0 -9999.0 -9999.0 -9999.0 -9999.0 -9999.0 -9999.0 -9999.0 -9999.0 -9999.0 -9999.0
9.06699989 9.042999707 9.043999948 9.045000188 9.042999707 8.903999813 8.814999834 8.736999705 8.685000241 8.689000271 8.724999614 8.829000406 8.96999985 9.122000076 9.262000211 9.425999597 9.600999765 9.809999727 10.02600044 10.2350004 10.47199965 10.75899974 11.04400028 11.44499984 11.94899995 12.64499966 13.51800002 15.80299996 19.48099956 24.13799986 34.30400044 41.01005942 40.38425907 -9999.0 -9999.0 -9999.0 -9999.0 -9999.0 -9999.0 -9999.0 -9999.0 -9999.0 -9999.0 -9999.0 -9999.0 -9999.0 -9999.0 -9999.0 -9999.0 -9999.0 -9999.0 -9999.0 -9999.0 -9999.0 -9999.0 -9999.0 -9999.0
10.94000041 10.97800024 11.06199995 11.1220004 11.11400034 10.89899987 10.52199956 10.19600034 9.965999983 9.836999699 9.790999815 9.828999639 9.93300043 10.0469999 10.14799997 10.25199983 10.37700009 10.53899992 10.71500033 10.89799963 11.11700013 11.47800032 11.77099999 12.14999985 12.70799991 13.72699998 16.12699963 23.35599996 35.36299989 41.4760001 45.41699961 44.28432509 -9999.0 -9999.0 -9999.0 -9999.0 -9999.0 -9999.0 -9999.0 -9999.0 -9999.0 -9999.0 -9999.0 -9999.0 -9999.0 -9999.0 -9999.0 -9999.0 -9999.0 -9999.0 -9999.0 -9999.0 -9999.0 -9999.0 -9999.0 -9999.0 -9999.0
13.41699995 13.7210004 14.22700007 14.93700035 15.67300037 15.92800021 14.54100013 12.69400027 11.68200001 11.30400039 11.09999977 11.01799961 11.00900024 11.04300003 11.09199971 11.14999969 11.23400033 11.36100013 11.49700023 11.61499973 11.77500002 12.09499966 12.48400006 12.90700026 13.64300027 15.6289991 20.53599991 30.45199998 46.68400064 41.69234633 -9999.0 -9999.0 -9999.0 -9999.0 -9999.0 -9999.0 -9999.0 -9999.0 -9999.0 -9999.0 -9999.0 -9999.0 -9999.0 -9999.0 -9999.0 -9999.0 -9999.0 -9999.0 -9999.0 -9999.0 -9999.0 -9999.0 -9999.0 -9999.0 -9999.0 -9999.0 -9999.0
15.86900093 16.59400016 17.96800084 20.50199918 25.32199956 29.36300077 24.94399995 18.43200065 14.66299966 13.09200004 12.50899956 12.25499995 12.14400027 12.0869996 12.05800008 12.05199957 12.0649999 12.11899985 12.18200009 12.19800021 12.32799981 12.64300011 13.13299965 14.00600001 15.37400018 18.10000092 23.59100059 29.9180001 35.43100134 47.0167473 -9999.0 -9999.0 -9999.0 -9999.0 -9999.0 -9999.0 -9999.0 -9999.0 -9999.0 -9999.0 -9999.0 -9999.0 -9999.0 -9999.0 -9999.0 -9999.0 -9999.0 -9999.0 -9999.0 -9999.0 -9999.0 -9999.0 -9999.0 -9999.0 -9999.0 -9999.0 -9999.0
17.5560005 18.44999939 20.04699968 23.13300036 31.59999847 53.94300073 37.78538853 29.1019585 22.94199914 18.81399937 15.74099995 13.39100022 13.11700046 12.97099981 12.86400016 12.79299986 12.7419997 12.71499973 12.70699967 12.72400003 12.84999959 13.14599998 13.78099993 14.99400008 16.89600013 19.71800067 25.29500052 32.42500126 41.99554771 -9999.0 -9999.0 -9999.0 -9999.0 -9999.0 -9999.0 -9999.0 -9999.0 -9999.0 -9999.0 -9999.0 -9999.0 -9999.0 -9999.0 -9999.0 -9999.0 -9999.0 -9999.0 -9999.0 -9999.0 -9999.0 -9999.0 -9999.0 -9999.0 -9999.0 -9999.0 -9999.0 -9999.0
18.3639992 19.12499964 20.37099935 22.54699916 27.44200081 43.00599918 40.83767533 38.70899975 30.22200055 28.22499909 20.77100053 14.97600041 13.90799973 13.67499959 13.51800002 13.41000013 13.32799997 13.26400042 13.21399957 13.2269999 13.3410003 13.66499998 14.42399994 15.8350002 18.12499948 22.10200019 31.81799874 37.16100007 48.49820212 -9999.0 -9999.0 -9999.0 -9999.0 -9999.0 -9999.0 -9999.0 -9999.0 -9999.0 -9999.0 -9999.0 -9999.0 -9999.0 -9999.0 -9999.0 -9999.0 -9999.0 -9999.0 -9999.0 -9999.0 -9999.0 -9999.0 -9999.0 -9999.0 -9999.0 -9999.0 -9999.0 -9999.0
18.40000041 19.02900077 20.03300004 21.72699943 24.79699999 31.01900034 36.06500104 32.8309983 24.19500053 19.57100071 16.80099964 14.64900002 14.3020004 14.11900017 13.99100013 13.8910003 13.80299963 13.71700037 13.62999994 13.607 13.7210004 14.08400014 14.89800029 16.37700014 19.23500001 24.74999987 38.01200166 44.64490339 -9999.0 -9999.0 -9999.0 -9999.0 -9999.0 -9999.0 -9999.0 -9999.0 -9999.0 -9999.0 -9999.0 -9999.0 -9999.0 -9999.0 -9999.0 -9999.0 -9999.0 -9999.0 -9999.0 -9999.0 -9999.0 -9999.0 -9999.0 -9999.0 -9999.0 -9999.0 -9999.0 -9999.0 -9999.0
17.98599958 18.44800077 19.15399916 20.2459991 21.8330007 23.40400033 23.35200086 20.79799958 17.59400032 15.63500054 14.8959998 14.58700001 14.40900005 14.28799983 14.19499982 14.10800032 14.02600016 13.9340004 13.8389999 13.79599981 13.882 14.19200003 14.89800029 16.38999954 19.77200061 27.50200033 43.58800128 51.63373798 -9999.0 -9999.0 -9999.0 -9999.0 -9999.0 -9999.0 -9999.0 -9999.0 -9999.0 -9999.0 -9999.0 -9999.0 -9999.0 -9999.0 -9999.0 -9999.0 -9999.0 -9999.0 -9999.0 -9999.0 -9999.0 -9999.0 -9999.0 -9999.0 -9999.0 -9999.0 -9999.0 -9999.0 -9999.0
17.28400029 17.48299971 17.76199974 18.1409996 18.41899939 18.1629993 17.37299934 16.35099947 15.46499971 14.89700004 14.63400014 14.45600018 14.31300025 14.21099994 14.13599961 14.04600032 13.97300046 13.90600018 13.84999976 13.82599957 13.93700019 14.20800015 14.6949999 15.87099954 19.0670006 28.93400006 50.05199835 58.72742459 67.90053844 66.71219319 -9999.0 -9999.0 -9999.0 -9999.0 -9999.0 -9999.0 -9999.0 -9999.0 -9999.0 -9999.0 -9999.0 -9999.0 -9999.0 -9999.0 -9999.0 -9999.0 -9999.0 -9999.0 -9999.0 -9999.0 -9999.0 -9999.0 -9999.0 -9999.0 -9999.0 -9999.0 -9999.0
16.46699943 16.44299924 16.42699912 16.39200002 16.20499976 15.87699912 15.50900005 15.16500022 14.8120001 14.51699995 14.33899999 14.19200003 14.06800002 13.97399977 13.90200015 13.82500026 13.74499965 13.69499974 13.68200034 13.69400043 13.83700036 14.13100027 14.58299998 15.59699979 17.918 24.75100011 42.01500118 66.50599837 74.14152473 69.19339299 -9999.0 -9999.0 -9999.0 -9999.0 -9999.0 -9999.0 -9999.0 -9999.0 -9999.0 -9999.0 -9999.0 -9999.0 -9999.0 -9999.0 -9999.0 -9999.0 -9999.0 -9999.0 -9999.0 -9999.0 -9999.0 -9999.0 -9999.0 -9999.0 -9999.0 -9999.0 -9999.0
15.68499953 15.57900012 15.47400001 15.33600036 15.12899995 14.92199954 14.75900039 14.56400007 14.33200017 14.13100027 14.00499977 13.90600018 13.8389999 13.78099993 13.72000016 13.66799977 13.5979997 13.56900018 13.58699985 13.62599991 13.79800029 14.17800039 14.77499958 15.72700031 17.61999913 22.98299968 35.04199907 59.90900099 80.26000112 71.37605548 -9999.0 -9999.0 -9999.0 -9999.0 -9999.0 -9999.0 -9999.0 -9999.0 -9999.0 -9999.0 -9999.0 -9999.0 -9999.0 -9999.0 -9999.0 -9999.0 -9999.0 -9999.0 -9999.0 -9999.0 -9999.0 -9999.0 -9999.0 -9999.0 -9999.0 -9999.0 -9999.0
15.03700018 14.94400017 14.81700037 14.66699969 14.50200006 14.34199978 14.20100033 14.08599969 13.95300031 13.8299996 13.75600044 13.70599959 13.68200034 13.6500001 13.62499967 13.62199988 13.58299982 13.58800009 13.63399997 13.71600013 13.99200037 14.53800034 15.32499958 16.50400087 18.97799969 26.03299916 42.68300161 63.45328689 78.61597091 -9999.0 -9999.0 -9999.0 -9999.0 -9999.0 -9999.0 -9999.0 -9999.0 -9999.0 -9999.0 -9999.0 -9999.0 -9999.0 -9999.0 -9999.0 -9999.0 -9999.0 -9999.0 -9999.0 -9999.0 -9999.0 -9999.0 -9999.0 -9999.0 -9999.0 -9999.0 -9999.0 -9999.0
14.47100006 14.38600011 14.26899992 14.15299997 14.03100044 13.90200015 13.81199993 13.74199986 13.6719998 13.62099964 13.57799955 13.53999972 13.53000011 13.51200044 13.5239996 13.56500015 13.56900018 13.63699976 13.77900038 13.97699956 14.39999975 15.16299974 16.33000001 18.27299967 22.77199924 34.20500085 47.02299833 -9999.0 -9999.0 -9999.0 -9999.0 -9999.0 -9999.0 -9999.0 -9999.0 -9999.0 -9999.0 -9999.0 -9999.0 -9999.0 -9999.0 -9999.0 -9999.0 -9999.0 -9999.0 -9999.0 -9999.0 -9999.0 -9999.0 -9999.0 -9999.0 -9999.0 -9999.0 -9999.0 -9999.0 -9999.0 -9999.0
13.97699956 13.91999982 13.84400018 13.7860002 13.71300034 13.62599991 13.58000003 13.53800017 13.50300014 13.48599978 13.45300023 13.42900004 13.43099959 13.42399977 13.43999989 13.46400008 13.49600032 13.59399967 13.82100023 14.18500021 14.77700006 15.81200026 17.40000024 19.96899955 25.31700023 37.77699918 49.72200096 -9999.0 -9999.0 -9999.0 -9999.0 -9999.0 -9999.0 -9999.0 -9999.0 -9999.0 -9999.0 -9999.0 -9999.0 -9999.0 -9999.0 -9999.0 -9999.0 -9999.0 -9999.0 -9999.0 -9999.0 -9999.0 -9999.0 -9999.0 -9999.0 -9999.0 -9999.0 -9999.0 -9999.0 -9999.0 -9999.0
13.66200019 13.63399997 13.58599961 13.56100012 13.52899987 13.48800026 13.46999966 13.45199998 13.42099998 13.40399962 13.38300016 13.37100007 13.37200031 13.37600034 13.38300016 13.3969998 13.44200037 13.5239996 13.74300011 14.20500036 14.89199977 16.09800011 18.0970002 21.22700028 26.49600059 36.57700121 53.32300067 74.48758185 -9999.0 -9999.0 -9999.0 -9999.0 -9999.0 -9999.0 -9999.0 -9999.0 -9999.0 -9999.0 -9999.0 -9999.0 -9999.0 -9999.0 -9999.0 -9999.0 -9999.0 -9999.0 -9999.0 -9999.0 -9999.0 -9999.0 -9999.0 -9999.0 -9999.0 -9999.0 -9999.0 -9999.0 -9999.0
13.43800034 13.43400031 13.42200022 13.42900004 13.43199983 13.42300046 13.40899989 13.38899974 13.36300001 13.34199961 13.34000006 13.33099976 13.31700012 13.33399955 13.33899982 13.35600019 13.41599971 13.49699963 13.72500043 14.1789997 14.86099977 16.21099934 18.5649991 22.50299975 28.98100019 39.48900104 54.81699854 81.07802272 -9999.0 -9999.0 -9999.0 -9999.0 -9999.0 -9999.0 -9999.0 -9999.0 -9999.0 -9999.0 -9999.0 -9999.0 -9999.0 -9999.0 -9999.0 -9999.0 -9999.0 -9999.0 -9999.0 -9999.0 -9999.0 -9999.0 -9999.0 -9999.0 -9999.0 -9999.0 -9999.0 -9999.0 -9999.0
13.24300002 13.27299979 13.30799982 13.34299985 13.3659998 13.36700004 13.35499994 13.34000006 13.32799997 13.31400033 13.32100015 13.29900045 13.27599958 13.30500003 13.31800036 13.33000045 13.38199992 13.4800002 13.69599998 14.07700032 14.73999955 16.08799957 18.57100055 23.09500054 31.34499863 47.92600125 82.04399794 100.0360027 83.59564096 -9999.0 -9999.0 -9999.0 -9999.0 -9999.0 -9999.0 -9999.0 -9999.0 -9999.0 -9999.0 -9999.0 -9999.0 -9999.0 -9999.0 -9999.0 -9999.0 -9999.0 -9999.0 -9999.0 -9999.0 -9999.0 -9999.0 -9999.0 -9999.0 -9999.0 -9999.0 -9999.0 -9999.0
13.05000018 13.10599968 13.16899993 13.2179996 13.25900014 13.28399964 13.28600012 13.29800021 13.31300009 13.30399979 13.31899967 13.3100003 13.301 13.31199985 13.31199985 13.30399979 13.31899967 13.3969998 13.55199981 13.82599957 14.38799966 15.55200014 17.81000011 21.92699909 28.75700034 39.64800015 54.1779995 70.47100365 88.67300302 76.98523998 -9999.0 -9999.0 -9999.0 -9999.0 -9999.0 -9999.0 -9999.0 -9999.0 -9999.0 -9999.0 -9999.0 -9999.0 -9999.0 -9999.0 -9999.0 -9999.0 -9999.0 -9999.0 -9999.0 -9999.0 -9999.0 -9999.0 -9999.0 -9999.0 -9999.0 -9999.0 -9999.0
12.79999968 12.8650004 12.96399999 13.02499976 13.08600046 13.15500028 13.18900008 13.23799975 13.27599958 13.28899991 13.31099961 13.32799997 13.31899967 13.30299955 13.27599958 13.24400026 13.2269999 13.25299963 13.31700012 13.45899981 13.85799982 14.72800039 16.36599936 19.07199994 22.83200063 26.94899961 29.58999947 34.02400017 50.74800178 73.334001 -9999.0 -9999.0 -9999.0 -9999.0 -9999.0 -9999.0 -9999.0 -9999.0 -9999.0 -9999.0 -9999.0 -9999.0 -9999.0 -9999.0 -9999.0 -9999.0 -9999.0 -9999.0 -9999.0 -9999.0 -9999.0 -9999.0 -9999.0 -9999.0 -9999.0 -9999.0 -9999.0
12.51200028 12.59799954 12.71800045 12.79199962 12.87399977 12.98299991 13.057 13.12700007 13.18299957 13.22199963 13.2579999 13.27400003 13.25699966 13.22800014 13.19499966 13.15199956 13.11300043 13.1090004 13.13600037 13.21700029 13.41999974 13.93800043 14.89899959 16.44000039 18.33599992 20.12000047 21.32200077 24.33199994 35.68600118 63.76899779 72.96516001 -9999.0 -9999.0 -9999.0 -9999.0 -9999.0 -9999.0 -9999.0 -9999.0 -9999.0 -9999.0 -9999.0 -9999.0 -9999.0 -9999.0 -9999.0 -9999.0 -9999.0 -9999.0 -9999.0 -9999.0 -9999.0 -9999.0 -9999.0 -9999.0 -9999.0 -9999.0
12.22399995 12.32500002 12.4540003 12.54600007 12.63500005 12.75600027 12.86299992 12.95899972 13.03400006 13.07999995 13.11499998 13.13900016 13.12899962 13.1090004 13.07899971 13.04300036 12.99900003 12.95499969 12.94699963 12.99399976 13.08399998 13.31899967 13.88499979 14.79000039 15.78499936 16.80400036 18.00600067 20.68199962 28.68700027 49.74199831 76.26999915 73.83296639 -9999.0 -9999.0 -9999.0 -9999.0 -9999.0 -9999.0 -9999.0 -9999.0 -9999.0 -9999.0 -9999.0 -9999.0 -9999.0 -9999.0 -9999.0 -9999.0 -9999.0 -9999.0 -9999.0 -9999.0 -9999.0 -9999.0 -9999.0 -9999.0 -9999.0
11.90899964 12.02700008 12.17100024 12.29999959 12.41299976 12.52899971 12.65699975 12.76800036 12.84500025 12.88899966 12.92799972 12.95000035 12.94699963 12.95099966 12.9429996 12.90300023 12.86800019 12.82299962 12.79900037 12.81800028 12.86699995 13.00499961 13.31800036 13.84000015 14.43899982 15.09200037 16.22099988 18.62500049 24.16300029 36.93300113 59.18699875 72.90805131 -9999.0 -9999.0 -9999.0 -9999.0 -9999.0 -9999.0 -9999.0 -9999.0 -9999.0 -9999.0 -9999.0 -9999.0 -9999.0 -9999.0 -9999.0 -9999.0 -9999.0 -9999.0 -9999.0 -9999.0 -9999.0 -9999.0 -9999.0 -9999.0 -9999.0
11.52899954 11.68000046 11.84299961 12.01099996 12.17 12.30600011 12.42799964 12.53100019 12.60100026 12.63600029 12.66700029 12.69499958 12.70900015 12.75799982 12.78099976 12.75299955 12.72699982 12.70600036 12.68099993 12.68099993 12.71000039 12.80099992 12.95599993 13.24400026 13.70800007 14.32400011 15.48099983 17.64599979 21.75799944 29.67599966 44.551 67.93700159 76.56402886 -9999.0 -9999.0 -9999.0 -9999.0 -9999.0 -9999.0 -9999.0 -9999.0 -9999.0 -9999.0 -9999.0 -9999.0 -9999.0 -9999.0 -9999.0 -9999.0 -9999.0 -9999.0 -9999.0 -9999.0 -9999.0 -9999.0 -9999.0 -9999.0
11.07800007 11.26000006 11.44099981 11.63899992 11.83700003 12.01399975 12.14000024 12.22100016 12.28000037 12.30499987 12.34600041 12.40599994 12.46500015 12.53299974 12.56700046 12.56300043 12.57700007 12.58600038 12.58600038 12.59000041 12.59799954 12.61200011 12.68200018 12.86000013 13.26800045 14.04699963 15.18800016 16.93399996 19.95399967 25.43500066 35.86399928 55.92500046 75.51108301 -9999.0 -9999.0 -9999.0 -9999.0 -9999.0 -9999.0 -9999.0 -9999.0 -9999.0 -9999.0 -9999.0 -9999.0 -9999.0 -9999.0 -9999.0 -9999.0 -9999.0 -9999.0 -9999.0 -9999.0 -9999.0 -9999.0 -9999.0 -9999.0
