Environmental Parameters/Training/Net_Primary_Production.asc
ncols 720
nrows 360
xllcorner -180.00
yllcorner -90.00
cellsize 0.5
NODATA_value -9999
[rows 300 to 324 of 360, columns 171 to 227 of 720]
2.609000076 2.594999969 2.573000034 2.562999958 2.559999935 2.587999916 2.60700006 2.612000098 2.595999977 2.566999989 2.543000039 2.506999997 2.479000017 2.487000078 2.488000086 2.487000078 2.495999914 2.504999982 2.498999937 2.501999959 2.494999906 2.483000048 2.461000113 2.431999892 2.430999884 2.456000075 2.492999891 2.538000001 2.58300011 2.600000007 2.634000033 2.679999918 2.741999924 2.765000099 2.819000045 2.847000025 2.827000106 2.822000068 2.827000106 2.832999919 2.887000097 3.004000057 3.091000021 3.150000004 3.221000079 3.247000044 3.249000059 3.243000014 3.276000032 3.315000096 3.3460001 3.376000095 3.34899989 3.257999895 3.166999901 3.105999902 3.104999894
2.610000083 2.635000041 2.614000114 2.567999996 2.544000046 2.538000001 2.50599999 2.468999941 2.45800009 2.461999888 2.463999903 2.449000021 2.397000091 2.363000065 2.369999886 2.370999893 2.377999946 2.394000068 2.430999884 2.448000014 2.429000102 2.406999934 2.390000038 2.381999977 2.371999901 2.395000076 2.431999892 2.459000098 2.48200004 2.525999909 2.556999912 2.601000015 2.677999903 2.718999982 2.74799997 2.749999985 2.733000088 2.745999955 2.781999996 2.84099998 2.908000024 2.982999897 3.033000045 3.069000086 3.091000021 3.103000112 3.100000089 3.107999917 3.124000039 3.115999978 3.136999905 3.185000038 3.200999927 3.177999984 3.081999952 2.976000076 2.929999959
2.46499991 2.501999959 2.554999897 2.550000092 2.488000086 2.448000014 2.455000067 2.460000105 2.492000116 2.499999944 2.495999914 2.453000052 2.391000045 2.348999958 2.327000024 2.321999986 2.348999958 2.385 2.397000091 2.425000072 2.452000044 2.450000029 2.48200004 2.528999932 2.549000084 2.552000107 2.5510001 2.547000069 2.520000096 2.526999917 2.545000054 2.57900008 2.657999983 2.706999891 2.735000104 2.749999985 2.740999917 2.764000092 2.794000087 2.805999946 2.832999919 2.885000082 2.93800002 2.980000107 2.988999942 2.971000038 2.969000023 2.978000091 2.974000061 2.958999947 2.979000099 3.043999895 3.073000116 3.045999911 2.988999942 2.946000081 2.925999928
2.431999892 2.440999961 2.46499991 2.474999987 2.452000044 2.419000026 2.419000026 2.468999941 2.504999982 2.492000116 2.478000009 2.45400006 2.417000011 2.395000076 2.364000073 2.335000085 2.320999978 2.345999936 2.400999889 2.420000033 2.45800009 2.50599999 2.571000019 2.60300003 2.588999923 2.576000057 2.583999885 2.581000095 2.544000046 2.515000058 2.500999952 2.491000108 2.547000069 2.60700006 2.628999995 2.670000074 2.693000017 2.711999929 2.750999993 2.773999935 2.802999923 2.844000002 2.894999925 2.9180001 2.925999928 2.927999943 2.917000093 2.906000009 2.923999913 2.932999982 2.948000096 2.967000008 2.968000015 2.948000096 2.928999951 2.936000004 2.954999916
2.402999904 2.442999976 2.456000075 2.438999945 2.418000018 2.396000084 2.387000015 2.394000068 2.398000099 2.43000011 2.440999961 2.456000075 2.457000082 2.449000021 2.406999934 2.350999974 2.328000031 2.342999913 2.356000012 2.395000076 2.440999961 2.495999914 2.511000028 2.512000035 2.514000051 2.514000051 2.487000078 2.489000093 2.48200004 2.456000075 2.43699993 2.444999991 2.506999997 2.513000043 2.536999993 2.596999984 2.652999945 2.707999898 2.749999985 2.736000111 2.737999894 2.767999889 2.808999969 2.888000105 2.915000077 2.909000032 2.887000097 2.856000094 2.836999949 2.869999968 2.873999998 2.84900004 2.858000109 2.894999925 2.96199997 3.021999961 3.058000002
2.351999981 2.377999946 2.427000087 2.420000033 2.371999901 2.346999943 2.350999974 2.347999951 2.33999989 2.36100005 2.383999992 2.376999939 2.388000023 2.400000114 2.385 2.33999989 2.296000021 2.279999899 2.294000005 2.324000001 2.36500008 2.41299998 2.404999919 2.353999997 2.334000077 2.374999924 2.397000091 2.456000075 2.508000005 2.516000066 2.506999997 2.488000086 2.509000013 2.523999894 2.573000034 2.638000064 2.683999948 2.737999894 2.784000011 2.828000113 2.871999983 2.907000016 2.937000012 2.955999924 2.92099989 2.860999899 2.818000037 2.805999946 2.779999981 2.752 2.730000066 2.725000028 2.765000099 2.779999981 2.769999905 2.7999999 2.893999917
2.233000007 2.239000052 2.283999929 2.279999899 2.26400001 2.247999888 2.270000055 2.29199999 2.326000016 2.346999943 2.301000059 2.263000002 2.246000106 2.228999976 2.195999958 2.195999958 2.21600011 2.271000063 2.308999887 2.353999997 2.394000068 2.40899995 2.390000038 2.359000035 2.405999927 2.48200004 2.581000095 2.671000082 2.702000085 2.715999959 2.709999913 2.662000014 2.636000048 2.653999953 2.708999906 2.792000072 2.790000057 2.762000076 2.779999981 2.818000037 2.834999934 2.846000018 2.837999957 2.819000045 2.760000061 2.716999967 2.709999913 2.714999951 2.7040001 2.723000012 2.730000066 2.774999943 2.816000022 2.785000019 2.743999939 2.707999898 2.729000058
2.128999913 2.168999985 2.224999946 2.242000075 2.249999903 2.235000022 2.249999903 2.269000048 2.277000109 2.290999983 2.288999967 2.24000006 2.178000053 2.129999921 2.115000039 2.102999948 2.099999925 2.177000046 2.266000025 2.330000047 2.360000042 2.352999989 2.36100005 2.393000061 2.453000052 2.50599999 2.55399989 2.595999977 2.620999934 2.614000114 2.620999934 2.641000086 2.669000067 2.709999913 2.740999917 2.723000012 2.682999941 2.642000094 2.612000098 2.592999954 2.582000103 2.566999989 2.560999943 2.572000027 2.591999946 2.620999934 2.63100001 2.620999934 2.636000048 2.685999963 2.762000076 2.803999931 2.787000034 2.812999999 2.82100006 2.879000036 3.133000107
2.091000089 2.120000077 2.136999974 2.175000031 2.196999965 2.188999904 2.197999973 2.19899998 2.209000057 2.231999999 2.252999926 2.24000006 2.197999973 2.136999974 2.091000089 2.088000067 2.108999994 2.173000015 2.213000087 2.234000014 2.28799996 2.297000028 2.271000063 2.276000101 2.281999914 2.358000027 2.406999934 2.457000082 2.502999967 2.519000089 2.547000069 2.5859999 2.617999911 2.604000038 2.587999916 2.523999894 2.463999903 2.421000041 2.393000061 2.383999992 2.377999946 2.375999931 2.381999977 2.406999934 2.472999971 2.553000115 2.57500005 2.552000107 2.587999916 2.706999891 2.792000072 2.812999999 2.902999986 3.075999906 3.309000051 3.618000075 3.911999986
1.94300001 1.958000008 1.982999966 2.002999885 2.030000091 2.052000025 2.098999918 2.126999898 2.135999966 2.154000103 2.16699997 2.14700005 2.139999997 2.149000065 2.139999997 2.118000062 2.113000024 2.130999928 2.186000114 2.260999987 2.278000116 2.278000116 2.275000094 2.251999918 2.285999944 2.336000092 2.362000057 2.388000023 2.433999907 2.46499991 2.48600007 2.506999997 2.502999967 2.478000009 2.438999945 2.391000045 2.33999989 2.320999978 2.314999932 2.298000036 2.280999906 2.305000089 2.31599994 2.351999981 2.430999884 2.494999906 2.470999956 2.475999994 2.573000034 2.658999991 2.736000111 2.953999909 3.223000094 3.435000079 3.664999967 3.932999913 4.255000036
1.905999961 1.923999982 1.963000046 2.000000095 2.011999954 2.008999931 2.005999908 1.992000034 1.999000087 2.05000001 2.108999994 2.151000081 2.112000016 2.083000029 2.080000006 2.093000105 2.11900007 2.131999936 2.145000035 2.176000038 2.192999935 2.214000095 2.226999961 2.24400009 2.258999972 2.298000036 2.328000031 2.351999981 2.393000061 2.425000072 2.429000102 2.404999919 2.367000096 2.329000039 2.302000066 2.294000005 2.290999983 2.286999952 2.263000002 2.243000083 2.245000098 2.300000051 2.3370001 2.382999985 2.404999919 2.407999942 2.41299998 2.433999907 2.542000031 2.65499996 2.869999968 3.177999984 3.400000045 3.558000084 3.684000112 4.013000056 4.87100007
1.863999991 1.87399995 1.890999964 1.904999954 1.918000053 1.914000022 1.90100004 1.861999976 1.882000011 1.947000041 2.000000095 2.017999999 1.99800008 1.98099995 1.991000026 2.025000053 2.088000067 2.11900007 2.138999989 2.142000012 2.138999989 2.134999959 2.122000093 2.121000085 2.165999962 2.246000106 2.256999956 2.28799996 2.341999905 2.369999886 2.380999969 2.379999962 2.329000039 2.279999899 2.309999894 2.387000015 2.390000038 2.369999886 2.327000024 2.303000074 2.314999932 2.369999886 2.374999924 2.392000053 2.40899995 2.426000079 2.461999888 2.50599999 2.561999951 2.702000085 3.008000087 3.397000022 3.668999998 4.137999844 5.038000178 6.312999874 7.286000066
1.858999953 1.858999953 1.866000006 1.85999996 1.84599997 1.814999967 1.798999961 1.812999952 1.833999995 1.913000015 1.934999949 1.92499999 1.931000035 1.935999957 1.94300001 1.953999978 1.971000107 1.992000034 2.028000075 2.06999993 2.104999963 2.081000013 2.078999998 2.115000039 2.199999988 2.247000113 2.248999896 2.286999952 2.318999963 2.340999898 2.36100005 2.346999943 2.31199991 2.305000089 2.3370001 2.36500008 2.378999954 2.3370001 2.280999906 2.282999922 2.278999891 2.302000066 2.307000104 2.314999932 2.327000024 2.297000028 2.346999943 2.374999924 2.514000051 2.642000094 2.712999936 2.902999986 3.557000076 4.495000001 5.361999851 7.242999971 8.00000038
1.999000087 1.962000038 1.893999986 1.814999967 1.769999973 1.757999999 1.777000027 1.81799999 1.857000054 1.908999984 1.951999962 1.997000072 2.008999931 2.010999946 2.015999984 2.016999992 2.024000045 2.059000079 2.092000097 2.103999956 2.102999948 2.104999963 2.149000065 2.213000087 2.265000017 2.259999979 2.256999956 2.299000043 2.297000028 2.316999948 2.28799996 2.248999896 2.233000007 2.235000022 2.290999983 2.353999997 2.31999997 2.272000071 2.214000095 2.178000053 2.14300002 2.153000096 2.209000057 2.284999937 2.284999937 2.376999939 2.380999969 2.317999955 2.477000002 3.036000067 3.855000017 4.964999855 5.795999896 6.364999805 7.091999985 7.826999761 8.016946726
1.932000043 1.90100004 1.842999947 1.806000015 1.786999987 1.829999965 1.897000009 1.957 1.970000099 2.032000106 2.043999964 2.066999907 2.060000086 2.046999987 2.061000094 2.086000051 2.094999887 2.088000067 2.115000039 2.133999951 2.160999924 2.168999985 2.152000088 2.191999927 2.245000098 2.26800004 2.255999949 2.227999968 2.210000064 2.19899998 2.169999992 2.19499995 2.191999927 2.205000026 2.196999965 2.156999893 2.093000105 2.020000014 1.961000031 1.940999995 1.958000008 2.0049999 1.981999958 2.130999928 2.22299993 2.202000003 2.205000026 2.350999974 2.534999978 3.297999967 4.889000207 6.066000089 6.984939333 7.730999961 7.790967822 7.972000167 7.795390673
1.979999943 1.953999978 1.934999949 1.959000016 2.007999923 2.071999945 2.070999937 2.095999895 2.141000004 2.113000024 2.095999895 2.09799991 2.084000036 2.055000048 2.064999891 2.051000018 2.074999968 2.086000051 2.090000082 2.080000006 2.080000006 2.076999983 2.160999924 2.219999908 2.227999968 2.21600011 2.181000076 2.12599989 2.10199994 2.091000089 2.087000059 2.126999898 2.113000024 2.06999993 2.02200003 2.008999931 1.935999957 1.805000007 1.728000003 1.700000023 1.669000019 1.637000008 1.740999985 1.856000046 1.959000016 2.064999891 2.207000041 2.566999989 3.341000061 4.542000126 5.793999881 6.084697321 8.356999606 8.627000265 8.373999968 8.09300039 -9999.0
2.032000106 1.990000019 2.012999961 2.070999937 2.129999921 2.174000023 2.233000007 2.253999934 2.199999988 2.165999962 2.146000043 2.138999989 2.09799991 2.049000002 2.039999934 2.05000001 2.071999945 2.04599998 2.040999942 2.056000056 2.05000001 2.056000056 2.090000082 2.10199994 2.046999987 1.991000026 1.979999943 1.993000042 1.974999905 1.966000069 1.959000016 1.945000025 1.92900002 1.892999979 1.835000003 1.785999979 1.728000003 1.652000006 1.592000015 1.565000042 1.550000045 1.582000055 1.658000052 1.753999968 1.934999949 2.083000029 2.256999956 2.581000095 2.944000065 3.234999953 3.548000008 4.114000127 4.716999829 5.5999998 6.407999899 6.316999905 -9999.0
2.087000059 2.121000085 2.133999951 2.1230001 2.186999889 2.216999885 2.290999983 2.386000007 2.192999935 2.081000013 2.060000086 2.039999934 2.016999992 1.986999996 1.969000092 1.94300001 1.916000037 1.906999969 1.899000024 1.893999986 1.876999973 1.883000019 1.872000052 1.83199998 1.786999987 1.787999994 1.798999961 1.841000048 1.855000039 1.837000018 1.795000047 1.751999953 1.706999959 1.671000035 1.633999986 1.610000036 1.634999993 1.649999991 1.573999994 1.535000047 1.612999942 1.816999982 2.205000026 2.756000031 3.2279999 3.56699992 3.860000055 3.87799996 3.492000047 3.030000022 2.729000058 2.852000063 3.320999909 4.172000103 4.889999982 5.273286253 -9999.0
2.164999954 2.127999905 2.078999998 2.002999885 2.008999931 1.996000065 1.960000023 1.922999974 1.872000052 1.872999943 1.846999978 1.835000003 1.871000044 1.894999994 1.855000039 1.801999984 1.779000042 1.765999943 1.735999947 1.702000038 1.68700004 1.691999962 1.692999969 1.688000048 1.670000027 1.646999968 1.624000026 1.604999998 1.59 1.583999954 1.568999956 1.582000055 1.657000044 1.798999961 1.918999944 1.92900002 1.912000007 1.971000107 2.000000095 1.92900002 2.020000014 2.463999903 3.074999899 3.799000056 4.619000014 4.251773935 -9999.0 -9999.0 3.301724792 2.934999997 2.595999977 2.847000025 3.31642665 3.863051534 4.263189156 4.568175878 -9999.0
1.999000087 2.02600006 2.005999908 1.921999967 1.857999945 1.860999968 1.860999968 1.830999972 1.83199998 1.787999994 1.734000049 1.709999982 1.680999994 1.654000022 1.658000052 1.642000047 1.616999973 1.615999965 1.616999973 1.600999967 1.587999985 1.562000019 1.530000009 1.525999978 1.536999946 1.540999976 1.535000047 1.536999946 1.543999999 1.532000024 1.535000047 1.568999956 1.618999988 1.779000042 2.292999998 2.898999956 3.256999888 4.033315461 4.422724713 3.816999961 3.716999898 4.031173885 4.412999842 4.553145263 4.504717421 4.256670829 -9999.0 -9999.0 -9999.0 -9999.0 2.429000102 2.43699993 2.96418881 -9999.0 -9999.0 -9999.0 -9999.0
1.628999948 1.719999942 1.761000021 1.767999958 1.723999972 1.646999968 1.656000037 1.668000012 1.630999963 1.567000058 1.511999988 1.462999964 1.425000024 1.402999973 1.364000025 1.33400003 1.332000014 1.354999957 1.413000049 1.439000014 1.447999966 1.451999997 1.444999943 1.457000035 1.48700003 1.523999963 1.569999964 1.601999975 1.611000043 1.636000001 1.702000038 1.826000051 1.992000034 2.197999973 2.5859999 3.269999987 4.519999959 6.138000172 7.507000118 8.057000116 5.947902799 5.34920441 4.963702988 4.788641352 4.528138787 4.241358489 3.909163643 3.542551072 3.178199753 2.870769706 2.677817829 2.78538093 3.05436831 3.294642549 -9999.0 -9999.0 -9999.0
1.354999957 1.379000023 1.388999983 1.394000021 1.393000013 1.386999968 1.384999952 1.376 1.368999947 1.363000018 1.344999997 1.319000032 1.298999996 1.291000051 1.29299995 1.291000051 1.279999968 1.281999983 1.280999975 1.261999947 1.262999955 1.282999991 1.323999953 1.393000013 1.470000017 1.538999961 1.573999994 1.564000035 1.568999956 1.642000047 1.764000044 1.958000008 2.24000006 2.706000116 3.237999976 3.712000092 4.592000041 5.611999892 6.585000083 7.632043213 6.988126319 6.032072473 5.368829239 4.97227814 4.591580015 4.237117246 3.875444876 3.501435276 3.181854263 2.977774478 -9999.0 2.980087185 3.135188716 3.280367237 3.424956696 -9999.0 -9999.0
1.168000046 1.280999975 1.27899996 1.280999975 1.305000042 1.329999999 1.337999944 1.341999974 1.353999949 1.350000035 1.358999987 1.37199997 1.368000056 1.343999989 1.322999946 1.327999984 1.327999984 1.311999978 1.313999994 1.337000052 1.355999964 1.377000008 1.404999988 1.444999943 1.518000034 1.628999948 1.70100003 1.730000018 1.750000054 1.79400004 1.949000056 2.305000089 2.903999994 3.801000072 4.87100007 5.706999917 6.657000165 7.189000025 7.393999957 7.571999915 7.71499984 6.44294871 5.619702395 5.096815061 4.637941718 4.230027553 3.816230921 -9999.0 -9999.0 -9999.0 -9999.0 -9999.0 3.200936364 3.284647828 3.372513223 -9999.0 -9999.0
1.052999985 1.107000047 1.178000006 1.249999972 1.322000055 1.368999947 1.383999945 1.367000048 1.347000012 1.363000018 1.393000013 1.426000032 1.429999946 1.416999963 1.401999965 1.409000019 1.45500002 1.49699999 1.524999971 1.538999961 1.542999991 1.545000006 1.550000045 1.587999985 1.661999966 1.782999956 1.912000007 1.994000049 2.068999922 2.19499995 2.381999977 2.600000007 2.839999972 3.064000048 3.329999978 3.744000103 4.656000063 5.969000049 6.138521247 6.391016301 6.565215997 6.362040527 5.709913094 5.185142625 4.657236859 4.17041406 3.736414947 3.500382649 -9999.0 -9999.0 -9999.0 -9999.0 3.261642065 3.301760415 3.347705351 3.391328035 -9999.0
1.706999959 1.695999992 1.768999966 1.877999981 2.013999969 2.013999969 1.91500003 1.842000056 1.772999996 1.680999994 1.587999985 1.563000027 1.563000027 1.523999963 1.460000058 1.439000014 1.490999945 1.537999953 1.569999964 1.587999985 1.612000051 1.661999966 1.719000051 1.782999956 1.881000004 2.016999992 2.234000014 2.493999898 2.757000038 2.943000058 3.128000069 3.252000082 3.218000056 3.18 3.096000059 3.196999896 3.584000049 4.203999881 4.807000048 5.276999902 5.404000171 5.592000205 5.485000089 5.392000079 4.626487382 4.011519253 3.716398729 3.560167504 3.444802249 -9999.0 3.320256714 3.31655331 3.323181067 3.33127263 3.344581462 3.359704511 -9999.0
