Environmental Parameters/Training/Sea-surface_salinity.asc
ncols 720
nrows 360
xllcorner -180.00
yllcorner -90.00
cellsize 0.5
NODATA_value -9999
[rows 250 to 274 of 360, columns 112 to 167 of 720]
34.63417435 34.63581467 34.6292572 34.62117767 34.60121155 34.58088303 34.5667305 34.56002426 34.54967499 34.5346756 34.52984238 34.53171539 34.51965332 34.50399017 34.50143433 34.49502945 34.4934082 34.49494171 34.48001862 34.46257401 34.45043564 34.44433975 34.43899918 34.43713379 34.42772675 34.41993332 34.41551208 34.41502762 34.42721176 34.43643951 34.43161011 34.42576599 34.41501617 34.39864349 34.38038635 34.37046051 34.36532593 34.35625076 34.33625412 34.31462479 34.29877472 34.30047226 34.2884903 34.26874161 34.26554489 34.2698555 34.27487564 34.28039932 34.28377151 34.28374863 34.29183578 34.29312134 34.28739166 34.29631424 34.30766296 34.32326126
34.55127716 34.5533371 34.55477142 34.54488373 34.52877045 34.51459503 34.50235367 34.49108887 34.48151016 34.47053146 34.4627037 34.45463562 34.44048309 34.42830658 34.42360306 34.41501617 34.40464783 34.39896011 34.38706589 34.37142944 34.35980225 34.36238861 34.37475204 34.37615967 34.36103439 34.34924316 34.34412003 34.34007263 34.34770584 34.35709381 34.35264587 34.34045029 34.3286972 34.31414032 34.30263519 34.29683304 34.28892899 34.27295685 34.24884033 34.22968292 34.22246933 34.22673798 34.22157669 34.21107483 34.2073822 34.21003723 34.21673203 34.22858047 34.23638535 34.23792648 34.24181366 34.24220276 34.23486328 34.23943329 34.24976349 34.26521683
34.47216034 34.47342682 34.47499084 34.4638176 34.44853592 34.43490982 34.42602539 34.41823578 34.41326523 34.40618134 34.39330673 34.37845612 34.36513901 34.36587524 34.36415863 34.35437012 34.34133148 34.33533859 34.32714844 34.31256866 34.29758453 34.29557037 34.3007164 34.29845428 34.2882576 34.2848053 34.28414536 34.27693939 34.27081299 34.26509476 34.25695801 34.25008011 34.24192429 34.23439026 34.22671509 34.21896744 34.20620346 34.19137192 34.17820358 34.16401672 34.15616226 34.15790939 34.15440369 34.15089798 34.14736938 34.14415741 34.15002823 34.1644783 34.17566299 34.18001175 34.18265533 34.180336 34.18027878 34.18893814 34.19997406 34.21107483
34.41140366 34.40613937 34.39987946 34.38995743 34.38285828 34.37849808 34.3698349 34.35929489 34.34814835 34.33380508 34.3211937 34.30866241 34.30513 34.31463623 34.31715775 34.30670166 34.29637146 34.28929138 34.28048325 34.26679993 34.25662613 34.25284576 34.24531555 34.2409935 34.23400497 34.23767853 34.24030304 34.22743225 34.21264267 34.20526886 34.19849396 34.19539261 34.19034576 34.18542862 34.17686844 34.16784668 34.15840149 34.14563751 34.13660049 34.12635422 34.11903763 34.11405945 34.11128998 34.10711288 34.10167694 34.09524155 34.09756088 34.10905838 34.11741638 34.11872101 34.11999512 34.12046051 34.12762451 34.14010239 34.15019989 34.15631866
34.34972 34.33802795 34.32695389 34.31996918 34.31890869 34.31875229 34.31193924 34.30317307 34.29047012 34.27490997 34.26116562 34.24708176 34.24787521 34.25457764 34.25426865 34.24706268 34.24247742 34.23777008 34.22831345 34.21520996 34.21025085 34.20715332 34.19975662 34.1942215 34.18737793 34.18674088 34.19228745 34.1888504 34.17573166 34.16217041 34.14897537 34.14260864 34.14149857 34.13896179 34.13639832 34.1303978 34.12399292 34.11437607 34.10425186 34.09274292 34.08427048 34.07748032 34.07577896 34.07329559 34.0672493 34.0633316 34.06097031 34.06483841 34.06749725 34.06580353 34.06472778 34.06822968 34.07452011 34.08016586 34.08638382 34.09147263
34.30604172 34.29507828 34.28366852 34.27925873 34.28059387 34.27748489 34.27232361 34.26502228 34.25574493 34.24316406 34.22954559 34.21357346 34.20895386 34.20439529 34.1994133 34.19903183 34.20226288 34.20186615 34.19382858 34.18306351 34.17462158 34.17086029 34.16605759 34.15745163 34.1468811 34.14302444 34.14730072 34.15109634 34.14592743 34.13025284 34.11425781 34.10718536 34.1036644 34.10201645 34.10177231 34.09711838 34.09078217 34.08578491 34.07838821 34.06703949 34.05794907 34.05181122 34.04919815 34.04540634 34.03887558 34.03498459 34.033741 34.03571701 34.03595734 34.03464508 34.03455353 34.03680038 34.03927231 34.03988647 34.04169846 34.04703903
34.28113937 34.26967239 34.25744629 34.25102234 34.24776077 34.24321365 34.23763275 34.23263168 34.22727585 34.21688461 34.20346069 34.19393539 34.18648529 34.17756653 34.17325211 34.17435074 34.17552185 34.17218399 34.1660614 34.15884399 34.15089417 34.14536667 34.1383934 34.12669373 34.11594009 34.11129761 34.11232376 34.11370087 34.11076736 34.09880829 34.08633804 34.07565308 34.07098389 34.06987 34.06867218 34.06537247 34.06223297 34.06038284 34.0585022 34.05215454 34.0442276 34.03700638 34.02980423 34.01948929 34.01148605 34.00788498 34.00634384 34.00738144 34.00973129 34.01221085 34.01187134 34.01127243 34.01216888 34.01283646 34.01396561 34.01685333
34.25786972 34.24806976 34.23757553 34.22848511 34.22073364 34.21019363 34.20431519 34.19811249 34.19347763 34.1875267 34.17937088 34.17002869 34.16330338 34.15599823 34.15230179 34.15287781 34.1488533 34.14541626 34.14214325 34.13783264 34.1295929 34.12149429 34.11207581 34.10090637 34.09311676 34.09117126 34.09062958 34.08739853 34.08376312 34.07735825 34.06926727 34.0611496 34.05468369 34.05198288 34.04779434 34.04184723 34.04029846 34.03855133 34.03991318 34.03536606 34.02596664 34.01937485 34.01065063 33.99809265 33.99211884 33.98872757 33.98609161 33.98753357 33.99034119 33.99145889 33.99083328 33.99178314 33.99248886 33.99454117 33.9972229 33.99936676
34.23250961 34.22846985 34.21955872 34.21018219 34.19704819 34.18466568 34.17999268 34.17809677 34.17424393 34.16809082 34.15958023 34.15149307 34.14582062 34.14214325 34.13742828 34.13070679 34.12350082 34.12173462 34.11989212 34.11741638 34.10909653 34.10004425 34.09380341 34.08596802 34.0796051 34.07638168 34.07329941 34.0675621 34.06580353 34.06302261 34.0562973 34.05195236 34.04717636 34.04136658 34.0345993 34.02812195 34.02766037 34.02414322 34.02101898 34.0187149 34.01091385 34.0042305 33.99693298 33.98590088 33.98211288 33.97901535 33.97470093 33.97450256 33.97658539 33.97637939 33.97608566 33.9777298 33.97907639 33.97699738 33.97675323 33.9787674
34.20138931 34.19358063 34.18942642 34.18466949 34.176651 34.16825867 34.16709518 34.16651154 34.16116714 34.15481186 34.14803696 34.14200211 34.13542557 34.12935638 34.12386322 34.11610413 34.11137009 34.10958099 34.10805893 34.10608673 34.10139465 34.0933075 34.08594894 34.07705688 34.06937027 34.06221771 34.0544548 34.05134583 34.05265808 34.05225754 34.04926682 34.04452515 34.04038239 34.03707123 34.03085327 34.02608109 34.02295303 34.01675797 34.01111984 34.00792694 34.00342178 33.99850082 33.99347687 33.98430252 33.97903442 33.9766655 33.97288513 33.97066879 33.96928787 33.96905518 33.96907806 33.97062302 33.97185135 33.96761322 33.96356964 33.96347427
34.17812729 34.17087555 34.16932678 34.16712189 34.16048813 34.15451431 34.15681458 34.15537643 34.15377426 34.15021133 34.1431427 34.13495636 34.12453079 34.11672974 34.11008453 34.10240555 34.09877396 34.09611511 34.09566116 34.09549713 34.0949173 34.09076309 34.08074188 34.07164764 34.0619545 34.05387497 34.04706192 34.04273987 34.03993225 34.03959274 34.03951645 34.03701401 34.0357132 34.03387451 34.03058243 34.02694321 34.02107239 34.01479721 34.00933075 34.00548935 34.00136948 33.9961319 33.99154663 33.98471451 33.97963333 33.97750092 33.97520828 33.97393417 33.97194672 33.97143173 33.96961212 33.96858597 33.96873856 33.96554565 33.96050262 33.95809555
34.17394638 34.16773605 34.16426468 34.16028214 34.1554985 34.15230179 34.15388107 34.1524353 34.14767838 34.14094925 34.13237 34.12507248 34.11584091 34.10799408 34.10056686 34.09342957 34.08852005 34.08792114 34.08878326 34.0868187 34.0862999 34.08263397 34.07444382 34.06668472 34.0587883 34.05287933 34.04888153 34.04341888 34.0365715 34.03314209 34.03167725 34.03210449 34.03144836 34.02943039 34.0267334 34.02081299 34.0140419 34.0112114 34.00779724 34.0031662 33.9983139 33.99294281 33.98837662 33.9833107 33.9801445 33.9787941 33.97905731 33.98057175 33.98023224 33.97767639 33.97338486 33.97026825 33.9683342 33.96530151 33.96183395 33.96218491
34.18038559 34.1709404 34.1643486 34.16104126 34.15790939 34.1552124 34.15581894 34.1532135 34.14678574 34.14059448 34.13325882 34.12454605 34.11613846 34.10858154 34.09994507 34.09357452 34.08973312 34.08664703 34.08575058 34.08373642 34.08217239 34.07826614 34.07192993 34.06467819 34.05796814 34.05289459 34.04857635 34.04444122 34.03883743 34.03403854 34.03077316 34.02969742 34.02855682 34.02766418 34.02390289 34.01847839 34.01374435 34.01229858 34.00900269 34.00527954 34.00120926 33.9962616 33.99251556 33.99008179 33.98725891 33.98542404 33.98712158 33.98910522 33.98700333 33.9827652 33.97973633 33.97664261 33.97250748 33.96882248 33.96724319 33.96779251
34.19191742 34.18347168 34.17519379 34.17007828 34.16643906 34.16457367 34.16350555 34.16129684 34.15765381 34.15093613 34.14247131 34.13282394 34.12213135 34.11433029 34.10719299 34.10025024 34.094944 34.08982086 34.0884819 34.09040833 34.08834076 34.08441162 34.07869339 34.07071304 34.06308365 34.05633163 34.04990768 34.04502487 34.04059982 34.03594971 34.03263092 34.03190613 34.03099823 34.03090668 34.02692413 34.0226593 34.02116013 34.01985931 34.01530838 34.00959778 34.00403214 33.99925613 33.99666214 33.99639893 33.99636841 33.99600983 33.99480057 33.99491882 33.99227905 33.98903656 33.98752594 33.98534775 33.98130035 33.97831345 33.97684097 33.97666931
34.197155 34.19280243 34.18761444 34.18317413 34.17930984 34.17763519 34.1751709 34.1726799 34.16934967 34.1629982 34.15681839 34.14693069 34.13269806 34.12071991 34.11190796 34.10747147 34.10351563 34.10010147 34.09936523 34.10102844 34.09910202 34.09178162 34.08509827 34.07706451 34.06806946 34.06009293 34.05316925 34.04640198 34.04101563 34.03768158 34.03588867 34.0361824 34.03714371 34.03678513 34.03456497 34.03197861 34.02971268 34.02722549 34.02335739 34.01957703 34.0154686 34.0125618 34.01033783 34.00839615 34.00720215 34.00627136 34.00391006 34.00167847 33.99983978 33.99759674 33.99750519 33.99679184 33.99486542 33.99204254 33.98968506 33.98774338
34.20337677 34.20013046 34.1975441 34.19367981 34.1907692 34.18775558 34.18579483 34.18350983 34.17894363 34.17424011 34.16807556 34.15891647 34.14872742 34.13521957 34.12188721 34.11771774 34.11681366 34.11475754 34.10998154 34.10648727 34.10479736 34.09869766 34.09171677 34.08295822 34.07551956 34.06846237 34.06037903 34.05281448 34.04816055 34.04714584 34.04721832 34.04531097 34.04449463 34.04392624 34.04303741 34.04202271 34.04111099 34.03790283 34.03450775 34.03215027 34.03113556 34.02793503 34.02377701 34.01942062 34.01698303 34.01617813 34.01426315 34.01174927 34.01089859 34.0099144 34.00971222 34.00833511 34.00559235 34.00266647 34.0005188 33.99933624
34.20953369 34.20565033 34.20398331 34.20182037 34.1999054 34.19766235 34.19544983 34.19179153 34.18851089 34.18565369 34.1780014 34.16888428 34.16228867 34.15341949 34.14131165 34.13410568 34.13148117 34.12885284 34.122612 34.11660767 34.11174393 34.10618973 34.10056305 34.09109879 34.0843544 34.07945251 34.07290268 34.06824493 34.06470871 34.06389236 34.06344604 34.05976868 34.05653763 34.05391693 34.05171204 34.05034637 34.05077362 34.04929352 34.04669189 34.04539108 34.04460526 34.04058456 34.03468323 34.02903748 34.02736664 34.02820969 34.02584457 34.02286911 34.02196503 34.02090073 34.0200882 34.01890182 34.01644516 34.01305771 34.01123047 34.01106644
34.21839142 34.21313095 34.20978928 34.20821762 34.20724869 34.20614624 34.20198822 34.19708633 34.19363785 34.19189835 34.18704987 34.17999649 34.17518234 34.16891479 34.15976715 34.15169907 34.14849854 34.14572525 34.14038086 34.1342392 34.12701416 34.12022018 34.11433411 34.10704041 34.10123825 34.09577942 34.08779144 34.0831337 34.08202744 34.08056259 34.07865906 34.07529449 34.07019043 34.06583023 34.06280518 34.06179047 34.06222916 34.0620079 34.061409 34.05987167 34.05827332 34.05283737 34.04519272 34.03975296 34.03732681 34.03676987 34.0343895 34.03293991 34.03180313 34.03063583 34.02898407 34.02767944 34.02545547 34.02459335 34.02360535 34.02166367
34.22806931 34.22249222 34.21856689 34.21574402 34.21376419 34.2117424 34.20798492 34.20450211 34.20095825 34.19767761 34.1947403 34.19173431 34.18732071 34.18216324 34.17481232 34.16713333 34.16396332 34.16168594 34.1572113 34.15140152 34.14595413 34.14024734 34.13287354 34.12565994 34.11610031 34.1079216 34.10177231 34.09951019 34.09860229 34.09864426 34.09834671 34.09585571 34.09189606 34.08632278 34.08081055 34.0774231 34.07646561 34.07598114 34.07351303 34.06979752 34.06616211 34.06071091 34.05463409 34.05099869 34.0486145 34.04703903 34.04539108 34.04310226 34.03988647 34.0397377 34.03986359 34.03768158 34.03428268 34.03343582 34.03267288 34.03066635
34.23905563 34.23445892 34.22875595 34.22484207 34.22079849 34.21796036 34.21615982 34.21395111 34.20989609 34.20583725 34.20301437 34.20152664 34.19854355 34.19254684 34.18616104 34.18102646 34.17782974 34.17380524 34.16971588 34.16371536 34.15842056 34.15195465 34.14492035 34.13784027 34.12689209 34.1182785 34.11309433 34.11207581 34.1119957 34.11334229 34.1132431 34.11146927 34.10720062 34.1010704 34.09621048 34.0918541 34.08969498 34.08858871 34.08528519 34.07910538 34.0733223 34.06869125 34.06477356 34.06263351 34.06109619 34.05861282 34.05508423 34.05205917 34.05025864 34.05054855 34.05006027 34.04746628 34.04375839 34.04289246 34.0414772 34.0389328
34.2460022 34.24201584 34.2370491 34.23386765 34.23045731 34.22758865 34.22624969 34.22437286 34.22087097 34.21720505 34.21336746 34.21258545 34.21141052 34.2070694 34.20184708 34.19675064 34.19358826 34.18901443 34.18209457 34.17282104 34.16527557 34.15977478 34.15519714 34.1478653 34.13849258 34.13130569 34.12724686 34.12617111 34.12689209 34.12763214 34.12565231 34.12320328 34.11827087 34.11155701 34.10629272 34.10100555 34.09780121 34.09638596 34.09332275 34.08838654 34.08415604 34.08123779 34.07796097 34.07602692 34.07403946 34.07089615 34.06664658 34.06368637 34.06186676 34.06055069 34.05960846 34.05632401 34.05289459 34.05142975 34.05045319 34.04913712
34.25141907 34.24688721 34.24169922 34.23917007 34.23730087 34.23449707 34.23279953 34.23130417 34.22961426 34.2265892 34.22437668 34.22273254 34.22043991 34.21669388 34.21147156 34.20653534 34.20473099 34.20126724 34.1932869 34.18393707 34.17654037 34.1693573 34.16477966 34.15841675 34.15102768 34.14499664 34.14183807 34.14030457 34.13975143 34.13877106 34.13552094 34.13270187 34.12869263 34.12273788 34.11677933 34.11013412 34.10517502 34.10253143 34.09839249 34.09506226 34.09270477 34.09057999 34.08737946 34.08501053 34.08235931 34.08093643 34.07893753 34.07592773 34.07261276 34.06960297 34.06690979 34.06345749 34.06116486 34.05908203 34.05883408 34.05899048
34.25834274 34.25382233 34.24910355 34.24629974 34.24364471 34.2404213 34.23931885 34.23902512 34.23820114 34.23574448 34.2335968 34.23189926 34.22929764 34.2253685 34.21947861 34.21370316 34.20907593 34.20529556 34.19955063 34.19334412 34.18782425 34.18071365 34.1747818 34.17071915 34.16574478 34.16137695 34.1571846 34.15379333 34.1521492 34.14878082 34.14375687 34.13982773 34.13643646 34.13204575 34.12613678 34.12065125 34.115242 34.11078644 34.10627747 34.10256577 34.09993744 34.09835434 34.09662247 34.09516144 34.09301376 34.09144592 34.08947754 34.08634186 34.08280563 34.07973099 34.07741165 34.07556534 34.0741806 34.07213593 34.07100296 34.06988525
34.26314163 34.26076508 34.25790787 34.25440216 34.25144958 34.24850082 34.24673843 34.24701309 34.24604034 34.24287033 34.23949432 34.23588562 34.23112488 34.22633743 34.22079086 34.21484375 34.20992661 34.20624924 34.20178986 34.19748306 34.19266129 34.18738556 34.18378067 34.18048096 34.17735291 34.17518997 34.17389679 34.1710968 34.16777039 34.16082001 34.15271378 34.14744949 34.14351654 34.13825989 34.13235092 34.12740326 34.12230301 34.11667252 34.11291885 34.11000824 34.10713196 34.10564423 34.10544968 34.10542297 34.10313416 34.1007576 34.09929657 34.09809875 34.09614944 34.09340286 34.09068298 34.08772659 34.08457947 34.08171844 34.07925034 34.07732773
34.26847839 34.26725769 34.2653656 34.2621994 34.25833511 34.25386429 34.25123978 34.25106049 34.25033951 34.24717712 34.24336624 34.23914337 34.234478 34.22893906 34.22283173 34.2173996 34.21432495 34.21063995 34.20643616 34.20268631 34.19887924 34.195858 34.19422913 34.1919632 34.18890762 34.18709564 34.1861496 34.18379593 34.17829514 34.16924667 34.16163254 34.15623474 34.15203094 34.14640045 34.13985062 34.13395309 34.12892532 34.1246376 34.12051773 34.11558151 34.11183167 34.11078644 34.11130142 34.11229324 34.11179733 34.1102066 34.10932922 34.10938263 34.10814285 34.10561371 34.10229874 34.09814453 34.09308243 34.08777237 34.08348465 34.0815239
