Environmental Parameters/Training/Sea-bottom_salinity.asc
ncols 720
nrows 360
xllcorner -180.00
yllcorner -90.00
cellsize 0.5
NODATA_value -9999
[rows 0 to 24 of 360, columns 616 to 671 of 720]
34.94125748 34.94148254 34.9417038 34.94192505 34.94185257 34.94163132 34.94140625 34.941185 34.94100189 34.94100189 34.94100189 34.94100189 34.94100189 34.94100189 34.94100189 34.94100189 34.94100189 34.94100189 34.94100189 34.94100189 34.94100189 34.94100189 34.94100189 34.94100189 34.94100189 34.94100189 34.94100189 34.94100189 34.94100189 34.94100189 34.94100189 34.94100189 34.94100189 34.94100189 34.94100189 34.94100189 34.94100189 34.94100189 34.94100189 34.94100189 34.94100189 34.94100189 34.94100189 34.94100189 34.94100189 34.94100189 34.94100189 34.94100189 34.94100189 34.94100189 34.94100189 34.94100189 34.94100189 34.94100189 34.94100189 34.94100189
34.94122314 34.9414444 34.94166565 34.94189072 34.94189072 34.94166565 34.9414444 34.94122314 34.94100189 34.94100189 34.94100189 34.94100189 34.94100189 34.94100189 34.94100189 34.94100189 34.94100189 34.94100189 34.94100189 34.94100189 34.94100189 34.94100189 34.94100189 34.94100189 34.94100189 34.94100189 34.94100189 34.94100189 34.94100189 34.94100189 34.94100189 34.94100189 34.94100189 34.94100189 34.94100189 34.94100189 34.94100189 34.94100189 34.94100189 34.94100189 34.94100189 34.94100189 34.94100189 34.94100189 34.94100189 34.94100189 34.94100189 34.94100189 34.94100189 34.94100189 34.94100189 34.94100189 34.94100189 34.94100189 34.94100189 34.94100189
34.94122314 34.94148254 34.9417038 34.94989777 34.95030212 34.95082855 34.95179367 34.95280075 34.94994354 34.9510498 34.95169067 34.94392014 34.94435501 34.94428253 34.94432068 34.94498444 34.94623566 34.94836044 34.94932175 34.95004654 34.95052338 34.93903351 34.93903732 34.93903732 34.94720078 34.94760895 34.92065048 34.91872406 34.9107399 34.90488434 34.90486145 34.90481186 34.90474701 34.91083908 34.91919708 34.92144012 34.9281311 34.94352722 34.93556595 34.93938446 34.94356155 34.94326782 34.94191742 34.94169998 34.94159698 34.94194031 34.94180679 34.94210052 34.94180679 34.94180679 34.94224167 34.94259262 34.94367599 34.9437027 34.9437027 34.9439621
34.94097519 34.94326782 34.94375229 34.9440155 34.9440155 34.93412781 34.94234085 34.94231033 34.92585754 34.92588425 34.91868973 34.91897583 34.919384 34.91974258 34.91995239 34.92013168 34.92047501 34.92088318 34.9209671 34.92095947 34.92084885 34.92770386 34.92754745 34.94932556 34.94022751 34.95319748 34.95253754 34.94087982 34.93917465 34.93790436 34.93623352 34.94635773 34.92842102 34.92214966 34.92235947 34.92243576 34.92248154 34.92782211 34.94403839 34.93664551 34.94791031 34.94750595 34.94717789 34.9469986 34.94417191 34.94491959 34.94548035 34.94537354 34.95071793 34.95063019 34.95033264 34.95003891 34.94981384 34.94966507 34.94966507 34.96711349
34.94671249 34.94692993 34.947155 34.94737625 34.94768143 34.94492722 34.94500351 34.94530487 34.94801712 34.93530273 34.94435883 34.9260025 34.9261322 34.92619324 34.92044449 34.92095566 34.92155838 34.92215347 34.91868973 34.9186821 34.91876221 34.91921997 34.92026138 34.92095947 34.91210938 34.91185379 34.91146088 34.91123581 34.91123581 34.91130447 34.91133881 34.91127014 34.91119766 34.91117096 34.9204483 34.92304993 34.94464874 34.94465637 34.93704987 34.93705368 34.93727493 34.94961166 34.95001984 34.95053482 34.95005798 34.94662094 34.95057678 34.96859741 34.96859741 34.94100189 34.94100189 34.94100189 34.94100189 34.94100189 34.94100189 34.94100189
34.94700241 34.94733429 34.94290543 34.94386292 34.94455719 34.94488907 34.9450798 34.94562149 34.94697189 34.94870758 34.95038223 34.95257568 34.95387268 34.95306778 34.9502449 34.94639206 34.94293976 34.94042587 34.94152832 34.9450531 34.94905472 34.95249557 34.9552269 34.95626831 34.95530701 34.95389938 34.95534897 34.9548111 34.93003082 34.92099762 34.92111206 34.9116745 34.90859985 34.90842438 34.90835571 34.90817261 34.90817261 34.90821838 34.91106796 34.91110992 34.92345047 34.94476318 34.93822479 34.93829727 34.95101929 34.94983292 34.94747543 34.95098114 34.95093155 34.96881866 34.96925735 34.96998978 34.94100189 34.94100189 34.96969604 34.94100189
34.94107437 34.94122314 34.94140625 34.94159317 34.94163132 34.9417038 34.94174194 34.94174194 34.9417038 34.95723724 34.95542145 34.95293808 34.94857407 34.94609833 34.94421768 34.94483566 34.94153595 34.93997574 34.94112396 34.94501877 34.94927597 34.95367813 34.95608902 34.95767593 34.95726776 34.95646286 34.94486237 34.96086121 34.92368317 34.92973709 34.95333862 34.94234467 34.9420166 34.94954681 34.94784164 34.94704056 34.92793655 34.92163849 34.91169357 34.90902328 34.90890884 34.91192245 34.91180038 34.91993332 34.91950226 34.92222214 34.92183304 34.9189415 34.91918182 34.91952133 34.92300797 34.92321396 34.92601013 34.939991 34.94034958 34.95293427
34.94100189 34.94107437 34.94122314 34.94133377 34.9414444 34.94151688 34.94159317 34.94159317 34.94151688 34.94140625 34.94125748 34.94111252 34.94114685 34.94140625 34.94163132 34.94185257 34.95100021 34.95100021 34.95100021 34.94815445 34.95111465 34.95307541 34.95396423 34.95399857 34.9557457 34.95360565 34.95636368 34.94501114 34.95551682 34.92280197 34.91093826 34.8996582 34.89995575 34.90009689 34.88591385 34.88558197 34.90055084 34.9006424 34.90080261 34.90094376 34.90104675 34.90919876 34.9088707 34.91215134 34.91207123 34.91234207 34.91900253 34.921875 34.92573547 34.94451141 34.94491959 34.94508743 34.94511414 34.94509888 34.92410278 34.92193222
34.94100189 34.94100189 34.94100189 34.94103622 34.94107437 34.94111252 34.94122314 34.94125748 34.94125748 34.941185 34.94111252 34.94100189 34.94111252 34.94137192 34.94166565 34.94185257 34.9417038 34.9414444 34.94125748 34.95100021 34.95100021 34.95100021 34.95100021 34.95100021 34.95100021 34.95345688 34.95293808 34.95197678 34.95071793 34.94975662 34.94942093 34.95304871 34.95264053 34.96479416 34.9485321 34.9247551 34.91379547 34.91102219 34.90145111 34.90167618 34.88431168 34.88414764 34.87575531 34.87579727 34.87592316 34.88396454 34.88409042 34.88440704 34.90977859 34.9201622 34.92614365 34.94448471 34.94200134 34.9419632 34.95652008 34.94189072
34.94071198 34.94085693 34.94100189 34.94100189 34.94100189 34.94100189 34.94100189 34.94092941 34.94078445 34.94071198 34.94071198 34.94071198 34.94075012 34.94107819 34.94148254 34.94163132 34.94141006 34.94129562 34.94107437 34.94096375 34.94089127 34.94059372 34.94059372 34.94059372 34.95100021 34.95100021 34.95100021 34.95100021 34.94934845 34.95253754 34.95275497 34.95257187 34.95212173 34.96526718 34.94279861 34.94219589 34.95152283 34.96530151 34.94140625 34.92658615 34.94436264 34.94301224 34.9261322 34.91999435 34.90338135 34.903759 34.87637711 34.87675095 34.87717056 34.88460922 34.91510391 34.92670059 34.94200134 34.9561882 34.95700073 34.95700073
34.93997955 34.94012451 34.94027328 34.94034576 34.94034576 34.94034576 34.94034576 34.94020081 34.94005585 34.93990707 34.93990326 34.93990326 34.93997955 34.94016266 34.94042206 34.94053268 34.94068146 34.94074631 34.94070435 34.94059372 34.94048309 34.94048309 34.9404068 34.9404068 34.95100403 34.95100403 34.95100403 34.95100403 34.95100403 34.95100403 34.94893646 34.94893646 34.94893646 34.94893646 34.95130157 34.95137405 34.95137405 34.96479034 34.94177628 34.94488525 34.92637634 34.92621994 34.92612839 34.94274902 34.94303131 34.9262619 34.92153931 34.94346237 34.94200134 34.94200134 34.95231247 34.95286942 34.95402145 34.95512009 34.95700073 34.95490265
34.93909073 34.9392395 34.93938828 34.93946075 34.93946075 34.93946075 34.93946075 34.93946075 34.93923569 34.93909073 34.93908691 34.93908691 34.93909073 34.9392395 34.93938828 34.93953705 34.93968201 34.93989944 34.94004059 34.94026184 34.94018936 34.94018936 34.95197678 34.95153427 34.9513092 34.95119476 34.95108414 34.95100784 34.94760132 34.94827271 34.94886017 34.94886017 34.95108414 34.95100403 34.94634247 34.92430878 34.94311523 34.96412659 34.94259262 34.9103508 34.91004562 34.90226746 34.9122963 34.94255066 34.954216 34.95399094 34.95376968 34.95331955 34.95249939 34.95142365 34.94200134 34.92230988 34.94073868 34.95689011 34.95096207 34.95219421
34.93901062 34.93900681 34.93900681 34.93900299 34.93900681 34.93900299 34.93900681 34.93900681 34.93900299 34.93899918 34.93899918 34.93899918 34.93899918 34.93900299 34.93900681 34.93900681 34.9390831 34.93922806 34.93944931 34.93974304 34.93981552 34.95343018 34.95287323 34.95198441 34.9474144 34.95510483 34.95391464 34.96645355 34.9508667 34.93058777 34.93087769 34.92612076 34.92161942 34.92162704 34.92164993 34.92438889 34.92835617 34.92367172 34.92735291 34.92685318 34.94116211 34.95690536 34.95524597 34.95469666 34.95425034 34.9540329 34.9540329 34.95225143 34.95124435 34.95008469 34.94200134 34.95622253 34.95648193 34.95096207 34.95212173 34.95700073
34.93953705 34.9392395 34.93901062 34.93899918 34.93899918 34.93900681 34.93908691 34.9390831 34.93900299 34.93900299 34.93900681 34.93900299 34.93899918 34.93899918 34.93899918 34.93899918 34.93899918 34.93899918 34.93899918 34.93922424 34.93959427 34.95432281 34.95373535 34.94828033 34.94797897 34.96412659 34.94182587 34.92900467 34.92974091 34.93026733 34.92624283 34.9262352 34.92186356 34.93035889 34.94927979 34.94360733 34.96062851 34.96076965 34.96014023 34.95835495 34.95516586 34.95531845 34.954319 34.95299149 34.95417786 34.95402527 34.95402527 34.9540329 34.95424652 34.95476532 34.95527267 34.95585632 34.95626068 34.95178986 34.95289993 34.95666504
34.94057465 34.94005585 34.9393158 34.93901443 34.9390831 34.93935013 34.93954086 34.93935394 34.93901062 34.93900681 34.93901062 34.93901062 34.93900681 34.93899918 34.93899918 34.93899918 34.93899918 34.93899918 34.93899918 34.95371628 34.9479866 34.94600677 34.94700623 34.94823074 34.95149612 34.95316696 34.9622345 34.95110703 34.92916107 34.9516983 34.9473381 34.94785309 34.94740677 34.95772934 34.95847702 34.95888519 34.95902252 34.95408249 34.95408249 34.95445251 34.95486832 34.95531464 34.95498657 34.95446777 34.95417023 34.95401764 34.95402145 34.95402145 34.95409775 34.95439148 34.95483017 34.95100021 34.95145035 34.95267868 34.95607758 34.95629501
34.94159698 34.94101334 34.9402771 34.93979645 34.93989944 34.94034958 34.94061661 34.94020462 34.93956757 34.93901825 34.93902206 34.93901062 34.93901062 34.93900299 34.93899918 34.93899918 34.93899918 34.93899918 34.95209122 34.95290756 34.95365524 34.94784927 34.94844818 34.94681168 34.94922638 34.95683289 34.93938446 34.95067978 34.92843628 34.94945908 34.94643784 34.95610428 34.95632172 34.95705795 34.95684433 34.95274734 34.95393753 34.95393753 34.95393753 34.95393753 34.95445633 34.95467758 34.95434952 34.95401764 34.95386505 34.95385742 34.95385361 34.95100403 34.95100403 34.95100021 34.95100021 34.95133972 34.95223618 34.953125 34.95401382 34.95401382
34.94189072 34.94152451 34.94086456 34.94034958 34.94046021 34.9407196 34.94086838 34.94053268 34.94004822 34.9393158 34.93901443 34.93901062 34.93901062 34.93900681 34.94916534 34.94939041 34.94979477 34.95042801 34.95168304 34.95238876 34.94653702 34.94282913 34.94658661 34.9500351 34.93523407 34.91038132 34.91914749 34.89386749 34.87704468 34.91386414 34.94501877 34.94375229 34.95465851 34.95399094 34.95281601 34.95334244 34.95367813 34.95363998 34.95363998 34.95345306 34.95341873 34.95316696 34.95287323 34.95294189 34.95308685 34.95315933 34.95315933 34.95330048 34.95347977 34.95355606 34.95370483 34.95389557 34.95401001 34.95409012 34.95401382 34.95401382
34.94511032 34.94511414 34.94511795 34.94512177 34.94512939 34.94513702 34.94514847 34.94516754 34.94519806 34.94523239 34.9453125 34.94776917 34.9479866 34.94804764 34.94811249 34.94202805 34.9419632 34.94215012 34.93839264 34.93881607 34.9377861 34.93568039 34.93354034 34.9342804 34.93611526 34.90912628 34.87362671 34.87408066 34.90881729 34.91962051 34.94021225 34.93943405 34.95000076 34.94957352 34.94887161 34.94848251 34.94829941 34.9478302 34.95228958 34.95215988 34.9520874 34.95188904 34.95176315 34.95161819 34.95169067 34.95179749 34.95201874 34.95230484 34.95259094 34.9529686 34.95331573 34.95349884 34.94698334 34.94731903 34.94731903 34.94735336
34.94505692 34.94505692 34.9450531 34.9450531 34.9450531 34.9450531 34.94505692 34.94505692 34.94506836 34.9458313 34.94579315 34.94620132 34.94657135 34.94712448 34.94728088 34.94035721 34.94007492 34.9398613 34.93579865 34.93566132 34.92853928 34.92318344 34.91902542 34.91684723 34.92146301 34.93333054 34.93407059 34.93486404 34.93577576 34.9371109 34.93729782 34.9370842 34.94630051 34.94630814 34.94630051 34.94618988 34.94571686 34.94534302 34.94461441 34.9439888 34.95127487 34.95127487 34.93913269 34.95127487 34.95127487 34.95141602 34.95170975 34.95199585 34.95228577 34.95278931 34.95322037 34.95340729 34.95359421 34.95381546 34.95399857 34.95399857
34.94475174 34.94475174 34.94475174 34.94475174 34.94475174 34.94475174 34.94475174 34.94475174 34.94475174 34.94475174 34.9447937 34.94524002 34.94590378 34.94656754 34.94702148 34.94728088 34.93876648 34.93876648 34.93914032 34.94013596 34.93251038 34.93254471 34.93317413 34.93362045 34.91407394 34.93216324 34.93588638 34.93645859 34.93667603 34.9368515 34.93742371 34.9376564 34.9370575 34.93607712 34.93529892 34.93507385 34.93309784 34.93332291 34.93383789 34.93446732 34.93498611 34.93530655 34.93552017 34.93559265 34.93362427 34.91864395 34.93156433 34.93029785 34.93577194 34.93645859 34.93667984 34.924366 34.92443848 34.9242897 34.92387772 34.92306519
34.9443779 34.9443779 34.9443779 34.9443779 34.9443779 34.9443779 34.9443779 34.9443779 34.9443779 34.9443779 34.94449997 34.94509125 34.94538879 34.9383049 34.93837738 34.9383049 34.93837738 34.93856812 34.93869019 34.93880081 34.93151093 34.93180466 34.9111557 34.91304016 34.91305161 34.93216705 34.93909836 34.93882751 34.91520309 34.88432312 34.86516953 34.87213135 34.87226105 34.86011887 34.86844635 34.86944962 34.87088394 34.87252426 34.8739357 34.86840439 34.87429428 34.87590408 34.82100677 34.78223038 34.64595032 34.64196396 34.63833237 34.63447571 34.62831116 34.7841568 34.87161255 34.87169647 34.87889481 34.89886856 34.87356567 34.90177155
34.94046783 34.94031906 34.94002151 34.93965149 34.93960571 34.93952942 34.93938065 34.9388237 34.93844604 34.93789291 34.93752289 34.93745041 34.93770599 34.93789291 34.93803787 34.93059921 34.93034363 34.93008804 34.93017197 34.93042755 34.9193573 34.8751564 34.9131012 34.85866547 34.85320282 34.85441589 34.67160797 34.75842667 34.80186462 34.66905594 34.66667557 34.51660156 34.32676697 34.32054138 34.31524658 34.30932999 34.29953384 34.28682327 34.27413177 34.26645279 34.25470734 34.22868729 34.09253693 34.06281662 34.04846954 34.05008698 34.0554657 34.06164932 34.0509758 33.9997139 33.93027878 33.86459351 33.98813629 34.3567009 34.33901978 34.56235123
34.93999481 34.9399147 34.93968964 34.92956924 34.92964554 34.9297142 34.92978668 34.9386673 34.92927551 34.93778229 34.9283905 34.93593979 34.93661499 34.9372139 34.93019485 34.91875839 34.91775894 34.90589142 34.89353561 34.85213852 34.84240723 34.66553116 34.3175087 34.18206787 34.19424438 34.20820618 34.00300598 34.24062347 34.24881363 33.98906326 33.98184586 33.97478485 33.96895981 33.96465302 33.9616127 33.95967865 33.95645523 33.94898224 33.93973541 33.93363571 33.92356873 33.8957901 33.86218262 33.83084106 33.81375504 33.80858612 33.81933975 33.85153198 33.88141632 33.8692894 33.81427002 33.82683945 33.7736969 33.72716522 33.70865631 33.7001152
34.92797852 34.92964172 34.92986298 34.93573761 34.93599319 34.91452408 34.91609573 34.88971329 34.88735199 34.85796738 34.79285812 34.79328918 34.6382637 34.7979393 34.47703171 34.27201462 34.09753036 33.89630127 33.91658401 33.94309998 33.96284103 33.9769783 33.98617554 33.99258804 33.99740601 34.00046539 33.15306854 33.15263748 33.15135956 33.9872551 33.98033905 33.97369003 33.96850586 33.96512222 33.9630127 33.08463669 33.07382965 33.06407547 33.05506516 33.93979263 33.92599487 33.89992905 33.86734009 33.83806992 33.82011414 33.82525635 33.84122849 33.87161636 33.90112305 33.89686584 33.84646225 33.75918579 33.62713242 33.54151154 33.71161652 33.7360611
34.91135788 34.91183472 34.89088058 34.82278061 33.78850937 34.29218292 33.94962311 33.96670532 33.82925797 33.82770157 33.825634 33.82519913 33.82668304 33.83125305 33.83825302 33.31676483 33.30053329 33.28383255 33.26688385 33.25223541 33.23523712 33.21960449 33.20016861 33.18251801 33.16404724 33.15571976 33.15061569 33.14968872 33.14806747 33.14493942 33.13800812 33.12854767 33.11851883 33.10507584 33.09411621 33.08205032 33.07085419 33.06053543 33.05051422 33.04008484 33.02666855 33.00981522 32.99427414 32.98240662 32.96620178 32.94905472 32.93079758 32.92219925 33.90273285 33.89110184 33.8325119 33.74727631 33.64606857 33.57370758 33.56293488 33.61582947
