Environmental Parameters/Training/Sea-surface_salinity.asc
ncols 720
nrows 360
xllcorner -180.00
yllcorner -90.00
cellsize 0.5
NODATA_value -9999
[rows 125 to 149 of 360, columns 56 to 111 of 720]
35.42938614 35.43028641 35.43531418 35.43313217 35.43096924 35.43564224 35.43803024 35.44102097 35.44032669 35.43732452 35.43479919 35.42912292 35.42308044 35.41781235 35.40478516 35.3910141 35.3768692 35.35942459 35.34457016 35.33246613 35.318367 35.30212021 35.28399277 35.27157211 35.25525284 35.23099899 35.19280243 35.14988708 35.11405563 35.06798553 35.02134705 34.97595978 34.92598724 34.87434769 34.81499481 34.75698471 34.70700455 34.67179108 34.62903976 34.58240509 34.5319519 34.47499084 34.41992188 34.37615585 34.33023453 34.29315186 34.2534256 34.21310043 34.16161728 34.10791397 34.05939484 34.01156616 33.96446228 33.92538452 33.88502121 33.83810043
35.43407822 35.43489838 35.43662643 35.43813324 35.439785 35.44538879 35.44483566 35.44139481 35.44032669 35.44018173 35.4418869 35.4413414 35.43981552 35.43125153 35.41706467 35.40179062 35.38043213 35.36592484 35.35458755 35.34157181 35.33018112 35.32307434 35.31642914 35.30477142 35.28092194 35.25260925 35.21962357 35.18476105 35.14858627 35.10367584 35.06439972 35.0248909 34.98102951 34.93561554 34.88158035 34.8289566 34.78324127 34.74339676 34.6975708 34.64511871 34.59384537 34.54331589 34.48093033 34.42913437 34.39482498 34.37130737 34.33562851 34.29210663 34.23853302 34.18737411 34.14477158 34.09212875 34.03710175 33.99879456 33.95833206 33.90672684
35.43346405 35.42881012 35.42632294 35.42784882 35.4358139 35.44517517 35.44647598 35.44128799 35.43972015 35.4365921 35.44028854 35.43852234 35.43605042 35.42681503 35.41209412 35.39817047 35.37937927 35.36302567 35.35640717 35.34569931 35.33226776 35.32875824 35.33017349 35.31600189 35.29037857 35.26244354 35.23195267 35.19736481 35.15634155 35.11528778 35.07505035 35.03152847 34.99191284 34.95466995 34.91672897 34.87932587 34.84060669 34.79491425 34.75114822 34.69384003 34.6368103 34.58836365 34.53580093 34.48220825 34.44702148 34.42250824 34.38820267 34.34162903 34.29605484 34.25076675 34.20637512 34.15494156 34.09788513 34.05978012 34.01433182 33.96641922
35.42839813 35.42722321 35.42250824 35.41630936 35.42298889 35.43053055 35.43141556 35.43103027 35.43132782 35.42716217 35.42841339 35.42423248 35.42259979 35.41316605 35.39927292 35.38391113 35.36626434 35.34887695 35.34132767 35.33467102 35.32607269 35.32312775 35.32009125 35.30942535 35.29263687 35.26928711 35.23768234 35.1979866 35.16179657 35.12734604 35.08521652 35.03587723 35.00125504 34.96608734 34.93458557 34.90691757 34.87080002 34.82322311 34.78233337 34.73370361 34.6789856 34.6246109 34.57641983 34.53466034 34.4931488 34.45560455 34.42015839 34.38297272 34.34098053 34.30427551 34.26042175 34.20647049 34.15174866 34.10699463 34.06391525 34.01599503
35.40900421 35.41201019 35.40908051 35.40345764 35.39925766 35.3972702 35.39955139 35.40165329 35.40192032 35.40103149 35.40350723 35.39421463 35.38985062 35.38784027 35.3810997 35.35626221 35.33976364 35.32397079 35.31341171 35.30500793 35.29851913 35.29862595 35.29634476 35.28948593 35.27734756 35.25709534 35.2227211 35.18612671 35.15993881 35.1332283 35.09856796 35.05567169 35.01760483 34.98256302 34.94992828 34.92318344 34.8900032 34.84843445 34.80252075 34.75671387 34.70765686 34.6570549 34.61623001 34.58429337 34.55097961 34.51289749 34.46794891 34.42265701 34.38077164 34.34100342 34.29499054 34.24685287 34.20000076 34.15499496 34.11695862 34.08174133
35.37718582 35.37703323 35.37488556 35.37076569 35.36393738 35.36051559 35.36069107 35.36257935 35.3694725 35.37092972 35.36804962 35.35716629 35.35392761 35.35938644 35.35490417 35.32609558 35.30786514 35.29584885 35.28591919 35.27124023 35.26067734 35.25884628 35.26039886 35.24850464 35.23768234 35.22143555 35.19355011 35.17003632 35.15044022 35.12789154 35.09733582 35.0606842 35.01800156 34.98365784 34.95821762 34.93078995 34.9004097 34.87252426 34.83660507 34.79232025 34.74723434 34.70846558 34.67127228 34.63435745 34.59966278 34.55645752 34.50675583 34.4565773 34.41596222 34.38140488 34.34165955 34.29451752 34.24796677 34.21281433 34.18738556 34.16188431
35.33932877 35.33428192 35.32985306 35.33195496 35.32595444 35.31753922 35.31432724 35.31732559 35.32271957 35.32085419 35.31025314 35.3021698 35.30997849 35.3211937 35.31530762 35.28903198 35.27305603 35.25950241 35.25366211 35.24311066 35.23252869 35.22485352 35.22757721 35.2192955 35.21389389 35.19449615 35.16585922 35.14743805 35.1348381 35.1180191 35.09521484 35.06181717 35.01776505 34.98089218 34.9600296 34.92861557 34.89798355 34.88893127 34.86912537 34.83547592 34.79870224 34.76225281 34.72387695 34.68310165 34.64163208 34.58932877 34.54349899 34.50051498 34.46347046 34.43481064 34.40774918 34.3765831 34.33263779 34.29039764 34.26625061 34.248806
35.29249191 35.29036713 35.27991486 35.27690506 35.27481461 35.27053452 35.27429962 35.26948929 35.26272964 35.25794601 35.2513237 35.24368286 35.2480011 35.2616806 35.26437378 35.24534225 35.22940445 35.21809769 35.21385193 35.21615219 35.21366501 35.19950104 35.19918442 35.19669342 35.18907928 35.16663361 35.13391495 35.1223526 35.11802673 35.1059494 35.09100723 35.05939484 35.01629639 34.98377609 34.96236038 34.93070602 34.90243912 34.89305878 34.88234711 34.86324692 34.83734131 34.80524826 34.76809311 34.73337555 34.69477081 34.64686966 34.60802078 34.56747818 34.52537537 34.49154282 34.46606445 34.44666672 34.42151642 34.38322449 34.34633636 34.31991959
35.24568176 35.2460556 35.23106766 35.21683502 35.20977402 35.20531464 35.20951843 35.2043457 35.19158554 35.1934166 35.18327332 35.17519379 35.17627335 35.17905045 35.18590164 35.18636322 35.17779922 35.16955566 35.16389084 35.17240143 35.18136215 35.17644119 35.17288208 35.16083908 35.14370346 35.12504959 35.10527039 35.09032059 35.08670044 35.07697678 35.06374359 35.04288101 35.00598907 34.97877502 34.96154022 34.94166565 34.91542435 34.89771271 34.88676453 34.87909317 34.86448288 34.83253098 34.79655838 34.77327347 34.74651718 34.71245193 34.67917252 34.64537811 34.6139679 34.58434677 34.55051422 34.51753998 34.4888649 34.45737839 34.4205513 34.39317703
35.19404984 35.19706345 35.18286896 35.16003036 35.14690018 35.13988876 35.14259338 35.13796234 35.13151169 35.13431549 35.12738037 35.11970901 35.1062355 35.10276794 35.11037064 35.11200333 35.11034393 35.11133194 35.106987 35.11512756 35.1242218 35.12192917 35.11880112 35.10076141 35.08151627 35.06542206 35.05892944 35.052742 35.04386139 35.04018402 35.03231049 35.01656723 34.98887634 34.9670372 34.95403671 34.93978119 34.91626358 34.89033127 34.87968826 34.88145065 34.8706665 34.84386063 34.81536865 34.79396439 34.77126312 34.74424362 34.71656799 34.69028091 34.67296219 34.65042114 34.61741638 34.58732605 34.55179977 34.51662445 34.48740005 34.46806335
35.12136459 35.13136673 35.12083435 35.09796524 35.08301163 35.07351685 35.07815933 35.07575607 35.06935883 35.07099152 35.06503296 35.05299377 35.03688049 35.02610779 35.02627563 35.0292244 35.03223801 35.04062653 35.04458618 35.04507828 35.04861069 35.04682159 35.04759979 35.03739166 35.02058411 35.0054245 34.99953461 34.99685669 34.9930954 34.99007034 34.98744965 34.96883392 34.949646 34.94459152 34.93626785 34.92127991 34.90366364 34.88834381 34.87184143 34.8767395 34.87121582 34.85280228 34.83235931 34.81067276 34.78379822 34.76107025 34.73961639 34.71630096 34.69876862 34.68421555 34.66061783 34.62804413 34.59986877 34.57240677 34.54661179 34.53169632
35.06189346 35.06433868 35.05286789 35.02593613 35.01152039 35.0054245 35.00948334 35.00189972 34.98566055 34.9913559 34.97738647 34.96581268 34.95828247 34.94986343 34.95307159 34.95003128 34.94867325 34.95676422 34.96842575 34.96637726 34.96395493 34.96541214 34.96511841 34.96274185 34.95727158 34.94371033 34.94118881 34.94316864 34.94049835 34.94138718 34.93267822 34.92136383 34.91466141 34.91077042 34.90261459 34.89267349 34.87477493 34.85897827 34.85453796 34.85913467 34.85467148 34.84611511 34.83389664 34.81082916 34.78863907 34.77205276 34.75805664 34.74394226 34.72620773 34.71128464 34.68966293 34.66136169 34.63811493 34.61353302 34.58587265 34.57125473
35.01135635 35.00193787 34.98933792 34.9744072 34.96069336 34.94778442 34.94477844 34.9303627 34.91122818 34.89994049 34.88715363 34.88462448 34.87477875 34.86833954 34.87997818 34.88986969 34.88940811 34.89088821 34.89990616 34.89787674 34.89607239 34.8972702 34.89772034 34.8967247 34.89406204 34.88973236 34.88857651 34.88986206 34.88653183 34.88882446 34.88713074 34.87395096 34.86016083 34.8530426 34.85141754 34.85255814 34.83046722 34.81929779 34.82322311 34.82559967 34.82400513 34.82110977 34.8138237 34.7972908 34.78385925 34.76931381 34.76148605 34.75453949 34.73345947 34.71208572 34.69284439 34.67600632 34.66399384 34.64018631 34.61224747 34.59859467
34.95148087 34.94147491 34.93808365 34.9288559 34.9094696 34.89261246 34.88573456 34.87337112 34.86200333 34.83196259 34.82303619 34.81888962 34.81412888 34.81338882 34.82229614 34.8318634 34.82966614 34.81969833 34.82045364 34.8188858 34.82019806 34.83243942 34.83146286 34.82229996 34.82033539 34.820858 34.82006454 34.82051086 34.81840897 34.82696152 34.8299408 34.82019424 34.80526733 34.79855728 34.79760742 34.7935791 34.77423859 34.76572418 34.76729965 34.77066422 34.77870941 34.78099442 34.77664185 34.76561737 34.75647736 34.74405289 34.73665237 34.73218918 34.72030258 34.70174026 34.68976593 34.6784668 34.67193222 34.65625763 34.63845825 34.62582397
34.89974976 34.89058685 34.88242722 34.87070465 34.85594559 34.84778976 34.84259796 34.82881165 34.81415176 34.78951645 34.77501678 34.76882553 34.76747131 34.77056503 34.77901459 34.78046036 34.77312088 34.75905228 34.75767136 34.75255966 34.74819946 34.75889587 34.76218796 34.75231171 34.75257874 34.75401688 34.7584877 34.76264191 34.76280212 34.77116013 34.77668381 34.76198578 34.74105835 34.73256302 34.725914 34.72130585 34.71445084 34.71285248 34.71316528 34.72031784 34.72716522 34.72813416 34.72024155 34.71203232 34.71143341 34.7148819 34.71404266 34.71205902 34.70468903 34.69189835 34.68483353 34.67507553 34.66149902 34.64905167 34.6385231 34.6339035
34.83776093 34.83384323 34.82483673 34.81181717 34.80752182 34.80871201 34.79748535 34.7772522 34.75997925 34.74934006 34.73787689 34.73044968 34.72883987 34.73224258 34.7342186 34.73178101 34.72158813 34.70620728 34.69290161 34.68371582 34.68201447 34.68957138 34.69323349 34.69305801 34.69847488 34.69696045 34.70240402 34.70775986 34.70943069 34.70923615 34.71327972 34.70158005 34.68675995 34.67721558 34.66566467 34.6598587 34.65836716 34.66215897 34.66511536 34.66656113 34.66450119 34.66352081 34.65881729 34.65314484 34.66563416 34.67652512 34.67826462 34.6764946 34.67564392 34.67494583 34.66973877 34.65942383 34.64447784 34.62999725 34.61852646 34.61557007
34.79067612 34.78203964 34.77597046 34.7647438 34.76097488 34.75831223 34.74731445 34.73006058 34.71044922 34.70668411 34.70497513 34.69886017 34.6895752 34.68552399 34.68655777 34.67115021 34.65573883 34.6487999 34.63842773 34.62641144 34.62766647 34.6259079 34.62022781 34.62502289 34.63597107 34.63965607 34.64170837 34.64613342 34.64978409 34.65483093 34.6555481 34.63862228 34.63022614 34.61658096 34.60554123 34.59748077 34.59777832 34.60138321 34.59867859 34.59529114 34.59477234 34.59627533 34.60213852 34.59902573 34.61000824 34.62925339 34.62810898 34.62555313 34.62021637 34.62010193 34.61935425 34.61617279 34.61268234 34.59814453 34.58486938 34.58297729
34.74452209 34.73368835 34.72812271 34.71995544 34.71426392 34.70590973 34.69926834 34.68726349 34.67375565 34.67173386 34.66978073 34.66492081 34.66111755 34.64424133 34.63424683 34.62332153 34.60757446 34.60042953 34.59727859 34.58828735 34.58921432 34.58757401 34.58115005 34.57997131 34.58089828 34.58114624 34.58195877 34.57826996 34.58030701 34.58527374 34.58717346 34.57586288 34.56249237 34.54590225 34.54443741 34.54613876 34.54431152 34.54193115 34.53482056 34.52724075 34.53149033 34.52912903 34.5364418 34.53971863 34.54147339 34.55788422 34.56483459 34.56847 34.56596375 34.55842209 34.54637527 34.54561615 34.55044174 34.54814148 34.54135513 34.53131104
34.70232391 34.68951416 34.6843071 34.68061066 34.67290497 34.65826797 34.64903641 34.64470291 34.6354866 34.62947464 34.62776947 34.62651443 34.62257385 34.60992813 34.59571457 34.58452606 34.57022095 34.55846786 34.55470657 34.55125427 34.54980469 34.54884338 34.54743576 34.54469299 34.53705215 34.53007126 34.5239296 34.51605988 34.52238083 34.52566147 34.52474976 34.51502228 34.50705719 34.49936676 34.50044632 34.4985199 34.49797058 34.49457932 34.48031235 34.47052383 34.47596359 34.47650909 34.47745514 34.47769165 34.47587967 34.48579025 34.48999786 34.49463654 34.49816132 34.4963913 34.48883438 34.48466873 34.48193741 34.48463058 34.4798584 34.46755981
34.67538071 34.66242981 34.65408325 34.65137482 34.64228058 34.62121201 34.60512161 34.60374069 34.59982681 34.5944519 34.59579086 34.59504318 34.58596802 34.57093048 34.55761337 34.54662704 34.53961945 34.52763748 34.51795578 34.51633072 34.51319122 34.51192093 34.51136398 34.50201416 34.4867897 34.48166656 34.47682953 34.47460556 34.47336197 34.4751358 34.47846985 34.47163391 34.4646225 34.46470642 34.4628334 34.44921112 34.44444275 34.43751526 34.4241066 34.41786957 34.4204483 34.42743683 34.42240143 34.42348862 34.41998291 34.42108154 34.41939926 34.41859436 34.42877579 34.43000412 34.43480682 34.43624878 34.43523407 34.43454742 34.42194748 34.40172195
34.6440239 34.63903046 34.63115692 34.62822342 34.61708832 34.60033417 34.58587646 34.57593155 34.56853104 34.55979919 34.56136322 34.56058502 34.55104828 34.54536438 34.53326416 34.51702881 34.51121521 34.49978638 34.48500824 34.48462677 34.48411942 34.48155594 34.48004532 34.46701431 34.44644165 34.4388504 34.43381882 34.43777084 34.44229507 34.43729401 34.44359589 34.43841171 34.43766022 34.43370056 34.42131424 34.40287781 34.39599991 34.38440704 34.37069702 34.35731888 34.3638916 34.37365723 34.37425613 34.37412643 34.36665726 34.36661148 34.36058044 34.35460281 34.35638428 34.36411285 34.37266159 34.38245392 34.39279556 34.40068054 34.38660812 34.35322952
34.61437607 34.61045456 34.60978699 34.60475159 34.59000778 34.57364273 34.56538773 34.55596924 34.54446793 34.53464127 34.53054047 34.52973557 34.52482986 34.51576996 34.50611115 34.49250031 34.48584366 34.47718811 34.46681213 34.46271133 34.46412659 34.4609642 34.45695877 34.44854736 34.42982864 34.41506195 34.40420151 34.40442657 34.41085434 34.41025162 34.41462708 34.41482162 34.41270828 34.40985489 34.3847084 34.35494995 34.34088516 34.33052444 34.32491302 34.31530762 34.31559753 34.3261528 34.32823944 34.32575989 34.31483078 34.31018829 34.30762482 34.30712509 34.30680847 34.31321716 34.31972885 34.3309021 34.34825516 34.35938644 34.34571457 34.31654739
34.5842247 34.57194519 34.56971359 34.5669899 34.55660248 34.54286957 34.53351593 34.5298233 34.51984024 34.51206207 34.50921631 34.50764084 34.50056076 34.49145889 34.48271561 34.47315979 34.46904373 34.46266174 34.45884705 34.45265579 34.44978714 34.44264984 34.43456268 34.4274292 34.41362762 34.40062332 34.38782883 34.38505173 34.39556885 34.39933395 34.40116501 34.39918137 34.39210129 34.38633728 34.36818695 34.33357239 34.30508041 34.28781891 34.27848434 34.27453995 34.27269363 34.27241516 34.27344513 34.2757988 34.27030563 34.26461792 34.25922394 34.25706482 34.25558853 34.2627449 34.27828979 34.29192352 34.29960251 34.30553436 34.29880142 34.28112793
34.55859756 34.5452919 34.53410339 34.52703476 34.51983643 34.51221085 34.50554276 34.49498749 34.48330688 34.47975159 34.47873306 34.47415543 34.46802521 34.46426392 34.45808029 34.4570961 34.45689774 34.44738388 34.44419479 34.43959427 34.42742157 34.41894913 34.41547775 34.41000748 34.3947525 34.37757111 34.36668015 34.36673355 34.37865067 34.38757324 34.38803864 34.38226318 34.37264633 34.35938644 34.3388443 34.29780579 34.26298141 34.24609756 34.2371254 34.23570633 34.23456955 34.22212982 34.21242523 34.21824646 34.22415161 34.22441483 34.22417831 34.21868896 34.21849442 34.22929382 34.24119949 34.25085831 34.24913406 34.24632645 34.24103928 34.22650909
34.52983475 34.51973343 34.50707626 34.49599457 34.48862839 34.48352051 34.47610855 34.46349335 34.45056915 34.4474144 34.45007706 34.44415665 34.44193649 34.44026184 34.43729782 34.43626785 34.43683243 34.4270134 34.41431046 34.40664673 34.40016556 34.39483643 34.39335632 34.38728714 34.36806107 34.35558319 34.34870911 34.34932327 34.35261917 34.36011505 34.36265182 34.36052322 34.35623932 34.33469009 34.29915237 34.25414658 34.22283936 34.21118164 34.20551682 34.20432663 34.19199371 34.17958832 34.1689949 34.17425537 34.18184662 34.17959976 34.17647171 34.16880417 34.16883087 34.17779922 34.17996597 34.18614578 34.17600632 34.17098999 34.16607666 34.14976501
