Environmental Parameters/Training/Sea-bottom_salinity.asc
ncols 720
nrows 360
xllcorner -180.00
yllcorner -90.00
cellsize 0.5
NODATA_value -9999
[rows 200 to 224 of 360, columns 504 to 559 of 720]
34.71900177 34.71902847 34.71559143 34.71562958 34.71592712 34.7159996 34.7159996 34.7159996 34.7159996 34.7159996 34.7159996 34.70999908 34.70999908 34.70999908 34.70999908 34.7159996 34.70999908 34.7159996 34.7159996 34.70999908 34.7159996 34.71551895 34.71525955 34.71514893 34.71507263 34.71500015 34.7159996 34.71500015 34.7150383 34.71511078 34.71533203 34.70999908 34.71405411 34.71592712 34.70727539 34.70999908 34.70999908 34.71281433 34.70999908 34.71300125 34.71300125 34.71300125 34.70999908 34.70999908 34.70999908 34.71390915 34.71464157 34.71324539 34.71522141 34.71300125 34.71559143 34.71562958 34.7155571 34.71538162 34.7154541 34.71514893
34.71900177 34.71900177 34.71559143 34.71559143 34.71588898 34.7159996 34.7159996 34.7159996 34.7159996 34.7159996 34.7159996 34.70999908 34.70999908 34.7159996 34.70999908 34.7159996 34.70999908 34.7159996 34.7159996 34.7159996 34.71596146 34.71577835 34.71551895 34.71525955 34.7159996 34.7159996 34.71500015 34.7159996 34.71507263 34.71533203 34.70999908 34.71405792 34.72225571 34.73411179 34.7159996 34.71222305 34.70999908 34.70647049 34.70999908 34.71300125 34.71300125 34.71300125 34.70999908 34.70999908 34.71347046 34.71428299 34.71485519 34.71500015 34.71522141 34.71551895 34.71577835 34.71588898 34.71844482 34.7158165 34.7159996 34.72451782
34.71900177 34.7174263 34.7157402 34.7157402 34.71592712 34.7159996 34.7159996 34.7159996 34.7159996 34.7159996 34.7159996 34.70999908 34.70999908 34.7159996 34.70999908 34.7159996 34.7159996 34.7159996 34.7159996 34.7159996 34.7159996 34.7159996 34.7157402 34.7159996 34.71900177 34.7159996 34.70999908 34.71500015 34.71511078 34.7158165 34.71523285 34.70999908 34.72247314 34.72501755 34.7159996 34.70999908 34.70999908 34.71248245 34.705616 34.71300125 34.70999908 34.70999908 34.70999908 34.71308517 34.71376038 34.71450043 34.70999908 34.71500015 34.71900558 34.71456146 34.71592712 34.7157402 34.71592712 34.7159996 34.72800827 34.72485352
34.71900177 34.71630096 34.71626282 34.71630478 34.7162323 34.71600723 34.71600342 34.71600342 34.71600342 34.7159996 34.7159996 34.70999908 34.70999908 34.7159996 34.7159996 34.70999908 34.7159996 34.7159996 34.70999908 34.7159996 34.7159996 34.7159996 34.71596146 34.71413422 34.7150383 34.71500015 34.71500015 34.70999908 34.71511078 34.71601486 34.71577835 34.71538544 34.7228775 34.7314415 34.71588898 34.70999908 34.71160889 34.71237564 34.70999908 34.70999908 34.70999908 34.70999908 34.70999908 34.70999908 34.70999908 34.71427536 34.7113533 34.71492767 34.71510696 34.67039108 34.71496964 34.7159996 34.71909714 34.7159996 34.7159996 34.71243668
34.71896362 34.7171936 34.71715927 34.71697617 34.71668625 34.71617508 34.71617126 34.71609879 34.71601868 34.71601105 34.71601105 34.70999908 34.70999908 34.7159996 34.7159996 34.70999908 34.7159996 34.7159996 34.7159996 34.7159996 34.7159996 34.7159996 34.7159996 34.7159996 34.71518707 34.71514893 34.70999908 34.7159996 34.71514893 34.71624374 34.71577835 34.71617889 34.72917175 34.73516083 34.69698334 34.70999908 34.71132278 34.70999908 34.70999908 34.70999908 34.70999908 34.70999908 34.70999908 34.70999908 34.71346664 34.71376419 34.73073959 34.71193695 34.71282578 34.73640823 34.71426773 34.71577835 34.71566772 34.7159996 34.71243286 34.71243668
34.71900177 34.71896362 34.7177124 34.71756744 34.71727753 34.71691513 34.71691513 34.71669769 34.71640396 34.71617889 34.71631622 34.70999908 34.70999908 34.71600723 34.71600342 34.71600342 34.7159996 34.7159996 34.7159996 34.7159996 34.7159996 34.7159996 34.71537018 34.71514893 34.71533203 34.70999908 34.71592712 34.7159996 34.71596909 34.71601868 34.71570587 34.71632385 34.72808838 34.6999855 34.70999908 34.70999908 34.69812012 34.71245575 34.70999908 34.70999908 34.70999908 34.70999908 34.70999908 34.70999908 34.70999908 34.70971298 34.71052933 34.72064209 34.71274948 34.71353149 34.71390533 34.71559143 34.72049713 34.71223831 34.71224213 34.71224976
34.7182579 34.71900177 34.71814728 34.71796417 34.71778488 34.7177124 34.7177124 34.71749878 34.71720886 34.71691513 34.7169075 34.70999908 34.71610641 34.71624756 34.71624374 34.71623611 34.71607971 34.7159996 34.7159996 34.7159996 34.7159996 34.7159996 34.7159996 34.71559906 34.71588898 34.71570206 34.71533203 34.71574402 34.7158699 34.71559143 34.71511459 34.71500015 34.73044586 34.72827148 34.71168518 34.70999908 34.69819641 34.70999908 34.70999908 34.70999908 34.71300125 34.70999908 34.70999908 34.71300125 34.70999908 34.70999908 34.7106781 34.72399902 34.64953613 34.71466827 34.71533203 34.71533203 34.7152977 34.71215439 34.71197128 34.71175003
34.71844482 34.71900177 34.71829605 34.71822357 34.7180748 34.7180748 34.7180748 34.71792984 34.71778488 34.7177124 34.71749878 34.70999908 34.71691513 34.71698761 34.71683502 34.71675873 34.71682358 34.71674728 34.71666718 34.7165184 34.7159996 34.7159996 34.71900177 34.71566772 34.7154808 34.71533203 34.71533203 34.71514893 34.71559143 34.72123337 34.71594238 34.71544266 34.72761154 34.72716904 34.71287155 34.71282959 34.70999908 34.71312714 34.71302032 34.70999908 34.71300125 34.70999908 34.70999908 34.71300125 34.70999908 34.70999908 34.71302032 34.71167755 34.71251678 34.71082306 34.71382141 34.71471024 34.71511078 34.71218491 34.71189499 34.71156693
34.71855545 34.71855545 34.71855545 34.7185936 34.71844482 34.71844482 34.71836853 34.71818542 34.71803665 34.71811295 34.71814728 34.70999908 34.7177124 34.71757126 34.7174263 34.71742249 34.71763992 34.71748734 34.71733475 34.71704102 34.71674347 34.7159996 34.71585083 34.7155571 34.71585083 34.71511078 34.71900177 34.71907806 34.72784042 34.72921753 34.72849274 34.72327042 34.72950363 34.72320557 34.71424103 34.70999908 34.70999908 34.70343018 34.70999908 34.70999908 34.70999908 34.70999908 34.71300125 34.71300125 34.70999908 34.70999908 34.7130127 34.71300888 34.71300125 34.71285248 34.71359634 34.71492767 34.71500015 34.71233368 34.71222305 34.71585083
34.71969986 34.71940231 34.718853 34.71888733 34.718853 34.718853 34.71874237 34.7185936 34.71844482 34.71844482 34.71844482 34.71818542 34.71811295 34.7180748 34.71796799 34.71789551 34.71796417 34.71792603 34.71763229 34.7177887 34.71674347 34.71622849 34.71600342 34.71537018 34.71511078 34.71478653 34.71780396 34.72175217 34.72723389 34.72289658 34.72745895 34.72480392 34.72619629 34.71720123 34.70999908 34.70999908 34.70999908 34.71446609 34.70999908 34.71332932 34.71302032 34.70999908 34.71300125 34.70999908 34.70999908 34.71300125 34.71916962 34.73169327 34.71075821 34.7129631 34.71389389 34.7144928 34.71277618 34.71259308 34.71540833 34.71211243
34.72057343 34.71889114 34.71896362 34.71900177 34.71900177 34.71900177 34.71896362 34.71888733 34.718853 34.718853 34.71870422 34.7185173 34.71844482 34.71840668 34.71840668 34.7182579 34.71810913 34.7179985 34.71785355 34.71733856 34.71645355 34.70999908 34.7159996 34.71518707 34.71478653 34.71902847 34.71390533 34.71901321 34.72032166 34.72675705 34.72113037 34.72838211 34.72570038 34.71763992 34.70999908 34.71704483 34.71607971 34.70738602 34.70999908 34.71363068 34.71302795 34.70999908 34.70999908 34.70999908 34.70999908 34.71300125 34.71135712 34.71060944 34.71090698 34.71300125 34.71331024 34.71383286 34.7129631 34.71292496 34.71274185 34.71255493
34.72126007 34.71896362 34.71900177 34.72006226 34.71900177 34.71900177 34.71900177 34.71900177 34.71900177 34.71900177 34.71892548 34.71874237 34.71866608 34.7185936 34.71862793 34.71840668 34.71818542 34.71803665 34.7179985 34.71734238 34.71652985 34.70999908 34.7159996 34.7159996 34.7158165 34.7155571 34.71533203 34.72080994 34.71300125 34.72199249 34.71910477 34.72833252 34.72933197 34.71785736 34.70999908 34.71708298 34.70999908 34.71533203 34.70999908 34.70999908 34.71310043 34.71300888 34.70999908 34.70999908 34.70999908 34.71117401 34.71038437 34.71060944 34.71090698 34.71300125 34.71204376 34.71324539 34.71289063 34.71464157 34.7129631 34.71285248
34.71896362 34.72148132 34.71900177 34.71900177 34.71900177 34.71900177 34.71900177 34.71900177 34.71900177 34.71900177 34.71900177 34.71874237 34.71870422 34.71881485 34.71874237 34.7185936 34.71836853 34.7180748 34.7179985 34.71749496 34.70999908 34.71602631 34.70999908 34.70999908 34.70999908 34.70999908 34.71533203 34.71533203 34.71533203 34.71337128 34.72248077 34.72803879 34.72526169 34.71792984 34.70999908 34.71142578 34.70999908 34.71504211 34.70999908 34.71339798 34.71600342 34.71601486 34.70999908 34.70999908 34.71300125 34.71300125 34.71001053 34.71016693 34.71061325 34.71300125 34.71175003 34.71244431 34.71281433 34.71300125 34.71300125 34.71300125
34.71900177 34.71900177 34.72140884 34.71900177 34.72005844 34.71900177 34.71900177 34.71900177 34.71900177 34.71900177 34.71900177 34.718853 34.7180748 34.71792984 34.70999908 34.71870422 34.7185936 34.71829605 34.7180748 34.70999908 34.70999908 34.70999908 34.70999908 34.70999908 34.70999908 34.70999908 34.71533203 34.71533203 34.71533203 34.71393204 34.71870804 34.72748184 34.72483063 34.71339417 34.70999908 34.71232224 34.70999908 34.71439362 34.70999908 34.71309662 34.71300888 34.70999908 34.70999908 34.70999908 34.71300125 34.70999908 34.7100029 34.71000671 34.71045303 34.71105576 34.71142578 34.71233749 34.71274185 34.71300125 34.71300125 34.71300125
34.72470474 34.71900177 34.72159195 34.71900177 34.71900177 34.71960831 34.71900177 34.71900177 34.71900177 34.71896362 34.71900177 34.71848297 34.71951675 34.7193718 34.71792984 34.71888733 34.718853 34.71862793 34.7183342 34.71800232 34.7177124 34.71720505 34.716465 34.70999908 34.70999908 34.71578979 34.71548843 34.71367645 34.71453476 34.72356415 34.71900177 34.72722244 34.71478271 34.71406174 34.70999908 34.71302414 34.70999908 34.7138443 34.70999908 34.70999908 34.70999908 34.70999908 34.70999908 34.71300125 34.71289063 34.70999908 34.70999908 34.70999908 34.71008682 34.71046066 34.71083832 34.71179199 34.7125206 34.71324158 34.71292496 34.71450043
34.72159958 34.71900177 34.71900177 34.71900177 34.71900177 34.71968079 34.71900177 34.71900177 34.71900177 34.71900177 34.71900177 34.71870422 34.71844482 34.71974182 34.71922302 34.71900177 34.71900177 34.71892548 34.70999908 34.71822357 34.7179985 34.70999908 34.71706009 34.71647644 34.70999908 34.71613693 34.71310043 34.71556854 34.71549606 34.71561813 34.71900177 34.72352982 34.72937012 34.71496964 34.70999908 34.71346664 34.70999908 34.71325302 34.70999908 34.70999908 34.70999908 34.70999908 34.71300125 34.71300125 34.70999908 34.70999908 34.70999908 34.70999908 34.71000671 34.71001816 34.71018219 34.71102905 34.71193695 34.71244431 34.7127037 34.7129631
34.72140884 34.72060776 34.71990967 34.72114944 34.72042084 34.71968079 34.7190094 34.71900177 34.71900177 34.71900177 34.71900177 34.71888733 34.7185936 34.71989059 34.71951675 34.71900177 34.71900177 34.71900177 34.71874237 34.7183342 34.7179985 34.70999908 34.70999908 34.70999908 34.70999908 34.71398544 34.71628571 34.70999908 34.71572495 34.71562195 34.71757507 34.72298431 34.72254562 34.71485901 34.7144928 34.71405029 34.70999908 34.7130127 34.70999908 34.70999908 34.71300125 34.70999908 34.71300125 34.70999908 34.70999908 34.70999908 34.70999908 34.70999908 34.70999908 34.71001053 34.71002579 34.7105484 34.71135712 34.71207809 34.71255493 34.71289063
34.72148514 34.7215538 34.72133255 34.71969604 34.72026825 34.71902084 34.71900558 34.71900177 34.71900177 34.71900177 34.71900177 34.71989059 34.71989059 34.71844482 34.7198143 34.71914673 34.71900177 34.71900177 34.71862793 34.71822357 34.71792984 34.7174263 34.71713257 34.71706009 34.71677399 34.71670532 34.7166214 34.71635818 34.71613312 34.72399902 34.72325516 34.71289825 34.72250366 34.71456909 34.71397018 34.71367645 34.70999908 34.70999908 34.70999908 34.70999908 34.70999908 34.71300125 34.7129631 34.70999908 34.71248245 34.70999908 34.7120018 34.70999908 34.70999908 34.71000671 34.71002579 34.71032715 34.71113586 34.71186066 34.71237183 34.7127037
34.7212944 34.72105789 34.7207489 34.71966934 34.72002411 34.71926117 34.71903992 34.71900177 34.71149826 34.71900177 34.71149826 34.7189827 34.71194458 34.71870422 34.71194458 34.71799088 34.71780396 34.71773148 34.71756363 34.7173233 34.71715927 34.7169075 34.71676254 34.71676254 34.71548462 34.71661758 34.71657944 34.71653748 34.71436691 34.72305298 34.72352219 34.71159744 34.72435379 34.71364594 34.71349716 34.71327209 34.70994568 34.71300125 34.70994568 34.71300125 34.71300125 34.71300125 34.71276093 34.70996475 34.71229553 34.71205521 34.7120018 34.70999908 34.70999908 34.70999908 34.71000671 34.71020508 34.71079636 34.71140289 34.71209717 34.71244431
34.7211113 34.71900177 34.72100067 34.71900177 34.67576981 34.71900177 34.71900177 34.71900177 34.71900177 34.71900177 34.71900177 34.71900177 34.70399857 34.70399857 34.70399857 34.71660614 34.71660614 34.71660614 34.71785736 34.71660614 34.71660614 34.71632767 34.71660614 34.71645737 34.71645737 34.71645737 34.71645737 34.71645737 34.71446228 34.7218132 34.72384262 34.67026901 34.72609711 34.71302032 34.70981598 34.71300125 34.70985413 34.71300125 34.71300125 34.71300125 34.71300125 34.71289063 34.71263123 34.71233368 34.70992661 34.7120018 34.7120018 34.7120018 34.70996475 34.70999908 34.70999908 34.71001434 34.71046829 34.71106339 34.71157074 34.71215057
34.71900177 34.7211113 34.72240067 34.70399857 34.71900177 34.71900177 34.71900177 34.71900177 34.71900177 34.70399857 34.70399857 34.70399857 34.71900177 34.70399857 34.71900177 34.71660614 34.71660614 34.71660614 34.71822357 34.71660614 34.71735382 34.71677017 34.71617889 34.71601868 34.71638489 34.71638107 34.71638489 34.71471786 34.71465302 34.72240829 34.72660828 34.72927094 34.72409058 34.71310043 34.70973969 34.7196579 34.70977783 34.71300125 34.71300125 34.70981598 34.70981598 34.71281433 34.71244431 34.71210861 34.7120018 34.7120018 34.70985031 34.7120018 34.70985031 34.70981598 34.70977783 34.70985794 34.70998383 34.71039963 34.71120834 34.71178436
34.71900177 34.72140884 34.71900177 34.71900177 34.71900177 34.71900177 34.71900177 34.71900177 34.70399857 34.70399857 34.70399857 34.70399857 34.71900177 34.71900177 34.70399857 34.71660614 34.71660614 34.71660614 34.71855545 34.71660614 34.70973969 34.70973969 34.71638489 34.71640015 34.72620392 34.71601868 34.71638489 34.72200012 34.72200012 34.72455978 34.72761154 34.72945023 34.72591019 34.71302032 34.71365356 34.71363068 34.71300125 34.73099899 34.71300888 34.71300125 34.71300125 34.71277618 34.71233368 34.7120018 34.7120018 34.70970535 34.7120018 34.7120018 34.70959091 34.70948029 34.70955658 34.70962906 34.70989227 34.71009445 34.71068954 34.71142578
34.72200394 34.72181702 34.71900177 34.72166824 34.71900177 34.71900177 34.71900177 34.71900177 34.72103882 34.72100067 34.71900177 34.70399857 34.70399857 34.70399857 34.71900177 34.71660614 34.71900177 34.71900177 34.71892548 34.71870422 34.70967102 34.71645737 34.71638489 34.71638107 34.71706009 34.71638489 34.71628571 34.71611023 34.716362 34.72200012 34.72718811 34.72267532 34.71542358 34.70966721 34.71509552 34.71302032 34.71300888 34.71354675 34.71300125 34.70966721 34.71300125 34.7127037 34.71229553 34.7120018 34.7120018 34.70951843 34.7120018 34.7120018 34.7120018 34.7120018 34.70929718 34.70944595 34.7120018 34.71001053 34.71038818 34.71083832
34.72252655 34.71900177 34.70399857 34.72200775 34.71900177 34.7218895 34.72174072 34.72159195 34.7213707 34.70399857 34.71900177 34.71900177 34.71900177 34.70399857 34.71900177 34.71900177 34.71900177 34.71900177 34.71900177 34.71660614 34.71888733 34.71645737 34.71638489 34.71630478 34.7179718 34.71753693 34.71724319 34.71546936 34.73069 34.71724701 34.722332 34.72363663 34.72400665 34.71298599 34.71302032 34.71302032 34.70962906 34.71300125 34.71300125 34.71300888 34.71285248 34.71251678 34.70944595 34.70940781 34.70936966 34.70929718 34.7120018 34.7120018 34.71300125 34.71192932 34.70922089 34.70944595 34.70985031 34.7100029 34.71001434 34.71017075
34.72319412 34.72283554 34.72240067 34.72203445 34.72201538 34.72200775 34.71900177 34.7218895 34.70399857 34.72499847 34.71900177 34.71900177 34.71900177 34.71900177 34.71900177 34.71900177 34.71900177 34.71900177 34.71900177 34.71900177 34.71660614 34.70962906 34.71888733 34.71870422 34.7185936 34.71638489 34.7182312 34.71498489 34.71357346 34.72200775 34.72267532 34.72416306 34.73023605 34.70955658 34.71298599 34.71302032 34.70948029 34.71435165 34.7136116 34.7130127 34.71240616 34.71222305 34.70933151 34.70933151 34.70918655 34.70907593 34.7120018 34.71171188 34.71142578 34.70914841 34.70922089 34.70944595 34.70985031 34.70999908 34.7100029 34.71000671
