Environmental Parameters/Training/Sea-bottom_salinity.asc
ncols 720
nrows 360
xllcorner -180.00
yllcorner -90.00
cellsize 0.5
NODATA_value -9999
[rows 50 to 74 of 360, columns 336 to 391 of 720]
34.99095154 34.91495132 34.92940521 34.90673065 34.90660858 34.910923 34.9097023 34.90991974 34.90996552 34.91007996 34.91095734 34.89948273 34.9102211 34.91010284 34.91489792 34.90948486 34.90926743 34.90875626 34.90827942 34.90889359 34.90987015 34.9105835 34.91099548 34.91133499 34.91212463 34.9132576 34.91248703 34.91267014 34.91277695 34.9109993 34.9109993 34.9107666 34.90639496 34.89939117 34.89626694 35.06592941 35.14285278 35.18283844 35.18726349 35.18878174 35.20395279 35.1739769 35.18023682 35.23225403 35.11920929 34.5437088 34.67628479 34.71863937 -9999.0 -9999.0 -9999.0 -9999.0 -9999.0 -9999.0 -9999.0 -9999.0
35.02896118 35.01276398 34.96075821 34.93459702 34.90590668 34.90283585 34.90678024 34.91103363 34.91102219 34.91064835 34.91124344 34.91435623 34.91457367 34.91468048 34.91489792 34.91031647 34.91010284 34.90948105 34.90882111 34.90882111 34.90940094 34.91103363 34.91119766 34.91157532 34.91234207 34.91326141 34.91432953 34.91496658 34.91100693 34.9109993 34.9109993 34.9107399 34.91225815 34.91030884 34.90725327 34.95599747 35.06748581 35.14570999 35.15493011 35.16986847 35.0868454 34.985569 35.19232559 35.2317009 34.98759842 34.89704895 34.85324097 -9999.0 -9999.0 -9999.0 -9999.0 -9999.0 -9999.0 -9999.0 -9999.0 -9999.0
35.08964539 35.05520248 35.00632477 34.95166397 34.93250275 34.9056778 34.90444565 34.9021492 34.90436935 34.90576553 34.91135788 34.91105652 34.91104507 34.911026 34.91101074 34.91064072 34.91024399 34.90965652 34.9091835 34.90896606 34.91073227 34.91102982 34.91123962 34.91168594 34.91104507 34.91104507 34.91103363 34.91101837 34.91091537 34.91038895 34.91177368 34.91203308 34.91210175 34.91017914 34.8992424 35.13621902 35.1828804 35.20861053 35.17904282 35.19072342 35.13146973 34.81516266 35.09680557 35.0581398 34.98957825 34.99070358 35.10835266 -9999.0 -9999.0 -9999.0 -9999.0 -9999.0 -9999.0 -9999.0 -9999.0 -9999.0
35.13064194 35.12770081 35.09134674 35.06443024 35.00969696 34.98286819 34.91918182 34.91686249 34.90129471 34.90423203 34.90584946 34.9076767 34.91164017 34.91078186 34.91101074 34.9109993 34.9109993 34.91092682 34.91060638 34.9106102 34.91106796 34.91106033 34.91181183 34.9113121 34.91094971 34.9096489 34.90921402 34.90784836 34.9064827 34.90623093 34.90615845 34.90608215 34.90626526 34.90657806 34.96037292 35.20041656 35.17578888 35.20919037 35.1501236 34.67612076 34.52706909 35.03688049 34.82639313 34.60683823 34.43328476 34.31632233 -9999.0 -9999.0 -9999.0 -9999.0 -9999.0 -9999.0 -9999.0 -9999.0 -9999.0 -9999.0
35.19564819 35.18397141 35.16529846 35.13179398 35.08487701 35.04766846 34.99999619 34.96151352 34.92769623 34.9411087 34.97222519 34.90278625 34.89918518 34.90049362 34.89974976 34.90019226 34.9005127 34.90045547 34.90133667 34.90333939 34.91296768 34.90609741 34.9037056 34.90615845 34.90348434 34.90356064 34.90322113 34.90469742 34.90501022 34.9105835 34.93946838 34.91094589 35.13273621 35.21373367 35.17549133 35.20167542 34.77975464 35.05590439 34.67758179 33.99114227 35.19430542 34.63305283 -9999.0 -9999.0 -9999.0 -9999.0 -9999.0 -9999.0 -9999.0 -9999.0 -9999.0 -9999.0 -9999.0 -9999.0 -9999.0 -9999.0
35.11177063 35.11782074 35.147995 35.13267517 35.14923096 35.10639954 35.18046188 35.19725418 35.18408966 35.1719017 35.17061996 35.14440918 35.10729599 35.12630463 35.0333252 35.02037811 34.92509842 34.90066147 34.90840912 34.91270828 34.91297531 34.90390778 34.90284729 34.90343857 34.90274429 34.90467453 34.91569519 35.02126312 35.03959656 35.04747009 35.0500679 35.22645569 35.22488785 35.21883011 35.11351776 34.81938171 34.08991623 34.6644516 35.1779213 -9999.0 -9999.0 -9999.0 -9999.0 -9999.0 -9999.0 -9999.0 -9999.0 -9999.0 -9999.0 -9999.0 -9999.0 -9999.0 -9999.0 -9999.0 -9999.0 -9999.0
34.98900986 35.04219818 35.04520798 35.12898254 35.15723038 35.11883163 35.13809204 35.25127029 35.24226761 35.24868393 35.23586655 35.23600769 35.19572449 35.17651367 35.10738373 34.90688324 34.90362549 34.91087723 34.90938568 34.90863419 34.90491486 34.88277054 35.15777969 35.21990204 35.22109985 35.22423935 35.22955322 35.02852631 35.04069138 35.04690933 35.05382538 35.23030853 35.23524094 34.39271545 35.20526123 34.53236008 33.788311 34.49917984 -9999.0 -9999.0 -9999.0 -9999.0 -9999.0 -9999.0 -9999.0 -9999.0 -9999.0 -9999.0 -9999.0 -9999.0 -9999.0 -9999.0 -9999.0 -9999.0 -9999.0 -9999.0
34.99563599 35.04315948 35.04575348 35.06309509 35.14296722 35.26263809 35.29192352 35.26840591 35.07059097 35.29936218 35.28863525 35.2754097 35.24155426 35.2093277 34.8958931 34.90687561 34.90723419 34.903759 34.90602112 34.86100769 35.06806564 35.29444504 35.30041504 35.29884338 35.29286957 35.28470993 35.27895355 35.27280807 35.25839615 35.04559708 35.05190277 35.05531693 35.0528183 35.2262001 35.04277802 34.60972214 34.40345764 34.69784927 35.16801453 34.52188492 -9999.0 -9999.0 -9999.0 -9999.0 -9999.0 -9999.0 -9999.0 -9999.0 -9999.0 -9999.0 -9999.0 -9999.0 -9999.0 -9999.0 -9999.0 -9999.0
35.1784668 35.25242233 35.31168747 35.31383514 35.19654846 35.32292175 35.31950378 35.13948822 35.18056488 35.07635117 35.30566788 35.29053879 34.99947357 34.90127945 34.90670395 34.90721512 34.90222168 34.96882248 35.25088501 35.29261398 35.31196213 35.31842422 35.31544495 35.31425476 35.3000412 35.29257202 35.28310013 35.27224731 35.2603035 35.24846649 35.24600983 35.24183273 35.23722458 35.21577835 35.05317688 34.85129547 -9999.0 34.88512421 34.86751556 -9999.0 -9999.0 -9999.0 -9999.0 -9999.0 -9999.0 -9999.0 -9999.0 -9999.0 -9999.0 -9999.0 -9999.0 -9999.0 -9999.0 -9999.0 -9999.0 -9999.0
35.08217621 35.08807755 35.1440506 35.17500305 35.1608963 34.94895172 35.18822861 35.22253418 35.1435318 35.19263458 35.16474152 35.08343887 35.00681305 34.94623566 34.91536713 35.23670197 35.30818176 35.29974747 35.29697418 35.3037262 35.26824188 35.19811249 35.28938293 35.31305313 35.30221558 35.29335785 35.28500366 35.26488495 35.25207138 35.2349968 35.22241211 35.2370491 35.23735809 35.23718643 35.05110931 35.07600784 35.06939697 34.70305634 -9999.0 -9999.0 -9999.0 -9999.0 -9999.0 -9999.0 -9999.0 -9999.0 -9999.0 -9999.0 -9999.0 -9999.0 -9999.0 -9999.0 -9999.0 -9999.0 -9999.0 -9999.0
35.10238647 35.02842712 35.12103271 35.1309166 35.04183197 35.0463295 35.1016655 35.22543716 35.18696594 35.19630051 35.14473343 35.3429184 35.2391777 35.33058548 35.31774139 35.28238678 35.31571198 35.2526741 35.25093842 35.28691864 35.27364349 35.26253891 35.31680679 35.31399536 35.3064003 35.29602051 35.25680923 35.25924301 35.23901749 35.22156525 35.22616959 35.23642349 35.23743439 35.19393539 35.1402359 35.15312576 33.54088974 34.64879608 -9999.0 -9999.0 -9999.0 -9999.0 -9999.0 -9999.0 29.18932343 28.76887321 -9999.0 -9999.0 -9999.0 -9999.0 -9999.0 -9999.0 -9999.0 -9999.0 -9999.0 -9999.0
34.9446106 34.96480179 34.99610138 35.33860397 35.21088409 35.00764084 35.00774765 35.04732513 35.1685524 35.25327301 35.37385559 35.31497192 35.30435944 35.32675934 35.32108688 35.27793884 35.31967163 35.23580551 35.14429855 35.20285797 35.20350647 35.31599808 35.31707764 35.31335068 35.30606461 35.29636383 35.23671722 35.2406044 35.21368408 35.20023346 35.19459152 35.19267654 35.18935013 35.17070389 35.1277771 35.06965637 35.17069244 34.72130203 -9999.0 -9999.0 -9999.0 -9999.0 -9999.0 30.86528969 27.61217117 28.75816345 27.45356941 -9999.0 -9999.0 -9999.0 -9999.0 -9999.0 -9999.0 -9999.0 -9999.0 -9999.0
34.94532394 34.9455986 34.96533203 34.95063782 34.95159149 34.95207596 35.00779343 35.27507019 35.41152573 35.35702896 35.38206863 35.35985184 35.30422211 35.23921204 35.23151779 35.27719116 35.23080444 35.20864105 35.17874527 35.1656723 35.22527313 35.22947693 35.31584167 35.31337357 35.30608368 35.28193665 35.21841812 35.22336578 35.22405624 35.18790054 35.20217133 35.18511581 35.17695618 35.15511322 35.14613342 35.08879089 34.98657227 -9999.0 -9999.0 -9999.0 -9999.0 34.68453217 34.3363266 35.09899139 35.11398697 34.79908752 27.88973999 -9999.0 -9999.0 -9999.0 -9999.0 -9999.0 -9999.0 -9999.0 -9999.0 -9999.0
34.94751358 34.96429443 34.96533203 34.96606827 35.09093475 35.39884186 35.42150879 35.42137527 35.3558197 35.40674591 35.20205307 35.15512085 35.31055069 35.04577637 35.11278915 -9999.0 35.13323593 35.06222534 35.06388474 35.13340759 35.2105484 35.20201492 35.19059372 35.31197357 35.29269791 35.25068283 35.21296692 35.20608521 35.14231491 35.14076996 35.19991302 35.16601563 35.1427803 35.21746826 35.19348526 35.16590118 34.71607971 35.00836945 35.01454544 35.02006912 35.05811691 35.12511063 34.90807724 34.90772629 35.10131454 35.06983566 33.93606186 24.13699532 -9999.0 -9999.0 -9999.0 -9999.0 -9999.0 -9999.0 -9999.0 -9999.0
34.94837952 34.96403885 34.96526718 34.96578598 35.32223892 35.42397308 35.42846298 35.36883926 35.33393478 35.16307831 35.32167435 35.26611328 35.04129028 35.08966827 -9999.0 35.09152603 35.04499817 35.02734756 35.0594368 35.28274155 35.09717941 35.18162918 35.3167305 35.15879059 35.2707634 35.22327423 35.10832977 35.10856628 35.10943604 35.11285019 35.1192894 35.12186813 35.11522293 35.14390564 35.11051559 35.08989334 35.12700272 35.12476349 35.09948349 34.95921707 35.09832764 35.10898972 34.63579178 33.77065659 34.80873489 33.47396088 34.80315018 22.1002636 -9999.0 -9999.0 -9999.0 -9999.0 -9999.0 -9999.0 -9999.0 -9999.0
34.95996857 35.18412399 34.95464706 34.965065 34.96460342 35.42919922 35.42461014 35.42443085 35.25098801 35.22481918 35.31216431 35.22978592 35.13415146 35.15808105 -9999.0 -9999.0 -9999.0 -9999.0 -9999.0 35.04808807 35.03716278 35.04815292 35.05957413 35.06238937 35.05924225 35.06538391 35.17880249 35.19012833 35.07654572 35.09323502 35.10368729 35.00395966 34.99319839 34.98655319 34.97990036 35.05408859 35.02480698 34.99263763 34.81328583 34.76769257 34.29098892 34.17169952 32.09843063 30.16718483 28.85826302 26.70747948 31.3699379 34.53987885 25.89800262 -9999.0 -9999.0 -9999.0 -9999.0 -9999.0 -9999.0 -9999.0
34.95527267 34.95483017 34.95446396 34.96271896 34.94950485 35.13504791 35.4271965 35.42564774 35.23794174 35.42572403 35.21087265 35.20599747 35.19525909 35.24208832 -9999.0 -9999.0 -9999.0 -9999.0 34.93344879 34.90681839 34.89345551 34.98255157 35.00231934 35.01285934 35.15541458 35.16442871 35.17106628 35.18294907 35.0518074 35.05621338 35.08134079 34.97071457 34.95572281 34.95392609 34.95487213 34.93223572 34.89131927 34.51148224 34.45133591 34.39847183 33.69825745 32.52242279 -9999.0 -9999.0 23.94724083 24.53194427 30.60937119 22.73360062 31.80759621 22.81726074 -9999.0 -9999.0 -9999.0 -9999.0 -9999.0 -9999.0
34.95505142 34.95453644 34.95405579 34.95952225 34.99290085 35.41077805 35.43173981 35.43416595 35.42758942 35.31139755 35.20315552 35.26639557 35.19894028 34.76268387 34.9689827 -9999.0 34.85271072 34.84321976 34.89190674 34.85621262 34.85995102 34.92541122 34.93586349 34.96197128 34.98457336 35.16021729 35.00577545 35.01377869 35.02510834 35.03634262 35.04812622 35.08000183 35.09641266 34.94208908 34.94566345 34.92776108 34.88529587 34.43174744 34.41451263 34.39756012 33.57363892 -9999.0 -9999.0 -9999.0 20.91485977 26.30652809 30.03132248 29.99638367 31.80401611 21.330513 -9999.0 -9999.0 12.22313499 10.37761021 9.054221153 8.45303154
34.93479919 34.9532814 34.95279694 34.95279694 34.94595337 35.43933487 35.3999176 35.36357498 35.32424164 35.24156189 35.15026855 34.96750641 34.61913681 35.4145813 34.86199188 34.76891708 -9999.0 34.69892502 34.74335861 34.82025909 34.9057045 34.8887291 34.88226318 34.91049957 34.95691299 34.98519516 34.9934082 35.00397491 35.01315689 35.01645279 34.9360733 34.93613052 34.7064209 34.64784241 34.93815613 34.92535782 34.89401245 34.34656525 34.16535568 34.0547905 33.48306274 -9999.0 -9999.0 26.5388279 21.98152542 29.78445816 22.88155556 19.46380234 22.02518272 18.84877014 14.50069618 -9999.0 8.594330788 8.842354774 8.834453583 8.821014404
34.93479919 34.95190811 34.95193863 35.09178162 35.44471359 35.4364624 35.41106415 35.28749847 35.27017212 35.2089119 35.08600998 34.83210373 35.28770828 34.4796257 34.67811584 -9999.0 34.52147675 34.53891373 -9999.0 -9999.0 34.81001663 34.85982513 34.85935593 34.87449646 34.91753006 34.95772171 34.99003983 34.83269501 34.82233429 34.78777695 34.74425507 34.70094299 34.93156433 34.93276978 34.93763351 34.92596817 34.89450836 34.22597885 33.96692657 33.9287529 33.68664169 32.14165497 -9999.0 28.43955231 26.45071793 25.31142044 21.85246086 19.40068054 20.9369545 22.65232277 8.690372467 8.832438469 8.832379341 8.508728981 8.810061455 10.59483528
34.93479919 34.95124054 34.97335434 35.44784927 35.44533157 35.44023514 35.34579468 35.26761627 -9999.0 -9999.0 -9999.0 -9999.0 34.37531281 35.43679428 34.25034332 34.28614807 34.28660202 34.42860031 -9999.0 -9999.0 -9999.0 34.81750107 34.77437973 34.8629303 34.89710617 34.92840958 34.78026581 34.75431442 34.72357559 34.68829346 34.91401672 34.92470932 34.92929459 34.93215179 34.93333054 34.92688751 34.19570541 34.0788002 33.83491516 33.74352646 33.54475784 32.68151855 32.12633896 33.03856659 30.05784988 25.03808784 21.77980232 17.12531471 22.46468735 21.92272377 8.81481266 8.909903526 8.574304581 8.834695816 13.44420433 13.43196392
35.22688675 35.44352341 35.45358276 35.42905807 35.37014389 35.32381439 35.33293152 35.19138336 -9999.0 -9999.0 -9999.0 34.47266388 34.51908112 35.06235123 34.25379181 34.29527283 34.30672836 34.36223984 34.47125244 -9999.0 -9999.0 -9999.0 34.73170853 34.75804901 34.76226807 34.76966858 34.80023956 34.82567978 34.70352554 34.88288116 34.63700104 34.91822815 34.92559052 34.92945862 34.9323082 34.24837494 34.12367249 33.98974228 33.94090652 33.94293976 33.41728973 32.73400116 32.75226974 30.40146255 25.6815834 25.01421547 24.41625023 23.3412075 16.11229134 13.04547024 8.431641579 8.734621048 8.6527071 8.908777237 8.71145153 8.005905151
35.45797348 35.46753693 35.46183014 35.38669968 35.336586 -9999.0 -9999.0 -9999.0 -9999.0 -9999.0 -9999.0 34.27797318 34.55910492 34.53533554 34.51368332 34.40924072 34.30990219 34.30770493 34.4262085 -9999.0 -9999.0 -9999.0 34.65437317 34.669384 34.68362808 34.70888138 34.71303558 34.6992836 34.67686081 34.65389633 34.6255455 34.58187103 34.51548004 34.43383026 34.35073853 34.24094391 33.94792175 33.79983139 33.46585464 32.35271454 33.37776184 33.1710968 32.99189758 30.88975143 -9999.0 26.83313179 24.48504066 21.91557503 -9999.0 -9999.0 -9999.0 10.37139988 8.178339958 8.803402901 -9999.0 -9999.0
35.48921967 35.48712921 35.47486115 35.4422493 35.29368591 35.30437851 35.24435425 -9999.0 -9999.0 -9999.0 -9999.0 34.46025085 34.47193909 35.04310226 34.36304474 34.29025269 34.30664825 34.3279686 34.44610977 -9999.0 -9999.0 -9999.0 -9999.0 -9999.0 34.61091614 34.57283401 34.61761856 34.67684937 34.65938187 34.63980103 34.61891174 34.57462692 34.50002289 34.28917313 32.93079376 33.48882294 33.31605148 33.10501862 33.09825516 -9999.0 33.16651917 33.0477066 -9999.0 -9999.0 -9999.0 -9999.0 -9999.0 -9999.0 -9999.0 -9999.0 -9999.0 -9999.0 -9999.0 -9999.0 -9999.0 -9999.0
35.49663925 35.49696732 35.49612045 35.44857025 35.40158081 35.29500961 35.23470688 -9999.0 -9999.0 -9999.0 -9999.0 34.60894012 34.71938324 34.6839447 34.42023849 34.39078522 34.46169281 -9999.0 -9999.0 -9999.0 -9999.0 -9999.0 -9999.0 -9999.0 34.52365875 34.55368423 34.58913803 34.60776901 34.81085205 34.63277054 34.62030029 34.59204483 34.32816696 33.80950165 33.16166687 32.98867798 33.03194046 -9999.0 -9999.0 -9999.0 -9999.0 -9999.0 -9999.0 -9999.0 -9999.0 -9999.0 -9999.0 -9999.0 -9999.0 -9999.0 -9999.0 -9999.0 -9999.0 -9999.0 -9999.0 -9999.0
