Environmental Parameters/Training/Sea-bottom_salinity.asc
ncols 720
nrows 360
xllcorner -180.00
yllcorner -90.00
cellsize 0.5
NODATA_value -9999
[rows 250 to 274 of 360, columns 168 to 223 of 720]
34.69480133 34.69498444 34.69501495 34.69500351 34.69159317 34.69151688 34.69565582 34.69599533 34.69635773 34.69643021 34.69621277 34.69606018 34.69936752 34.69937134 34.69937134 34.69937134 34.69948196 34.70011139 34.70048141 34.70048141 34.70048141 34.70048141 34.70056152 34.70056534 34.70056534 34.69313431 34.69240189 34.69190979 34.69776535 34.69768524 34.69760895 34.69707489 34.69622421 34.69527817 34.69449234 34.69459915 34.69460678 34.69468307 34.69482422 34.69492722 34.69499969 34.69499969 34.69296265 34.69504547 34.69504547 34.62992859 34.55653 34.38283157 -9999.0 -9999.0 -9999.0 -9999.0 -9999.0 -9999.0 -9999.0 -9999.0
34.69480133 34.69210052 34.69210052 34.69501114 34.69549561 34.69907379 34.69944382 34.69697952 34.69744492 34.69736862 34.69944382 34.69685745 34.69944382 34.69944382 34.69944382 34.69940567 34.69577026 34.70026016 34.70051956 34.70048141 34.70059967 34.69499969 34.70061111 34.70068359 34.70072174 34.69284058 34.69958115 34.69861984 34.69784164 34.69776535 34.69768524 34.69752502 34.69707489 34.6961937 34.69546127 34.69521332 34.69511032 34.69514465 34.69517517 34.69501877 34.69500732 34.69500351 34.6928215 34.69504547 34.68014145 34.33223724 34.04662704 -9999.0 -9999.0 -9999.0 -9999.0 -9999.0 -9999.0 -9999.0 -9999.0 -9999.0
34.7000885 34.68899918 34.69277191 34.69254303 34.69646835 34.69201279 34.69989014 34.69775391 34.69786072 34.69774246 34.69944382 34.69944382 34.69947815 34.69948196 34.69700241 34.69678497 34.69955444 34.7047081 34.68593216 34.68541336 34.69499969 34.68354416 34.69455719 34.70114136 34.70121384 34.70098877 34.69990921 34.69913864 34.69839859 34.69787979 34.69779968 34.6975975 34.69744492 34.69704437 34.69657135 34.69621277 34.69599915 34.69592285 34.69584274 34.69561386 34.69538879 34.69515991 34.69282913 34.69504547 34.47455215 34.42126465 34.12055969 -9999.0 -9999.0 -9999.0 -9999.0 -9999.0 -9999.0 -9999.0 -9999.0 -9999.0
34.69423294 34.6889267 34.68877792 34.68848038 34.6926918 34.69224548 34.6920166 34.69802856 34.69802856 34.6979866 34.69948196 34.69948196 34.69948196 34.69762802 34.70936966 34.69955444 34.69959259 34.70014954 34.70115662 34.69501114 34.70183945 34.70162582 34.70133209 34.70139694 34.70158005 34.7013855 34.70024109 34.69958115 34.69902802 34.69843674 34.69810486 34.69805145 34.69775391 34.6976738 34.69753265 34.69727325 34.69712067 34.69697189 34.69686508 34.69664001 34.69597626 34.69534683 34.69282913 34.68207169 34.28276825 34.09566498 34.14067078 -9999.0 -9999.0 -9999.0 -9999.0 -9999.0 -9999.0 -9999.0 -9999.0 -9999.0
34.70372009 34.70379639 34.70346832 34.69393539 34.69844055 34.6979599 34.69231415 34.69804001 34.69804382 34.69803619 34.69802475 34.69802094 34.69801331 34.70929718 34.69955444 34.69955444 34.69959259 34.70075226 34.70160675 34.70194626 34.70214081 34.70191956 34.70154953 34.70161438 34.70186996 34.70170975 34.7008934 34.70013046 34.69969559 34.69910431 34.69862366 34.69846725 34.69846725 34.69817352 34.69817352 34.69794464 34.69778824 34.69766998 34.69759369 34.69748306 34.69671249 34.69282913 34.69282913 34.66358948 34.3142662 34.14504623 -9999.0 -9999.0 -9999.0 -9999.0 -9999.0 -9999.0 -9999.0 -9999.0 -9999.0 -9999.0
34.69517899 34.69498444 34.69486237 34.6944809 34.69400406 34.69335175 34.69261932 34.69804382 34.69804382 34.69803619 34.69804001 34.69802856 34.69802094 34.69801331 34.69792557 34.68684006 34.70996475 34.70157623 34.70220566 34.69501877 34.69416428 34.69282913 34.69282913 34.70220184 34.70230484 34.70219421 34.7016716 34.70057297 34.69282913 34.70001602 34.69950104 34.69920349 34.69913483 34.69884491 34.69876862 34.69282913 34.69810486 34.69802856 34.69797897 34.69789124 34.69730377 34.69282913 34.69282913 34.51794434 34.38528824 34.1702652 -9999.0 -9999.0 -9999.0 -9999.0 -9999.0 -9999.0 -9999.0 -9999.0 -9999.0 -9999.0
34.70387268 34.70413208 34.70416641 34.69475937 34.625 34.68546295 34.68453217 34.69804382 34.69804764 34.69992828 34.69804382 34.69802856 34.68901062 34.69801331 34.69800186 34.69796371 34.69767761 34.69697571 34.69602203 34.69524384 34.69478226 34.70331192 34.70305252 34.69282913 34.69282913 34.70309448 34.70212555 34.70157242 34.70053101 34.70052719 34.70008087 34.69931793 34.69935226 34.69282913 34.69282913 34.69914246 34.69282913 34.69822311 34.69824982 34.69863892 34.69848251 34.69282913 34.69282913 34.28865051 34.37801361 34.18265915 -9999.0 -9999.0 -9999.0 -9999.0 -9999.0 -9999.0 -9999.0 -9999.0 -9999.0 -9999.0
34.70457458 34.70461655 34.70491409 34.69516373 34.69476318 34.69405365 34.69357681 34.69298172 34.69267273 34.69185257 34.69804382 34.69825363 34.68901443 34.69886398 34.69859695 34.69855881 34.69789505 34.70331192 34.69646835 34.70435715 34.69478607 34.70407104 34.69282913 34.70391083 34.70420837 34.70396042 34.70310974 34.70198059 34.70193481 34.70134354 34.68877792 34.69934464 34.69282913 34.69823837 34.69945908 34.69994354 34.69961929 34.69906998 34.6990242 34.6996727 34.69992447 34.69282913 34.69911194 34.55725098 34.11191177 34.18151855 -9999.0 -9999.0 -9999.0 -9999.0 -9999.0 -9999.0 -9999.0 -9999.0 -9999.0 -9999.0
34.69960403 34.70562744 34.70644379 34.70729065 34.69532013 34.69475555 34.69433975 34.69400406 34.68138123 34.69218445 34.69097137 34.69969559 34.6892395 34.70027542 34.69987106 34.69926834 34.69838333 34.70435333 34.70524597 34.70539474 34.70524979 34.69971085 34.69608688 34.69282913 34.69282913 34.70470428 34.7045517 34.68976212 34.68902206 34.70301056 34.70120239 34.69875717 34.68667984 34.69609833 34.69849396 34.70000458 34.69282913 34.698349 34.69923782 34.70041275 34.70055389 34.69282913 34.67115402 34.55465317 34.22437286 34.16369629 -9999.0 -9999.0 -9999.0 -9999.0 -9999.0 -9999.0 -9999.0 -9999.0 -9999.0 -9999.0
34.7069931 34.70732498 34.69729996 34.69653702 34.6957283 34.69506073 34.69467545 34.69429779 34.69351959 34.6923027 34.69144821 34.70194626 34.70153809 34.70146561 34.70116806 34.70009232 34.69913101 34.69816971 34.6973114 34.69620514 34.70594025 34.70619202 34.70212173 34.70582581 34.70539474 34.70521545 34.70547104 34.68968201 34.70556641 34.68899918 34.68877792 34.68797302 34.6959877 34.69511032 34.69676208 34.6978569 34.69736862 34.69766617 34.69852448 34.70023346 34.70087051 34.69282913 34.65322495 34.43108749 33.93197632 34.13470078 -9999.0 -9999.0 -9999.0 -9999.0 -9999.0 -9999.0 -9999.0 -9999.0 -9999.0 -9999.0
34.70809555 34.70838547 34.70828629 34.70846558 34.70860672 34.70871735 34.69506073 34.69464874 34.69382858 34.70733261 34.70562363 34.70441818 34.70290756 34.70191193 34.70545197 34.70090485 34.69986725 34.70579529 34.70591736 34.69683075 34.70988846 34.70973969 34.70896149 34.70629883 34.70593643 34.7059021 34.7059021 34.7061882 34.69504547 34.69504547 34.70406723 34.70147324 34.68712997 34.69543839 34.6957283 34.69630432 34.69282913 34.69714355 34.68253708 34.68141937 34.68013763 34.69282913 34.65240097 34.25603485 33.40775299 -9999.0 -9999.0 -9999.0 -9999.0 -9999.0 -9999.0 -9999.0 -9999.0 -9999.0 -9999.0 -9999.0
34.70904922 34.70517349 34.70875549 34.70871735 34.70871735 34.70640564 34.69594955 34.69524765 34.69446945 34.70733261 34.70360184 34.70568466 34.6905365 34.70291519 34.70811462 34.70785522 34.70068359 34.69931412 34.69842148 34.68283081 34.68182755 34.68068314 34.70655441 34.70640564 34.7062645 34.70615768 34.69282913 34.70626068 34.70603943 34.70535278 34.70447159 34.67242432 34.68767929 34.69651031 34.68645859 34.68596649 34.68515778 34.69693375 34.68291092 34.69946671 34.7010231 34.7010231 34.52925873 34.3886528 33.67055511 -9999.0 -9999.0 -9999.0 -9999.0 -9999.0 -9999.0 -9999.0 -9999.0 -9999.0 -9999.0 -9999.0
34.70985794 34.70962906 34.70941162 34.70637894 34.70897675 34.69771957 34.70915604 34.70850754 34.69524384 34.70319748 34.70710754 34.70687866 34.70578766 34.70477676 34.70926285 34.68787003 34.70777893 34.70630646 34.70630264 34.69848251 34.68201828 34.70659256 34.70659256 34.70652008 34.67760849 34.70622635 34.70626068 34.70626068 34.7060051 34.68899918 34.68896484 34.68870544 34.68837357 34.6878624 34.68723297 34.68667984 34.68590927 34.68510056 34.68416977 34.69924545 34.7005043 34.66730118 34.38493729 34.3956337 33.66146851 33.82699585 34.26451111 34.2179985 -9999.0 -9999.0 -9999.0 -9999.0 -9999.0 -9999.0 -9999.0 -9999.0
34.71009445 34.70550537 34.70608521 34.70917892 34.70677948 34.70663071 34.70955658 34.70886993 34.7082901 34.70763397 34.70412445 34.70717239 34.70708847 34.69091034 34.70545578 34.68865204 34.70327759 34.70777893 34.70652008 34.69971466 34.69859695 34.70659256 34.68027878 34.69268799 34.67765427 34.70637131 34.69078827 34.68993759 34.68915558 34.68899918 34.68899918 34.68896484 34.68877792 34.68862915 34.68826675 34.69542313 34.69589996 34.68653107 34.68579865 34.6851387 34.70024872 34.65826797 34.33513641 34.18622971 33.28129196 33.25851059 34.37873459 34.19295502 -9999.0 -9999.0 -9999.0 -9999.0 -9999.0 -9999.0 -9999.0 -9999.0
34.70903778 34.70911026 34.70914841 34.70670319 34.70685196 34.70977783 34.70992661 34.70426559 34.70294189 34.70316315 34.70784378 34.70754242 34.69283295 34.69182968 34.70631027 34.70545578 34.70413208 34.70246124 34.70157623 34.70094681 34.69997406 34.69901657 34.69654465 34.67988205 34.67844009 34.67702103 34.69071198 34.68978882 34.68922806 34.68899918 34.68899918 34.68899918 34.6891098 34.68922806 34.68904877 34.68894196 34.68867874 34.67126465 34.68857574 34.688694 34.69976425 34.63333511 34.30797958 33.65523911 33.55180359 33.94630814 33.95141983 34.10058594 -9999.0 -9999.0 -9999.0 -9999.0 -9999.0 -9999.0 -9999.0 -9999.0
34.70903778 34.70911026 34.70922089 34.7068634 34.70973969 34.70985031 34.70611954 34.70438385 34.70290756 34.70350266 34.70893478 34.70856094 34.70787811 34.70724869 34.71133423 34.71151733 34.71181488 34.71159363 34.70212936 34.70153427 34.70057678 34.70016861 34.69935226 34.68106079 34.66475296 34.67817307 34.67681885 34.66328049 34.67527771 34.6891098 34.6894455 34.68981934 34.69015884 34.69020462 34.69030762 34.69034576 34.69000626 34.69045639 34.69091415 34.69165802 34.69950485 34.60978317 34.09859467 33.57389069 33.32455826 33.924366 33.87505341 -9999.0 -9999.0 -9999.0 -9999.0 -9999.0 -9999.0 -9999.0 -9999.0 -9999.0
34.70691299 34.70717621 34.70728683 34.70970535 34.70732498 34.70721054 34.70676422 34.70569229 34.70999908 34.70576096 34.70808792 34.70978165 34.71110916 34.71144485 34.71181488 34.71181488 34.70553207 34.70449448 34.70317078 34.70194626 34.71092987 34.70016861 34.70016861 34.70959473 34.68083572 34.66449738 34.67807388 34.6765213 34.68963623 34.67527771 34.69046021 34.69102097 34.69161987 34.69166565 34.69139862 34.69139481 34.69109726 34.69142532 34.69264984 34.69324112 34.69382858 34.41745377 34.08897781 33.81119156 33.27069473 34.1104126 33.70795441 -9999.0 -9999.0 -9999.0 -9999.0 -9999.0 -9999.0 -9999.0 -9999.0 -9999.0
34.70393753 34.70806503 34.70813751 34.70970535 34.70813751 34.70799255 34.70999908 34.70739365 34.70999908 34.70999908 34.70994186 34.71126556 34.71170425 34.70999908 34.71211243 34.70709229 34.70638275 34.70549774 34.70457458 34.70280075 34.70160675 34.70042801 34.70024872 34.70017242 34.7002449 34.70024109 34.6641922 34.66402054 34.67663574 34.67612076 34.69132233 34.69169998 34.69192505 34.69193268 34.69189072 34.69173431 34.69166183 34.69264984 34.69322586 34.693573 34.69386673 34.31164551 33.96556473 34.30792999 34.08842087 33.87216949 33.47327805 -9999.0 -9999.0 -9999.0 -9999.0 -9999.0 -9999.0 -9999.0 -9999.0 -9999.0
34.70897675 34.70940781 34.70920944 34.70926285 34.70926285 34.70919037 34.70999908 34.70882797 34.70999908 34.70954132 34.70999908 34.71200943 34.7127037 34.71285248 34.71281433 34.707798 34.70698166 34.70623779 34.70531464 34.70399094 34.70271683 34.70157623 34.70109558 34.71134567 34.70084 34.70067978 34.68009567 34.69902039 34.67771149 34.67693329 34.69403076 34.70889664 34.6919632 34.6920433 34.69193268 34.6919632 34.6921463 34.6929512 34.67615891 34.69364548 34.67697906 34.22401428 33.71443176 33.09014893 33.06356049 33.04457092 33.28900146 -9999.0 -9999.0 -9999.0 -9999.0 -9999.0 -9999.0 -9999.0 -9999.0 -9999.0
34.70978928 34.70940781 34.70978928 34.70973969 34.70985031 34.70996475 34.70999908 34.70999908 34.70978928 34.71017075 34.71105957 34.71186066 34.70999908 34.71274185 34.71277618 34.71274185 34.7127037 34.71229553 34.70590591 34.71185684 34.71157074 34.70246124 34.70172119 34.68327332 34.70110321 34.70065308 34.69979095 34.67956543 34.67831039 34.69779968 34.66400146 34.70999908 34.70999908 34.69316101 34.67521667 34.67488861 34.67521667 34.67597961 34.67676163 34.69364548 34.63418198 33.96412277 33.20786285 33.04535675 32.98513412 33.01803207 33.15649033 -9999.0 -9999.0 -9999.0 -9999.0 -9999.0 -9999.0 -9999.0 -9999.0 -9999.0
34.71068192 34.71068192 34.71075439 34.71060181 34.70409012 34.70999908 34.70999908 34.70999908 34.710392 34.71068954 34.71135712 34.71185684 34.71229553 34.71255493 34.71263123 34.71259308 34.70838928 34.71214676 34.70664597 34.71178436 34.71164322 34.70335388 34.7023468 34.71127319 34.7111969 34.71112061 34.6999054 34.6797905 34.69868851 34.69868851 34.69872284 34.67682648 34.6765213 34.67648315 34.67623138 34.66346359 34.66364288 34.67661667 34.67750168 34.69501114 34.54951859 34.22232056 33.83106613 32.93261719 32.90394592 33.01553726 33.07197952 -9999.0 -9999.0 -9999.0 -9999.0 -9999.0 -9999.0 -9999.0 -9999.0 -9999.0
34.70929718 34.70940781 34.71164322 34.71171188 34.71159363 34.70399857 34.70399857 34.70399857 34.71112442 34.71142197 34.71171188 34.71192932 34.71222305 34.71240616 34.71006012 34.71233368 34.70919418 34.70401382 34.70955658 34.70936966 34.71164322 34.71134949 34.71127319 34.70228577 34.70165634 34.70121002 34.70021057 34.71022034 34.6987648 34.69909286 34.69946289 34.69953918 34.69913483 34.69902802 34.67688751 34.66248703 34.66281509 34.67713547 34.67761993 34.67783737 34.59972763 33.83513641 32.98440552 32.95249176 32.9388504 33.03105164 -9999.0 -9999.0 -9999.0 -9999.0 -9999.0 -9999.0 -9999.0 -9999.0 -9999.0 -9999.0
34.71255493 34.71255493 34.70966721 34.71248245 34.71259308 34.71248245 34.71218872 34.71196747 34.70999908 34.71192932 34.71233368 34.71229553 34.71203613 34.71211243 34.71214676 34.71024323 34.70977783 34.7120018 34.71178436 34.71149826 34.71113205 34.71105576 34.71097565 34.71089935 34.70261765 34.71045303 34.70112991 34.70021057 34.69980621 34.69987869 34.70020676 34.69990921 34.67724609 34.70999908 34.69935608 34.69965363 34.6769371 34.67694092 34.67720413 34.66347504 34.59754562 33.83549118 33.29262161 33.11035919 33.05004883 33.05860138 -9999.0 -9999.0 -9999.0 -9999.0 -9999.0 -9999.0 -9999.0 -9999.0 -9999.0 -9999.0
34.7129631 34.70948029 34.71292496 34.71285248 34.70999908 34.71277618 34.7127037 34.71244431 34.71229553 34.71214676 34.71277618 34.71211243 34.71203613 34.71211624 34.7120018 34.70992661 34.7120018 34.7120018 34.70948029 34.70929718 34.70402145 34.70918655 34.71038437 34.71038055 34.70387268 34.70320892 34.70999908 34.70999908 34.70146179 34.70117188 34.70999908 34.70999908 34.70692444 34.70999908 34.69994354 34.70027924 34.68126297 34.70156479 34.70211792 34.7026062 34.39731598 33.13088226 33.39476776 33.1815033 33.08697128 -9999.0 -9999.0 -9999.0 -9999.0 -9999.0 -9999.0 -9999.0 -9999.0 -9999.0 -9999.0 -9999.0
34.70922089 34.70951843 34.70973969 34.71300125 34.70399857 34.70999908 34.70999908 34.70999908 34.70999908 34.71251678 34.71255493 34.71300125 34.71207428 34.7120018 34.7120018 34.7120018 34.7120018 34.7120018 34.70940781 34.70929718 34.70918655 34.71001053 34.7100029 34.7100029 34.70999908 34.70449448 34.70391083 34.70331955 34.70999908 34.70254135 34.70999908 34.70692444 34.70999908 34.70999908 34.70109177 34.70171738 34.70178604 34.70204163 34.70249176 34.6758194 34.39732361 33.93216324 33.93410492 33.08785629 33.12650681 -9999.0 -9999.0 -9999.0 -9999.0 -9999.0 -9999.0 -9999.0 -9999.0 -9999.0 -9999.0 -9999.0
