Environmental Parameters/Training/Sea-surface_salinity.asc
ncols 720
nrows 360
xllcorner -180.00
yllcorner -90.00
cellsize 0.5
NODATA_value -9999
[rows 275 to 299 of 360, columns 112 to 167 of 720]
34.27737808 34.27580261 34.27381134 34.2700882 34.26519012 34.26087952 34.25835419 34.25680542 34.25566483 34.25330353 34.24912643 34.24475861 34.24032974 34.23600006 34.23081207 34.22545242 34.22230911 34.21841431 34.21398163 34.21114349 34.20851517 34.20646667 34.20498657 34.20257568 34.19955444 34.19752884 34.19616318 34.19274139 34.18650818 34.17921448 34.17332077 34.16835785 34.16329956 34.15656662 34.14915466 34.14256668 34.13719559 34.13308716 34.12866592 34.12488937 34.121418 34.11951447 34.11898422 34.1191864 34.12005234 34.12008667 34.11911774 34.11831665 34.11691284 34.11377335 34.10948563 34.1047554 34.09902191 34.09456253 34.09212112 34.08995056
34.28935623 34.28538895 34.2826767 34.2801857 34.27654648 34.27286911 34.26945496 34.26610565 34.26346207 34.2619133 34.25980759 34.25481415 34.24850464 34.24492264 34.2404213 34.23510742 34.23041534 34.22598648 34.22093201 34.21729279 34.21559143 34.21441269 34.21307373 34.21048355 34.20705414 34.20446777 34.2024765 34.19887543 34.19467545 34.19010925 34.18399811 34.17744446 34.17088318 34.16389084 34.15671158 34.15065384 34.14625549 34.14165878 34.1367569 34.1337204 34.13227844 34.13116455 34.13037109 34.13009644 34.13031769 34.13008881 34.12866211 34.12638855 34.12331772 34.11956787 34.11585617 34.11224365 34.10816956 34.10494614 34.10304642 34.10119247
34.29745102 34.29307175 34.28948975 34.28704834 34.28551483 34.28392029 34.28052521 34.27581406 34.27145386 34.26753616 34.26311874 34.25844193 34.25277328 34.2480545 34.24552536 34.24279022 34.2379837 34.2323761 34.22629929 34.22114563 34.219841 34.22010803 34.21870804 34.21549988 34.21152878 34.20816422 34.20625687 34.20397186 34.20041275 34.19657135 34.19189453 34.18635178 34.17977905 34.17309952 34.16707993 34.16077805 34.15528488 34.15060806 34.14637375 34.14459991 34.14391708 34.14347458 34.14306641 34.14209366 34.14115524 34.14016724 34.13828278 34.13575745 34.13237381 34.12899399 34.12672043 34.12503433 34.12269211 34.11927032 34.11596298 34.11315155
34.30211258 34.29806519 34.29334641 34.29059982 34.28937531 34.28659058 34.28118515 34.27420425 34.26716995 34.25971985 34.25245667 34.24569321 34.23870087 34.2335434 34.23140335 34.23074722 34.2304039 34.23051834 34.22952271 34.22621155 34.2244606 34.22361755 34.22148132 34.21842575 34.21487427 34.21076965 34.20876312 34.20719528 34.2039032 34.19927979 34.19403839 34.19018555 34.18640518 34.18035889 34.17443085 34.16846466 34.16406631 34.1609993 34.15871811 34.15660477 34.15509415 34.15400314 34.15301132 34.15242386 34.15140152 34.14982224 34.14765549 34.1448822 34.14241409 34.14038849 34.13842773 34.13639069 34.13386154 34.13029099 34.12666321 34.12417603
34.30109406 34.29769897 34.29355621 34.289711 34.28654099 34.28152847 34.27453232 34.26625443 34.2565918 34.24775696 34.24030685 34.23190689 34.22216415 34.21369553 34.2076149 34.20394135 34.20420456 34.20892334 34.2169342 34.22186661 34.22286606 34.22223663 34.22074509 34.21901703 34.21601105 34.21257401 34.21001434 34.20724487 34.20483017 34.20139694 34.19730759 34.19371414 34.1904068 34.18577576 34.17995834 34.17412186 34.17052841 34.16935349 34.16830444 34.16593933 34.16395187 34.16307831 34.16288757 34.16238022 34.16046524 34.15758133 34.15451431 34.15248489 34.15155029 34.14999771 34.14812469 34.14561081 34.14213562 34.13818741 34.13513947 34.13386154
34.29321289 34.2895546 34.28469849 34.2799263 34.27445602 34.26712418 34.25841904 34.24982071 34.24208069 34.23455811 34.22648239 34.21643066 34.20443726 34.19390869 34.18666077 34.18190765 34.18058395 34.18392944 34.19385147 34.20552444 34.21339798 34.21746063 34.21935272 34.21914291 34.21664047 34.21419907 34.21103287 34.20573425 34.2021904 34.19992828 34.19739914 34.19425964 34.19113922 34.18842316 34.18436813 34.17982483 34.17660904 34.17472839 34.1737175 34.17223358 34.1707077 34.1697197 34.1697197 34.16886139 34.16685104 34.16423035 34.16127014 34.15943909 34.1580658 34.15618515 34.15366745 34.15032959 34.14662552 34.14349747 34.14147568 34.14113998
34.28149796 34.27718353 34.27267456 34.26692963 34.2588501 34.24799728 34.23644257 34.22725677 34.22083664 34.2137413 34.20298004 34.19018555 34.17826843 34.16906357 34.16218948 34.1596756 34.16168213 34.16810226 34.1797905 34.19371414 34.20497894 34.21258163 34.21712112 34.21802521 34.2158165 34.21281433 34.21014404 34.20602036 34.20157242 34.19920731 34.19698715 34.19354248 34.19089508 34.18866348 34.18551636 34.18180084 34.17851257 34.17653275 34.17529678 34.17456436 34.17378235 34.17300797 34.17200089 34.17112732 34.16963959 34.16746521 34.16565704 34.16428375 34.16263962 34.16035843 34.15650177 34.15219116 34.148983 34.14716721 34.1466217 34.14646912
34.27073288 34.26712418 34.26257324 34.25509262 34.24359512 34.2286644 34.21390915 34.20272446 34.19506836 34.18691254 34.17634583 34.16438675 34.15513992 34.1493988 34.14846039 34.15148544 34.15694809 34.16664124 34.18028641 34.19415665 34.20339584 34.20929337 34.21235657 34.21266556 34.2106781 34.20837784 34.20736313 34.20578766 34.20169449 34.19850159 34.19650269 34.19365311 34.19072723 34.18776321 34.18430328 34.1806221 34.17849731 34.17763138 34.17685318 34.17629623 34.17562866 34.17479706 34.17379761 34.17332458 34.17261505 34.17123032 34.16981888 34.1684761 34.16699219 34.16427994 34.16081238 34.15791321 34.15620422 34.15494537 34.15345001 34.15149307
34.25880051 34.25415802 34.24732971 34.23743439 34.22262192 34.20603561 34.19127655 34.18061066 34.17315674 34.16469955 34.15501404 34.14690781 34.14233398 34.14185715 34.14732361 34.1558075 34.16479492 34.17544937 34.1879921 34.19810486 34.20408249 34.20698547 34.20726013 34.20585632 34.20362473 34.20171356 34.20109177 34.20216751 34.20116806 34.19867325 34.19629669 34.19384003 34.19074631 34.18767929 34.18493271 34.18260574 34.18068314 34.17972183 34.17961884 34.17908096 34.17866516 34.17813492 34.1774025 34.17737579 34.1773262 34.17638397 34.1746521 34.17290115 34.17115402 34.16937256 34.16737366 34.16551208 34.1642189 34.16321182 34.16127014 34.15840912
34.24464417 34.23514175 34.22424316 34.21321869 34.2013588 34.18948746 34.17934799 34.16987991 34.16101837 34.15272903 34.14580536 34.14144135 34.13807297 34.13803864 34.14557266 34.15805817 34.17055893 34.18215179 34.19242096 34.19931412 34.20173264 34.20167542 34.19953156 34.19706726 34.19552994 34.19470215 34.19543076 34.19704437 34.19803619 34.19789124 34.1954689 34.1926384 34.19148636 34.18964767 34.18716812 34.18483353 34.18305588 34.18297195 34.18304062 34.1823616 34.18245316 34.18353653 34.18344498 34.18199158 34.18113327 34.18008423 34.17834854 34.17663193 34.17488861 34.1738739 34.1723671 34.17060471 34.16956329 34.16776276 34.16600418 34.16420746
34.22984314 34.21878052 34.20738602 34.19808197 34.18843842 34.17863846 34.1710434 34.16465378 34.15744019 34.14941025 34.14160156 34.13592911 34.13070679 34.12797928 34.13313675 34.14821243 34.16482544 34.17843628 34.18741989 34.19255447 34.19462204 34.19418335 34.19155502 34.18849182 34.18656158 34.1868782 34.18824387 34.19012451 34.19276428 34.19471741 34.19412613 34.19244385 34.19228745 34.19099045 34.18868256 34.18660736 34.18534851 34.18554688 34.18601608 34.18570328 34.18592453 34.18574905 34.18572235 34.18482971 34.18371582 34.18243027 34.18130875 34.17971039 34.17777252 34.17656326 34.17532349 34.17422104 34.1734314 34.17225266 34.17082977 34.16918182
34.20409393 34.19429016 34.18487167 34.17529678 34.16619873 34.15975571 34.15595245 34.15414047 34.15044022 34.14311981 34.1340332 34.12554932 34.1186676 34.11588287 34.11814117 34.13036346 34.14868164 34.16487503 34.17601776 34.18173218 34.18331528 34.18196487 34.17951202 34.17685699 34.17617798 34.17699432 34.17824173 34.18000793 34.18227768 34.18527222 34.1877327 34.18989944 34.19097519 34.19002533 34.18832779 34.18636322 34.1852684 34.18590546 34.18677902 34.18723297 34.18725967 34.1868515 34.1858902 34.18447876 34.18336105 34.1819725 34.18055344 34.17932892 34.1772728 34.17637634 34.17636108 34.17622375 34.17602158 34.17542648 34.17461777 34.17342377
34.17285919 34.16088486 34.15027237 34.14079285 34.13553619 34.13516998 34.13607788 34.13605118 34.13467789 34.13011932 34.12254715 34.11402512 34.10799408 34.10620117 34.10910034 34.11856842 34.13496017 34.15179443 34.1629982 34.16986084 34.17164993 34.17056274 34.16958237 34.16838455 34.16737747 34.16736603 34.16920853 34.17123032 34.17316055 34.17597961 34.17952728 34.18276215 34.18408585 34.18377304 34.18319702 34.18291092 34.18275452 34.18258667 34.18241119 34.18248749 34.18279266 34.18286133 34.18174362 34.17974472 34.17775726 34.17692947 34.17643356 34.1763649 34.17609406 34.17609024 34.17667389 34.17648315 34.17621994 34.17606354 34.17596436 34.1753273
34.1471405 34.14011002 34.13140869 34.12335205 34.11947632 34.11671829 34.11440659 34.11314774 34.11182404 34.11036301 34.10686111 34.10110474 34.09632492 34.09577942 34.10128403 34.1113205 34.12350845 34.1375885 34.1492424 34.15681076 34.15908432 34.15750122 34.15733719 34.15719223 34.15629959 34.15699387 34.15971756 34.16311264 34.1664772 34.16913986 34.17183685 34.17386246 34.17414093 34.17404175 34.17412949 34.17456818 34.17525482 34.17527008 34.17494583 34.17507172 34.17558289 34.17568588 34.17499542 34.17271042 34.17057037 34.17000198 34.1702919 34.17071152 34.17076111 34.17153168 34.17205811 34.17230225 34.17272949 34.17295074 34.17345047 34.1740799
34.14180756 34.13365173 34.12516022 34.11904526 34.1152153 34.1115036 34.10686493 34.10125351 34.09731293 34.09572601 34.09348679 34.08916473 34.08535767 34.08347321 34.08800125 34.09666824 34.1074295 34.12061691 34.13222122 34.13928986 34.14359665 34.14422989 34.14406967 34.14489746 34.14626312 34.14725113 34.14922714 34.15393066 34.15862656 34.16082764 34.16082382 34.16031647 34.16092682 34.16176605 34.16227341 34.16236115 34.16197205 34.16230392 34.16261673 34.16316986 34.16399384 34.16547775 34.16581726 34.16457748 34.16307831 34.16207886 34.16081238 34.160923 34.16183472 34.16231918 34.16226959 34.16226196 34.16191864 34.16320419 34.16619492 34.16773987
34.13023758 34.12630844 34.12043381 34.11717224 34.11559296 34.11479568 34.10984421 34.10218811 34.09512329 34.08934784 34.08491135 34.07935715 34.0750618 34.07369614 34.07761002 34.08451843 34.09482956 34.10670471 34.11540222 34.12098312 34.1254158 34.1279335 34.12988281 34.13172913 34.1334343 34.13550568 34.13822556 34.14233017 34.1462059 34.14791489 34.14759827 34.14723587 34.1484375 34.15031052 34.1503067 34.14879608 34.14751053 34.14736557 34.14669037 34.14593124 34.14697266 34.14958954 34.1513176 34.15213394 34.15341187 34.15467453 34.15361404 34.15177536 34.15039825 34.148983 34.14799118 34.14729691 34.14723969 34.1501236 34.15468979 34.15770721
34.09045029 34.09386826 34.09712219 34.10029221 34.10392761 34.10503387 34.10071564 34.09236526 34.08435059 34.07884979 34.07433701 34.06985855 34.0655098 34.06432343 34.06787872 34.07465744 34.08303452 34.09135437 34.09745407 34.10148239 34.10319138 34.10464478 34.10811615 34.11249161 34.11642075 34.12011337 34.12166977 34.12430191 34.12726212 34.12876511 34.1297493 34.1312294 34.13440323 34.13896179 34.13957214 34.13653946 34.13368988 34.13143539 34.12882996 34.12563705 34.12529755 34.12840652 34.13328552 34.13751602 34.13979721 34.13991547 34.13771057 34.13511276 34.13328171 34.13169861 34.13199997 34.13360596 34.1353569 34.1382637 34.14170456 34.1443367
34.03982544 34.04193878 34.04404831 34.04827881 34.05442429 34.05927277 34.06024551 34.05953217 34.05807495 34.05687714 34.05600357 34.05514145 34.05486298 34.05577469 34.05804825 34.06313705 34.06912613 34.07459641 34.07839584 34.07992172 34.0802536 34.08078003 34.08320999 34.08608627 34.0901413 34.09468079 34.0984726 34.10238266 34.10505295 34.1072464 34.10984039 34.11224365 34.1160965 34.12091446 34.1235466 34.12390137 34.12346649 34.12044525 34.11588287 34.11140442 34.10959625 34.11185455 34.11714172 34.1219368 34.12317276 34.12218857 34.11984253 34.11798477 34.11623383 34.11534882 34.1162262 34.11904144 34.12191772 34.12452316 34.12704468 34.12862396
34.00297165 34.00167465 34.00085831 34.00072098 34.00198364 34.00511932 34.01015091 34.0151062 34.01976395 34.02460861 34.02941895 34.03408813 34.03860092 34.04129791 34.04228973 34.04439545 34.04798508 34.05112076 34.05279541 34.05255127 34.05508423 34.05832672 34.05952454 34.05848694 34.05843353 34.05957413 34.06139755 34.06536865 34.07078934 34.07697296 34.08278275 34.08684158 34.09084702 34.09590149 34.10160828 34.10645294 34.10811996 34.10609436 34.10205841 34.09738922 34.09495926 34.09561539 34.0988884 34.10298538 34.10470963 34.10412979 34.10362625 34.10209274 34.10069656 34.10042953 34.10067749 34.10240555 34.10553741 34.10836411 34.11053467 34.1125412
33.96771622 33.9689827 33.97120285 33.97340012 33.9756012 33.97782898 33.98117447 33.9849472 33.98860931 33.99302292 33.99855042 34.00492859 34.01148605 34.01573181 34.01818848 34.01942825 34.02098083 34.022686 34.02448654 34.02673721 34.02855682 34.03048706 34.03193283 34.03197098 34.0314827 34.03138733 34.03415298 34.03990936 34.04702377 34.05340195 34.05857849 34.06181335 34.06480789 34.06959534 34.07506561 34.08044434 34.08394241 34.08548355 34.08426666 34.08203888 34.08160782 34.0825119 34.08337402 34.0848999 34.08709335 34.0887146 34.08890915 34.08782196 34.0854187 34.08293915 34.08171082 34.08200073 34.08431244 34.08739471 34.09087372 34.09461594
33.95265579 33.95424271 33.95528412 33.95669556 33.9584198 33.95969391 33.96167755 33.96470261 33.96720505 33.96980286 33.97327805 33.97752762 33.98195267 33.98474121 33.98734665 33.99045944 33.99397659 33.99877167 34.00251007 34.00479507 34.00628281 34.00761795 34.00886917 34.01102448 34.01339722 34.01604843 34.02141571 34.02878952 34.0359993 34.04245377 34.04606628 34.04785156 34.05008698 34.05223846 34.05537415 34.0593605 34.0620575 34.06345749 34.06412506 34.06401825 34.06372833 34.06402588 34.06429672 34.06658173 34.07048798 34.0725441 34.07334137 34.07213593 34.06902313 34.06565857 34.06342697 34.06378555 34.06500244 34.0664711 34.06955338 34.07333374
33.9352684 33.93660355 33.93670654 33.93546295 33.93509674 33.93545532 33.93871689 33.94479752 33.94922256 33.95170975 33.95402527 33.95685577 33.95911789 33.960186 33.96247864 33.96718979 33.97261047 33.97773361 33.9811554 33.98285675 33.98435974 33.98650742 33.98903656 33.99214172 33.99585724 33.9994278 34.00419998 34.01179123 34.01982117 34.02534103 34.02873993 34.03147888 34.03343201 34.0345459 34.03655624 34.03808594 34.03803635 34.03726578 34.03686523 34.0369072 34.03756332 34.03962708 34.04307938 34.04754257 34.0520134 34.05513 34.05649185 34.05570221 34.05336761 34.04947281 34.04674911 34.04743195 34.04886246 34.0499115 34.05167389 34.05406952
33.91191483 33.91402817 33.9144783 33.91514587 33.91517639 33.91675949 33.92176437 33.9282074 33.93175507 33.93503952 33.93904495 33.94262314 33.9438591 33.94333649 33.94283676 33.94353867 33.94717407 33.95399475 33.9604454 33.9641304 33.96419907 33.96425247 33.96360779 33.96380997 33.96684647 33.97124863 33.97494125 33.98030472 33.98726273 33.99249649 33.99633408 33.9984169 33.99968338 34.00135422 34.00382996 34.00638199 34.00879669 34.0112648 34.01241302 34.01289749 34.01465988 34.01737595 34.02186203 34.02886963 34.03499985 34.03847122 34.03970337 34.03965759 34.03738022 34.03375626 34.03038406 34.02934647 34.02983475 34.02942657 34.02775955 34.02657318
33.89295197 33.89562607 33.89802551 33.89854431 33.89888382 33.90280914 33.90966797 33.91531372 33.91776657 33.92059708 33.92277145 33.92362213 33.92335892 33.92202377 33.92069626 33.92098999 33.92473221 33.93164825 33.94029617 33.94550705 33.94653702 33.9443779 33.94135666 33.93975449 33.9403038 33.94268036 33.94681168 33.95012665 33.95282745 33.9563942 33.95930099 33.96112061 33.96217728 33.96379852 33.9683609 33.97452927 33.98042679 33.98708344 33.99313354 33.99757004 34.00118256 34.00425339 34.00793457 34.01340866 34.01840591 34.02140427 34.02331924 34.02415466 34.02332306 34.02073288 34.01586914 34.01068878 34.00727081 34.00492096 34.00256348 34.00057602
33.87243652 33.87427521 33.87610626 33.87707901 33.87998962 33.88380432 33.88909912 33.89452744 33.89760208 33.89950943 33.89966965 33.8989563 33.89905548 33.89831543 33.89782715 33.89884186 33.90352631 33.9118042 33.92087173 33.92703629 33.92945862 33.9289856 33.92669296 33.92466736 33.92486954 33.92650986 33.92736816 33.92768478 33.92728043 33.92814255 33.92982864 33.93083191 33.93251801 33.93571472 33.93970108 33.94490814 33.95085907 33.95782089 33.96567154 33.97127914 33.97624588 33.98091888 33.98568726 33.99137878 33.99594116 33.99795151 33.9988327 33.99873352 33.99711609 33.99337769 33.98899841 33.98559189 33.98339462 33.98251343 33.98170853 33.98106384
