Environmental Parameters/Training/Sea-surface_salinity.asc
ncols 720
nrows 360
xllcorner -180.00
yllcorner -90.00
cellsize 0.5
NODATA_value -9999
[rows 0 to 24 of 360, columns 392 to 447 of 720]
32.21782303 32.21818542 32.21854782 32.21891403 32.21926117 32.21957016 32.21981049 32.21997833 32.22008514 32.22013474 32.22011566 32.22003555 32.21989441 32.21969986 32.2194252 32.21902847 32.21850204 32.21788025 32.21720886 32.21649933 32.21574783 32.21495819 32.21412659 32.21326065 32.21235657 32.21142197 32.21045685 32.2094574 32.20843124 32.20737457 32.20629883 32.20519257 32.20407486 32.20293808 32.20178223 32.20061111 32.19943237 32.19825363 32.19706726 32.19588089 32.19469452 32.19352341 32.19237137 32.19123077 32.19010925 32.18901062 32.18794632 32.18691635 32.18592834 32.1849823 32.18409348 32.18325806 32.1824913 32.1817894 32.18117142 32.18063736
32.60198212 32.60415649 32.60696411 32.61034393 32.61418915 32.6181221 32.62174225 32.62470627 32.62696075 32.62849426 32.62927628 32.62928391 32.62849808 32.62690735 32.62446594 32.62134171 32.61800766 32.61499023 32.6125946 32.61080933 32.60964203 32.60909271 32.60916138 32.60985184 32.61116028 32.6131134 32.6157074 32.6189537 32.62255478 32.62595367 32.62863922 32.63041687 32.63134003 32.63144684 32.63076019 32.62932205 32.62717056 32.62433624 32.62087631 32.61680984 32.61246872 32.60832977 32.60488892 32.60234451 32.60076523 32.60025024 32.60087967 32.60269547 32.60517502 32.60758972 32.60927582 32.61014557 32.6103096 32.60987473 32.6089325 32.60758972
32.97372055 32.97403336 32.97404861 32.97483444 32.97694778 32.98001099 32.98326874 32.98646927 32.98947525 32.99213028 32.9942894 32.99578094 32.99644089 32.99609375 32.99466324 32.99291992 32.9920578 32.99318314 32.99634552 33.00065613 33.00515747 33.0091362 33.0124855 33.01516724 33.01714325 33.01834488 33.01870346 33.01815033 33.01665878 33.01490402 33.01404953 33.01511765 33.01776123 33.02099228 33.02397919 33.02659225 33.02890778 33.03100204 33.03293228 33.03474426 33.03647232 33.03813553 33.03975296 33.04127884 33.04218674 33.04204559 33.04090881 33.03943253 33.03819275 33.03738785 33.03718948 33.03778076 33.0393219 33.04196167 33.04573441 33.04990005
33.23155594 33.23711777 33.24316025 33.24813843 33.25066757 33.25046539 33.24898529 33.24801254 33.2488327 33.25121689 33.25469208 33.25881195 33.26311874 33.26680374 33.26870346 33.26898956 33.2688179 33.26966476 33.27161789 33.27437592 33.27764511 33.28116608 33.28469086 33.28769684 33.28918076 33.28921509 33.28865814 33.28884888 33.28998566 33.29198456 33.29477692 33.29834366 33.30252075 33.30625153 33.30818939 33.30738449 33.30485153 33.3021965 33.30083084 33.30116653 33.30342102 33.30733109 33.31159973 33.31476974 33.31598282 33.31542969 33.31347275 33.31053925 33.30767059 33.30623627 33.30632401 33.30690384 33.3066864 33.30572891 33.30451202 33.3035965
33.52693176 33.5280304 33.52886963 33.5301857 33.53151703 33.53210449 33.53115463 33.52859497 33.52679825 33.52819061 33.53269577 33.53754807 33.5405159 33.5409584 33.53859711 33.53514099 33.53338623 33.53568649 33.54084396 33.54623032 33.54948044 33.5497818 33.54743958 33.54460144 33.54392242 33.54696274 33.55203247 33.55685043 33.55964279 33.56012344 33.55845261 33.55638885 33.55628967 33.55890656 33.56261063 33.56552887 33.56728363 33.56811523 33.56826401 33.56807327 33.56781769 33.56752014 33.56713486 33.56689072 33.56737137 33.56919098 33.57218552 33.57464218 33.57465363 33.57146454 33.56685257 33.5632782 33.56274796 33.56417084 33.56535339 33.5647049
33.77486801 33.77572632 33.77459717 33.77216339 33.77037048 33.77111435 33.77410126 33.77672577 33.77645874 33.77343369 33.77005005 33.76846695 33.7689209 33.77071762 33.77161789 33.77059555 33.76819992 33.76659393 33.76627731 33.76712036 33.76824951 33.76848984 33.76782608 33.76741409 33.76832199 33.77046585 33.77337646 33.77505112 33.77495956 33.77409363 33.77495956 33.77813721 33.78325653 33.78797913 33.78944016 33.78754044 33.78555298 33.78690338 33.79185867 33.79789352 33.80205917 33.80258179 33.80047226 33.79889297 33.79980469 33.8026886 33.80526352 33.80723572 33.80954361 33.81206512 33.81280899 33.81070709 33.8071785 33.80552292 33.80703354 33.80989838
33.88660431 33.88903427 33.89413452 33.90060425 33.90551376 33.90886688 33.91241455 33.91768265 33.92298889 33.92657089 33.92920685 33.93238831 33.93667221 33.94036484 33.94218445 33.94307709 33.94471359 33.94763947 33.9501915 33.95101547 33.95058441 33.95069122 33.95230865 33.95449066 33.955513 33.95503616 33.95433044 33.95467758 33.95615387 33.95745468 33.95786285 33.95759583 33.9574585 33.95779419 33.95851135 33.95915604 33.9598999 33.9604454 33.9604454 33.96003723 33.95999146 33.96090317 33.96237564 33.96327209 33.96272659 33.96151352 33.96105576 33.96147156 33.96180344 33.96144867 33.96099091 33.96051407 33.95941925 33.95746613 33.95560074 33.95492554
34.00022125 34.00228882 34.00349808 34.00417709 34.00505447 34.00577927 34.00611496 34.00637817 34.00679779 34.00685883 34.00609207 34.00475311 34.00340652 34.00230789 34.00127411 33.99991226 33.99825668 33.99659729 33.99533463 33.9944191 33.9933815 33.99195862 33.99036789 33.98910904 33.9882431 33.98735046 33.98608017 33.98461914 33.98351669 33.98291016 33.98238373 33.98137283 33.97990417 33.97848511 33.97751236 33.97685623 33.97611618 33.97502518 33.97376251 33.97266006 33.97190475 33.97122574 33.97019958 33.9687767 33.96735382 33.96627045 33.96547699 33.96458054 33.9634285 33.96218491 33.96106339 33.96015167 33.95959473 33.95946884 33.9595108 33.95927811
34.00537491 34.00487518 34.00445175 34.00423813 34.00348663 34.00189972 34.00048065 33.9996376 33.99810791 33.99507523 33.99210739 33.99007797 33.98812485 33.9852829 33.98269653 33.98085785 33.97924423 33.97742081 33.97604752 33.97519302 33.97437668 33.97345734 33.97284698 33.97263718 33.97262573 33.97267532 33.97281265 33.97310257 33.97391891 33.97557831 33.97784042 33.97978973 33.98132706 33.98343277 33.98699188 33.9911499 33.99401855 33.99557877 33.99766159 34.0014267 34.00511169 34.00666809 34.00693893 34.00760651 34.00912857 34.01053619 34.0115509 34.01115799 34.00917053 34.0074501 34.00733948 34.00716019 34.00535583 34.00294495 34.00048828 33.99770737
33.95554733 33.95487595 33.953022 33.95001221 33.9475441 33.94526291 33.9414978 33.93727875 33.93424225 33.93156815 33.9282608 33.92565155 33.92396927 33.9228096 33.92256546 33.92248917 33.92173386 33.92116547 33.9224472 33.92364883 33.92389679 33.92503738 33.92854691 33.93185806 33.93455887 33.93880844 33.94485474 33.95014191 33.95547867 33.96298981 33.97090149 33.97702789 33.98303604 33.99054337 33.99687576 34.00131989 34.00593185 34.01108551 34.01543427 34.0194931 34.02364349 34.0258255 34.02655792 34.02782059 34.02858353 34.02635956 34.02175903 34.01753235 34.01437759 34.01079178 34.00531387 33.99832153 33.99138641 33.98585129 33.98124313 33.97537613
33.89548492 33.88688278 33.87882996 33.87112808 33.86122894 33.8520813 33.84605026 33.84017944 33.83403778 33.82936478 33.82537079 33.82258987 33.82128525 33.82086182 33.82269287 33.82817078 33.83421707 33.83988571 33.84695435 33.8545723 33.86072922 33.86631775 33.87298584 33.87918091 33.88389969 33.88813782 33.89250565 33.89636612 33.90010834 33.90399933 33.90670776 33.90777969 33.90813065 33.90777206 33.90616608 33.9036293 33.90149307 33.90059662 33.90077591 33.90100479 33.90217972 33.90558624 33.90941238 33.91140747 33.91387939 33.91763687 33.91889954 33.91633224 33.91312408 33.91102982 33.9092598 33.90624237 33.90176773 33.8976593 33.89494324 33.8928833
33.80617142 33.79356384 33.78168869 33.77027893 33.76102448 33.75232315 33.7446785 33.7399826 33.73664093 33.73480225 33.73600769 33.73968887 33.74512482 33.75200272 33.76094437 33.77153015 33.78139114 33.78966141 33.7986412 33.8098793 33.82095337 33.83283615 33.84874344 33.86532593 33.8786087 33.89144516 33.90491486 33.91482162 33.92209244 33.92983246 33.93558121 33.93704224 33.9370842 33.93795395 33.93766022 33.9358139 33.93379211 33.93090057 33.92772293 33.92766571 33.93015671 33.93114853 33.92775726 33.92014313 33.91192627 33.90570831 33.90019989 33.89507294 33.8910675 33.88752365 33.88404465 33.87968063 33.87390137 33.86852646 33.86471939 33.86141586
33.78691864 33.77658081 33.76546097 33.75643921 33.74935913 33.74359131 33.73866272 33.73580551 33.73500061 33.73443222 33.73381042 33.73387146 33.73452377 33.73539734 33.73707199 33.74047852 33.74597168 33.752491 33.76034546 33.77091217 33.78225327 33.79421234 33.80974579 33.82605743 33.84149933 33.85997391 33.87863541 33.89421844 33.91062546 33.92610168 33.93663788 33.94485855 33.95121765 33.95375061 33.95298386 33.94984055 33.94561768 33.93880081 33.92795563 33.9175415 33.90835571 33.89661026 33.8835144 33.87175369 33.85664749 33.83603287 33.81841278 33.80685425 33.79506683 33.780056 33.76783371 33.75761414 33.74302292 33.72326279 33.70659256 33.6950531
33.76102066 33.76277542 33.76242447 33.76336288 33.76520157 33.76448441 33.76278305 33.76150131 33.75945663 33.75577927 33.75159073 33.74828339 33.74546814 33.74407578 33.74433136 33.74636459 33.75127411 33.75814819 33.76682281 33.77840424 33.79096603 33.80322647 33.81693268 33.82932281 33.8396759 33.85029984 33.85826874 33.86314392 33.86688232 33.86694717 33.8622818 33.85564041 33.84661102 33.83254623 33.81659317 33.80100632 33.78155136 33.76119614 33.7440033 33.72367859 33.7009697 33.68231583 33.66195679 33.63686371 33.61561584 33.59617996 33.57128143 33.54821014 33.53136826 33.51231766 33.48849869 33.46901703 33.45220566 33.42951202 33.40327454 33.38262939
33.63201523 33.63674164 33.64189529 33.64735794 33.65541077 33.66470718 33.67317963 33.68246078 33.69339371 33.70511246 33.71846008 33.73368073 33.75040054 33.76897812 33.78958893 33.81125641 33.83055115 33.84911346 33.86373901 33.87403488 33.88061523 33.87957001 33.87306976 33.86174774 33.8457756 33.82751846 33.80815506 33.78696823 33.76643372 33.74551773 33.72346878 33.70251083 33.67895126 33.65480042 33.63196945 33.60618973 33.58229828 33.56071091 33.53674316 33.51564026 33.49681473 33.47639084 33.45855331 33.44441223 33.43038177 33.41687393 33.40660858 33.39652252 33.38607788 33.37694931 33.37030411 33.36319733 33.35528946 33.35146332 33.3504982 33.34737396
33.57224655 33.58887482 33.61224747 33.64015579 33.66965866 33.70344925 33.73864746 33.77198792 33.80322647 33.8332634 33.85710144 33.8774147 33.89097977 33.89871216 33.90021896 33.89736557 33.89194489 33.88462448 33.87493515 33.86273575 33.8482933 33.83056259 33.80981445 33.78847122 33.76404953 33.73995972 33.71621704 33.69208145 33.67056656 33.64926529 33.63056946 33.61483383 33.60057831 33.59088898 33.58355713 33.57863998 33.57906723 33.58079529 33.58403015 33.59145355 33.59986496 33.60756302 33.61930084 33.6283989 33.63436508 33.64433289 33.65080261 33.65546036 33.66525269 33.67747116 33.6929512 33.72184753 33.75227737 33.77851486 33.81283569 33.85109711
33.49076462 33.50671005 33.52672958 33.55353928 33.57871628 33.6040535 33.63634491 33.66526031 33.68648148 33.7069931 33.72289276 33.73429489 33.74444199 33.74748993 33.74896622 33.74935532 33.74503326 33.74026108 33.7362709 33.73387909 33.73200989 33.72997665 33.72806549 33.72674561 33.72546005 33.72541046 33.72609329 33.72812653 33.73323441 33.73921967 33.7469101 33.7563324 33.76528931 33.77571487 33.78479004 33.79492188 33.80572128 33.81634903 33.82853699 33.83944702 33.84911346 33.85740662 33.85898972 33.85616684 33.84921646 33.83955383 33.83229065 33.83198929 33.84360123 33.87014771 33.90680313 33.94736099 33.99141693 34.02790451 34.05518341 34.07334137
33.48569489 33.50996399 33.53315353 33.55369186 33.56943893 33.57670975 33.58086014 33.58583069 33.59153366 33.59543228 33.60036469 33.60795212 33.61571884 33.62215805 33.63223648 33.64625549 33.66136932 33.67657471 33.69165421 33.70612717 33.7178688 33.72396851 33.72883987 33.73423386 33.74245071 33.75439072 33.76976013 33.78747177 33.80493546 33.82031631 33.83275223 33.84294128 33.85176468 33.86045074 33.86990738 33.88047028 33.89073181 33.90110779 33.9095726 33.91674042 33.92199707 33.92419815 33.92366409 33.91927338 33.91038513 33.89620209 33.87760162 33.85607147 33.83813858 33.82710266 33.82804871 33.84332275 33.87310028 33.91228867 33.95566559 33.99541473
33.69942856 33.70880127 33.71183395 33.71150589 33.70422745 33.69100952 33.68182373 33.67952347 33.66445541 33.66625977 33.64311218 33.61851883 33.59405136 33.57707596 33.57073975 33.57124329 33.57412338 33.58127594 33.5902977 33.60430145 33.62226486 33.64186478 33.6618042 33.67892838 33.6970787 33.71606064 33.73854065 33.76486588 33.79432678 33.82257462 33.84647751 33.86392975 33.87643433 33.88551331 33.89247131 33.89757919 33.90075684 33.90116882 33.89929581 33.89683914 33.89374161 33.89034271 33.88703156 33.88313675 33.87939072 33.8740387 33.86778259 33.86063385 33.85153198 33.84171677 33.83307266 33.83204269 33.84987259 33.88951111 33.94227982 33.99924088
33.98056412 33.97433853 33.96981812 33.9661026 33.84029007 33.75038147 33.70308685 33.68877411 33.67036057 33.64959717 33.6337738 33.63843155 33.68048859 33.5960083 33.5573616 33.54185104 33.54357147 33.54808044 33.54951859 33.54496765 33.54966736 33.56075668 33.57774353 33.60058975 33.62969971 33.66306305 33.69815063 33.73177719 33.76301956 33.78915787 33.81111145 33.82876587 33.8054657 33.80604553 33.82133484 33.86013412 33.85749054 33.85414886 33.85066223 33.84692383 33.8432579 33.83976364 33.83624268 33.8339119 33.83172226 33.82949448 33.82590485 33.82282257 33.8197937 33.81752777 33.81942368 33.82629013 33.8384552 33.85758591 33.88362885 33.91585541
-9999.0 34.01227951 33.96773911 33.9252739 33.86652756 33.79289246 33.72294998 33.70719528 33.69147491 33.65172195 33.6176796 33.62001038 -9999.0 -9999.0 -9999.0 -9999.0 -9999.0 -9999.0 -9999.0 33.51266098 33.51468658 33.52038193 33.52633667 33.5527916 33.57874298 33.6047554 33.63077164 33.65519333 33.67355347 33.68750763 33.698246 33.7089386 33.71819687 33.72755051 33.73468781 33.74074936 33.74482346 33.74753952 33.74858093 33.74729156 33.74505234 33.74328232 33.74268341 33.7426796 33.74480057 33.74814224 33.75312424 33.7595253 33.76925278 33.78282547 33.80227661 33.83079147 33.8676033 33.90936279 33.95112228 33.98438263
34.100811 -9999.0 -9999.0 33.90517044 -9999.0 33.82396317 33.73413086 33.77272415 33.76165009 33.70618057 33.59671021 33.58481598 33.57645035 33.51372147 33.48480606 33.47507477 33.47965622 33.48580551 33.48182297 33.47877121 33.47840881 33.48011398 33.48599625 33.49610138 33.50747299 33.52053452 33.53490829 33.55041504 33.56613541 33.58164597 33.59767914 33.61373901 33.62948608 33.64250565 33.65337372 33.6613884 33.66886902 33.67641068 33.68391037 33.69195938 33.70018768 33.70945358 33.7205658 33.73577881 33.75500488 33.77672577 33.79956818 33.81849289 33.83402252 33.84685135 33.86822128 33.90172577 33.94943237 33.99861145 34.0375061 34.06775284
34.15366364 34.03972244 -9999.0 -9999.0 -9999.0 -9999.0 33.89638519 33.92154312 33.90457535 33.82207108 33.63715744 33.39241791 33.40208817 33.41419601 33.42725372 33.44051743 33.44964981 33.45854568 33.46974945 33.48258972 33.4944191 33.50070572 33.51545715 33.52826691 33.54223633 33.55506516 33.56697083 33.57711792 33.5854454 33.59237289 33.60071945 33.61204529 33.62564087 33.64146042 33.65720367 33.67396927 33.69158554 33.71139145 33.73265457 33.75605011 33.78129959 33.80718613 33.83287048 33.85856628 33.88296127 33.90512085 33.92472458 33.94351578 33.96151352 33.98003387 33.99937439 34.02089691 34.0430336 34.06588745 34.08421707 34.10022354
34.1941452 34.05415344 -9999.0 -9999.0 -9999.0 33.86807251 34.1088562 34.12093353 34.14352036 33.92234421 33.7243576 33.56100082 33.43227005 33.46444321 33.43781662 33.43989182 33.44771576 33.45858002 33.47121811 33.48519516 33.49943542 33.51295853 33.52475739 33.53571701 33.54681015 33.55832291 33.57235718 33.58917236 33.61103058 33.63790894 33.6656456 33.69237518 33.71465302 33.73054123 33.7411499 33.75351334 33.7730484 33.79882431 33.82897186 33.85847855 33.88598251 33.90888977 33.92799759 33.94517899 33.96036148 33.97483826 33.99394226 34.02245712 34.05900192 34.09925461 34.13148499 34.15268326 34.1669426 34.17956161 34.19385147 34.21083069
34.22769928 34.06504822 -9999.0 33.81483459 33.79338837 33.82454681 33.83850098 33.87562561 33.93096542 33.98635483 33.84374237 33.73649216 33.66585159 33.64274979 33.61529541 33.59103394 33.58395767 33.54548264 33.57336044 33.57574081 33.60488129 33.62363052 33.62743378 33.62374878 33.61732864 33.61415863 33.62096024 33.64718246 33.69299316 33.75326538 33.80469513 33.83218384 33.83379745 33.82658386 33.82531357 33.83820343 33.8593483 33.88565445 33.91222763 33.93746567 33.96056366 33.98338699 34.00533676 34.02748108 34.05164337 34.07564926 34.09760666 34.11447525 34.13301468 34.15433121 34.18091583 34.20909882 34.23524094 34.25418854 34.26888657 34.28010941
