Environmental Parameters/RCP 45/2050/Distance_from_land.asc
ncols 720
nrows 360
xllcorner -180.00
yllcorner -90.00
cellsize 0.5
NODATA_value -9999
[rows 245 to 279 of 360, columns 553 to 631 of 720]
1744.0 1698.0 1652.0 1606.0 1560.0 1513.0 1467.0 1421.0 1375.0 1328.0 1282.0 1236.0 1190.0 1144.0 1097.0 1051.0 1005.0 959.0 913.0 867.0 821.0 775.0 729.0 683.0 637.0 591.0 545.0 500.0 455.0 410.0 365.0 321.0 277.0 234.0 193.0 155.0 117.0 70.0 9.0 0.0 0.0 0.0 0.0 0.0 0.0 0.0 0.0 0.0 0.0 0.0 0.0 0.0 0.0 0.0 0.0 2.0 7.0 18.0 23.0 86.0 88.0 88.0 88.0 97.0 120.0 143.0 143.0 143.0 143.0 150.0 143.0 120.0 97.0 88.0 70.0 12.0 0.0 0.0 0.0
1737.0 1691.0 1645.0 1598.0 1552.0 1506.0 1460.0 1414.0 1368.0 1321.0 1275.0 1229.0 1183.0 1136.0 1090.0 1044.0 998.0 952.0 905.0 859.0 813.0 767.0 720.0 674.0 628.0 582.0 536.0 490.0 444.0 398.0 352.0 306.0 260.0 215.0 170.0 127.0 85.0 49.0 9.0 0.0 0.0 0.0 0.0 0.0 0.0 0.0 0.0 0.0 0.0 0.0 0.0 0.0 0.0 0.0 0.0 20.0 85.0 88.0 97.0 119.0 144.0 144.0 144.0 150.0 167.0 192.0 199.0 199.0 199.0 204.0 192.0 167.0 150.0 127.0 85.0 22.0 12.0 0.0 0.0
1731.0 1685.0 1639.0 1593.0 1547.0 1501.0 1455.0 1409.0 1362.0 1316.0 1270.0 1224.0 1178.0 1132.0 1086.0 1040.0 993.0 947.0 901.0 855.0 809.0 763.0 716.0 670.0 624.0 578.0 532.0 485.0 439.0 393.0 347.0 300.0 254.0 208.0 162.0 116.0 69.0 6.0 0.0 0.0 0.0 0.0 0.0 0.0 0.0 0.0 2.0 4.0 7.0 9.0 8.0 5.0 6.0 6.0 14.0 85.0 119.0 144.0 150.0 167.0 191.0 199.0 199.0 204.0 218.0 237.0 255.0 255.0 255.0 259.0 237.0 218.0 194.0 154.0 119.0 85.0 22.0 5.0 0.0
1727.0 1681.0 1635.0 1589.0 1543.0 1497.0 1452.0 1406.0 1360.0 1314.0 1268.0 1222.0 1176.0 1130.0 1084.0 1038.0 992.0 946.0 900.0 854.0 808.0 762.0 716.0 670.0 625.0 579.0 533.0 487.0 441.0 396.0 350.0 304.0 259.0 214.0 170.0 126.0 85.0 11.0 3.0 0.0 0.0 0.0 0.0 0.0 1.0 4.0 21.0 85.0 88.0 88.0 88.0 88.0 88.0 88.0 97.0 118.0 154.0 191.0 204.0 218.0 237.0 255.0 255.0 259.0 270.0 287.0 309.0 311.0 311.0 309.0 287.0 262.0 224.0 191.0 154.0 118.0 85.0 16.0 0.0
1724.0 1679.0 1633.0 1587.0 1542.0 1496.0 1450.0 1405.0 1359.0 1313.0 1268.0 1222.0 1176.0 1131.0 1085.0 1039.0 994.0 948.0 903.0 857.0 812.0 766.0 721.0 675.0 630.0 585.0 540.0 495.0 450.0 405.0 361.0 318.0 274.0 232.0 192.0 153.0 118.0 84.0 20.0 8.0 1.0 1.0 0.0 6.0 19.0 84.0 97.0 118.0 144.0 144.0 144.0 144.0 144.0 144.0 150.0 166.0 190.0 223.0 259.0 270.0 287.0 308.0 311.0 314.0 323.0 339.0 357.0 366.0 366.0 357.0 330.0 294.0 261.0 223.0 183.0 137.0 91.0 22.0 11.0
1724.0 1678.0 1633.0 1588.0 1542.0 1497.0 1451.0 1406.0 1361.0 1315.0 1270.0 1225.0 1179.0 1134.0 1089.0 1044.0 998.0 953.0 908.0 863.0 818.0 774.0 729.0 684.0 640.0 596.0 552.0 508.0 465.0 422.0 380.0 339.0 299.0 259.0 222.0 189.0 152.0 117.0 98.0 89.0 89.0 22.0 22.0 89.0 98.0 117.0 150.0 166.0 189.0 200.0 200.0 200.0 200.0 200.0 204.0 218.0 236.0 262.0 293.0 323.0 338.0 356.0 366.0 369.0 377.0 391.0 407.0 422.0 422.0 400.0 365.0 324.0 280.0 236.0 193.0 152.0 117.0 101.0 101.0
1725.0 1680.0 1635.0 1589.0 1544.0 1499.0 1454.0 1409.0 1364.0 1319.0 1275.0 1230.0 1185.0 1140.0 1095.0 1051.0 1006.0 962.0 917.0 873.0 829.0 785.0 741.0 698.0 654.0 611.0 569.0 527.0 485.0 445.0 405.0 365.0 327.0 292.0 258.0 221.0 189.0 165.0 150.0 144.0 117.0 101.0 101.0 117.0 150.0 165.0 189.0 218.0 235.0 255.0 255.0 255.0 255.0 255.0 259.0 270.0 286.0 306.0 333.0 364.0 390.0 406.0 422.0 425.0 432.0 443.0 458.0 476.0 469.0 425.0 382.0 339.0 298.0 258.0 221.0 189.0 165.0 156.0 135.0
1727.0 1683.0 1638.0 1593.0 1549.0 1504.0 1459.0 1415.0 1370.0 1326.0 1281.0 1237.0 1193.0 1149.0 1105.0 1061.0 1017.0 973.0 929.0 886.0 843.0 800.0 757.0 715.0 673.0 631.0 591.0 550.0 510.0 471.0 433.0 397.0 363.0 326.0 291.0 260.0 235.0 218.0 205.0 188.0 165.0 156.0 156.0 165.0 188.0 218.0 235.0 260.0 285.0 306.0 311.0 311.0 311.0 311.0 314.0 323.0 337.0 355.0 377.0 404.0 435.0 458.0 475.0 480.0 486.0 497.0 511.0 526.0 485.0 444.0 403.0 364.0 326.0 291.0 260.0 235.0 218.0 179.0 135.0
1727.0 1688.0 1643.0 1599.0 1555.0 1511.0 1466.0 1422.0 1378.0 1335.0 1291.0 1247.0 1203.0 1160.0 1116.0 1073.0 1030.0 987.0 945.0 902.0 860.0 818.0 777.0 736.0 695.0 655.0 615.0 576.0 538.0 501.0 466.0 431.0 395.0 361.0 331.0 305.0 285.0 270.0 259.0 234.0 217.0 211.0 211.0 217.0 234.0 259.0 285.0 305.0 331.0 354.0 367.0 367.0 367.0 367.0 370.0 377.0 390.0 405.0 424.0 448.0 475.0 505.0 525.0 536.0 541.0 551.0 563.0 548.0 508.0 469.0 431.0 395.0 361.0 331.0 305.0 275.0 232.0 190.0 150.0
1714.0 1694.0 1650.0 1607.0 1563.0 1519.0 1476.0 1432.0 1389.0 1345.0 1302.0 1259.0 1216.0 1173.0 1131.0 1088.0 1046.0 1004.0 963.0 921.0 880.0 839.0 799.0 758.0 719.0 680.0 642.0 605.0 570.0 535.0 499.0 464.0 432.0 402.0 375.0 353.0 336.0 323.0 304.0 284.0 271.0 267.0 267.0 271.0 284.0 304.0 330.0 353.0 375.0 402.0 423.0 423.0 423.0 423.0 425.0 432.0 443.0 456.0 474.0 494.0 519.0 546.0 576.0 591.0 596.0 605.0 612.0 573.0 535.0 499.0 464.0 432.0 402.0 375.0 334.0 293.0 254.0 218.0 187.0
1704.0 1703.0 1659.0 1616.0 1573.0 1530.0 1487.0 1444.0 1401.0 1358.0 1316.0 1273.0 1231.0 1189.0 1148.0 1106.0 1065.0 1023.0 982.0 942.0 902.0 862.0 823.0 784.0 746.0 709.0 673.0 639.0 603.0 567.0 534.0 502.0 472.0 446.0 423.0 404.0 389.0 374.0 353.0 336.0 326.0 322.0 322.0 326.0 336.0 353.0 374.0 401.0 423.0 446.0 472.0 478.0 478.0 478.0 480.0 487.0 496.0 509.0 524.0 543.0 565.0 589.0 617.0 644.0 651.0 659.0 639.0 603.0 567.0 534.0 502.0 472.0 436.0 397.0 358.0 322.0 288.0 257.0 233.0
1695.0 1713.0 1670.0 1627.0 1584.0 1542.0 1500.0 1457.0 1415.0 1373.0 1332.0 1290.0 1248.0 1207.0 1166.0 1125.0 1084.0 1044.0 1004.0 965.0 926.0 887.0 850.0 813.0 777.0 741.0 706.0 671.0 636.0 603.0 572.0 543.0 516.0 492.0 472.0 455.0 443.0 422.0 403.0 389.0 380.0 377.0 377.0 380.0 389.0 403.0 422.0 445.0 471.0 492.0 516.0 534.0 534.0 534.0 536.0 541.0 550.0 562.0 575.0 592.0 612.0 635.0 660.0 687.0 707.0 706.0 671.0 636.0 603.0 572.0 539.0 500.0 462.0 425.0 390.0 357.0 328.0 303.0 283.0
1688.0 1724.0 1682.0 1640.0 1598.0 1556.0 1514.0 1472.0 1431.0 1389.0 1348.0 1307.0 1266.0 1226.0 1185.0 1146.0 1106.0 1067.0 1028.0 990.0 953.0 916.0 879.0 844.0 809.0 773.0 739.0 705.0 673.0 642.0 613.0 587.0 562.0 541.0 523.0 508.0 491.0 471.0 455.0 443.0 435.0 433.0 433.0 435.0 443.0 455.0 471.0 491.0 515.0 541.0 562.0 587.0 590.0 590.0 592.0 596.0 605.0 615.0 628.0 643.0 661.0 682.0 705.0 730.0 757.0 739.0 705.0 673.0 641.0 602.0 565.0 528.0 493.0 459.0 427.0 398.0 373.0 351.0 335.0
1683.0 1726.0 1695.0 1653.0 1612.0 1571.0 1529.0 1488.0 1447.0 1407.0 1366.0 1326.0 1286.0 1247.0 1208.0 1169.0 1130.0 1092.0 1055.0 1018.0 982.0 946.0 911.0 876.0 841.0 807.0 774.0 742.0 712.0 683.0 657.0 632.0 610.0 590.0 574.0 561.0 540.0 522.0 507.0 497.0 490.0 488.0 488.0 490.0 497.0 507.0 522.0 540.0 561.0 585.0 610.0 632.0 646.0 646.0 647.0 652.0 659.0 669.0 680.0 694.0 711.0 730.0 751.0 775.0 800.0 774.0 742.0 705.0 667.0 630.0 595.0 560.0 528.0 497.0 468.0 443.0 420.0 402.0 388.0
1680.0 1722.0 1709.0 1668.0 1627.0 1587.0 1546.0 1506.0 1466.0 1426.0 1387.0 1347.0 1308.0 1270.0 1232.0 1194.0 1157.0 1120.0 1084.0 1048.0 1013.0 978.0 942.0 908.0 875.0 842.0 811.0 781.0 753.0 726.0 702.0 679.0 659.0 641.0 626.0 609.0 590.0 573.0 560.0 551.0 545.0 543.0 543.0 545.0 551.0 560.0 573.0 590.0 609.0 631.0 655.0 679.0 701.0 701.0 703.0 707.0 714.0 723.0 733.0 746.0 761.0 779.0 799.0 821.0 842.0 806.0 769.0 732.0 697.0 662.0 629.0 597.0 566.0 538.0 512.0 489.0 470.0 454.0 442.0
1678.0 1720.0 1725.0 1685.0 1645.0 1605.0 1565.0 1526.0 1486.0 1447.0 1409.0 1371.0 1333.0 1295.0 1258.0 1221.0 1185.0 1150.0 1115.0 1079.0 1044.0 1009.0 976.0 943.0 911.0 880.0 851.0 823.0 796.0 771.0 748.0 727.0 709.0 693.0 678.0 658.0 640.0 626.0 614.0 605.0 600.0 598.0 598.0 600.0 605.0 614.0 626.0 640.0 658.0 678.0 700.0 725.0 748.0 757.0 758.0 762.0 769.0 777.0 787.0 798.0 813.0 829.0 848.0 868.0 870.0 834.0 798.0 763.0 729.0 697.0 666.0 636.0 608.0 582.0 559.0 538.0 520.0 506.0 496.0
1678.0 1720.0 1743.0 1703.0 1664.0 1625.0 1586.0 1547.0 1509.0 1471.0 1433.0 1396.0 1359.0 1322.0 1286.0 1251.0 1216.0 1180.0 1145.0 1110.0 1076.0 1043.0 1011.0 979.0 949.0 920.0 892.0 866.0 841.0 818.0 796.0 777.0 759.0 745.0 726.0 708.0 692.0 678.0 668.0 660.0 655.0 654.0 654.0 655.0 660.0 668.0 678.0 692.0 708.0 726.0 747.0 770.0 794.0 813.0 814.0 818.0 823.0 832.0 840.0 851.0 864.0 880.0 897.0 916.0 899.0 864.0 830.0 797.0 765.0 734.0 705.0 677.0 652.0 628.0 606.0 588.0 572.0 559.0 550.0
1681.0 1722.0 1762.0 1723.0 1684.0 1646.0 1608.0 1570.0 1533.0 1495.0 1459.0 1422.0 1386.0 1351.0 1316.0 1280.0 1245.0 1210.0 1176.0 1143.0 1110.0 1079.0 1048.0 1018.0 989.0 961.0 935.0 910.0 887.0 865.0 845.0 827.0 811.0 795.0 776.0 758.0 744.0 731.0 722.0 715.0 710.0 709.0 709.0 710.0 715.0 722.0 731.0 744.0 758.0 776.0 795.0 816.0 839.0 863.0 870.0 873.0 878.0 886.0 894.0 904.0 917.0 931.0 947.0 964.0 930.0 897.0 864.0 833.0 803.0 774.0 747.0 721.0 697.0 675.0 656.0 639.0 624.0 613.0 584.0
1685.0 1726.0 1767.0 1744.0 1706.0 1669.0 1632.0 1595.0 1558.0 1522.0 1486.0 1451.0 1416.0 1380.0 1345.0 1310.0 1276.0 1243.0 1210.0 1178.0 1146.0 1116.0 1086.0 1058.0 1030.0 1004.0 979.0 956.0 934.0 913.0 894.0 878.0 863.0 843.0 826.0 810.0 796.0 785.0 776.0 769.0 766.0 764.0 764.0 766.0 769.0 776.0 785.0 796.0 810.0 826.0 843.0 863.0 885.0 908.0 925.0 929.0 934.0 941.0 948.0 958.0 969.0 983.0 998.0 996.0 964.0 932.0 901.0 871.0 843.0 816.0 790.0 766.0 744.0 724.0 706.0 690.0 677.0 650.0 618.0
1690.0 1731.0 1772.0 1767.0 1730.0 1693.0 1657.0 1621.0 1585.0 1550.0 1515.0 1479.0 1444.0 1409.0 1375.0 1342.0 1309.0 1277.0 1245.0 1214.0 1184.0 1155.0 1126.0 1099.0 1073.0 1048.0 1025.0 1002.0 981.0 962.0 945.0 929.0 912.0 893.0 876.0 862.0 849.0 839.0 830.0 824.0 821.0 820.0 820.0 821.0 824.0 830.0 839.0 849.0 862.0 876.0 893.0 912.0 932.0 954.0 977.0 984.0 989.0 995.0 1002.0 1011.0 1022.0 1035.0 1049.0 1031.0 999.0 969.0 940.0 911.0 885.0 859.0 835.0 812.0 792.0 773.0 757.0 742.0 717.0 686.0 656.0
1698.0 1738.0 1779.0 1791.0 1755.0 1719.0 1684.0 1648.0 1613.0 1578.0 1543.0 1508.0 1474.0 1440.0 1407.0 1375.0 1343.0 1312.0 1281.0 1252.0 1223.0 1195.0 1168.0 1142.0 1117.0 1093.0 1071.0 1050.0 1030.0 1012.0 995.0 980.0 961.0 943.0 928.0 914.0 902.0 892.0 885.0 879.0 876.0 875.0 875.0 876.0 879.0 885.0 892.0 902.0 914.0 928.0 943.0 961.0 980.0 1000.0 1022.0 1040.0 1044.0 1050.0 1057.0 1065.0 1075.0 1087.0 1097.0 1067.0 1037.0 1008.0 980.0 953.0 928.0 904.0 881.0 860.0 841.0 823.0 808.0 784.0 753.0 724.0 696.0
1707.0 1747.0 1787.0 1817.0 1782.0 1746.0 1711.0 1676.0 1641.0 1606.0 1572.0 1539.0 1506.0 1473.0 1441.0 1410.0 1379.0 1349.0 1319.0 1291.0 1263.0 1236.0 1210.0 1185.0 1162.0 1139.0 1118.0 1098.0 1079.0 1062.0 1047.0 1028.0 1010.0 994.0 980.0 967.0 956.0 947.0 939.0 934.0 931.0 930.0 930.0 931.0 934.0 939.0 947.0 956.0 967.0 980.0 994.0 1010.0 1028.0 1048.0 1069.0 1091.0 1099.0 1105.0 1111.0 1119.0 1128.0 1140.0 1134.0 1104.0 1076.0 1048.0 1022.0 996.0 972.0 949.0 928.0 908.0 890.0 874.0 850.0 820.0 792.0 764.0 738.0
1719.0 1758.0 1797.0 1836.0 1808.0 1773.0 1738.0 1704.0 1670.0 1636.0 1603.0 1571.0 1538.0 1507.0 1476.0 1445.0 1416.0 1387.0 1358.0 1331.0 1304.0 1279.0 1254.0 1230.0 1207.0 1186.0 1166.0 1147.0 1129.0 1113.0 1096.0 1078.0 1061.0 1045.0 1032.0 1020.0 1009.0 1001.0 994.0 989.0 986.0 985.0 985.0 986.0 989.0 994.0 1001.0 1009.0 1020.0 1032.0 1045.0 1061.0 1078.0 1096.0 1116.0 1137.0 1155.0 1160.0 1166.0 1173.0 1182.0 1193.0 1172.0 1143.0 1116.0 1090.0 1065.0 1040.0 1018.0 996.0 976.0 958.0 941.0 917.0 888.0 859.0 832.0 806.0 782.0
1731.0 1770.0 1809.0 1847.0 1835.0 1801.0 1767.0 1733.0 1700.0 1668.0 1635.0 1604.0 1573.0 1542.0 1512.0 1483.0 1454.0 1426.0 1399.0 1372.0 1347.0 1322.0 1298.0 1276.0 1254.0 1233.0 1214.0 1196.0 1179.0 1164.0 1145.0 1128.0 1112.0 1097.0 1084.0 1073.0 1063.0 1055.0 1049.0 1044.0 1042.0 1041.0 1041.0 1042.0 1044.0 1049.0 1055.0 1063.0 1073.0 1084.0 1097.0 1112.0 1128.0 1145.0 1164.0 1184.0 1205.0 1215.0 1220.0 1227.0 1236.0 1239.0 1211.0 1184.0 1158.0 1133.0 1109.0 1086.0 1064.0 1044.0 1025.0 1008.0 984.0 955.0 927.0 900.0 874.0 850.0 822.0
1746.0 1784.0 1822.0 1860.0 1863.0 1830.0 1797.0 1764.0 1732.0 1700.0 1669.0 1638.0 1608.0 1578.0 1549.0 1521.0 1493.0 1466.0 1440.0 1414.0 1390.0 1366.0 1343.0 1322.0 1301.0 1282.0 1263.0 1246.0 1230.0 1212.0 1194.0 1178.0 1163.0 1149.0 1137.0 1126.0 1117.0 1109.0 1104.0 1099.0 1097.0 1096.0 1096.0 1097.0 1099.0 1104.0 1109.0 1117.0 1126.0 1137.0 1149.0 1163.0 1178.0 1194.0 1212.0 1231.0 1251.0 1269.0 1275.0 1281.0 1289.0 1278.0 1251.0 1225.0 1201.0 1177.0 1154.0 1132.0 1111.0 1092.0 1074.0 1050.0 1022.0 994.0 967.0 942.0 911.0 872.0 834.0
1762.0 1799.0 1837.0 1874.0 1893.0 1860.0 1828.0 1796.0 1765.0 1734.0 1704.0 1674.0 1644.0 1616.0 1588.0 1560.0 1533.0 1507.0 1482.0 1458.0 1434.0 1411.0 1389.0 1369.0 1349.0 1330.0 1313.0 1296.0 1279.0 1261.0 1244.0 1229.0 1214.0 1201.0 1190.0 1180.0 1171.0 1164.0 1158.0 1154.0 1152.0 1151.0 1151.0 1152.0 1154.0 1158.0 1164.0 1171.0 1180.0 1190.0 1201.0 1214.0 1229.0 1244.0 1261.0 1279.0 1299.0 1319.0 1329.0 1336.0 1343.0 1319.0 1293.0 1268.0 1244.0 1221.0 1200.0 1179.0 1160.0 1141.0 1116.0 1088.0 1061.0 1035.0 999.0 961.0 923.0 885.0 848.0
1780.0 1816.0 1853.0 1890.0 1923.0 1891.0 1860.0 1829.0 1799.0 1769.0 1739.0 1710.0 1682.0 1654.0 1627.0 1600.0 1574.0 1549.0 1525.0 1501.0 1479.0 1457.0 1436.0 1416.0 1397.0 1379.0 1363.0 1347.0 1328.0 1311.0 1295.0 1280.0 1266.0 1254.0 1243.0 1233.0 1225.0 1218.0 1213.0 1209.0 1207.0 1206.0 1206.0 1207.0 1209.0 1213.0 1218.0 1225.0 1233.0 1243.0 1254.0 1266.0 1280.0 1295.0 1311.0 1328.0 1347.0 1366.0 1384.0 1390.0 1386.0 1360.0 1336.0 1312.0 1289.0 1267.0 1246.0 1227.0 1208.0 1183.0 1155.0 1125.0 1088.0 1050.0 1013.0 975.0 938.0 902.0 865.0
1799.0 1835.0 1871.0 1907.0 1944.0 1924.0 1893.0 1863.0 1834.0 1805.0 1776.0 1748.0 1720.0 1693.0 1667.0 1641.0 1616.0 1592.0 1569.0 1546.0 1524.0 1503.0 1483.0 1464.0 1446.0 1429.0 1413.0 1395.0 1377.0 1361.0 1346.0 1331.0 1318.0 1307.0 1296.0 1287.0 1279.0 1273.0 1268.0 1265.0 1262.0 1262.0 1262.0 1262.0 1265.0 1268.0 1273.0 1279.0 1287.0 1296.0 1307.0 1318.0 1331.0 1346.0 1361.0 1377.0 1395.0 1414.0 1433.0 1444.0 1427.0 1403.0 1379.0 1356.0 1335.0 1314.0 1294.0 1275.0 1249.0 1213.0 1176.0 1139.0 1102.0 1065.0 1029.0 993.0 957.0 921.0 886.0
1811.0 1843.0 1876.0 1909.0 1942.0 1957.0 1928.0 1898.0 1870.0 1841.0 1813.0 1786.0 1760.0 1733.0 1708.0 1683.0 1659.0 1636.0 1613.0 1591.0 1570.0 1550.0 1531.0 1513.0 1495.0 1479.0 1462.0 1444.0 1427.0 1411.0 1397.0 1383.0 1371.0 1360.0 1350.0 1341.0 1334.0 1328.0 1323.0 1320.0 1318.0 1317.0 1317.0 1318.0 1320.0 1323.0 1328.0 1334.0 1341.0 1350.0 1360.0 1371.0 1383.0 1397.0 1411.0 1427.0 1444.0 1462.0 1481.0 1494.0 1470.0 1446.0 1423.0 1402.0 1381.0 1361.0 1338.0 1301.0 1264.0 1228.0 1191.0 1155.0 1119.0 1083.0 1048.0 1013.0 978.0 943.0 909.0
1783.0 1816.0 1849.0 1882.0 1915.0 1948.0 1963.0 1934.0 1906.0 1879.0 1852.0 1826.0 1800.0 1774.0 1750.0 1726.0 1703.0 1680.0 1658.0 1637.0 1617.0 1598.0 1579.0 1562.0 1545.0 1528.0 1510.0 1493.0 1477.0 1462.0 1448.0 1435.0 1424.0 1413.0 1403.0 1395.0 1388.0 1382.0 1378.0 1375.0 1373.0 1372.0 1372.0 1373.0 1375.0 1378.0 1382.0 1388.0 1395.0 1403.0 1413.0 1424.0 1435.0 1448.0 1462.0 1477.0 1493.0 1510.0 1528.0 1536.0 1513.0 1490.0 1469.0 1448.0 1425.0 1389.0 1352.0 1316.0 1280.0 1245.0 1209.0 1174.0 1139.0 1104.0 1070.0 1036.0 1002.0 969.0 936.0
1756.0 1789.0 1822.0 1856.0 1889.0 1922.0 1956.0 1971.0 1944.0 1918.0 1891.0 1866.0 1841.0 1816.0 1792.0 1769.0 1747.0 1725.0 1704.0 1684.0 1664.0 1646.0 1628.0 1611.0 1595.0 1577.0 1559.0 1543.0 1528.0 1513.0 1500.0 1488.0 1476.0 1466.0 1457.0 1449.0 1443.0 1437.0 1433.0 1430.0 1428.0 1427.0 1427.0 1428.0 1430.0 1433.0 1437.0 1443.0 1449.0 1457.0 1466.0 1476.0 1488.0 1500.0 1513.0 1528.0 1543.0 1559.0 1577.0 1580.0 1557.0 1535.0 1512.0 1476.0 1440.0 1404.0 1369.0 1334.0 1299.0 1264.0 1229.0 1195.0 1161.0 1127.0 1094.0 1061.0 1028.0 995.0 962.0
1731.0 1764.0 1797.0 1831.0 1864.0 1898.0 1928.0 1927.0 1927.0 1927.0 1928.0 1907.0 1882.0 1859.0 1836.0 1813.0 1792.0 1771.0 1750.0 1731.0 1712.0 1694.0 1677.0 1661.0 1643.0 1626.0 1609.0 1593.0 1578.0 1565.0 1552.0 1540.0 1529.0 1520.0 1511.0 1504.0 1497.0 1492.0 1488.0 1485.0 1483.0 1483.0 1483.0 1483.0 1485.0 1488.0 1492.0 1497.0 1504.0 1511.0 1520.0 1529.0 1540.0 1552.0 1565.0 1578.0 1593.0 1609.0 1626.0 1624.0 1598.0 1563.0 1527.0 1492.0 1457.0 1422.0 1388.0 1353.0 1319.0 1285.0 1252.0 1218.0 1185.0 1153.0 1120.0 1087.0 1054.0 1022.0 989.0
1707.0 1740.0 1774.0 1807.0 1841.0 1872.0 1872.0 1871.0 1871.0 1871.0 1872.0 1872.0 1871.0 1871.0 1872.0 1858.0 1837.0 1817.0 1797.0 1778.0 1760.0 1743.0 1727.0 1709.0 1692.0 1675.0 1659.0 1644.0 1630.0 1616.0 1604.0 1593.0 1582.0 1573.0 1565.0 1558.0 1552.0 1547.0 1543.0 1540.0 1538.0 1538.0 1538.0 1538.0 1540.0 1543.0 1547.0 1552.0 1558.0 1565.0 1573.0 1582.0 1593.0 1604.0 1616.0 1630.0 1644.0 1659.0 1675.0 1649.0 1614.0 1579.0 1545.0 1510.0 1476.0 1442.0 1408.0 1375.0 1342.0 1309.0 1276.0 1243.0 1210.0 1177.0 1145.0 1112.0 1080.0 1047.0 1016.0
1684.0 1718.0 1752.0 1785.0 1818.0 1816.0 1816.0 1815.0 1815.0 1815.0 1816.0 1816.0 1815.0 1815.0 1816.0 1816.0 1818.0 1819.0 1821.0 1824.0 1809.0 1792.0 1775.0 1757.0 1740.0 1724.0 1709.0 1694.0 1681.0 1668.0 1656.0 1646.0 1636.0 1627.0 1619.0 1612.0 1606.0 1602.0 1598.0 1595.0 1594.0 1593.0 1593.0 1594.0 1595.0 1598.0 1602.0 1606.0 1612.0 1619.0 1627.0 1636.0 1646.0 1656.0 1668.0 1681.0 1694.0 1709.0 1701.0 1666.0 1632.0 1598.0 1564.0 1530.0 1497.0 1464.0 1431.0 1398.0 1365.0 1332.0 1300.0 1267.0 1235.0 1202.0 1170.0 1138.0 1106.0 1075.0 1045.0
1664.0 1697.0 1731.0 1763.0 1762.0 1760.0 1760.0 1759.0 1759.0 1759.0 1760.0 1760.0 1759.0 1759.0 1760.0 1760.0 1762.0 1763.0 1766.0 1768.0 1771.0 1775.0 1779.0 1784.0 1789.0 1774.0 1759.0 1746.0 1732.0 1720.0 1709.0 1699.0 1689.0 1681.0 1673.0 1667.0 1661.0 1656.0 1653.0 1650.0 1649.0 1648.0 1648.0 1649.0 1650.0 1653.0 1656.0 1661.0 1667.0 1673.0 1681.0 1689.0 1699.0 1709.0 1720.0 1732.0 1746.0 1752.0 1718.0 1685.0 1651.0 1618.0 1585.0 1552.0 1520.0 1487.0 1454.0 1421.0 1389.0 1356.0 1323.0 1291.0 1259.0 1228.0 1196.0 1166.0 1135.0 1105.0 1076.0
