Environmental Parameters/RCP 45/2050/Distance_from_land.asc
ncols 720
nrows 360
xllcorner -180.00
yllcorner -90.00
cellsize 0.5
NODATA_value -9999
[rows 280 to 314 of 360, columns 395 to 473 of 720]
1116.0 1147.0 1178.0 1209.0 1240.0 1272.0 1303.0 1309.0 1274.0 1239.0 1205.0 1170.0 1136.0 1102.0 1068.0 1034.0 1000.0 967.0 933.0 901.0 868.0 836.0 804.0 772.0 741.0 711.0 681.0 652.0 624.0 597.0 571.0 547.0 524.0 502.0 483.0 466.0 452.0 440.0 432.0 427.0 425.0 427.0 432.0 440.0 452.0 466.0 483.0 502.0 524.0 547.0 571.0 597.0 624.0 652.0 638.0 614.0 591.0 570.0 550.0 533.0 517.0 504.0 494.0 486.0 482.0 480.0 482.0 482.0 480.0 480.0 482.0 486.0 494.0 504.0 517.0 533.0 550.0 570.0 591.0
1089.0 1120.0 1151.0 1183.0 1215.0 1246.0 1278.0 1310.0 1287.0 1253.0 1219.0 1185.0 1152.0 1118.0 1085.0 1052.0 1019.0 987.0 955.0 923.0 892.0 861.0 830.0 800.0 771.0 742.0 714.0 687.0 660.0 635.0 611.0 589.0 568.0 549.0 531.0 516.0 504.0 493.0 486.0 482.0 480.0 482.0 486.0 493.0 504.0 516.0 531.0 549.0 568.0 589.0 611.0 635.0 660.0 687.0 679.0 656.0 635.0 616.0 598.0 582.0 568.0 557.0 548.0 541.0 537.0 536.0 537.0 537.0 536.0 536.0 537.0 541.0 548.0 557.0 568.0 582.0 598.0 616.0 635.0
1064.0 1096.0 1127.0 1159.0 1191.0 1223.0 1255.0 1288.0 1301.0 1268.0 1235.0 1202.0 1170.0 1137.0 1105.0 1073.0 1041.0 1010.0 979.0 948.0 918.0 889.0 859.0 831.0 803.0 776.0 749.0 724.0 699.0 676.0 654.0 633.0 614.0 596.0 581.0 567.0 556.0 547.0 541.0 537.0 535.0 537.0 541.0 547.0 556.0 567.0 581.0 596.0 614.0 633.0 654.0 676.0 699.0 724.0 721.0 700.0 681.0 663.0 647.0 633.0 620.0 610.0 602.0 596.0 592.0 591.0 592.0 592.0 591.0 591.0 592.0 596.0 602.0 610.0 620.0 633.0 647.0 663.0 681.0
1042.0 1074.0 1106.0 1138.0 1170.0 1202.0 1235.0 1267.0 1299.0 1286.0 1254.0 1222.0 1190.0 1159.0 1127.0 1096.0 1066.0 1036.0 1006.0 976.0 947.0 919.0 891.0 864.0 838.0 812.0 787.0 763.0 740.0 718.0 698.0 679.0 661.0 646.0 631.0 619.0 609.0 601.0 595.0 592.0 590.0 592.0 595.0 601.0 609.0 619.0 631.0 646.0 661.0 679.0 698.0 718.0 740.0 763.0 765.0 746.0 728.0 712.0 697.0 684.0 673.0 663.0 656.0 650.0 647.0 646.0 647.0 647.0 646.0 646.0 647.0 650.0 656.0 663.0 673.0 684.0 697.0 712.0 728.0
1022.0 1054.0 1087.0 1119.0 1151.0 1184.0 1216.0 1249.0 1281.0 1306.0 1275.0 1244.0 1213.0 1182.0 1152.0 1122.0 1093.0 1063.0 1035.0 1007.0 979.0 952.0 925.0 899.0 874.0 850.0 827.0 804.0 783.0 763.0 744.0 726.0 710.0 696.0 683.0 672.0 662.0 655.0 650.0 647.0 646.0 647.0 650.0 655.0 662.0 672.0 683.0 696.0 710.0 726.0 744.0 763.0 783.0 804.0 811.0 793.0 777.0 761.0 748.0 736.0 725.0 717.0 710.0 705.0 702.0 701.0 702.0 702.0 701.0 701.0 702.0 705.0 710.0 717.0 725.0 736.0 748.0 761.0 777.0
1005.0 1038.0 1070.0 1103.0 1135.0 1168.0 1200.0 1233.0 1265.0 1297.0 1297.0 1267.0 1237.0 1208.0 1179.0 1150.0 1122.0 1094.0 1066.0 1039.0 1013.0 987.0 961.0 937.0 913.0 890.0 868.0 847.0 827.0 809.0 791.0 775.0 760.0 746.0 735.0 725.0 716.0 709.0 705.0 702.0 701.0 702.0 705.0 709.0 716.0 725.0 735.0 746.0 760.0 775.0 791.0 809.0 827.0 847.0 858.0 841.0 826.0 812.0 799.0 788.0 779.0 771.0 764.0 760.0 757.0 756.0 757.0 757.0 756.0 756.0 757.0 760.0 764.0 771.0 779.0 788.0 799.0 812.0 826.0
991.0 1024.0 1056.0 1089.0 1121.0 1154.0 1186.0 1219.0 1251.0 1284.0 1316.0 1293.0 1264.0 1236.0 1207.0 1180.0 1152.0 1125.0 1099.0 1073.0 1048.0 1023.0 999.0 976.0 954.0 932.0 911.0 892.0 873.0 855.0 839.0 824.0 810.0 798.0 787.0 778.0 770.0 764.0 760.0 757.0 756.0 757.0 760.0 764.0 770.0 778.0 787.0 798.0 810.0 824.0 839.0 855.0 873.0 892.0 906.0 890.0 876.0 863.0 851.0 841.0 832.0 825.0 819.0 815.0 813.0 812.0 813.0 813.0 812.0 812.0 813.0 815.0 819.0 825.0 832.0 841.0 851.0 863.0 876.0
981.0 1013.0 1045.0 1078.0 1110.0 1143.0 1175.0 1207.0 1240.0 1272.0 1305.0 1321.0 1293.0 1265.0 1238.0 1211.0 1185.0 1159.0 1134.0 1109.0 1085.0 1062.0 1039.0 1017.0 996.0 975.0 956.0 937.0 920.0 903.0 888.0 874.0 861.0 850.0 840.0 831.0 824.0 819.0 815.0 812.0 811.0 812.0 815.0 819.0 824.0 831.0 840.0 850.0 861.0 874.0 888.0 903.0 920.0 937.0 954.0 940.0 926.0 914.0 903.0 894.0 886.0 879.0 874.0 870.0 868.0 867.0 868.0 868.0 867.0 867.0 868.0 870.0 874.0 879.0 886.0 894.0 903.0 914.0 926.0
973.0 1005.0 1037.0 1070.0 1102.0 1134.0 1167.0 1199.0 1231.0 1263.0 1295.0 1327.0 1323.0 1297.0 1270.0 1245.0 1219.0 1195.0 1171.0 1147.0 1124.0 1102.0 1080.0 1059.0 1039.0 1020.0 1001.0 984.0 967.0 952.0 938.0 925.0 913.0 902.0 893.0 885.0 878.0 873.0 869.0 867.0 866.0 867.0 869.0 873.0 878.0 885.0 893.0 902.0 913.0 925.0 938.0 952.0 967.0 984.0 1001.0 990.0 977.0 966.0 956.0 947.0 940.0 933.0 928.0 925.0 923.0 922.0 923.0 923.0 922.0 922.0 923.0 925.0 928.0 933.0 940.0 947.0 956.0 966.0 977.0
968.0 1000.0 1032.0 1065.0 1097.0 1129.0 1161.0 1193.0 1225.0 1256.0 1288.0 1320.0 1352.0 1329.0 1304.0 1280.0 1255.0 1232.0 1208.0 1186.0 1164.0 1143.0 1122.0 1102.0 1083.0 1065.0 1048.0 1031.0 1016.0 1001.0 988.0 976.0 965.0 955.0 946.0 939.0 933.0 928.0 924.0 922.0 922.0 922.0 924.0 928.0 933.0 939.0 946.0 955.0 965.0 976.0 988.0 1001.0 1016.0 1031.0 1048.0 1041.0 1029.0 1018.0 1009.0 1001.0 994.0 988.0 983.0 980.0 978.0 977.0 978.0 978.0 977.0 977.0 978.0 980.0 983.0 988.0 994.0 1001.0 1009.0 1018.0 1018.0
967.0 999.0 1031.0 1062.0 1094.0 1126.0 1157.0 1189.0 1221.0 1252.0 1284.0 1316.0 1347.0 1364.0 1340.0 1316.0 1293.0 1270.0 1248.0 1226.0 1205.0 1185.0 1165.0 1147.0 1129.0 1111.0 1095.0 1080.0 1065.0 1051.0 1039.0 1027.0 1017.0 1008.0 1000.0 993.0 987.0 983.0 979.0 978.0 977.0 978.0 979.0 983.0 987.0 993.0 1000.0 1008.0 1017.0 1027.0 1039.0 1051.0 1065.0 1080.0 1095.0 1092.0 1081.0 1071.0 1062.0 1054.0 1048.0 1042.0 1038.0 1035.0 1033.0 1032.0 1033.0 1033.0 1032.0 1032.0 1033.0 1035.0 1038.0 1042.0 1048.0 1054.0 1062.0 1071.0 1046.0
969.0 1000.0 1032.0 1063.0 1094.0 1125.0 1157.0 1188.0 1219.0 1251.0 1282.0 1313.0 1344.0 1376.0 1376.0 1353.0 1331.0 1309.0 1288.0 1268.0 1248.0 1228.0 1210.0 1192.0 1175.0 1159.0 1143.0 1128.0 1115.0 1102.0 1090.0 1079.0 1070.0 1061.0 1053.0 1047.0 1042.0 1037.0 1034.0 1033.0 1032.0 1033.0 1034.0 1037.0 1042.0 1047.0 1053.0 1061.0 1070.0 1079.0 1090.0 1102.0 1115.0 1128.0 1143.0 1143.0 1133.0 1124.0 1115.0 1108.0 1102.0 1097.0 1093.0 1090.0 1088.0 1088.0 1088.0 1088.0 1088.0 1088.0 1088.0 1090.0 1093.0 1097.0 1102.0 1108.0 1115.0 1102.0 1076.0
975.0 1005.0 1036.0 1067.0 1097.0 1128.0 1159.0 1190.0 1221.0 1251.0 1282.0 1313.0 1344.0 1375.0 1406.0 1392.0 1371.0 1350.0 1330.0 1310.0 1291.0 1273.0 1255.0 1238.0 1222.0 1206.0 1192.0 1178.0 1165.0 1153.0 1142.0 1132.0 1123.0 1114.0 1107.0 1101.0 1096.0 1092.0 1090.0 1088.0 1087.0 1088.0 1090.0 1092.0 1096.0 1101.0 1107.0 1114.0 1123.0 1132.0 1142.0 1153.0 1165.0 1170.0 1160.0 1151.0 1142.0 1134.0 1127.0 1120.0 1114.0 1109.0 1104.0 1099.0 1096.0 1093.0 1090.0 1089.0 1088.0 1087.0 1087.0 1087.0 1087.0 1087.0 1087.0 1087.0 1088.0 1089.0 1090.0
983.0 1013.0 1043.0 1073.0 1103.0 1134.0 1164.0 1194.0 1224.0 1255.0 1285.0 1316.0 1346.0 1376.0 1407.0 1423.0 1412.0 1392.0 1372.0 1354.0 1335.0 1318.0 1301.0 1285.0 1269.0 1255.0 1241.0 1228.0 1216.0 1204.0 1194.0 1184.0 1176.0 1168.0 1161.0 1156.0 1151.0 1147.0 1145.0 1143.0 1142.0 1143.0 1145.0 1147.0 1151.0 1156.0 1161.0 1168.0 1175.0 1162.0 1150.0 1139.0 1127.0 1117.0 1107.0 1097.0 1089.0 1080.0 1073.0 1066.0 1059.0 1053.0 1048.0 1044.0 1040.0 1037.0 1034.0 1033.0 1032.0 1031.0 1031.0 1031.0 1031.0 1031.0 1031.0 1031.0 1032.0 1033.0 1034.0
995.0 1024.0 1053.0 1083.0 1112.0 1142.0 1171.0 1201.0 1231.0 1261.0 1290.0 1320.0 1350.0 1380.0 1376.0 1368.0 1361.0 1355.0 1349.0 1343.0 1337.0 1332.0 1328.0 1324.0 1318.0 1304.0 1291.0 1278.0 1267.0 1256.0 1246.0 1237.0 1229.0 1222.0 1215.0 1210.0 1206.0 1202.0 1200.0 1198.0 1198.0 1198.0 1194.0 1183.0 1170.0 1158.0 1146.0 1135.0 1124.0 1111.0 1099.0 1087.0 1075.0 1064.0 1054.0 1044.0 1035.0 1026.0 1018.0 1011.0 1004.0 998.0 993.0 988.0 984.0 981.0 979.0 977.0 976.0 975.0 975.0 975.0 975.0 975.0 975.0 975.0 976.0 977.0 979.0
1009.0 1038.0 1066.0 1095.0 1124.0 1152.0 1181.0 1210.0 1240.0 1269.0 1298.0 1327.0 1338.0 1330.0 1322.0 1314.0 1307.0 1300.0 1294.0 1288.0 1282.0 1277.0 1273.0 1268.0 1265.0 1262.0 1259.0 1257.0 1255.0 1254.0 1253.0 1253.0 1249.0 1239.0 1230.0 1220.0 1212.0 1201.0 1190.0 1177.0 1165.0 1153.0 1142.0 1131.0 1119.0 1107.0 1094.0 1083.0 1072.0 1061.0 1048.0 1035.0 1023.0 1012.0 1001.0 991.0 982.0 973.0 964.0 957.0 950.0 943.0 938.0 933.0 929.0 925.0 923.0 921.0 920.0 919.0 919.0 919.0 919.0 919.0 919.0 919.0 920.0 921.0 923.0
1027.0 1054.0 1082.0 1110.0 1138.0 1166.0 1194.0 1222.0 1251.0 1279.0 1304.0 1294.0 1285.0 1276.0 1268.0 1260.0 1253.0 1246.0 1239.0 1233.0 1227.0 1222.0 1217.0 1213.0 1209.0 1206.0 1203.0 1201.0 1199.0 1198.0 1197.0 1197.0 1197.0 1186.0 1176.0 1167.0 1158.0 1149.0 1138.0 1127.0 1114.0 1102.0 1090.0 1079.0 1068.0 1056.0 1043.0 1031.0 1020.0 1009.0 997.0 984.0 972.0 960.0 949.0 939.0 929.0 919.0 911.0 902.0 895.0 889.0 883.0 878.0 873.0 870.0 867.0 865.0 864.0 863.0 863.0 863.0 863.0 863.0 863.0 863.0 864.0 865.0 867.0
1047.0 1073.0 1100.0 1127.0 1154.0 1182.0 1209.0 1237.0 1264.0 1261.0 1251.0 1241.0 1232.0 1223.0 1214.0 1206.0 1198.0 1191.0 1184.0 1178.0 1172.0 1167.0 1162.0 1158.0 1154.0 1150.0 1147.0 1145.0 1143.0 1142.0 1141.0 1141.0 1141.0 1134.0 1124.0 1114.0 1105.0 1096.0 1086.0 1075.0 1064.0 1051.0 1039.0 1027.0 1016.0 1005.0 993.0 980.0 968.0 957.0 946.0 934.0 921.0 909.0 897.0 886.0 876.0 866.0 857.0 849.0 841.0 834.0 828.0 822.0 818.0 814.0 811.0 809.0 808.0 807.0 807.0 807.0 807.0 807.0 807.0 807.0 808.0 809.0 811.0
1070.0 1095.0 1121.0 1147.0 1173.0 1200.0 1215.0 1219.0 1220.0 1209.0 1199.0 1188.0 1179.0 1170.0 1161.0 1152.0 1144.0 1137.0 1130.0 1123.0 1117.0 1112.0 1107.0 1102.0 1098.0 1095.0 1092.0 1089.0 1087.0 1086.0 1085.0 1085.0 1085.0 1082.0 1071.0 1061.0 1052.0 1043.0 1034.0 1023.0 1012.0 1001.0 988.0 976.0 964.0 953.0 943.0 930.0 917.0 905.0 894.0 883.0 871.0 858.0 846.0 835.0 824.0 813.0 804.0 795.0 787.0 779.0 773.0 767.0 762.0 758.0 755.0 753.0 752.0 751.0 751.0 751.0 751.0 751.0 751.0 751.0 752.0 753.0 755.0
1095.0 1119.0 1144.0 1149.0 1152.0 1155.0 1160.0 1164.0 1168.0 1157.0 1146.0 1136.0 1126.0 1117.0 1107.0 1099.0 1091.0 1083.0 1076.0 1069.0 1062.0 1057.0 1051.0 1047.0 1043.0 1039.0 1036.0 1033.0 1031.0 1030.0 1029.0 1029.0 1029.0 1029.0 1019.0 1009.0 999.0 989.0 980.0 972.0 961.0 950.0 938.0 925.0 913.0 902.0 891.0 880.0 867.0 855.0 843.0 831.0 821.0 808.0 796.0 783.0 772.0 761.0 751.0 742.0 733.0 725.0 718.0 712.0 707.0 703.0 700.0 697.0 696.0 695.0 695.0 695.0 695.0 695.0 695.0 695.0 696.0 697.0 700.0
1086.0 1088.0 1090.0 1093.0 1096.0 1100.0 1104.0 1109.0 1114.0 1106.0 1095.0 1084.0 1074.0 1064.0 1054.0 1045.0 1037.0 1029.0 1021.0 1014.0 1008.0 1002.0 996.0 991.0 987.0 983.0 980.0 978.0 975.0 974.0 973.0 973.0 973.0 973.0 968.0 957.0 947.0 937.0 927.0 919.0 909.0 898.0 888.0 875.0 863.0 851.0 839.0 828.0 817.0 804.0 792.0 780.0 769.0 759.0 746.0 733.0 721.0 709.0 699.0 689.0 680.0 671.0 664.0 658.0 652.0 647.0 644.0 641.0 640.0 639.0 639.0 639.0 639.0 639.0 639.0 639.0 640.0 641.0 644.0
1030.0 1032.0 1035.0 1037.0 1041.0 1045.0 1049.0 1054.0 1059.0 1055.0 1044.0 1032.0 1022.0 1012.0 1002.0 992.0 984.0 975.0 967.0 960.0 953.0 947.0 941.0 936.0 932.0 928.0 924.0 922.0 920.0 918.0 917.0 917.0 917.0 917.0 916.0 905.0 895.0 884.0 875.0 865.0 857.0 847.0 836.0 825.0 813.0 800.0 788.0 777.0 766.0 755.0 742.0 730.0 718.0 707.0 696.0 684.0 671.0 658.0 647.0 636.0 627.0 618.0 610.0 603.0 597.0 592.0 588.0 585.0 584.0 583.0 583.0 583.0 583.0 583.0 583.0 583.0 584.0 585.0 588.0
974.0 976.0 979.0 982.0 985.0 989.0 994.0 999.0 1004.0 1005.0 993.0 981.0 970.0 960.0 950.0 940.0 931.0 922.0 914.0 906.0 899.0 893.0 887.0 881.0 876.0 872.0 869.0 866.0 864.0 862.0 861.0 861.0 861.0 861.0 861.0 855.0 843.0 833.0 822.0 813.0 804.0 795.0 785.0 774.0 763.0 751.0 738.0 726.0 715.0 704.0 693.0 680.0 667.0 656.0 645.0 634.0 621.0 608.0 596.0 585.0 574.0 565.0 556.0 549.0 542.0 537.0 533.0 530.0 528.0 527.0 527.0 527.0 527.0 527.0 527.0 527.0 528.0 530.0 533.0
918.0 920.0 923.0 926.0 930.0 934.0 939.0 944.0 950.0 955.0 943.0 931.0 919.0 908.0 898.0 888.0 878.0 869.0 860.0 852.0 845.0 838.0 832.0 826.0 821.0 817.0 813.0 810.0 808.0 806.0 805.0 805.0 805.0 805.0 805.0 801.0 793.0 781.0 771.0 760.0 751.0 742.0 734.0 723.0 712.0 701.0 689.0 676.0 664.0 653.0 642.0 631.0 618.0 605.0 594.0 583.0 572.0 560.0 547.0 534.0 523.0 512.0 503.0 495.0 488.0 482.0 477.0 474.0 472.0 471.0 471.0 471.0 471.0 471.0 471.0 471.0 472.0 474.0 477.0
863.0 865.0 867.0 871.0 874.0 879.0 884.0 889.0 895.0 902.0 893.0 881.0 869.0 857.0 846.0 836.0 826.0 816.0 807.0 799.0 791.0 784.0 777.0 771.0 766.0 762.0 758.0 754.0 752.0 750.0 749.0 749.0 749.0 749.0 749.0 748.0 740.0 731.0 719.0 709.0 699.0 689.0 681.0 673.0 661.0 650.0 640.0 627.0 614.0 602.0 591.0 580.0 570.0 556.0 544.0 532.0 521.0 511.0 498.0 485.0 472.0 461.0 451.0 442.0 434.0 427.0 422.0 418.0 416.0 415.0 415.0 415.0 415.0 415.0 415.0 415.0 416.0 418.0 422.0
807.0 809.0 812.0 815.0 819.0 824.0 829.0 835.0 841.0 848.0 845.0 832.0 819.0 807.0 796.0 785.0 774.0 764.0 755.0 746.0 738.0 730.0 723.0 717.0 711.0 706.0 702.0 699.0 696.0 694.0 693.0 693.0 693.0 693.0 693.0 694.0 687.0 679.0 669.0 658.0 647.0 637.0 628.0 619.0 611.0 599.0 588.0 578.0 566.0 553.0 541.0 529.0 519.0 509.0 495.0 482.0 470.0 459.0 449.0 437.0 423.0 411.0 399.0 389.0 380.0 373.0 367.0 363.0 360.0 359.0 359.0 359.0 359.0 359.0 359.0 359.0 360.0 363.0 367.0
751.0 753.0 756.0 760.0 764.0 769.0 774.0 780.0 787.0 794.0 797.0 784.0 771.0 758.0 746.0 734.0 723.0 713.0 703.0 693.0 685.0 677.0 669.0 663.0 657.0 651.0 647.0 643.0 640.0 638.0 637.0 637.0 637.0 637.0 637.0 638.0 635.0 626.0 617.0 608.0 596.0 586.0 576.0 566.0 558.0 550.0 538.0 527.0 516.0 505.0 492.0 479.0 468.0 457.0 447.0 434.0 421.0 409.0 398.0 388.0 377.0 362.0 350.0 338.0 328.0 319.0 312.0 307.0 304.0 303.0 303.0 303.0 303.0 303.0 303.0 303.0 304.0 307.0 312.0
695.0 697.0 701.0 704.0 709.0 714.0 720.0 726.0 733.0 741.0 747.0 737.0 723.0 710.0 697.0 685.0 673.0 662.0 651.0 641.0 632.0 624.0 616.0 608.0 602.0 596.0 592.0 588.0 585.0 582.0 581.0 581.0 581.0 581.0 581.0 582.0 583.0 573.0 564.0 556.0 547.0 535.0 524.0 514.0 505.0 497.0 489.0 477.0 465.0 455.0 445.0 431.0 418.0 407.0 396.0 386.0 374.0 360.0 348.0 336.0 326.0 317.0 302.0 289.0 277.0 266.0 258.0 252.0 248.0 247.0 247.0 247.0 247.0 247.0 247.0 247.0 248.0 252.0 258.0
639.0 642.0 645.0 649.0 654.0 660.0 666.0 673.0 680.0 688.0 691.0 691.0 677.0 663.0 649.0 637.0 624.0 612.0 601.0 590.0 580.0 571.0 563.0 555.0 548.0 542.0 537.0 532.0 529.0 527.0 525.0 525.0 525.0 525.0 525.0 527.0 529.0 522.0 512.0 503.0 496.0 486.0 474.0 463.0 453.0 444.0 436.0 428.0 416.0 404.0 394.0 385.0 371.0 358.0 346.0 335.0 325.0 314.0 300.0 287.0 275.0 265.0 257.0 243.0 228.0 216.0 205.0 197.0 193.0 191.0 191.0 191.0 191.0 191.0 191.0 191.0 193.0 197.0 205.0
583.0 586.0 590.0 594.0 600.0 605.0 612.0 619.0 627.0 635.0 635.0 636.0 632.0 618.0 603.0 590.0 576.0 564.0 552.0 540.0 529.0 519.0 510.0 502.0 494.0 487.0 482.0 477.0 473.0 471.0 469.0 469.0 469.0 469.0 469.0 471.0 473.0 471.0 461.0 451.0 443.0 435.0 425.0 413.0 402.0 392.0 383.0 376.0 368.0 355.0 344.0 333.0 324.0 311.0 298.0 285.0 274.0 264.0 256.0 240.0 226.0 214.0 204.0 197.0 185.0 169.0 155.0 144.0 137.0 135.0 135.0 135.0 135.0 135.0 135.0 135.0 137.0 144.0 155.0
528.0 531.0 535.0 540.0 545.0 552.0 559.0 567.0 575.0 579.0 579.0 580.0 579.0 574.0 559.0 544.0 530.0 517.0 504.0 491.0 480.0 469.0 459.0 449.0 441.0 434.0 427.0 422.0 418.0 415.0 413.0 413.0 413.0 413.0 413.0 415.0 418.0 422.0 411.0 400.0 390.0 382.0 374.0 365.0 353.0 342.0 331.0 323.0 315.0 309.0 295.0 283.0 272.0 263.0 253.0 238.0 225.0 213.0 203.0 196.0 183.0 167.0 154.0 144.0 137.0 131.0 112.0 96.0 84.0 79.0 79.0 79.0 79.0 79.0 79.0 79.0 84.0 96.0 112.0
472.0 476.0 480.0 485.0 491.0 498.0 506.0 515.0 523.0 523.0 523.0 524.0 523.0 523.0 517.0 501.0 486.0 472.0 458.0 444.0 431.0 419.0 408.0 398.0 389.0 380.0 373.0 367.0 363.0 359.0 357.0 356.0 356.0 356.0 357.0 359.0 363.0 367.0 363.0 351.0 340.0 330.0 321.0 314.0 306.0 293.0 281.0 271.0 262.0 255.0 250.0 236.0 223.0 212.0 202.0 195.0 181.0 166.0 153.0 143.0 136.0 129.0 111.0 95.0 83.0 78.0 76.0 60.0 46.0 10.0 10.0 9.0 8.0 9.0 9.0 10.0 46.0 60.0 76.0
417.0 420.0 425.0 431.0 438.0 446.0 454.0 464.0 467.0 467.0 467.0 468.0 467.0 467.0 468.0 461.0 445.0 429.0 414.0 400.0 386.0 372.0 360.0 348.0 338.0 328.0 320.0 313.0 308.0 304.0 301.0 300.0 300.0 300.0 301.0 304.0 308.0 313.0 317.0 303.0 291.0 279.0 269.0 261.0 254.0 248.0 234.0 221.0 210.0 201.0 195.0 191.0 179.0 164.0 152.0 142.0 136.0 127.0 109.0 94.0 82.0 78.0 78.0 67.0 45.0 10.0 6.0 4.0 1.0 0.0 0.0 0.0 0.0 0.0 0.0 0.0 2.0 7.0 9.0
361.0 366.0 371.0 378.0 385.0 394.0 403.0 411.0 411.0 411.0 411.0 412.0 411.0 411.0 412.0 413.0 408.0 391.0 374.0 358.0 343.0 328.0 314.0 301.0 289.0 278.0 268.0 260.0 253.0 248.0 245.0 244.0 244.0 244.0 245.0 248.0 253.0 260.0 268.0 260.0 246.0 232.0 220.0 209.0 201.0 194.0 190.0 177.0 163.0 151.0 141.0 135.0 133.0 125.0 108.0 93.0 82.0 78.0 78.0 66.0 44.0 11.0 9.0 9.0 44.0 9.0 2.0 0.0 0.0 0.0 0.0 0.0 0.0 0.0 0.0 0.0 0.0 3.0 7.0
306.0 311.0 318.0 325.0 334.0 344.0 354.0 355.0 355.0 355.0 355.0 356.0 355.0 355.0 356.0 358.0 361.0 357.0 339.0 322.0 305.0 288.0 272.0 257.0 243.0 230.0 218.0 208.0 200.0 193.0 190.0 188.0 188.0 188.0 190.0 193.0 200.0 208.0 218.0 218.0 206.0 190.0 175.0 161.0 149.0 140.0 135.0 133.0 123.0 106.0 92.0 81.0 77.0 77.0 77.0 65.0 43.0 9.0 6.0 7.0 11.0 10.0 5.0 4.0 1.0 3.0 3.0 0.0 0.0 0.0 0.0 0.0 0.0 0.0 0.0 0.0 0.0 3.0 1.0
