Environmental Parameters/RCP 45/2050/Distance_from_land.asc
ncols 720
nrows 360
xllcorner -180.00
yllcorner -90.00
cellsize 0.5
NODATA_value -9999
[rows 210 to 244 of 360, columns 237 to 315 of 720]
0.0 0.0 0.0 0.0 0.0 0.0 0.0 0.0 0.0 0.0 0.0 0.0 0.0 0.0 0.0 0.0 0.0 0.0 0.0 0.0 0.0 0.0 0.0 0.0 0.0 0.0 0.0 0.0 0.0 0.0 0.0 0.0 0.0 0.0 0.0 0.0 0.0 0.0 0.0 0.0 0.0 0.0 0.0 0.0 0.0 27.0 94.0 143.0 195.0 247.0 299.0 352.0 405.0 459.0 512.0 563.0 608.0 649.0 632.0 620.0 612.0 610.0 612.0 620.0 632.0 649.0 669.0 694.0 720.0 743.0 768.0 797.0 828.0 862.0 897.0 935.0 973.0 1014.0 1055.0
0.0 0.0 0.0 0.0 0.0 0.0 0.0 0.0 0.0 0.0 0.0 0.0 0.0 0.0 0.0 0.0 0.0 0.0 0.0 0.0 0.0 0.0 0.0 0.0 0.0 0.0 0.0 0.0 0.0 0.0 0.0 0.0 0.0 0.0 0.0 0.0 0.0 0.0 0.0 0.0 0.0 0.0 0.0 0.0 0.0 22.0 80.0 134.0 187.0 241.0 294.0 348.0 401.0 455.0 508.0 562.0 615.0 597.0 578.0 565.0 557.0 554.0 557.0 565.0 578.0 597.0 619.0 646.0 669.0 693.0 721.0 752.0 785.0 820.0 857.0 896.0 937.0 978.0 1021.0
0.0 0.0 0.0 0.0 0.0 0.0 0.0 0.0 0.0 0.0 0.0 0.0 0.0 0.0 0.0 0.0 0.0 0.0 0.0 0.0 0.0 0.0 0.0 0.0 0.0 0.0 0.0 0.0 0.0 0.0 0.0 0.0 0.0 0.0 0.0 0.0 0.0 0.0 0.0 0.0 0.0 0.0 0.0 0.0 2.0 26.0 94.0 143.0 194.0 246.0 299.0 352.0 404.0 458.0 511.0 564.0 571.0 546.0 526.0 511.0 501.0 498.0 501.0 511.0 526.0 546.0 571.0 596.0 619.0 645.0 675.0 708.0 743.0 780.0 819.0 860.0 902.0 945.0 989.0
0.0 0.0 0.0 0.0 0.0 0.0 0.0 0.0 0.0 0.0 0.0 0.0 0.0 0.0 0.0 0.0 0.0 0.0 0.0 0.0 0.0 0.0 0.0 0.0 0.0 0.0 0.0 0.0 0.0 0.0 0.0 0.0 0.0 0.0 0.0 0.0 0.0 0.0 0.0 0.0 0.0 0.0 0.0 0.0 7.0 80.0 128.0 168.0 214.0 263.0 312.0 363.0 415.0 466.0 519.0 555.0 523.0 496.0 473.0 456.0 446.0 442.0 446.0 456.0 473.0 496.0 523.0 545.0 570.0 599.0 631.0 666.0 703.0 742.0 783.0 826.0 869.0 914.0 959.0
0.0 0.0 0.0 0.0 0.0 0.0 0.0 0.0 0.0 0.0 0.0 0.0 0.0 0.0 0.0 0.0 0.0 0.0 0.0 0.0 0.0 0.0 0.0 0.0 0.0 0.0 0.0 0.0 0.0 0.0 0.0 0.0 0.0 0.0 0.0 0.0 0.0 0.0 0.0 0.0 0.0 0.0 0.0 0.0 11.0 80.0 133.0 186.0 239.0 288.0 334.0 382.0 431.0 481.0 532.0 513.0 478.0 448.0 422.0 403.0 391.0 387.0 391.0 403.0 422.0 448.0 473.0 495.0 523.0 554.0 589.0 626.0 666.0 707.0 750.0 794.0 839.0 885.0 932.0
0.0 0.0 0.0 0.0 0.0 0.0 0.0 0.0 0.0 0.0 0.0 0.0 0.0 0.0 0.0 0.0 0.0 0.0 0.0 0.0 0.0 0.0 0.0 0.0 0.0 0.0 0.0 0.0 0.0 0.0 0.0 0.0 0.0 0.0 0.0 0.0 0.0 0.0 0.0 0.0 0.0 0.0 0.0 0.0 15.0 79.0 132.0 185.0 238.0 291.0 344.0 397.0 450.0 502.0 514.0 473.0 436.0 402.0 373.0 350.0 336.0 331.0 336.0 350.0 373.0 402.0 422.0 447.0 477.0 512.0 549.0 589.0 631.0 675.0 720.0 766.0 812.0 860.0 908.0
0.0 0.0 0.0 0.0 0.0 0.0 0.0 0.0 0.0 0.0 0.0 0.0 0.0 0.0 0.0 0.0 0.0 0.0 0.0 0.0 0.0 0.0 0.0 0.0 0.0 0.0 0.0 0.0 0.0 0.0 0.0 0.0 0.0 0.0 0.0 0.0 0.0 0.0 0.0 0.0 0.0 0.0 0.0 8.0 50.0 93.0 142.0 192.0 244.0 296.0 348.0 400.0 453.0 505.0 482.0 438.0 397.0 359.0 325.0 299.0 281.0 275.0 281.0 299.0 325.0 350.0 372.0 401.0 435.0 473.0 513.0 556.0 600.0 646.0 693.0 740.0 789.0 837.0 887.0
0.0 0.0 0.0 0.0 0.0 0.0 0.0 0.0 0.0 0.0 0.0 0.0 0.0 0.0 0.0 0.0 0.0 0.0 0.0 0.0 0.0 0.0 0.0 0.0 0.0 0.0 0.0 0.0 0.0 0.0 0.0 0.0 0.0 0.0 0.0 0.0 0.0 0.0 0.0 0.0 0.0 0.0 0.0 13.0 79.0 127.0 167.0 212.0 260.0 309.0 360.0 410.0 462.0 504.0 456.0 409.0 363.0 321.0 282.0 250.0 228.0 219.0 228.0 250.0 281.0 298.0 325.0 358.0 396.0 437.0 481.0 527.0 573.0 621.0 670.0 719.0 768.0 818.0 868.0
0.0 0.0 0.0 0.0 0.0 0.0 0.0 0.0 0.0 0.0 0.0 0.0 0.0 0.0 0.0 0.0 0.0 0.0 0.0 0.0 0.0 0.0 0.0 0.0 0.0 0.0 0.0 0.0 0.0 0.0 0.0 0.0 0.0 0.0 0.0 0.0 0.0 0.0 0.0 0.0 0.0 0.0 0.0 11.0 79.0 131.0 184.0 236.0 286.0 331.0 379.0 427.0 477.0 486.0 435.0 386.0 337.0 290.0 245.0 205.0 175.0 164.0 175.0 205.0 227.0 249.0 281.0 320.0 362.0 408.0 454.0 503.0 551.0 601.0 651.0 701.0 752.0 803.0 854.0
0.0 0.0 0.0 0.0 0.0 0.0 0.0 0.0 0.0 0.0 0.0 0.0 0.0 0.0 0.0 0.0 0.0 0.0 0.0 0.0 0.0 0.0 0.0 0.0 0.0 0.0 0.0 0.0 0.0 0.0 0.0 0.0 0.0 0.0 0.0 0.0 0.0 0.0 0.0 0.0 0.0 0.0 3.0 23.0 92.0 141.0 191.0 242.0 293.0 345.0 397.0 449.0 497.0 474.0 422.0 371.0 319.0 269.0 219.0 171.0 129.0 108.0 129.0 164.0 175.0 205.0 244.0 289.0 336.0 384.0 434.0 484.0 535.0 586.0 637.0 688.0 739.0 791.0 843.0
0.0 0.0 0.0 0.0 0.0 0.0 0.0 0.0 0.0 0.0 0.0 0.0 0.0 0.0 0.0 0.0 0.0 0.0 0.0 0.0 0.0 0.0 0.0 0.0 0.0 0.0 0.0 0.0 0.0 0.0 0.0 0.0 0.0 0.0 0.0 0.0 0.0 0.0 0.0 0.0 0.0 0.0 14.0 78.0 127.0 166.0 211.0 258.0 307.0 357.0 407.0 458.0 509.0 469.0 417.0 365.0 313.0 261.0 209.0 157.0 104.0 26.0 104.0 108.0 128.0 170.0 218.0 268.0 318.0 370.0 421.0 473.0 524.0 576.0 628.0 680.0 731.0 783.0 835.0
0.0 0.0 0.0 0.0 0.0 0.0 0.0 0.0 0.0 0.0 0.0 0.0 0.0 0.0 0.0 0.0 0.0 0.0 0.0 0.0 0.0 0.0 0.0 0.0 0.0 0.0 0.0 0.0 0.0 0.0 0.0 0.0 0.0 0.0 0.0 0.0 0.0 0.0 0.0 0.0 0.0 8.0 25.0 92.0 140.0 190.0 240.0 284.0 329.0 376.0 424.0 473.0 522.0 472.0 421.0 369.0 318.0 268.0 218.0 170.0 128.0 108.0 104.0 26.0 104.0 156.0 208.0 260.0 312.0 364.0 416.0 468.0 520.0 572.0 624.0 676.0 728.0 780.0 832.0
0.0 0.0 0.0 0.0 0.0 0.0 0.0 0.0 0.0 0.0 0.0 0.0 0.0 0.0 0.0 0.0 0.0 0.0 0.0 0.0 0.0 0.0 0.0 0.0 0.0 0.0 0.0 0.0 0.0 0.0 0.0 0.0 0.0 0.0 0.0 0.0 0.0 0.0 0.0 0.0 1.0 23.0 92.0 126.0 166.0 210.0 257.0 305.0 355.0 402.0 447.0 494.0 533.0 482.0 432.0 383.0 335.0 288.0 243.0 204.0 175.0 163.0 128.0 107.0 128.0 170.0 217.0 267.0 317.0 368.0 419.0 471.0 522.0 574.0 625.0 677.0 729.0 781.0 832.0
0.0 0.0 0.0 0.0 0.0 0.0 0.0 0.0 0.0 0.0 0.0 0.0 0.0 0.0 0.0 0.0 0.0 0.0 0.0 0.0 0.0 0.0 0.0 0.0 0.0 0.0 0.0 0.0 0.0 0.0 0.0 0.0 0.0 0.0 0.0 0.0 0.0 0.0 0.0 0.0 1.0 77.0 126.0 165.0 202.0 241.0 283.0 327.0 374.0 422.0 470.0 519.0 548.0 499.0 451.0 405.0 360.0 318.0 280.0 248.0 226.0 204.0 174.0 163.0 174.0 204.0 243.0 287.0 334.0 382.0 431.0 481.0 531.0 582.0 632.0 683.0 734.0 786.0 837.0
0.0 0.0 0.0 0.0 0.0 0.0 0.0 0.0 0.0 0.0 0.0 0.0 0.0 0.0 0.0 0.0 0.0 0.0 0.0 0.0 0.0 0.0 0.0 0.0 0.0 0.0 0.0 0.0 0.0 0.0 0.0 0.0 0.0 0.0 0.0 0.0 0.0 0.0 0.0 9.0 21.0 91.0 139.0 188.0 238.0 278.0 316.0 357.0 400.0 445.0 491.0 538.0 568.0 522.0 477.0 434.0 393.0 355.0 323.0 297.0 279.0 248.0 226.0 218.0 226.0 248.0 279.0 317.0 359.0 404.0 450.0 498.0 546.0 595.0 644.0 694.0 744.0 795.0 845.0
0.0 0.0 0.0 0.0 0.0 0.0 0.0 0.0 0.0 0.0 0.0 0.0 0.0 0.0 0.0 0.0 0.0 0.0 0.0 0.0 0.0 0.0 0.0 0.0 0.0 0.0 0.0 0.0 0.0 0.0 0.0 0.0 0.0 0.0 3.0 4.0 8.0 4.0 5.0 25.0 91.0 126.0 165.0 208.0 255.0 303.0 351.0 391.0 431.0 473.0 517.0 562.0 593.0 550.0 508.0 468.0 431.0 398.0 370.0 348.0 322.0 297.0 280.0 274.0 280.0 297.0 322.0 355.0 392.0 433.0 476.0 520.0 566.0 614.0 661.0 710.0 758.0 808.0 857.0
0.0 0.0 0.0 0.0 0.0 0.0 0.0 0.0 0.0 0.0 0.0 0.0 0.0 0.0 0.0 0.0 0.0 0.0 0.0 0.0 0.0 0.0 0.0 0.0 0.0 0.0 0.0 0.0 0.0 0.0 0.0 0.0 1.0 14.0 25.0 86.0 86.0 86.0 86.0 97.0 126.0 164.0 202.0 239.0 281.0 325.0 371.0 418.0 466.0 505.0 546.0 589.0 623.0 582.0 543.0 506.0 473.0 443.0 419.0 397.0 369.0 348.0 334.0 329.0 334.0 348.0 369.0 397.0 430.0 467.0 507.0 548.0 592.0 637.0 683.0 729.0 777.0 824.0 873.0
0.0 0.0 0.0 0.0 0.0 0.0 0.0 0.0 0.0 0.0 0.0 0.0 0.0 0.0 0.0 0.0 0.0 0.0 0.0 0.0 0.0 0.0 0.0 0.0 0.0 0.0 0.0 0.0 0.0 0.0 5.0 13.0 19.0 86.0 97.0 126.0 141.0 141.0 141.0 149.0 170.0 201.0 239.0 277.0 314.0 354.0 397.0 441.0 487.0 533.0 580.0 620.0 656.0 618.0 582.0 548.0 518.0 491.0 470.0 443.0 418.0 400.0 388.0 385.0 388.0 400.0 418.0 443.0 472.0 505.0 542.0 581.0 622.0 664.0 708.0 753.0 798.0 845.0 892.0
0.0 0.0 0.0 0.0 0.0 0.0 0.0 0.0 0.0 0.0 0.0 0.0 0.0 0.0 0.0 0.0 0.0 0.0 0.0 0.0 0.0 0.0 0.0 0.0 0.0 0.0 0.0 0.0 2.0 19.0 50.0 86.0 97.0 125.0 149.0 170.0 197.0 197.0 197.0 203.0 219.0 245.0 277.0 313.0 352.0 389.0 428.0 469.0 513.0 557.0 602.0 649.0 693.0 657.0 623.0 592.0 565.0 541.0 517.0 491.0 469.0 453.0 443.0 440.0 443.0 453.0 469.0 491.0 517.0 547.0 581.0 617.0 655.0 695.0 737.0 780.0 823.0 868.0 914.0
0.0 0.0 0.0 0.0 0.0 0.0 0.0 0.0 0.0 0.0 0.0 0.0 0.0 0.0 0.0 0.0 0.0 0.0 0.0 0.0 0.0 0.0 0.0 0.0 0.0 0.0 0.0 8.0 22.0 86.0 97.0 125.0 149.0 170.0 201.0 219.0 245.0 253.0 253.0 257.0 271.0 292.0 320.0 352.0 388.0 427.0 464.0 502.0 543.0 585.0 628.0 673.0 718.0 698.0 667.0 638.0 613.0 591.0 564.0 540.0 521.0 507.0 498.0 495.0 498.0 507.0 521.0 540.0 564.0 591.0 622.0 655.0 691.0 729.0 769.0 810.0 852.0 895.0 939.0
0.0 0.0 0.0 0.0 0.0 0.0 0.0 0.0 0.0 0.0 0.0 0.0 0.0 0.0 0.0 0.0 0.0 0.0 0.0 0.0 0.0 0.0 0.0 0.0 0.0 2.0 12.0 25.0 90.0 125.0 149.0 170.0 200.0 219.0 244.0 271.0 292.0 308.0 308.0 312.0 324.0 342.0 366.0 394.0 427.0 463.0 501.0 538.0 576.0 616.0 657.0 700.0 743.0 741.0 712.0 686.0 663.0 637.0 612.0 591.0 574.0 561.0 553.0 551.0 553.0 561.0 574.0 591.0 612.0 637.0 666.0 697.0 730.0 766.0 803.0 842.0 883.0 924.0 966.0
0.0 0.0 0.0 0.0 0.0 0.0 0.0 0.0 0.0 0.0 0.0 0.0 0.0 0.0 0.0 0.0 0.0 0.0 0.0 0.0 0.0 0.0 0.0 0.0 0.0 2.0 24.0 97.0 125.0 162.0 200.0 219.0 244.0 271.0 292.0 319.0 342.0 364.0 364.0 367.0 377.0 393.0 414.0 440.0 469.0 502.0 537.0 575.0 613.0 650.0 690.0 730.0 772.0 786.0 759.0 734.0 711.0 685.0 662.0 642.0 627.0 615.0 608.0 606.0 608.0 615.0 627.0 642.0 662.0 685.0 711.0 740.0 771.0 805.0 840.0 877.0 916.0 956.0 996.0
0.0 0.0 0.0 0.0 0.0 0.0 0.0 0.0 0.0 0.0 0.0 0.0 0.0 0.0 0.0 0.0 0.0 0.0 0.0 0.0 0.0 0.0 0.0 0.0 0.0 7.0 75.0 125.0 164.0 200.0 236.0 271.0 292.0 318.0 341.0 365.0 393.0 414.0 420.0 423.0 431.0 445.0 464.0 487.0 514.0 543.0 576.0 611.0 649.0 687.0 724.0 763.0 803.0 832.0 807.0 784.0 758.0 734.0 712.0 695.0 680.0 670.0 664.0 661.0 664.0 670.0 680.0 695.0 712.0 734.0 758.0 785.0 814.0 846.0 879.0 915.0 951.0 989.0 1029.0
0.0 0.0 0.0 0.0 0.0 0.0 0.0 0.0 0.0 0.0 0.0 0.0 0.0 0.0 0.0 0.0 0.0 0.0 0.0 0.0 0.0 0.0 0.0 0.0 0.0 8.0 74.0 124.0 163.0 208.0 255.0 304.0 341.0 365.0 393.0 413.0 439.0 464.0 476.0 478.0 486.0 498.0 515.0 536.0 560.0 588.0 618.0 650.0 685.0 722.0 761.0 798.0 836.0 876.0 856.0 831.0 806.0 783.0 764.0 747.0 734.0 725.0 719.0 717.0 719.0 725.0 734.0 747.0 764.0 783.0 806.0 831.0 859.0 889.0 920.0 954.0 989.0 1025.0 1063.0
0.0 0.0 0.0 0.0 0.0 0.0 0.0 0.0 0.0 0.0 0.0 0.0 0.0 0.0 0.0 0.0 0.0 0.0 0.0 0.0 0.0 0.0 0.0 0.0 0.0 4.0 24.0 99.0 148.0 198.0 247.0 297.0 346.0 395.0 438.0 463.0 486.0 512.0 531.0 534.0 540.0 552.0 567.0 586.0 608.0 634.0 662.0 692.0 725.0 759.0 796.0 834.0 872.0 909.0 904.0 878.0 855.0 834.0 815.0 800.0 788.0 779.0 774.0 772.0 774.0 779.0 788.0 800.0 815.0 834.0 855.0 878.0 904.0 933.0 963.0 995.0 1028.0 1063.0 1099.0
0.0 0.0 0.0 0.0 0.0 0.0 0.0 0.0 0.0 0.0 0.0 0.0 0.0 0.0 0.0 0.0 0.0 0.0 0.0 0.0 0.0 0.0 0.0 0.0 0.0 6.0 24.0 98.0 148.0 197.0 246.0 295.0 344.0 394.0 443.0 492.0 535.0 559.0 586.0 589.0 595.0 605.0 619.0 637.0 658.0 681.0 707.0 735.0 766.0 799.0 833.0 869.0 907.0 945.0 951.0 927.0 905.0 885.0 868.0 854.0 842.0 834.0 829.0 828.0 829.0 834.0 842.0 854.0 868.0 885.0 905.0 927.0 951.0 978.0 1006.0 1037.0 1069.0 1102.0 1137.0
0.0 0.0 0.0 0.0 0.0 0.0 0.0 0.0 0.0 0.0 0.0 0.0 0.0 0.0 0.0 0.0 0.0 0.0 0.0 0.0 0.0 0.0 0.0 0.0 0.0 11.0 73.0 122.0 162.0 206.0 253.0 301.0 349.0 397.0 446.0 494.0 543.0 592.0 632.0 645.0 650.0 660.0 672.0 688.0 708.0 730.0 754.0 780.0 809.0 840.0 873.0 907.0 943.0 980.0 999.0 976.0 955.0 936.0 920.0 907.0 897.0 889.0 885.0 883.0 885.0 889.0 897.0 907.0 920.0 936.0 955.0 976.0 999.0 1024.0 1051.0 1080.0 1111.0 1143.0 1176.0
0.0 0.0 0.0 0.0 0.0 0.0 0.0 0.0 0.0 0.0 0.0 0.0 0.0 0.0 0.0 0.0 0.0 0.0 0.0 0.0 0.0 0.0 0.0 0.0 9.0 22.0 88.0 132.0 179.0 226.0 274.0 318.0 363.0 409.0 456.0 503.0 551.0 599.0 647.0 695.0 705.0 714.0 726.0 741.0 759.0 779.0 802.0 827.0 854.0 883.0 914.0 946.0 981.0 1016.0 1047.0 1026.0 1006.0 988.0 973.0 961.0 951.0 944.0 940.0 938.0 940.0 944.0 951.0 961.0 973.0 988.0 1006.0 1026.0 1047.0 1071.0 1097.0 1125.0 1154.0 1184.0 1216.0
0.0 0.0 0.0 0.0 0.0 0.0 0.0 0.0 0.0 0.0 0.0 0.0 0.0 0.0 0.0 0.0 0.0 0.0 0.0 0.0 0.0 0.0 0.0 9.0 50.0 88.0 122.0 159.0 200.0 244.0 289.0 335.0 381.0 428.0 473.0 519.0 565.0 611.0 658.0 705.0 753.0 768.0 779.0 793.0 810.0 829.0 851.0 874.0 900.0 927.0 956.0 987.0 1020.0 1054.0 1089.0 1076.0 1057.0 1041.0 1027.0 1015.0 1006.0 999.0 995.0 994.0 995.0 999.0 1006.0 1015.0 1027.0 1041.0 1057.0 1076.0 1097.0 1119.0 1144.0 1170.0 1198.0 1227.0 1258.0
0.0 0.0 0.0 0.0 0.0 0.0 0.0 0.0 0.0 0.0 0.0 0.0 0.0 0.0 0.0 0.0 0.0 0.0 0.0 0.0 0.0 0.0 2.0 23.0 87.0 123.0 159.0 196.0 231.0 271.0 312.0 355.0 399.0 444.0 490.0 536.0 583.0 629.0 674.0 720.0 766.0 812.0 833.0 846.0 862.0 880.0 900.0 923.0 947.0 972.0 1000.0 1030.0 1061.0 1093.0 1127.0 1127.0 1109.0 1093.0 1080.0 1069.0 1060.0 1054.0 1050.0 1049.0 1050.0 1054.0 1060.0 1069.0 1080.0 1093.0 1109.0 1127.0 1146.0 1168.0 1191.0 1216.0 1243.0 1271.0 1294.0
0.0 0.0 0.0 0.0 0.0 0.0 0.0 0.0 0.0 0.0 0.0 0.0 0.0 0.0 0.0 0.0 0.0 0.0 0.0 0.0 9.0 11.0 12.0 87.0 122.0 159.0 197.0 231.0 269.0 304.0 342.0 382.0 423.0 466.0 510.0 554.0 599.0 645.0 690.0 737.0 783.0 828.0 874.0 900.0 914.0 931.0 951.0 972.0 994.0 1019.0 1045.0 1073.0 1103.0 1134.0 1167.0 1178.0 1161.0 1146.0 1134.0 1123.0 1115.0 1109.0 1106.0 1104.0 1106.0 1109.0 1115.0 1123.0 1134.0 1146.0 1161.0 1178.0 1197.0 1217.0 1239.0 1263.0 1289.0 1291.0 1255.0
0.0 0.0 0.0 0.0 0.0 0.0 0.0 0.0 0.0 0.0 0.0 0.0 0.0 0.0 0.0 0.0 0.0 0.0 0.0 0.0 20.0 15.0 22.0 96.0 143.0 191.0 230.0 269.0 304.0 341.0 376.0 413.0 452.0 493.0 534.0 577.0 620.0 664.0 708.0 753.0 798.0 844.0 890.0 936.0 967.0 983.0 1001.0 1022.0 1043.0 1066.0 1091.0 1118.0 1146.0 1176.0 1207.0 1229.0 1213.0 1199.0 1187.0 1178.0 1170.0 1164.0 1161.0 1160.0 1161.0 1164.0 1170.0 1178.0 1187.0 1199.0 1213.0 1229.0 1247.0 1267.0 1288.0 1311.0 1292.0 1255.0 1218.0
0.0 0.0 0.0 0.0 0.0 0.0 0.0 0.0 0.0 0.0 0.0 0.0 0.0 0.0 0.0 0.0 0.0 0.0 0.0 14.0 19.0 19.0 95.0 121.0 158.0 201.0 246.0 292.0 339.0 377.0 413.0 448.0 484.0 523.0 562.0 603.0 645.0 687.0 730.0 773.0 817.0 862.0 907.0 952.0 997.0 1035.0 1053.0 1072.0 1092.0 1114.0 1138.0 1164.0 1191.0 1219.0 1249.0 1280.0 1266.0 1253.0 1241.0 1232.0 1225.0 1219.0 1216.0 1215.0 1216.0 1219.0 1225.0 1232.0 1241.0 1253.0 1266.0 1281.0 1298.0 1317.0 1335.0 1296.0 1258.0 1220.0 1182.0
0.0 0.0 0.0 0.0 0.0 0.0 0.0 0.0 0.0 0.0 0.0 0.0 0.0 0.0 0.0 0.0 0.0 0.0 7.0 21.0 22.0 95.0 120.0 157.0 194.0 228.0 268.0 310.0 353.0 398.0 443.0 485.0 521.0 556.0 593.0 632.0 672.0 713.0 754.0 796.0 839.0 882.0 926.0 970.0 1014.0 1059.0 1104.0 1123.0 1142.0 1163.0 1186.0 1210.0 1236.0 1263.0 1292.0 1322.0 1319.0 1306.0 1295.0 1287.0 1280.0 1275.0 1271.0 1270.0 1271.0 1275.0 1280.0 1287.0 1295.0 1306.0 1319.0 1334.0 1350.0 1344.0 1304.0 1264.0 1225.0 1186.0 1148.0
0.0 0.0 0.0 0.0 0.0 0.0 0.0 0.0 0.0 0.0 0.0 0.0 0.0 0.0 0.0 0.0 0.0 0.0 12.0 71.0 103.0 120.0 157.0 193.0 227.0 266.0 300.0 337.0 377.0 418.0 461.0 505.0 550.0 593.0 628.0 664.0 702.0 741.0 781.0 822.0 864.0 906.0 948.0 991.0 1034.0 1078.0 1122.0 1166.0 1193.0 1212.0 1234.0 1257.0 1282.0 1308.0 1336.0 1365.0 1372.0 1360.0 1350.0 1341.0 1334.0 1330.0 1327.0 1326.0 1327.0 1330.0 1334.0 1341.0 1350.0 1360.0 1372.0 1386.0 1357.0 1316.0 1275.0 1235.0 1194.0 1155.0 1116.0
