Environmental Parameters/RCP 45/2050/Distance_from_land.asc
ncols 720
nrows 360
xllcorner -180.00
yllcorner -90.00
cellsize 0.5
NODATA_value -9999
[rows 0 to 34 of 360, columns 158 to 236 of 720]
682.0 682.0 682.0 682.0 682.0 681.0 681.0 681.0 681.0 681.0 680.0 680.0 680.0 680.0 679.0 679.0 679.0 679.0 679.0 678.0 678.0 678.0 678.0 678.0 678.0 677.0 677.0 677.0 677.0 677.0 676.0 676.0 676.0 676.0 676.0 676.0 675.0 675.0 675.0 675.0 675.0 675.0 674.0 674.0 674.0 674.0 674.0 674.0 673.0 673.0 673.0 673.0 673.0 673.0 673.0 672.0 672.0 672.0 672.0 672.0 672.0 672.0 671.0 671.0 671.0 671.0 671.0 671.0 671.0 671.0 670.0 670.0 670.0 670.0 670.0 670.0 670.0 670.0 670.0
660.0 659.0 659.0 658.0 657.0 657.0 656.0 655.0 655.0 654.0 653.0 653.0 652.0 651.0 651.0 650.0 650.0 649.0 648.0 648.0 647.0 647.0 646.0 645.0 645.0 644.0 644.0 643.0 642.0 642.0 641.0 641.0 640.0 639.0 639.0 638.0 638.0 637.0 637.0 636.0 636.0 635.0 635.0 634.0 634.0 633.0 633.0 632.0 632.0 631.0 631.0 630.0 630.0 629.0 629.0 628.0 628.0 627.0 627.0 627.0 626.0 626.0 625.0 625.0 625.0 624.0 624.0 623.0 623.0 623.0 622.0 622.0 622.0 621.0 621.0 620.0 620.0 620.0 620.0
626.0 626.0 625.0 625.0 624.0 624.0 623.0 623.0 622.0 622.0 621.0 621.0 620.0 620.0 619.0 619.0 619.0 618.0 618.0 618.0 617.0 617.0 617.0 616.0 615.0 614.0 613.0 612.0 611.0 610.0 609.0 608.0 607.0 606.0 605.0 604.0 603.0 602.0 601.0 600.0 599.0 598.0 597.0 596.0 596.0 595.0 594.0 593.0 592.0 591.0 590.0 589.0 589.0 588.0 587.0 586.0 585.0 585.0 584.0 583.0 582.0 582.0 581.0 580.0 579.0 579.0 578.0 577.0 577.0 576.0 575.0 575.0 574.0 573.0 573.0 572.0 571.0 571.0 570.0
578.0 577.0 577.0 576.0 575.0 574.0 573.0 573.0 572.0 571.0 570.0 570.0 569.0 568.0 568.0 567.0 567.0 566.0 565.0 565.0 564.0 564.0 563.0 563.0 563.0 562.0 562.0 561.0 561.0 561.0 560.0 560.0 560.0 559.0 559.0 559.0 559.0 559.0 558.0 558.0 558.0 558.0 558.0 558.0 558.0 558.0 558.0 556.0 555.0 554.0 553.0 551.0 550.0 549.0 548.0 546.0 545.0 544.0 543.0 542.0 540.0 539.0 538.0 537.0 536.0 535.0 534.0 533.0 532.0 531.0 530.0 529.0 528.0 527.0 526.0 525.0 524.0 523.0 522.0
532.0 530.0 529.0 528.0 527.0 526.0 525.0 524.0 523.0 522.0 521.0 520.0 519.0 518.0 517.0 516.0 515.0 514.0 514.0 513.0 512.0 511.0 511.0 510.0 509.0 509.0 508.0 508.0 507.0 507.0 506.0 506.0 505.0 505.0 505.0 504.0 504.0 504.0 504.0 503.0 503.0 503.0 503.0 503.0 503.0 503.0 503.0 503.0 503.0 503.0 503.0 503.0 503.0 503.0 503.0 503.0 503.0 503.0 503.0 503.0 501.0 500.0 498.0 497.0 495.0 494.0 492.0 491.0 489.0 488.0 486.0 485.0 484.0 482.0 481.0 480.0 478.0 477.0 476.0
487.0 485.0 484.0 482.0 480.0 479.0 478.0 476.0 475.0 473.0 472.0 471.0 469.0 468.0 467.0 466.0 465.0 464.0 463.0 462.0 461.0 460.0 459.0 458.0 457.0 456.0 455.0 455.0 454.0 453.0 452.0 452.0 451.0 451.0 450.0 450.0 449.0 449.0 449.0 448.0 448.0 448.0 448.0 448.0 448.0 448.0 447.0 447.0 447.0 447.0 447.0 447.0 447.0 447.0 447.0 447.0 447.0 447.0 447.0 447.0 447.0 447.0 447.0 447.0 447.0 447.0 448.0 448.0 448.0 447.0 445.0 444.0 442.0 440.0 438.0 436.0 435.0 433.0 431.0
444.0 442.0 440.0 438.0 436.0 434.0 432.0 430.0 429.0 427.0 425.0 423.0 422.0 420.0 418.0 417.0 415.0 414.0 413.0 411.0 410.0 409.0 407.0 406.0 405.0 404.0 403.0 402.0 401.0 400.0 399.0 398.0 398.0 397.0 396.0 396.0 395.0 395.0 394.0 394.0 393.0 393.0 393.0 393.0 392.0 392.0 392.0 392.0 392.0 392.0 392.0 392.0 392.0 392.0 392.0 392.0 392.0 392.0 392.0 392.0 392.0 392.0 392.0 392.0 392.0 392.0 392.0 392.0 393.0 393.0 393.0 393.0 394.0 394.0 395.0 395.0 394.0 392.0 390.0
405.0 402.0 400.0 397.0 395.0 392.0 390.0 387.0 385.0 383.0 380.0 378.0 376.0 374.0 372.0 370.0 368.0 366.0 364.0 362.0 360.0 359.0 357.0 356.0 354.0 353.0 351.0 350.0 349.0 347.0 346.0 345.0 344.0 343.0 342.0 342.0 341.0 340.0 340.0 339.0 339.0 338.0 338.0 338.0 337.0 337.0 337.0 337.0 337.0 337.0 337.0 337.0 337.0 337.0 337.0 337.0 337.0 337.0 337.0 337.0 337.0 337.0 337.0 337.0 337.0 337.0 337.0 337.0 338.0 338.0 338.0 339.0 339.0 340.0 340.0 341.0 342.0 342.0 343.0
370.0 366.0 363.0 360.0 357.0 354.0 350.0 347.0 344.0 342.0 339.0 336.0 333.0 330.0 328.0 325.0 323.0 320.0 318.0 315.0 313.0 311.0 309.0 307.0 305.0 303.0 301.0 299.0 297.0 296.0 294.0 293.0 291.0 290.0 289.0 288.0 287.0 286.0 285.0 285.0 284.0 283.0 283.0 283.0 282.0 282.0 282.0 282.0 282.0 282.0 282.0 282.0 282.0 282.0 282.0 282.0 282.0 282.0 282.0 282.0 282.0 282.0 282.0 282.0 282.0 282.0 282.0 282.0 283.0 283.0 283.0 284.0 285.0 285.0 286.0 287.0 288.0 289.0 290.0
334.0 331.0 328.0 325.0 322.0 319.0 316.0 313.0 309.0 305.0 302.0 298.0 294.0 291.0 288.0 284.0 281.0 278.0 275.0 272.0 269.0 266.0 263.0 260.0 258.0 255.0 253.0 250.0 248.0 246.0 244.0 242.0 240.0 238.0 237.0 235.0 234.0 232.0 231.0 230.0 229.0 229.0 228.0 228.0 227.0 227.0 227.0 227.0 227.0 227.0 227.0 227.0 227.0 227.0 227.0 227.0 227.0 227.0 227.0 227.0 227.0 227.0 227.0 227.0 227.0 227.0 227.0 227.0 228.0 228.0 229.0 229.0 230.0 231.0 232.0 234.0 235.0 237.0 238.0
294.0 290.0 287.0 283.0 280.0 276.0 273.0 270.0 266.0 263.0 260.0 258.0 255.0 252.0 250.0 247.0 245.0 241.0 237.0 233.0 229.0 225.0 222.0 218.0 215.0 211.0 208.0 205.0 202.0 199.0 196.0 193.0 190.0 188.0 186.0 184.0 182.0 180.0 178.0 177.0 175.0 174.0 174.0 173.0 172.0 172.0 172.0 172.0 172.0 172.0 172.0 172.0 172.0 172.0 172.0 172.0 172.0 172.0 172.0 172.0 172.0 172.0 172.0 172.0 172.0 172.0 172.0 172.0 173.0 174.0 174.0 175.0 177.0 178.0 180.0 182.0 184.0 186.0 188.0
261.0 256.0 252.0 247.0 243.0 238.0 234.0 230.0 226.0 222.0 218.0 214.0 210.0 207.0 203.0 200.0 197.0 194.0 191.0 188.0 186.0 184.0 182.0 180.0 178.0 174.0 170.0 165.0 161.0 157.0 153.0 149.0 145.0 142.0 138.0 135.0 132.0 129.0 127.0 125.0 123.0 121.0 119.0 118.0 117.0 117.0 117.0 117.0 117.0 117.0 117.0 117.0 117.0 117.0 117.0 117.0 117.0 117.0 117.0 117.0 117.0 117.0 117.0 117.0 117.0 117.0 117.0 117.0 118.0 119.0 121.0 123.0 125.0 127.0 129.0 132.0 135.0 138.0 142.0
229.0 225.0 220.0 216.0 212.0 208.0 203.0 198.0 193.0 187.0 182.0 177.0 172.0 168.0 163.0 158.0 154.0 150.0 146.0 142.0 138.0 135.0 132.0 129.0 126.0 124.0 122.0 120.0 119.0 118.0 117.0 116.0 110.0 105.0 100.0 95.0 90.0 85.0 81.0 77.0 73.0 70.0 67.0 65.0 63.0 62.0 62.0 62.0 62.0 62.0 62.0 62.0 62.0 62.0 62.0 62.0 62.0 62.0 62.0 62.0 62.0 62.0 62.0 62.0 62.0 62.0 62.0 63.0 65.0 67.0 70.0 73.0 77.0 81.0 85.0 90.0 95.0 100.0 105.0
196.0 191.0 185.0 180.0 175.0 169.0 164.0 159.0 155.0 150.0 146.0 142.0 138.0 134.0 131.0 128.0 122.0 116.0 111.0 105.0 100.0 94.0 89.0 84.0 80.0 75.0 72.0 68.0 66.0 64.0 63.0 62.0 62.0 63.0 64.0 63.0 62.0 62.0 59.0 52.0 46.0 39.0 33.0 26.0 20.0 13.0 3.0 3.0 2.0 2.0 3.0 3.0 2.0 3.0 3.0 3.0 2.0 2.0 2.0 3.0 2.0 2.0 3.0 3.0 3.0 3.0 13.0 20.0 26.0 33.0 39.0 46.0 52.0 59.0 62.0 62.0 62.0 62.0 62.0
176.0 169.0 162.0 156.0 149.0 142.0 136.0 129.0 123.0 116.0 110.0 104.0 98.0 93.0 87.0 82.0 78.0 73.0 70.0 67.0 65.0 63.0 63.0 63.0 56.0 49.0 42.0 35.0 28.0 21.0 14.0 3.0 3.0 14.0 21.0 14.0 3.0 3.0 2.0 2.0 1.0 1.0 0.0 0.0 0.0 0.0 0.0 1.0 1.0 1.0 0.0 0.0 0.0 0.0 0.0 0.0 0.0 0.0 0.0 0.0 0.0 0.0 0.0 0.0 0.0 0.0 0.0 0.0 1.0 1.0 1.0 1.0 1.0 1.0 1.0 3.0 3.0 3.0 3.0
149.0 144.0 140.0 136.0 129.0 122.0 116.0 109.0 103.0 97.0 91.0 85.0 80.0 75.0 68.0 60.0 53.0 45.0 38.0 30.0 23.0 15.0 4.0 3.0 3.0 3.0 3.0 3.0 3.0 2.0 2.0 0.0 0.0 1.0 1.0 2.0 1.0 0.0 1.0 1.0 0.0 0.0 0.0 0.0 0.0 0.0 0.0 0.0 0.0 0.0 0.0 0.0 0.0 0.0 0.0 0.0 0.0 0.0 0.0 0.0 0.0 0.0 0.0 0.0 0.0 0.0 0.0 0.0 0.0 0.0 0.0 0.0 0.0 0.0 0.0 0.0 0.0 0.0 1.0
114.0 107.0 101.0 94.0 88.0 82.0 77.0 73.0 69.0 66.0 64.0 64.0 56.0 48.0 40.0 32.0 24.0 16.0 3.0 2.0 2.0 1.0 0.0 0.0 0.0 0.0 0.0 0.0 0.0 0.0 0.0 0.0 0.0 0.0 0.0 0.0 0.0 0.0 0.0 0.0 0.0 0.0 0.0 0.0 0.0 0.0 0.0 0.0 0.0 0.0 0.0 0.0 0.0 0.0 0.0 0.0 0.0 0.0 0.0 0.0 0.0 0.0 0.0 0.0 0.0 0.0 0.0 0.0 1.0 1.0 1.0 1.0 2.0 2.0 3.0 3.0 4.0 16.0 3.0
102.0 93.0 85.0 76.0 68.0 59.0 51.0 42.0 34.0 25.0 17.0 4.0 4.0 2.0 2.0 2.0 1.0 2.0 3.0 17.0 4.0 3.0 2.0 1.0 1.0 0.0 1.0 1.0 1.0 1.0 1.0 1.0 0.0 0.0 0.0 0.0 0.0 0.0 0.0 0.0 0.0 0.0 0.0 0.0 1.0 0.0 0.0 0.0 0.0 0.0 0.0 0.0 0.0 0.0 0.0 0.0 0.0 0.0 0.0 0.0 0.0 0.0 0.0 0.0 0.0 0.0 1.0 1.0 1.0 2.0 2.0 3.0 3.0 3.0 3.0 2.0 2.0 3.0 2.0
65.0 65.0 65.0 63.0 54.0 45.0 36.0 27.0 18.0 4.0 3.0 1.0 1.0 0.0 0.0 0.0 0.0 0.0 0.0 1.0 3.0 4.0 4.0 3.0 3.0 2.0 2.0 1.0 2.0 2.0 1.0 1.0 1.0 0.0 2.0 2.0 1.0 1.0 1.0 1.0 2.0 2.0 2.0 2.0 1.0 1.0 1.0 0.0 0.0 0.0 0.0 0.0 0.0 0.0 0.0 0.0 0.0 0.0 0.0 0.0 0.0 0.0 0.0 0.0 1.0 3.0 3.0 4.0 4.0 3.0 2.0 1.0 0.0 0.0 0.0 0.0 0.0 0.0 0.0
19.0 4.0 3.0 3.0 4.0 19.0 28.0 19.0 4.0 2.0 2.0 1.0 0.0 0.0 0.0 0.0 0.0 0.0 0.0 0.0 0.0 0.0 0.0 1.0 3.0 1.0 2.0 4.0 4.0 2.0 1.0 2.0 2.0 2.0 2.0 3.0 3.0 2.0 1.0 0.0 0.0 0.0 0.0 0.0 0.0 0.0 0.0 0.0 0.0 0.0 0.0 0.0 0.0 0.0 0.0 0.0 0.0 0.0 0.0 1.0 1.0 2.0 4.0 4.0 19.0 28.0 19.0 2.0 1.0 1.0 1.0 1.0 0.0 0.0 0.0 0.0 0.0 0.0 0.0
20.0 5.0 4.0 3.0 3.0 20.0 20.0 5.0 5.0 3.0 1.0 1.0 1.0 0.0 0.0 0.0 0.0 0.0 0.0 0.0 0.0 0.0 0.0 0.0 0.0 0.0 0.0 0.0 3.0 1.0 1.0 2.0 0.0 0.0 0.0 0.0 0.0 1.0 2.0 1.0 1.0 0.0 0.0 0.0 0.0 0.0 0.0 0.0 0.0 0.0 0.0 0.0 0.0 1.0 1.0 1.0 2.0 2.0 2.0 3.0 5.0 20.0 30.0 40.0 50.0 59.0 59.0 50.0 40.0 30.0 20.0 5.0 3.0 0.0 0.0 0.0 0.0 0.0 0.0
21.0 31.0 42.0 42.0 31.0 21.0 5.0 21.0 31.0 21.0 5.0 4.0 3.0 3.0 2.0 2.0 2.0 1.0 0.0 0.0 0.0 0.0 0.0 0.0 0.0 0.0 0.0 0.0 0.0 1.0 1.0 2.0 4.0 1.0 0.0 0.0 0.0 0.0 0.0 0.0 0.0 0.0 0.0 0.0 0.0 0.0 0.0 1.0 1.0 2.0 3.0 2.0 2.0 4.0 5.0 21.0 31.0 42.0 52.0 52.0 42.0 31.0 21.0 5.0 5.0 4.0 4.0 3.0 3.0 3.0 3.0 1.0 0.0 0.0 0.0 0.0 0.0 0.0 0.0
2.0 2.0 4.0 22.0 22.0 3.0 2.0 2.0 3.0 4.0 5.0 5.0 22.0 5.0 3.0 1.0 1.0 1.0 0.0 0.0 0.0 0.0 0.0 0.0 0.0 1.0 2.0 2.0 2.0 1.0 1.0 1.0 1.0 1.0 1.0 1.0 1.0 1.0 0.0 0.0 0.0 0.0 0.0 0.0 0.0 0.0 0.0 0.0 0.0 0.0 1.0 2.0 3.0 5.0 22.0 22.0 5.0 5.0 4.0 4.0 3.0 2.0 2.0 1.0 0.0 0.0 0.0 0.0 0.0 0.0 0.0 0.0 0.0 0.0 0.0 0.0 0.0 0.0 0.0
1.0 0.0 1.0 3.0 6.0 5.0 3.0 2.0 0.0 0.0 0.0 1.0 5.0 5.0 23.0 23.0 4.0 3.0 2.0 2.0 2.0 3.0 3.0 3.0 2.0 5.0 6.0 2.0 2.0 2.0 1.0 1.0 0.0 0.0 0.0 0.0 0.0 0.0 0.0 0.0 0.0 0.0 0.0 0.0 0.0 0.0 0.0 0.0 0.0 0.0 2.0 4.0 23.0 34.0 34.0 23.0 3.0 0.0 0.0 0.0 0.0 0.0 0.0 0.0 0.0 0.0 0.0 0.0 0.0 0.0 0.0 0.0 0.0 0.0 0.0 0.0 0.0 0.0 0.0
6.0 4.0 4.0 4.0 24.0 35.0 24.0 5.0 4.0 4.0 2.0 2.0 2.0 2.0 2.0 5.0 24.0 35.0 24.0 5.0 4.0 4.0 6.0 24.0 24.0 5.0 2.0 1.0 1.0 2.0 5.0 2.0 1.0 1.0 1.0 2.0 1.0 0.0 0.0 0.0 0.0 0.0 0.0 0.0 0.0 1.0 3.0 5.0 5.0 6.0 24.0 35.0 47.0 59.0 47.0 35.0 24.0 5.0 5.0 3.0 3.0 2.0 1.0 0.0 1.0 1.0 1.0 1.0 2.0 1.0 0.0 0.0 0.0 0.0 0.0 0.0 0.0 0.0 0.0
68.0 68.0 68.0 61.0 49.0 37.0 25.0 6.0 6.0 5.0 5.0 5.0 6.0 25.0 6.0 6.0 25.0 37.0 25.0 5.0 3.0 3.0 4.0 25.0 5.0 4.0 3.0 1.0 0.0 0.0 0.0 1.0 1.0 1.0 1.0 0.0 0.0 0.0 1.0 1.0 0.0 0.0 1.0 2.0 4.0 5.0 6.0 25.0 37.0 49.0 61.0 73.0 61.0 49.0 37.0 25.0 6.0 5.0 5.0 4.0 2.0 2.0 3.0 3.0 2.0 1.0 1.0 1.0 1.0 0.0 0.0 0.0 0.0 0.0 0.0 0.0 0.0 0.0 0.0
4.0 4.0 4.0 6.0 4.0 5.0 6.0 6.0 3.0 1.0 0.0 0.0 0.0 1.0 1.0 3.0 4.0 4.0 4.0 4.0 4.0 3.0 4.0 1.0 0.0 0.0 0.0 0.0 0.0 0.0 0.0 0.0 0.0 0.0 0.0 0.0 0.0 0.0 0.0 0.0 0.0 0.0 0.0 0.0 1.0 1.0 5.0 26.0 38.0 51.0 64.0 76.0 88.0 80.0 74.0 64.0 51.0 38.0 26.0 6.0 5.0 4.0 2.0 3.0 1.0 1.0 0.0 0.0 0.0 0.0 0.0 0.0 0.0 0.0 0.0 0.0 0.0 0.0 0.0
3.0 2.0 0.0 0.0 0.0 0.0 1.0 6.0 7.0 7.0 6.0 4.0 3.0 4.0 4.0 5.0 2.0 0.0 0.0 0.0 1.0 2.0 4.0 5.0 6.0 6.0 5.0 6.0 5.0 5.0 4.0 4.0 4.0 6.0 6.0 6.0 6.0 6.0 7.0 6.0 3.0 3.0 4.0 4.0 6.0 7.0 26.0 40.0 53.0 66.0 79.0 93.0 106.0 109.0 99.0 89.0 79.0 66.0 53.0 40.0 26.0 6.0 6.0 4.0 2.0 1.0 1.0 0.0 2.0 2.0 2.0 1.0 2.0 3.0 2.0 5.0 3.0 3.0 2.0
2.0 2.0 0.0 0.0 0.0 0.0 1.0 6.0 5.0 5.0 6.0 5.0 2.0 4.0 27.0 34.0 21.0 4.0 0.0 0.0 0.0 0.0 1.0 3.0 5.0 6.0 5.0 5.0 7.0 7.0 6.0 5.0 4.0 3.0 2.0 3.0 2.0 2.0 2.0 3.0 4.0 5.0 6.0 5.0 7.0 27.0 41.0 55.0 68.0 82.0 96.0 110.0 123.0 135.0 123.0 112.0 101.0 91.0 82.0 75.0 71.0 69.0 69.0 69.0 68.0 55.0 41.0 27.0 6.0 7.0 27.0 41.0 55.0 68.0 69.0 68.0 55.0 41.0 27.0
7.0 1.0 0.0 1.0 0.0 0.0 5.0 7.0 6.0 3.0 0.0 0.0 0.0 0.0 1.0 7.0 7.0 2.0 0.0 0.0 0.0 0.0 0.0 0.0 0.0 0.0 0.0 0.0 0.0 1.0 0.0 0.0 0.0 0.0 0.0 0.0 0.0 0.0 0.0 0.0 0.0 1.0 2.0 7.0 28.0 43.0 57.0 71.0 85.0 99.0 113.0 126.0 139.0 151.0 161.0 152.0 145.0 138.0 133.0 129.0 126.0 125.0 115.0 103.0 93.0 84.0 76.0 72.0 70.0 70.0 72.0 76.0 84.0 93.0 103.0 93.0 84.0 76.0 72.0
70.0 70.0 70.0 59.0 44.0 29.0 7.0 6.0 29.0 7.0 4.0 3.0 2.0 2.0 2.0 6.0 29.0 7.0 3.0 3.0 3.0 1.0 1.0 2.0 4.0 0.0 0.0 0.0 0.0 0.0 0.0 1.0 1.0 0.0 1.0 4.0 1.0 0.0 0.0 1.0 2.0 3.0 6.0 7.0 29.0 44.0 59.0 73.0 88.0 102.0 117.0 132.0 146.0 158.0 168.0 179.0 190.0 190.0 187.0 184.0 173.0 164.0 155.0 146.0 139.0 134.0 129.0 127.0 126.0 126.0 127.0 129.0 134.0 139.0 146.0 139.0 134.0 129.0 117.0
60.0 45.0 30.0 7.0 6.0 6.0 6.0 30.0 45.0 45.0 30.0 7.0 6.0 5.0 5.0 5.0 5.0 7.0 7.0 7.0 7.0 7.0 7.0 30.0 45.0 30.0 7.0 7.0 7.0 30.0 45.0 60.0 71.0 71.0 71.0 71.0 71.0 71.0 71.0 71.0 71.0 71.0 71.0 71.0 71.0 71.0 71.0 71.0 73.0 79.0 87.0 98.0 110.0 123.0 136.0 150.0 164.0 178.0 193.0 206.0 218.0 210.0 203.0 197.0 192.0 187.0 184.0 183.0 182.0 182.0 183.0 184.0 187.0 192.0 188.0 174.0 160.0 146.0 133.0
3.0 1.0 1.0 1.0 0.0 0.0 1.0 3.0 7.0 31.0 6.0 2.0 0.0 0.0 0.0 0.0 0.0 0.0 0.0 0.0 1.0 6.0 31.0 47.0 31.0 6.0 4.0 3.0 2.0 2.0 2.0 4.0 7.0 8.0 6.0 5.0 4.0 4.0 4.0 6.0 5.0 4.0 4.0 5.0 5.0 5.0 6.0 7.0 31.0 47.0 62.0 78.0 89.0 100.0 112.0 125.0 139.0 154.0 168.0 183.0 198.0 211.0 224.0 238.0 246.0 242.0 240.0 238.0 238.0 238.0 238.0 240.0 241.0 228.0 215.0 203.0 191.0 179.0 164.0
5.0 2.0 0.0 0.0 0.0 1.0 4.0 5.0 5.0 24.0 5.0 0.0 0.0 0.0 0.0 0.0 0.0 0.0 0.0 4.0 8.0 32.0 32.0 6.0 1.0 0.0 0.0 0.0 0.0 3.0 7.0 5.0 2.0 0.0 0.0 0.0 0.0 0.0 0.0 1.0 2.0 3.0 0.0 0.0 0.0 0.0 0.0 0.0 3.0 7.0 32.0 48.0 64.0 80.0 90.0 102.0 115.0 128.0 143.0 157.0 173.0 188.0 196.0 203.0 211.0 220.0 230.0 241.0 252.0 264.0 277.0 288.0 272.0 256.0 240.0 224.0 208.0 192.0 176.0
4.0 1.0 0.0 0.0 0.0 0.0 0.0 1.0 2.0 7.0 6.0 1.0 0.0 0.0 2.0 5.0 5.0 4.0 7.0 33.0 50.0 33.0 6.0 1.0 0.0 0.0 0.0 0.0 2.0 8.0 6.0 0.0 0.0 0.0 0.0 0.0 0.0 0.0 0.0 0.0 1.0 7.0 5.0 5.0 6.0 4.0 3.0 1.0 2.0 4.0 6.0 8.0 33.0 50.0 66.0 81.0 91.0 103.0 117.0 129.0 133.0 139.0 147.0 156.0 167.0 179.0 192.0 205.0 219.0 234.0 248.0 262.0 270.0 266.0 251.0 235.0 219.0 204.0 188.0
