Environmental Parameters/RCP 45/2050/Net_Primary_Production.asc
ncols 720
nrows 360
xllcorner -180.0
yllcorner -90.0
cellsize 0.5
NODATA_value -9999
[rows 182 to 207 of 360, columns 0 to 58 of 720]
5.517082289 5.563668907 5.626043305 5.674607586 5.53638814 5.76336449 5.862483755 6.183722988 6.332028657 6.478887517 6.454669405 6.482878234 6.495868787 6.361484528 6.433576345 6.372711621 6.547765806 6.633441895 6.735325791 6.860064343 7.016829215 7.120689377 7.016876712 7.224036381 7.213464938 7.358149625 7.389807142 7.472823374 7.55427964 7.599925622 7.644317113 7.583187893 7.885069586 7.827215828 8.160248399 8.268186823 8.261285722 8.253793232 8.189947344 8.197384886 7.969677448 8.003795519 7.949761115 8.210329339 8.173545823 8.16363655 8.203593083 8.198009804 8.148091845 7.873376831 7.959436625 7.7667851 7.954830304 7.943266071 8.036981337 8.095053956 8.029592223 7.839133963 7.454270497
6.028064527 6.089276634 6.136644632 6.187279709 6.265573669 6.30750414 6.465906743 6.564117502 6.652696524 6.823909003 6.720104255 6.704750471 6.709258072 6.747632287 6.714116782 6.746940315 6.782101467 6.853054743 6.920015905 7.016761228 7.125348318 7.201139815 7.25492835 7.291225716 7.319381926 7.387369405 7.481491659 7.581777871 7.623905316 7.646553218 7.697885856 7.769693621 7.994405925 8.088638075 8.201530203 8.317678235 8.359516039 8.411924355 8.413453586 8.473264053 8.519468829 8.499904536 8.540381677 8.573419414 8.620467968 8.678849787 8.739346638 8.803158998 8.85227602 8.913827129 8.814339526 8.872753009 8.884107694 8.896559477 8.910456672 8.897345513 8.853935637 8.763368241 8.723112755
6.22291863 6.26545772 6.321843714 6.386634428 6.437052973 6.523334887 6.638899446 6.631872617 6.677397527 6.709889974 6.75345771 6.770222913 6.781697739 6.8506198 6.918976549 6.936052348 6.858774461 6.864356343 6.900026929 6.967599504 7.053553592 7.101304363 7.169724908 7.258962374 7.387120742 7.421488874 7.535120472 7.615168579 7.631926332 7.615969982 7.606610656 7.677941117 7.879074663 7.964789867 7.969783153 8.012683131 8.074682206 8.147932589 8.208814543 8.326120209 8.410541806 8.503128774 8.550107945 8.566710167 8.626725525 8.671855554 8.741165511 8.816249669 8.870928548 8.953042328 9.009737521 9.113205597 9.145870805 9.172341786 9.171430953 9.175490588 9.177538566 9.161146358 9.166470729
6.217349786 6.266028155 6.330944132 6.408980582 6.501097698 6.575610489 6.654871628 6.691277958 6.719131023 6.739452016 6.762774196 6.789335981 6.783846766 6.832757499 6.86983997 6.965905428 7.205691189 6.991646253 7.074762136 7.146923337 7.216567639 7.282974198 7.353386376 7.445711643 7.501147222 7.622415666 7.7310591 7.788033225 7.780848071 7.786880713 7.77551299 7.820444182 7.945832331 7.926672697 7.944480516 7.972153369 8.019887377 8.08256492 8.149973117 8.259966969 8.327625226 8.359970059 8.411093615 8.447738364 8.493831847 8.517908864 8.559575304 8.602974936 8.641150314 8.683720604 8.729771245 8.867783006 8.929412812 8.976360783 9.06806998 9.136239998 9.161487222 9.141863324 9.061859921
6.010888843 6.074813893 6.130632479 6.189525127 6.284400821 6.405732129 6.520230323 6.566111464 6.569120102 6.539944094 6.567131262 6.603405811 6.544900127 6.563148927 6.624421105 6.781160366 6.944512483 7.082118187 7.167798467 7.24117225 7.295744959 7.361976895 7.420728449 7.468034513 7.560492493 7.66781671 7.749129087 7.809037808 7.833355572 7.842813618 7.850457449 7.867070846 7.905283477 7.915663999 7.939904928 7.991440129 8.047472686 8.107857313 8.177781012 8.245223202 8.283400442 8.31839256 8.44311621 8.497899864 8.554740343 8.597881533 8.6457422 8.668054361 8.697397076 8.737799246 8.758126758 8.842732757 8.886144031 8.913174272 8.966962807 9.038141463 9.068157058 9.062581696 9.046465624
5.553557537 5.643043667 5.706819706 5.770731485 5.869245622 5.995995598 6.106238812 6.158452015 6.166114938 6.141667254 6.166519132 6.178368349 6.145173218 6.191902328 6.285771728 6.428207271 6.623100955 6.818674505 6.942667533 7.011010312 7.062017452 7.114407606 7.155769039 7.189755794 7.210717537 7.277783006 7.353365421 7.439129055 7.533134427 7.577531505 7.574986666 7.576955482 7.587988861 7.58414343 7.617541589 7.702735718 7.821782026 7.898878772 7.968879305 8.030819707 8.08230089 8.213040885 8.341442328 8.437913377 8.460411336 8.48502852 8.534067776 8.579886518 8.614246268 8.658732288 8.675725199 8.692990523 8.732862305 8.783692494 8.855056483 8.921090048 8.976543322 9.011417162 8.980434854
4.961007042 5.054536508 5.117650144 5.152778002 5.235872697 5.322452169 5.412244238 5.473620957 5.553956376 5.606180523 5.681744777 5.715787178 5.676649045 5.691339262 5.781208398 5.944233621 6.011648569 6.238726899 6.395238452 6.533360109 6.591801532 6.637077313 6.736977026 6.813434884 6.853005849 6.85034506 6.870234851 6.952210329 7.080514915 7.192947902 7.277404889 7.316061761 7.291771937 7.306729443 7.338584866 7.396372035 7.52724614 7.592004724 7.617383264 7.647828199 7.69537501 7.781014312 7.900797296 8.0550001 8.128731977 8.191315457 8.24245112 8.261221927 8.310442325 8.37211404 8.425262291 8.489766624 8.511047345 8.467501961 8.5334084 8.634901606 8.70501576 8.740304504 8.730486035
4.453118891 4.484136356 4.52059391 4.560598638 4.603305599 4.648322472 4.727560095 4.789154744 4.848873476 4.890819546 5.067659775 5.03240386 5.041674711 5.065803882 5.144978175 5.341594806 5.377164809 5.569990957 5.662790034 5.743766204 5.820883904 5.952679552 6.086017471 6.194199901 6.239715964 6.274543703 6.340219174 6.425105967 6.541829556 6.674276665 6.777581759 6.854202598 6.862322334 6.882008165 6.916704122 6.991843227 7.075833157 7.10863946 7.116312627 7.062024903 7.09545752 7.168196142 7.322699297 7.530902512 7.646542974 7.730420679 7.783246227 7.797861006 7.819986902 7.866676431 7.935460191 8.010026999 8.039501961 7.998784073 8.062121924 8.145309053 8.227728773 8.281271439 8.256742265
4.213391803 4.231416387 4.236184526 4.257670138 4.272848833 4.263129551 4.324765876 4.351769108 4.389949376 4.440364661 4.484096775 4.496537615 4.564048722 4.609650234 4.612234654 4.699500743 4.858191591 5.016287556 5.082693649 5.134468665 5.192530109 5.250496557 5.298132775 5.370509811 5.475722253 5.585995037 5.725723691 5.842061248 5.951675121 6.049811374 6.171187386 6.250891369 6.241379306 6.279272027 6.327188574 6.369104609 6.415075622 6.446341518 6.49850443 6.505135447 6.509620696 6.530932616 6.670734845 6.879062857 6.971334573 7.035706658 7.064007223 7.090320811 7.212085649 7.341483142 7.39325583 7.436823566 7.464030758 7.47612305 7.563158404 7.660665549 7.7584791 7.851195056 7.88220251
4.069391172 4.128238186 4.128814908 4.12175688 4.116024356 4.145417362 4.136692965 4.143822007 4.156457726 4.192753695 4.243788309 4.281030735 4.350384464 4.412154201 4.443597747 4.386493238 4.45795944 4.580617184 4.657402169 4.72438219 4.764792975 4.77472553 4.808194237 4.869019613 4.929237301 5.060176132 5.211238982 5.317848176 5.363185424 5.387493409 5.455495091 5.532121751 5.659210263 5.728250369 5.773309618 5.770206451 5.767914467 5.78948902 5.835268181 5.884516053 5.909099709 5.967405625 6.01982465 6.152275018 6.244540215 6.322295405 6.367441732 6.466869265 6.571801845 6.680157501 6.830733269 6.963859778 7.033973932 7.109979633 7.218597922 7.319355384 7.443135139 7.601383142 7.713710889
3.836405929 3.874612506 3.920066636 3.920824034 3.884062637 3.848830704 3.886689665 3.927410115 3.9489388 3.924896941 3.977144603 4.073657794 4.139142577 4.156173905 4.137323238 4.116168246 4.173382185 4.239721689 4.278932931 4.336739425 4.405543674 4.436125979 4.474848742 4.505331395 4.586380674 4.692561459 4.753317451 4.774214933 4.791308427 4.745920422 4.745570244 4.829979967 5.007336615 5.148396827 5.23969112 5.280538229 5.20967925 5.248635076 5.316375056 5.358863156 5.398368463 5.44015225 5.49791893 5.566415377 5.633231718 5.669821519 5.733966362 5.818510894 5.882920232 6.002165377 6.139472593 6.335295271 6.459884346 6.5634395 6.670942996 6.794843823 6.99789077 7.18148984 7.269057911
3.33008403 3.345607547 3.407305107 3.440429457 3.474210389 3.452762496 3.482882166 3.513826523 3.574511735 3.611210501 3.653628286 3.682157258 3.743394744 3.760694293 3.779702587 3.798196325 3.862505779 3.911538282 3.971983446 4.020969616 4.076017532 4.130835645 4.137123702 4.176791525 4.241968505 4.326798953 4.368964816 4.377885722 4.375860328 4.35392349 4.347791197 4.383258056 4.526270786 4.629335133 4.706293112 4.72806138 4.712887108 4.749471787 4.789194325 4.824594827 4.845682066 4.89656115 4.959842889 5.055788206 5.115580047 5.200782791 5.280331476 5.335478811 5.396672757 5.454922095 5.581858568 5.694868509 5.830825306 5.921357777 5.985334981 6.059880834 6.195608526 6.39983546 6.538175046
2.752965782 2.78276694 2.802482806 2.841559937 2.873299876 2.881087596 2.88322079 2.932432806 3.009086708 3.076288383 3.113377374 3.193420125 3.261868609 3.310347209 3.347080434 3.401396796 3.466800554 3.523803083 3.624507459 3.681057133 3.736193292 3.762077307 3.783036489 3.829438472 3.880728036 3.957916982 3.997053253 4.007927841 4.035604419 4.065528745 4.08177753 4.123724066 4.236531677 4.332435085 4.390529823 4.396103323 4.385753069 4.411881324 4.436146002 4.462620243 4.49417741 4.532349529 4.595354665 4.656804493 4.722500686 4.782535601 4.843122559 4.893045174 4.952911753 5.019071046 5.088976584 5.190323573 5.268420558 5.331291351 5.365244579 5.390417762 5.436278181 5.533901043 5.642972188
2.007188508 2.084143693 2.121008234 2.171750413 2.231129911 2.300978871 2.343220171 2.288016723 2.315197373 2.35230173 2.467495622 2.618496539 2.757865004 2.831088612 2.834421815 2.921060892 2.955345204 3.052759916 3.152769292 3.218363039 3.310855478 3.383193398 3.474182449 3.527139779 3.573673079 3.558050143 3.609400941 3.603213001 3.623901866 3.685963806 3.753090976 3.819965059 3.945237258 4.110627342 4.160476848 4.190468462 4.216624191 4.243101925 4.269231344 4.312013509 4.404693842 4.441796569 4.524035379 4.522397416 4.559510853 4.600828979 4.614819773 4.616073798 4.656082019 4.750202876 4.786499776 4.81229322 4.820903298 4.85267886 4.875615006 4.907419905 4.922406981 4.953973694 5.048485938
1.408215612 1.506006112 1.569371205 1.597046386 1.624105964 1.663788455 1.693527447 1.719031017 1.748793991 1.776255434 1.865852391 1.918644644 2.002125839 2.09835032 2.190413652 2.254484454 2.318803919 2.419397235 2.498806221 2.56146607 2.610070398 2.688057488 2.791603561 2.920711646 3.020945704 3.050144063 3.120902926 3.234987846 3.256672295 3.260230878 3.338492475 3.411713289 3.559546778 3.6545482 3.76475323 3.834122792 3.993828781 4.0770208 4.114363575 4.194007721 4.248558311 4.323308822 4.371524556 4.405983957 4.433430266 4.492575536 4.49415599 4.465294303 4.484601784 4.508452723 4.5329649 4.523178097 4.540615948 4.564567003 4.62528877 4.645522218 4.633475328 4.655950004 4.706041422
0.968057429 1.04181678 1.090302481 1.087926445 1.127045369 1.137422048 1.147507573 1.18803652 1.206308138 1.234350493 1.296686474 1.359634334 1.391573343 1.429253025 1.470586518 1.564053819 1.642312855 1.697855303 1.741866348 1.810365357 1.910333289 1.995364204 2.050277079 2.113109687 2.219561255 2.298832173 2.411185298 2.543311566 2.685747575 2.805704251 2.892693272 2.980973804 3.101476934 3.172418801 3.237792756 3.31842131 3.423661226 3.51296179 3.633781802 3.81404371 3.986986587 4.101757659 4.234564025 4.837771179 4.427876323 4.288560944 4.300213652 4.308865173 4.330729367 4.366361769 4.358325619 4.338926636 4.340596497 4.373535048 4.413043382 4.434340866 4.448623862 4.451196408 4.455236718
0.780969393 0.809043879 0.835096929 0.81171561 0.822879258 0.862801215 0.858595828 0.868258299 0.914034201 0.919358921 0.934911892 0.989650376 1.015961869 1.00413023 1.021092874 1.080652 1.312707667 1.217002864 1.206045737 1.253323397 1.31261046 1.389154233 1.438285923 1.529058442 1.630628482 1.755471341 1.837322023 1.947329147 2.084328327 2.164495643 2.232356695 2.326944377 2.460613614 2.535166219 2.644719789 2.830915153 2.877012361 2.926716115 2.98842066 3.116791137 3.300675191 3.503611544 3.690932645 4.153619288 4.07592929 3.873192705 3.895499744 3.945404431 4.013650585 4.084715853 4.154203925 4.15183953 4.167652223 4.182389937 4.225643352 4.270223435 4.293102305 4.301287467 4.293454112
0.663804472 0.694776652 0.734505127 0.802311697 0.812195824 0.820289948 0.797531335 0.770259183 0.729404273 0.735024572 0.750985113 0.746051082 0.770674786 0.758074224 0.706277904 0.688006403 0.701824203 0.694838818 0.69623685 0.759336166 0.82516158 0.895150471 0.961517682 1.045854529 1.14805554 1.26705959 1.343885087 1.434220932 1.517962897 1.614371315 1.700856257 1.795938006 1.923823263 2.027199138 2.101418795 2.193902619 2.259532688 2.2873946 2.337160287 2.469206927 2.570278477 2.677961718 2.835494466 3.000376048 3.109548707 3.146415344 3.243182786 3.361376235 3.488509916 3.600386437 3.699721303 3.79015645 3.887783969 4.009092227 4.056618316 4.12085047 4.140111851 4.173572175 4.215374822
0.668029301 0.700711971 0.731379492 0.719535863 0.728104962 0.718401629 0.666794367 0.629416201 0.620879931 0.622619526 0.631986884 0.630964874 0.584825641 0.573506928 0.54079236 0.498955953 0.469909166 0.434962218 0.403511338 0.416833791 0.448379898 0.477007241 0.530445599 0.569613767 0.622694613 0.699994387 0.770858489 0.850996235 0.929285539 1.01609109 1.146191498 1.253862516 1.364223426 1.451860997 1.532429364 1.633874606 1.737460727 1.871558372 1.934361178 1.938970061 2.010154072 2.104861895 2.219057176 2.324774396 2.446978586 2.536274958 2.585155191 2.674807096 2.823581686 2.99017108 3.162190085 3.298299154 3.410037607 3.538574791 3.657133551 3.771239426 3.867949126 3.944005119 3.959903726
0.525548414 0.624150387 0.549857563 0.521882263 0.484663527 0.446703809 0.416746014 0.381015358 0.352040399 0.352214149 0.400604506 0.428965723 0.435397262 0.446749502 0.431991881 0.414965907 0.3681659 0.319893181 0.297028979 0.292604091 0.284842157 0.287757546 0.329149072 0.321707455 0.344319618 0.393270166 0.429645064 0.491767889 0.590551528 0.646704691 0.756109133 0.859286636 0.983685837 1.077181427 1.161962515 1.235706848 1.296090311 1.347815734 1.394402934 1.442572335 1.500817831 1.60790747 1.77926803 1.931418199 2.041664906 2.133607166 2.177505055 2.205498749 2.265582792 2.387441695 2.554089762 2.695966279 2.814429579 2.948320704 3.084347118 3.256408032 3.436064348 3.583594458 3.698108019
0.348611444 0.338643615 0.322961423 0.303376873 0.291221775 0.305558497 0.309529481 0.281444576 0.257970474 0.246311713 0.268504722 0.300411426 0.313459779 0.298431842 0.262613641 0.208548445 0.181281066 0.165172445 0.147050887 0.154494308 0.154897338 0.144511228 0.167024788 0.202790019 0.232338265 0.281289977 0.319638231 0.358876074 0.405207044 0.445378013 0.501236063 0.583042041 0.695525436 0.783481868 0.858841115 0.93685172 1.020251424 1.07250642 1.113242004 1.144487993 1.204458298 1.303016441 1.38627924 1.426991308 1.479746657 1.56391249 1.645911019 1.73541368 1.813936513 1.886479324 1.970280893 2.072349656 2.19339272 2.328788163 2.478820039 2.660751343 2.894831123 3.014979651 3.188397037
0.46939234 0.311937067 0.225365802 0.205617922 0.217220979 0.234257721 0.236445572 0.226711738 0.213953608 0.21242135 0.216347165 0.217582041 0.208643149 0.15997712 0.125991181 0.099855359 0.090022048 0.082449347 0.057466328 0.026742229 0.035865116 0.058597012 0.0798275 0.107507745 0.157131115 0.196230074 0.223848794 0.252615195 0.281393004 0.316973659 0.34921203 0.391595881 0.459093601 0.533006736 0.63462439 0.706373015 0.772686442 0.837155385 0.877880491 0.917635509 0.959234661 1.022775774 1.074173488 1.078123692 1.076458604 1.094975858 1.142636989 1.224969164 1.299567171 1.39832811 1.490744064 1.546177547 1.637746347 1.766573871 1.870239619 1.979974331 2.142604208 2.280121902 2.397822915
0.460672192 0.337078818 0.201403804 0.183495809 0.273230078 0.26831124 0.245297852 0.179559225 0.15299872 0.142906385 0.135217269 0.124249724 0.105997664 0.082240702 0.05973439 0.052804913 0.045833644 0.024477718 0.0 0.0 0.0 0.0 0.0 0.001055014 0.047455658 0.077700883 0.097007316 0.121031946 0.128789223 0.137387309 0.155469577 0.18950348 0.257357664 0.32423943 0.395035255 0.47653052 0.549600692 0.595066696 0.637014862 0.681369449 0.705351937 0.727853738 0.748743303 0.765091972 0.778669957 0.791340834 0.819853391 0.886903144 0.972976326 1.024078345 1.079870388 1.156707061 1.268847613 1.381193404 1.430404605 1.466846326 1.516619697 1.576932613 1.727949828
0.264528382 0.254324055 0.16314903 0.152570487 0.197645859 0.193355605 0.203917618 0.158306968 0.133174064 0.124517013 0.143049721 0.153594621 0.138083094 0.135028269 0.124444661 0.098126096 0.056978985 0.012509961 0.0 0.0 0.0 0.0 0.0 0.0 0.0 0.0 0.0 0.0 0.0 0.019608531 0.053517288 0.088875531 0.166103535 0.22994692 0.278693449 0.328814029 0.388663786 0.440047239 0.466340745 0.486978679 0.484662538 0.491995947 0.515828549 0.548508484 0.577147352 0.596327358 0.612705946 0.652017305 0.705595477 0.769542763 0.830333447 0.884663081 0.933735631 0.971392728 0.97949896 0.991620589 1.027330058 1.053212327 1.142816152
0.167604769 0.174051267 0.136978837 0.13796665 0.137888186 0.148293911 0.192323176 0.25403261 0.138727919 0.140508346 0.177566399 0.221002207 0.282604422 0.369201705 0.529121549 0.569219876 0.279436237 0.078971614 0.0 0.0 0.0 0.0 0.0 0.0 0.0 0.0 0.0 0.0 0.0 0.0 0.0 0.029774179 0.0612929 0.165707606 0.149536703 0.172332977 0.21297409 0.255166378 0.290827767 0.323391578 0.352078758 0.375197618 0.382836093 0.401376106 0.440048345 0.434771355 0.419719785 0.440994219 0.472017215 0.493975182 0.522513175 0.527853263 0.542746042 0.597449369 0.621448969 0.646812376 0.681432197 0.715997769 0.764706987
0.066718902 0.062957261 0.091418537 0.098491699 0.090960442 0.100474805 0.120909564 0.128425047 0.119939097 0.150945329 0.21547667 0.317756436 0.471562671 0.705934595 1.092224382 1.686290139 0.838038512 0.260529399 0.052019401 0.005436654 0.0 0.0 0.0 0.0 0.0 0.0 0.0 0.0 0.0 0.0 0.0 0.0 0.0 0.0 0.0 0.009672251 0.034457888 0.051103067 0.07389317 0.096644682 0.122393656 0.144210062 0.152718159 0.153044821 0.153970381 0.109117944 0.09164057 0.113117509 0.160657743 0.206265599 0.245865958 0.257164356 0.281950925 0.305845751 0.359851518 0.417986885 0.470181927 0.525064766 0.561583904
