Environmental Parameters/RCP 45/2050/Net_Primary_Production.asc
ncols 720
nrows 360
xllcorner -180.0
yllcorner -90.0
cellsize 0.5
NODATA_value -9999
[rows 260 to 285 of 360, columns 590 to 648 of 720]
4.907632712 5.11043705 5.430317018 5.782783963 6.313608959 6.676740013 6.707841065 6.54614158 6.181683391 6.061968394 5.914988928 5.855488591 6.180750672 6.661029533 7.174721919 7.185444701 7.029179018 7.262229919 7.560120896 7.85179669 7.729154546 7.279626094 6.8621682 6.777756847 7.024859544 7.068455685 6.749402732 6.646510679 6.638378371 6.585330237 6.636643317 6.871023215 6.979413331 6.894131657 6.43926952 6.141094957 6.14908617 6.259352434 6.305551156 6.269999314 6.255227607 6.184933707 6.176100112 6.203674711 6.607753225 7.290795911 7.297482342 6.766363978 7.098132279 7.479433436 7.513357792 7.52187334 7.53752375 7.53831258 8.051710203 9.581942111 13.50508351 18.33103364 25.881215
4.403934814 4.573655315 4.646323156 4.680898506 4.999713041 5.234094802 5.111895967 4.953810014 4.859368317 4.783957265 4.78927698 4.863222595 5.06629562 5.214890465 5.388509482 6.458144169 7.411879022 7.509543095 7.603520062 7.57739367 7.324576844 7.029714994 7.01657217 7.010870613 7.324145641 7.434930187 7.166091818 6.749891676 6.687804591 6.645331625 6.629497744 6.649402902 6.762166042 6.796084344 6.502787583 6.378138438 6.342963316 6.311741658 5.96587779 5.783813074 6.025651935 6.409986876 6.300474051 5.81100909 6.119471975 7.045297883 7.304175291 6.867759395 6.80953823 7.466433104 7.336816285 7.34814303 7.421927527 7.634445094 7.833058015 8.646419737 10.76151477 15.3450002 20.99977713
4.034745973 4.134628456 4.236260429 4.428474698 4.622112494 4.702572245 4.645383917 4.425515886 4.306905903 4.469022155 4.484567791 4.463605583 4.576165229 4.671885166 4.847848788 5.218974315 5.564901978 5.598993972 5.366074387 5.306425039 5.426027346 5.595056806 6.19268138 6.975864992 7.191149518 7.299521007 7.466577459 7.527080365 7.336240262 7.060457487 6.664416287 6.416792981 6.597142667 6.900516339 7.057860494 7.048863918 6.64742291 6.122395396 5.622195546 5.553415045 5.977944005 6.842018105 7.038304582 6.232782267 5.80903003 6.353444885 6.562773138 6.62540365 6.899480242 7.235674188 7.29863625 7.518416271 7.83239305 7.828942966 7.954523433 8.149226662 9.048957378 10.83546923 17.46469038
3.726379015 3.631260246 3.815639764 3.982658032 3.858544864 3.675806802 3.659965936 3.647993784 3.836140502 4.35288297 4.692524672 4.571177531 4.39213356 4.492179025 4.54929471 4.576959647 4.627364222 4.494406283 4.344726913 4.361611791 4.457395989 4.627570044 4.969064612 5.723187234 6.293442566 6.48575509 7.107230835 7.515129633 7.106347475 6.774138194 6.392045878 6.119756028 6.387341302 6.826560479 7.257058751 7.278204896 6.619323045 6.006662734 5.861403886 5.79764694 5.991965998 6.663763896 7.075616159 6.985629443 6.680780556 6.5803295 6.436678115 6.479475647 6.598304026 6.925704423 7.420945447 7.813408505 8.108892944 8.020911366 7.898111362 7.73205841 8.217976894 8.903793059 12.51893956
3.887718543 3.392871469 3.388360608 3.555783536 3.429678269 3.35704349 3.615174908 4.017367028 4.389878362 4.719369579 5.168633536 4.855676554 4.220782313 4.131863359 4.393253475 4.604260437 4.649091512 4.350328818 3.776423633 3.736724611 3.707269207 3.916301765 4.094588105 4.31862846 4.518581554 4.423409235 4.680512007 5.097001325 6.31686626 7.036722265 6.582777482 6.321099121 6.441231351 6.729066838 6.980217062 6.794702727 6.405269261 6.361713633 6.491642911 6.376622245 6.173676345 6.03767531 6.194252986 6.47518551 6.356427446 6.259196904 6.216766313 6.454017013 6.503818091 6.98166294 7.620797958 8.034289349 8.322213311 8.274086751 8.057778236 7.929605432 8.415174205 8.219460957 9.551127441
3.451211844 3.413725644 3.553236835 3.56545765 3.36797582 3.247003537 3.446883056 3.578730393 3.620082978 3.678009845 4.211229738 4.783370998 4.81220847 4.688858986 4.553408362 4.309440963 3.935967572 3.672244959 3.640264273 3.687215038 4.138985183 4.407081287 4.430670757 4.339931533 4.211601801 4.291883204 4.384873435 4.54690028 4.770784173 5.166104995 5.692705978 6.182082929 6.102598738 5.499405321 5.431083962 5.820392165 6.361751817 6.865226198 6.965260953 6.404045504 6.01829309 5.866326392 6.429940462 7.184917107 7.254872937 7.324900012 6.943142973 6.775543094 6.876911502 7.452271879 7.766731083 7.670475636 7.704462856 7.460386492 7.465406321 7.845831104 8.275706787 8.387559094 9.060913231
2.940052189 2.948587295 2.860394306 2.884373534 2.891201992 2.934080549 3.038992174 3.121461254 3.123537637 3.18198232 3.332640976 3.517924808 3.737747669 3.837201279 3.879644442 3.718535416 3.540602513 3.299370874 3.174067475 3.667236771 4.468148109 4.743215628 4.701864906 4.540632013 4.205998033 4.078221042 4.277875647 4.642348271 4.907019436 5.140939727 5.422374234 5.68783842 5.619211122 5.380318034 5.405818578 5.655029789 6.033557002 6.545883138 6.955701392 6.627668161 6.144152023 6.014971063 6.476359442 6.998534314 7.101301104 6.867569406 6.740686018 7.117449772 7.258477155 7.426096592 7.233338431 6.814497523 6.763809361 7.00926967 7.199991029 7.900079712 8.318875451 8.84457631 9.081872646
2.521023154 2.497249749 2.464814112 2.500538249 2.47356249 2.462766599 2.501156647 2.630648669 2.824577503 3.000001423 3.16152256 3.292625304 3.433852457 3.477976657 3.471913747 3.335800953 3.242609557 2.886389848 2.763598692 2.855740953 3.80095141 4.361228086 4.496132024 4.349601455 3.984954208 3.963432275 4.31186473 4.581592511 4.79610078 5.029622465 5.307227373 5.451323465 5.165311974 4.859804641 4.826935008 5.329119507 5.50627429 5.567644257 6.051401608 6.005766336 5.871182773 5.929988809 6.303498056 6.848673802 7.143069524 7.01118866 6.564207841 6.66878419 6.70061959 6.801312789 6.58720592 6.380293518 6.375950761 6.486122031 6.695448887 7.145828567 8.040911984 8.795239031 9.099785239
2.567880787 2.586218994 2.481172327 2.455058973 2.530227881 2.542622853 2.3121587 2.322897315 2.393534873 2.603217494 2.803228796 2.925722394 3.101645503 3.13590141 3.221368417 3.139056265 3.314672038 3.123840317 3.011862747 3.086718731 3.439764492 3.776539117 3.891948611 3.80713772 3.602456767 3.776405472 4.135817289 4.508738406 4.717066418 4.666219 4.854527302 5.320287775 5.10880677 4.916751757 5.096413195 5.614402238 5.744820461 5.419591442 5.336133298 5.250784568 5.20442659 5.239630118 5.564737599 6.105678622 6.407431327 6.856288761 6.230385974 5.860770121 6.217427552 6.434218027 6.261702161 6.23387564 6.23915391 6.322210189 6.144510116 5.848688073 6.837570108 8.013916202 8.37807171
2.753729466 2.548059681 2.211450599 2.178644761 2.339318627 2.336639445 2.138434444 2.095538657 2.225681208 2.477367874 2.742405515 3.154305741 3.235290293 3.22575029 3.228528425 3.178376239 3.459980711 3.542860039 3.495471086 3.562991507 3.66771128 3.64116719 3.749860916 3.770017531 3.621725831 3.462271765 3.97133315 4.332622513 4.631049931 4.78115445 5.176623818 5.413865671 5.295028444 5.131345242 5.292262882 5.778293125 5.990435835 5.820723716 5.68507053 5.361726508 5.137558095 4.957950674 4.944178741 5.306069739 6.254274864 6.758928299 6.945165806 6.867841352 6.826232187 6.507405546 6.074491423 5.733118393 5.726258736 5.814193282 5.79377776 5.739608314 6.76950207 7.685274351 8.398054168
2.647400135 2.404527273 2.188238082 2.118177246 2.109551569 1.968792174 1.881205942 1.914916793 2.213468775 2.616276266 3.033782355 3.350198502 3.230809467 2.93916557 3.050910775 3.0950238 3.236246295 3.465076443 3.490728792 3.575713374 3.460241016 3.486185335 3.687326331 3.864197526 3.729987424 3.444623668 3.778741229 4.382758401 4.873125814 4.992816132 5.033908412 4.880889319 4.61008586 4.425047897 4.859763198 5.316517781 5.653996486 5.938722752 5.911879707 5.307463463 4.626594018 4.441378638 4.760539159 5.107406061 5.562514998 6.193232257 7.023760583 7.40924431 7.295969874 6.985610817 6.291654892 5.518206861 5.367151462 5.518601742 5.554489791 6.176900584 6.59190584 7.152496371 7.659708615
2.500100294 2.454407746 2.337850165 2.239394234 2.047720598 1.706002047 1.667415258 1.882494194 2.477392787 2.724155085 3.030883381 3.059455426 2.676714445 2.169537824 2.384713385 2.659109188 3.021469573 3.136788495 3.179602092 3.304707818 3.47229233 3.572585061 3.662663046 3.609894309 3.293458372 3.420984838 3.784810659 4.26673051 4.531558603 4.412355833 4.356318619 4.576434847 4.625712056 4.458810203 4.741606303 4.79144929 5.051929504 5.301976111 5.473681726 4.982358776 4.39821789 4.37398022 4.840676673 5.412891507 5.915572401 5.862735678 5.904496182 6.454684306 7.14779133 7.478202228 6.865774281 5.649727304 5.130167585 5.314234179 5.878540222 6.72660768 6.859120913 6.515712012 6.377692334
1.680259826 1.651512226 1.838017954 2.072860254 1.894064015 1.80916721 2.043331973 2.228967613 2.450339729 2.565772505 2.705716761 2.433751943 1.989370678 1.7614963 1.933404244 1.991096651 2.149063861 2.18808814 2.124437597 2.32950924 2.778685186 3.164127003 3.504352877 3.475951962 3.163783811 3.053806257 3.143016249 3.247322515 3.241448198 3.029258456 3.50673683 3.946474753 4.174098372 4.084904678 4.109924659 4.165088758 4.37527895 4.605242051 4.534777254 4.509066232 4.562207963 4.726366606 4.652298521 4.574393388 4.833881743 4.856629763 4.84005129 5.277889315 5.606916267 6.222540978 6.973857991 7.01791048 6.467562634 6.083602551 6.27684826 6.528523751 6.327304523 6.979481317 6.469867658
1.619352959 1.627126941 1.860991819 2.006902359 2.122574951 2.300751861 2.53198226 2.670227084 2.461670199 1.976410626 1.53575954 1.286519924 1.290473156 1.508384012 1.776379533 1.603428973 1.22603518 1.016625436 1.172974473 1.769200899 2.593758749 3.096938366 3.178623738 3.182039829 3.187684342 3.231728682 3.161330242 3.15910927 3.284051316 3.382928204 3.451289376 3.52878659 3.749602241 3.571009962 3.458675463 3.458168358 3.472779645 3.482374828 3.743494162 4.016606137 4.26931493 4.462252371 4.347688053 4.228050821 4.000344314 4.084429238 4.192093853 4.259406589 4.327350762 4.622311797 5.181644112 5.979297683 5.925063509 5.390851293 5.282010417 5.204578862 5.45865437 5.998895038 5.567788612
2.268355805 1.885737292 1.843156293 1.978391549 2.219022484 2.520922339 2.769549377 2.867022296 2.531537786 1.911329571 1.259757904 1.047661062 1.265952364 1.460409723 1.534013078 1.468161121 1.322814031 0.89726015 0.960512785 1.740528736 2.907563001 3.290121676 3.030020045 2.759961179 2.964275656 3.143737558 3.13862972 3.208778566 3.326880513 3.452915698 3.63842072 3.835598705 3.98090994 3.55933141 3.275025403 3.082743613 3.082162468 3.187503433 3.206599271 3.13180685 3.206744092 3.396921791 3.564280691 3.722249763 3.61445779 3.710904624 3.919613082 4.014880862 4.091536626 4.461563658 4.919157829 5.689392798 5.729677621 5.187159404 4.924812354 4.926519934 5.064054392 4.885037895 4.403267987
2.504912671 1.830464695 1.566418214 1.696489751 1.989677083 2.32459954 2.69249687 2.742907498 2.491206862 2.614516765 1.996313222 1.465878682 1.784760738 2.251509111 2.488627099 2.256143605 1.567014959 1.061521936 0.635947566 0.611906406 1.088364981 1.476995181 2.719093347 3.433510661 3.682198701 3.354186425 3.338216571 3.836774966 3.925962141 3.911744803 4.02462855 4.325498128 4.261736525 3.66365863 3.341719275 3.18341353 3.009019885 3.170917975 3.34040029 3.532475326 3.411946585 3.301196732 3.539300524 3.795329249 3.690928454 3.661862575 3.861516481 3.946883604 4.076080862 4.647003021 5.291033071 5.89483045 5.942249205 5.841968581 5.300327204 4.809782375 4.563190974 3.949097358 3.793299198
2.827966819 2.574767685 2.28979392 1.997306012 2.29242933 2.949709306 3.598679788 3.899083007 3.9296709 3.469289513 2.964716638 2.358219819 2.13126163 2.685318235 3.243607236 3.552299924 3.547396977 3.049508668 2.418800956 1.857936615 1.648027217 1.571188914 1.743709901 2.329616807 2.844838193 2.970512724 3.203373402 3.552159294 3.607532009 3.780121217 3.77179496 3.866140731 3.951105056 4.1441801 4.345596535 4.479386611 4.76550404 5.256452365 5.290369969 4.745165585 4.036081256 3.748731688 3.978200722 4.15530242 4.336473299 4.38141753 4.229510901 4.121357109 4.238329129 4.160175798 4.130055429 4.332084674 4.54962044 5.008356646 5.495768506 5.625977181 5.407355726 4.928225884 4.948731046
0.391315436 1.756140031 2.222586423 2.444145037 2.639682963 2.807213226 3.046331462 3.144227667 3.099000547 3.066236852 3.612874541 3.166266484 2.702718833 2.568579977 2.746557817 2.705646679 2.789026825 3.15403752 2.841321751 2.384136664 2.437034622 2.528883982 2.280074405 2.202704549 2.382736653 2.837199252 3.166154958 3.206946189 2.70854542 2.643906046 2.525894204 2.379044192 2.539342968 2.747046063 3.076512367 3.576254705 4.112306749 4.628335591 4.856241401 4.829729442 4.513507942 4.47943178 4.628347931 4.88055218 5.149579141 5.475262878 5.868211854 5.432853242 4.677973455 4.017089028 3.651620587 3.655140055 3.799722064 4.234102322 4.576000152 5.135860527 5.253659794 5.212284625 5.340996664
0.0 0.0 0.291718403 1.084423857 1.310322201 1.336328918 1.154543366 0.262733316 0.085619045 0.397892669 0.955729978 1.684908289 2.742161509 2.663405845 2.613381483 2.590692136 2.630130854 2.614760539 2.277304186 2.148264321 2.057483885 2.153283451 2.274669474 2.529424615 2.412622562 2.866470488 3.146556672 3.475901438 3.417610889 3.287320258 2.943389583 2.437808085 1.999653643 1.790604554 1.887138002 2.006014809 2.452239394 3.024277044 3.296030452 3.77204828 3.883616999 4.005928524 4.514839035 4.984407919 5.173073383 5.233069183 5.604061531 5.755222868 5.143744405 4.338434897 3.595098155 3.290989203 3.443545895 3.96765559 4.342996283 4.675485892 5.242495798 5.883526523 5.933433305
1.502312021 1.492663519 0.88296039 0.48722676 0.15761354 0.0 0.0 0.0 0.0 0.028722454 0.104757026 0.009271083 0.011938624 0.443605706 0.816405518 1.128880773 0.946570188 0.423228135 0.393618364 0.81432634 0.922550447 0.370409572 0.215837033 0.973286573 1.79784419 2.069244394 2.290790202 2.964459592 3.397692228 3.150136676 2.747534309 2.374108415 1.835302683 1.411482925 1.384867355 1.600692049 2.118577482 2.508003497 3.023682861 3.698007204 4.075680627 4.142134916 4.234536784 4.680301528 5.030141911 5.100566661 5.338025279 5.332373548 4.945284221 4.251023056 3.546995809 2.830854384 2.772548003 3.201076994 3.422977403 3.679991001 4.113798961 4.514887696 4.96653514
3.578965785 3.526552347 2.816460328 1.890291227 0.942299841 0.253938837 0.0 0.0 0.071480172 0.332714291 0.406133477 0.208480982 0.0 0.0 0.0 0.0 0.0 0.0 0.0 0.0 0.0 0.0 0.0 0.0 0.38301805 0.988931861 1.321788179 1.932233106 2.651829273 2.4448568 2.109487075 1.7536378 1.064544078 1.006550156 1.287166495 1.192250755 1.266820356 1.646986231 2.97566154 4.034464248 4.674783209 5.097593414 5.322240293 5.670834798 5.630372558 5.24496939 5.081457086 4.812639672 4.395357566 3.861706238 3.291348461 2.68201041 2.374526113 2.37786863 2.366940724 2.395873191 2.473723609 2.796341898 3.099229885
3.525660606 3.672069171 3.303800011 2.897104947 2.333039651 1.734878868 1.35028665 1.182836248 1.438626787 1.26926438 1.319224248 1.488590613 1.45452586 0.854962273 0.136910239 0.0 0.0 0.0 0.0 0.0 0.0 0.0 0.141480239 0.0 0.0 0.072322786 0.622599153 1.604002435 2.294356236 1.993622631 1.288640546 0.21028379 0.0 0.0 0.0 0.198261812 0.569173368 1.110808924 2.333668293 3.27487709 4.646382993 5.764992442 6.006933749 6.20982144 5.917060655 4.905941663 4.779047566 4.651391879 4.272870487 3.870596644 3.468717448 2.871165052 2.342457417 1.825164771 1.176924445 0.958090648 1.110059442 1.415142557 1.694892067
2.764958888 3.153237281 3.521619597 3.710815916 3.599354299 3.270596731 2.764733974 1.954201609 1.416384708 1.582833938 2.52737524 3.884344362 4.664471373 4.228839185 3.544962499 2.932617674 2.160410164 1.689641038 1.41844945 1.372619299 1.4910053 1.701341942 1.563535538 1.018595416 0.161806354 0.475958688 1.1160383 1.919054193 2.130049514 1.614487031 0.46747271 0.0 0.0 0.0 0.0 0.0 0.0 0.0 0.0 1.249801135 2.90713436 4.823602969 6.32000342 6.554919994 5.952230887 5.357478978 5.097265588 4.718679702 4.092133837 3.490333213 3.278907156 3.057403024 2.770393388 2.103602281 1.581995515 1.171531854 0.946843764 0.878930092 0.655907672
1.509161899 1.728124917 2.261093119 2.548376331 2.479842631 1.971867401 1.459052786 1.43418205 2.230277285 3.52667761 4.783204524 5.187691888 4.908689996 4.75501339 4.486873513 4.061827669 3.700525966 3.308675019 2.999996301 2.825691365 2.668420086 2.01727869 1.693790546 1.481713261 0.800134381 0.263267895 1.220139442 2.261254704 2.315111691 1.482894178 0.0 0.0 0.0 0.0 0.0 0.0 0.0 0.0 0.0 0.0 0.369621441 1.888641156 4.454497946 6.517830072 6.318195025 5.924413679 5.098398076 3.92177864 3.030710621 3.019488184 4.204606405 5.004487699 5.127006443 4.642577376 3.668303601 2.565206261 1.809366047 1.456639497 0.946228858
0.992450863 1.195800258 1.445048489 1.551274443 1.56001607 1.793186413 2.345282584 2.81086727 3.422647249 4.131294554 3.757717786 3.413764527 3.284897888 3.120417939 2.81170127 2.612029435 2.602624474 2.634287579 2.202937845 2.977506956 3.203461645 3.151266836 3.022225574 2.610644326 1.664632931 0.372803072 0.362466089 2.00596638 1.123336842 0.0 0.0 0.0 0.0 0.0 0.0 0.0 0.0 0.0 0.0 0.0 0.0 1.280624652 2.922882093 5.572430789 7.296358701 6.467914674 4.773751833 3.246005625 2.057610778 2.899098443 4.780649906 5.38451015 5.346613936 5.309252767 4.176817136 3.477676539 3.050236963 2.489120001 1.566636376
0.654626638 0.788131962 0.990602188 1.174705802 1.408126438 2.106786938 2.70388322 2.648203401 2.764704404 2.867511706 2.606446389 2.340487903 2.181959338 2.128438791 2.746078419 3.678663168 4.733154783 4.71601868 4.553124309 4.685565829 4.839662928 5.01331687 4.901865963 4.306194838 3.175062826 1.364392228 0.624830835 0.749283005 0.304550398 0.0 0.0 0.0 0.0 0.0 0.0 0.0 0.487671001 0.794046326 0.912541524 0.913094264 1.325118821 2.168541774 2.578182379 3.46970628 5.360278534 5.982694216 5.237391219 4.047721159 2.164057689 2.805301221 4.339035368 4.618261242 4.767689155 5.317780422 5.610519089 5.360077368 4.92610829 3.746478586 2.541714814
