Environmental Parameters/RCP 45/2050/Net_Primary_Production.asc
ncols 720
nrows 360
xllcorner -180.0
yllcorner -90.0
cellsize 0.5
NODATA_value -9999
[rows 208 to 233 of 360, columns 295 to 353 of 720]
0.443327473 0.454196124 0.488126418 0.52866136 0.564305461 0.583879591 0.565774913 0.509227393 0.454878027 0.388316403 0.333461736 0.30168338 0.279606844 0.269423763 0.285098446 0.348046306 0.467974576 0.561127497 0.603357621 0.651598268 0.66797348 0.631564995 0.586010981 0.573523575 0.598370738 0.611151976 0.566303905 0.537114625 0.523139955 0.505067175 0.488158781 0.47419063 0.418741605 0.300662941 0.206872937 0.198700116 0.202891999 0.239892164 0.282383058 0.327498012 0.3557686 0.345716078 0.364682288 0.425749575 0.498647743 0.442931487 0.315373647 0.322329171 0.447348226 0.586894457 0.733721536 0.792181119 0.699042459 0.738003233 0.864728703 1.036854228 1.367039862 1.783134183 2.146553248
0.510447368 0.525451091 0.559125911 0.603499764 0.644785352 0.661301485 0.646745611 0.580548367 0.48014737 0.410685141 0.372035021 0.362019346 0.358216348 0.376249314 0.425058301 0.496006222 0.58705837 0.573354424 0.549345161 0.538757886 0.52002992 0.478710805 0.431676919 0.414467475 0.445872138 0.462452474 0.492703228 0.506940589 0.511907623 0.499422313 0.492057588 0.487454527 0.459180563 0.412001624 0.439414813 0.42992126 0.404218852 0.404705876 0.448918086 0.517848704 0.573505182 0.501898001 0.479224778 0.444937323 0.4079832 0.424730068 0.314414327 0.225724245 0.313700119 0.482992677 0.702891964 0.893218385 0.827477546 0.949705369 1.208767411 1.562494435 2.04414269 2.476922469 2.959291916
0.561132678 0.588347553 0.618692546 0.654513307 0.660595368 0.634986791 0.584046007 0.51020406 0.463001605 0.426952902 0.417822856 0.419031712 0.435198541 0.492789492 0.551475154 0.601813372 0.613487267 0.583107991 0.511045684 0.459124218 0.415396353 0.364683685 0.282897963 0.254487502 0.280708831 0.324957888 0.355458527 0.388555811 0.418652664 0.473589462 0.525651907 0.523560564 0.523944269 0.564048823 0.61147596 0.605225214 0.575221144 0.580715539 0.672073686 0.756524387 0.683273072 0.578890147 0.54553285 0.455910165 0.355427968 0.293529825 0.210100319 0.17462665 0.268700474 0.501369766 0.701348414 0.86451415 0.956600881 1.265985891 1.563269412 1.966707408 2.392735099 2.842278918 3.373942105
0.578174659 0.601730659 0.628391397 0.635248784 0.596755126 0.531360856 0.486253179 0.423671678 0.407073763 0.378514058 0.382657163 0.418375246 0.500316673 0.56836725 0.627160014 0.63619198 0.631210511 0.607991533 0.506724406 0.412300229 0.335472461 0.267621712 0.213275838 0.196584675 0.203704694 0.203166739 0.272900797 0.309371273 0.39894582 0.465882127 0.476350309 0.469467661 0.505405769 0.616657548 0.635293312 0.62124565 0.571049459 0.640053651 0.820562767 0.841387024 0.765383244 0.667014683 0.598525512 0.433624606 0.304000627 0.249238801 0.219669484 0.247244723 0.392488088 0.613341574 0.7818616 0.945455045 1.016554772 1.36768946 1.766155008 2.269781427 2.720776247 3.167094197 3.719455563
0.575829181 0.595252262 0.610201503 0.601195439 0.559980341 0.501576578 0.439460622 0.383892097 0.350956689 0.343540974 0.371945207 0.44973864 0.545881339 0.628554903 0.684777915 0.714800553 0.711871777 0.59075834 0.475974462 0.379503996 0.313891505 0.244588999 0.191977248 0.160603784 0.133356196 0.150100794 0.236544409 0.329834118 0.427899417 0.444526726 0.433692418 0.433241134 0.468910788 0.527889119 0.516284665 0.449122395 0.446860504 0.50778297 0.590251933 0.650627655 0.647916168 0.628123642 0.528364209 0.43889042 0.377155782 0.349559472 0.311468728 0.312792137 0.420440163 0.587803312 0.758302165 0.996382325 1.238169731 1.595971058 2.011792036 2.628435381 3.220151877 3.808655776 4.202303244
0.489728001 0.514639716 0.532079313 0.531686179 0.506956771 0.462198281 0.408682623 0.367918343 0.354432734 0.338868005 0.385924301 0.484194839 0.580162567 0.647405919 0.708771113 0.720118987 0.642217288 0.520587724 0.379792182 0.297274615 0.264855393 0.234336825 0.191642495 0.176377303 0.191335857 0.26241946 0.364856038 0.448777631 0.499822199 0.511278864 0.47325599 0.430986984 0.423187623 0.424984319 0.354132091 0.307175971 0.317267433 0.335387012 0.380440033 0.414957176 0.432756264 0.436752453 0.426193525 0.410087407 0.446182792 0.441520941 0.383396458 0.321442261 0.373482239 0.520419911 0.692381989 0.967253232 1.293103909 1.752078766 2.343381755 2.928306814 3.447574563 4.011038225 4.324648995
0.392253278 0.408981694 0.410330249 0.421873876 0.427420833 0.409198925 0.387251377 0.359922007 0.369298039 0.400335062 0.468105893 0.544343784 0.620484352 0.636185345 0.661884085 0.609928044 0.51400176 0.388730783 0.289438933 0.237156113 0.232452876 0.250189274 0.244563562 0.303687761 0.381397025 0.492753403 0.56924019 0.605428941 0.61458291 0.587789924 0.501600909 0.399658806 0.362065097 0.303125184 0.258393469 0.259113731 0.302223896 0.314193254 0.324597524 0.341731124 0.333635253 0.354857941 0.357651676 0.349011738 0.431026448 0.426395272 0.34433254 0.265785086 0.278419757 0.38175541 0.515503343 0.734286848 1.040368807 1.628064085 2.332415897 2.919264836 3.510220675 4.124974366 4.322702996
0.344819156 0.346511166 0.34757267 0.363418076 0.370958616 0.370618305 0.372206181 0.355636323 0.395777897 0.472010928 0.547590083 0.588708703 0.601518346 0.58461359 0.551195815 0.471991196 0.371126982 0.273071637 0.221115886 0.200756243 0.212143583 0.25393744 0.321225962 0.424799626 0.532500271 0.593019184 0.632000039 0.662813429 0.672305236 0.619671308 0.531217374 0.449446321 0.387842825 0.312527467 0.256249157 0.276308157 0.323070271 0.35439874 0.37285604 0.390102447 0.401589088 0.399409444 0.366599532 0.340648578 0.398230855 0.404530088 0.350642018 0.317874132 0.384366023 0.4301304 0.490166829 0.623930595 0.892403768 1.495127333 2.311630175 3.033015644 3.670495702 4.156846786 4.299464636
0.319872139 0.309841154 0.307257229 0.336673285 0.366101769 0.373199786 0.372320937 0.345348642 0.380965677 0.452013715 0.493981672 0.492425199 0.485636527 0.454484194 0.401050551 0.337302714 0.249861274 0.224825402 0.225416152 0.230698031 0.230075035 0.264693343 0.349832291 0.442781893 0.494440086 0.504727766 0.55944256 0.592583907 0.611835334 0.589734816 0.535926025 0.493474014 0.443296507 0.373846386 0.330489012 0.331722549 0.360587495 0.383776205 0.40509383 0.417187985 0.420092896 0.41102228 0.38705772 0.324673951 0.374587195 0.443722238 0.460975163 0.50515082 0.573779573 0.572484336 0.624765409 0.763620832 0.938174198 1.316023991 1.868101535 2.50967429 3.084537573 3.511046991 3.671883373
0.405291532 0.36387518 0.35890998 0.377087155 0.385795225 0.387856446 0.390884001 0.356666016 0.388505228 0.411662913 0.417933625 0.387348759 0.356801 0.330890354 0.261334993 0.224293646 0.187174417 0.177058566 0.193729007 0.217074703 0.240353402 0.269889657 0.282788358 0.260899484 0.26899646 0.306672999 0.356594508 0.408435299 0.509213773 0.546681345 0.537881686 0.531266036 0.519767986 0.479781069 0.402915757 0.396081654 0.41061081 0.432002475 0.44758711 0.480897317 0.517420936 0.543919625 0.50020148 0.464684272 0.442619028 0.480238581 0.524399045 0.599243562 0.61780843 0.591767952 0.619348255 0.738446019 0.854459824 1.003740123 1.100216759 1.329671126 1.720754895 2.124684397 2.449204447
0.448601 0.443531375 0.443243014 0.452179607 0.437463983 0.407436484 0.424041558 0.43063506 0.423324876 0.410616834 0.404446822 0.374973781 0.312114076 0.252846163 0.20809655 0.174557586 0.13484052 0.128615531 0.18212077 0.276800361 0.298562809 0.255249382 0.188158767 0.155127782 0.141816621 0.145907106 0.222420611 0.302123895 0.405703089 0.487161102 0.501005445 0.468974409 0.456303766 0.449557556 0.40343107 0.372081297 0.417577394 0.464033044 0.48664253 0.523840135 0.56528917 0.561166613 0.559193315 0.56984945 0.531647354 0.540159235 0.524476869 0.495198474 0.490320614 0.51059376 0.496137189 0.539993984 0.645890948 0.774164335 0.753842294 0.751932617 0.933200121 1.244985033 1.690228237
0.373303687 0.383802952 0.402885082 0.440275093 0.462684577 0.479752081 0.514932035 0.475008448 0.431104272 0.395026873 0.380079931 0.357031124 0.303895475 0.24400081 0.207523495 0.1924471 0.189302635 0.294853293 0.376506854 0.397320284 0.384007988 0.346145302 0.290821947 0.254943909 0.228034274 0.196958135 0.281980552 0.360259321 0.423367543 0.438312942 0.422625337 0.401201891 0.385175459 0.412522117 0.400733086 0.399924349 0.455755799 0.48132916 0.492512423 0.487237412 0.491128187 0.52165112 0.580252323 0.659365382 0.639241945 0.562784087 0.510918384 0.453028886 0.459533127 0.495787943 0.488708145 0.464605633 0.502050156 0.653053052 0.771267223 0.884048874 1.137403189 1.439290587 1.797633711
0.288872077 0.319556624 0.352427538 0.405666564 0.468821527 0.506328535 0.508110592 0.408489461 0.338217447 0.291625794 0.294470257 0.300405256 0.305665686 0.298990519 0.296173122 0.32898545 0.424450467 0.49538404 0.52916407 0.527945085 0.502992421 0.468818384 0.408202439 0.355352793 0.342214713 0.340561324 0.33892307 0.3772825 0.419350574 0.425675767 0.393297232 0.370809576 0.360960665 0.390875153 0.399061362 0.417061092 0.452409906 0.45469281 0.441571174 0.402861158 0.409888395 0.464965997 0.50468574 0.571610115 0.602522923 0.535160303 0.489224214 0.462372438 0.439921103 0.422273995 0.425137463 0.494857319 0.623766216 0.735871145 0.824919087 0.995031092 1.275121118 1.437321771 1.611672575
0.274154067 0.315056008 0.373590563 0.46768802 0.519359513 0.513833831 0.456010777 0.351634459 0.330297393 0.342117506 0.37282423 0.399737444 0.403564918 0.419587683 0.450821739 0.497125846 0.501005095 0.530291931 0.529903773 0.517707114 0.51852403 0.498006033 0.431229651 0.354361488 0.364173844 0.385340507 0.367386965 0.353839539 0.372830371 0.365904649 0.343713211 0.355203636 0.378888042 0.345833716 0.376166136 0.380626705 0.371955102 0.344573986 0.320863794 0.312043005 0.32051676 0.375259086 0.442734803 0.462522439 0.40505128 0.31564635 0.286288676 0.307946641 0.35340531 0.423685531 0.486667501 0.599280116 0.641357154 0.642506871 0.622794265 0.684093684 0.937543693 1.183394575 1.395848696
0.255242659 0.316650228 0.399200449 0.496055465 0.589997479 0.642051542 0.596473634 0.490957114 0.517830544 0.602180284 0.659475481 0.671477872 0.596580765 0.489625905 0.423282676 0.428273401 0.413200265 0.377515971 0.344119442 0.357090263 0.387415843 0.414574519 0.405439845 0.366835535 0.309932133 0.28912627 0.324208871 0.363187777 0.333870499 0.28891681 0.275073544 0.336157391 0.40356355 0.377883902 0.389296736 0.385784428 0.346327783 0.327775837 0.302256143 0.276161416 0.235362153 0.204998825 0.281308487 0.420864904 0.403009937 0.27315889 0.215151813 0.279560103 0.437367649 0.506418 0.455146132 0.411462795 0.416936236 0.321498665 0.221490394 0.282238994 0.501563132 0.728581101 0.925678061
0.226397387 0.26760748 0.325857691 0.402329897 0.530402816 0.643426465 0.661006809 0.566145987 0.584516325 0.629724091 0.669497036 0.69156714 0.646244211 0.49923858 0.345682813 0.309933414 0.312694669 0.302949746 0.277971878 0.268675853 0.28868884 0.355273805 0.415891118 0.409562694 0.35650775 0.313483964 0.351739291 0.374210853 0.317191967 0.290121272 0.298816856 0.35080107 0.381901336 0.34564425 0.362592546 0.411020184 0.414348848 0.385873078 0.349942537 0.339866034 0.281211513 0.177513575 0.085428997 0.053848082 0.284393551 0.366549008 0.361553277 0.396784046 0.465354067 0.474401226 0.385961903 0.288422569 0.198328693 0.087589957 0.054477598 0.133739028 0.285604852 0.394600676 0.461750082
0.186431076 0.206500641 0.234478677 0.280943641 0.358864956 0.435359252 0.398765376 0.356004282 0.362469873 0.456787006 0.525402749 0.561184279 0.519066729 0.425417704 0.286750874 0.186109392 0.226012489 0.295883772 0.404535502 0.417416741 0.368787558 0.368270848 0.459505041 0.427456165 0.372829178 0.285519869 0.283762667 0.343634892 0.313705328 0.322687119 0.339288294 0.392066315 0.381580816 0.300501793 0.281089335 0.351634633 0.392745133 0.332498981 0.323302462 0.334354641 0.291063974 0.174993416 0.020363485 0.0 0.102762948 0.426780549 0.511446036 0.504040916 0.483884534 0.388231885 0.272086414 0.171519292 0.122739351 0.073725998 0.043601787 0.113470189 0.272563426 0.378744327 0.430369109
0.136815506 0.140251796 0.144815072 0.162548386 0.214444677 0.215955632 0.192005187 0.159093674 0.179647293 0.210518658 0.270997436 0.248218072 0.206082157 0.201140443 0.159983232 0.109254004 0.125304417 0.292108918 0.520945963 0.594808196 0.656709657 0.643382082 0.575088459 0.493209256 0.412727211 0.32858405 0.270880206 0.280430075 0.310451258 0.257935259 0.242463342 0.375640317 0.413054164 0.367922737 0.273115525 0.266271702 0.331139483 0.354680262 0.358338584 0.289558433 0.166976068 0.038127706 0.0 0.0 0.073699804 0.292753452 0.414116308 0.416224066 0.425044214 0.368351524 0.297423045 0.282717228 0.287749397 0.217159686 0.167932361 0.155281799 0.204917451 0.267464144 0.336494064
0.107680709 0.107919623 0.101811922 0.093023118 0.084675179 0.063863903 0.036175072 0.040161627 0.032871976 0.048900649 0.056140067 0.04006573 0.015138066 0.0 0.0 0.006159709 0.105501807 0.334871875 0.460959636 0.542813621 0.607946742 0.591949356 0.565582624 0.517623179 0.410682987 0.327739806 0.256169587 0.225317577 0.166031328 0.084232131 0.010700809 0.020918611 0.137386523 0.316154561 0.423546269 0.441475859 0.447838014 0.422009936 0.37429441 0.28876646 0.128376996 0.0 0.0 0.0 0.0 0.090496731 0.249191362 0.354947115 0.396499119 0.38725778 0.343862805 0.367373053 0.374664436 0.26011205 0.237087195 0.247642922 0.298463739 0.333224481 0.32301934
0.09453026 0.069267495 0.038062164 0.001633161 0.0 0.0 0.0 0.0 0.0 0.0 0.0 0.0 0.0 0.0 0.0 0.0 0.141048586 0.326987007 0.411376823 0.478882066 0.514479616 0.50194675 0.480350369 0.432507586 0.331039613 0.230348407 0.19558944 0.248026394 0.280380773 0.237032044 0.122081517 0.016016274 0.0 0.006910064 0.118917582 0.361808139 0.430592598 0.409081462 0.316841091 0.263096386 0.215098844 0.146878418 0.102249789 0.00907795 0.0 0.022321299 0.193011481 0.328371301 0.373584393 0.365318207 0.323886401 0.311647076 0.331075746 0.321109837 0.435479626 0.500368129 0.543667935 0.614528428 0.663242885
0.11027517 0.073708099 0.009919386 0.0 0.0 0.0 0.0 0.0 0.0 0.076228607 0.075529446 0.043241002 0.037639591 0.069220521 0.17785198 0.219634152 0.288085663 0.42895216 0.428557862 0.438517542 0.402717007 0.372547132 0.349156224 0.310214105 0.311937401 0.312583157 0.314708435 0.39134892 0.424974118 0.3476235 0.251701611 0.206624769 0.086882414 0.0 0.0 0.010834658 0.082390703 0.070817943 0.047797716 0.061529165 0.200848852 0.245391624 0.233227678 0.181378622 0.116378535 0.0 0.106724037 0.286612834 0.33215119 0.344589178 0.341384497 0.338337268 0.358066638 0.431544206 0.645382446 0.755590154 0.781079521 0.898860628 0.912895659
0.149357191 0.118902244 0.05811172 0.015939877 0.0 0.0 0.0 0.020105319 0.071128452 0.122087891 0.123928927 0.113314454 0.131249311 0.162487529 0.251220597 0.347841735 0.447156475 0.513743245 0.470986342 0.377303455 0.291840872 0.268976772 0.313321201 0.356287506 0.369623449 0.36831075 0.348394169 0.2928014 0.240566122 0.165957797 0.121148012 0.133648762 0.198028109 0.126019848 0.025242975 0.006441784 0.0 0.0 0.0 0.0 0.172586617 0.239113491 0.19421216 0.232328923 0.205536024 0.019486586 0.034922559 0.20537118 0.30038011 0.346731918 0.409875822 0.490353617 0.537278596 0.646002125 0.872997334 1.057116548 1.165972091 1.237845048 1.236276585
0.149275613 0.115703515 0.070567126 0.047897222 0.062967461 0.067053101 0.001922628 0.0 0.0 0.0 0.0 0.02426187 0.074385578 0.134843227 0.249543446 0.366497552 0.473238659 0.491032057 0.444503909 0.336755722 0.225973621 0.18426434 0.241232861 0.286046212 0.306430622 0.306866554 0.216621964 0.122279162 0.044961926 0.013504381 0.036268335 0.087930093 0.229304365 0.262011192 0.165816164 0.097961281 0.0 0.0 0.0 0.0 0.160494965 0.192251755 0.160594005 0.155075511 0.203495903 0.177915324 0.131200359 0.195732864 0.317029946 0.387539156 0.454503461 0.528389122 0.571394688 0.845637172 1.151329838 1.389462035 1.49418111 1.484052395 1.437649713
0.122019221 0.122510522 0.152172724 0.163655743 0.164246012 0.153510133 0.107105865 0.087404114 0.048727728 0.002940331 0.025028552 0.090159476 0.126623941 0.162606317 0.220123911 0.257066713 0.243754534 0.226549193 0.25771487 0.222189934 0.146164675 0.068834168 0.068664202 0.082981627 0.090413654 0.056576915 0.025684378 0.005585811 0.0 0.0 0.0 0.131263601 0.322369102 0.397867727 0.325551693 0.150905777 0.0 0.0 0.0 0.002798275 0.140443852 0.15361674 0.143096258 0.149180181 0.215664797 0.26361557 0.260215369 0.290256809 0.439426629 0.531464349 0.640237704 0.859658932 1.155948499 1.372854225 1.562865567 1.741590095 1.749584684 1.633024542 1.471348107
0.220389978 0.24590244 0.287128394 0.252501515 0.16114254 0.067371104 0.006472183 0.004110014 0.048175105 0.012806413 0.0 0.0 0.0 0.0 0.0 0.0 0.0 0.0 0.0 0.0 0.0 0.0 0.0 0.0 0.0 0.0 0.0 0.0 0.0 0.0 0.0 0.106238731 0.166422193 0.192615407 0.184915931 0.03025253 0.0 0.0 0.034366443 0.166580518 0.212871004 0.230782607 0.227017619 0.329268107 0.378621393 0.483672717 0.509945967 0.562502479 0.7655347 0.833866419 1.037212787 1.261087018 1.444786787 1.578918542 1.732538803 1.837471034 1.802345039 1.746822963 1.732803881
0.259305205 0.262057903 0.253942286 0.259141423 0.219163761 0.104480729 0.0 0.0 0.0 0.0 0.0 0.0 0.0 0.0 0.0 0.0 0.0 0.0 0.0 0.0 0.0 0.0 0.0 0.0 0.0 0.0 0.0 0.0 0.0 0.0 0.0 0.011951532 0.087548775 0.164914323 0.152165798 0.037798134 0.005053356 0.065454777 0.167089282 0.247662596 0.289014832 0.323439483 0.381595804 0.518304878 0.650591974 0.764601224 0.855247374 0.975628616 1.120618079 1.25668128 1.439958345 1.52809883 1.478461083 1.513489289 1.599946874 1.653265208 1.770357136 2.010655357 2.151706023
