Environmental Parameters/RCP 45/2050/Net_Primary_Production.asc
ncols 720
nrows 360
xllcorner -180.0
yllcorner -90.0
cellsize 0.5
NODATA_value -9999
[rows 130 to 155 of 360, columns 0 to 58 of 720]
0.590759504 0.605292851 0.594897312 0.553044782 0.521622889 0.496235036 0.437980227 0.400389428 0.398387434 0.375155825 0.369148911 0.384725106 0.457787362 0.484935415 0.474339293 0.495749002 0.49538305 0.42279606 0.333550444 0.297980558 0.348140893 0.363967381 0.425945967 0.591818243 0.545064395 0.452559965 0.448420818 0.428335799 0.418335549 0.410476292 0.398988428 0.374472933 0.373216055 0.369913992 0.345130218 0.30135439 0.297744176 0.307834824 0.340252533 0.396120304 0.462903467 0.513514271 0.50601078 0.45975676 0.429626845 0.423129066 0.399640063 0.325143104 0.254268234 0.19371399 0.184479839 0.19511563 0.173196575 0.14898181 0.143695623 0.106147258 0.043128617 0.029342045 0.028667331
0.565785333 0.530774996 0.501665287 0.466781668 0.459978357 0.438069459 0.396615826 0.372257608 0.359427591 0.336926896 0.334990968 0.373992079 0.462907425 0.454825233 0.429099659 0.432231696 0.391916488 0.309920113 0.257933338 0.25762571 0.335563789 0.371535891 0.400470628 0.443156867 0.441633398 0.435603026 0.476499321 0.493943749 0.488221413 0.510340964 0.534434046 0.499750371 0.477862952 0.459934701 0.409758184 0.383265608 0.37760922 0.405103434 0.45995065 0.526649703 0.572993653 0.646591885 0.648389279 0.592347933 0.566202274 0.551405537 0.486081175 0.376061304 0.306270318 0.232497579 0.189332466 0.158694224 0.174575573 0.194642169 0.221526658 0.213439314 0.152863999 0.109488232 0.081722654
0.466524391 0.452339591 0.473973399 0.489856233 0.472687359 0.425743347 0.386526866 0.375441508 0.375260075 0.375120318 0.398261822 0.465532707 0.478072441 0.447029655 0.395091542 0.354853284 0.294700731 0.258808548 0.264949223 0.315390644 0.398879347 0.408930064 0.406762294 0.398803037 0.357226527 0.366499356 0.429781387 0.530571735 0.506829005 0.581435626 0.691308232 0.587911112 0.539258122 0.512056111 0.450068794 0.443746743 0.489125377 0.592483324 0.703622063 0.776386703 0.840353372 0.878403604 0.866122544 0.786468037 0.751842104 0.692957197 0.543918926 0.448908075 0.353308511 0.248684955 0.182686315 0.156692346 0.193383516 0.281621265 0.408397755 0.464528071 0.450720661 0.326826499 0.235705695
0.482628413 0.488356221 0.49905054 0.502099982 0.477705209 0.448129838 0.425583334 0.411374553 0.411504647 0.428875734 0.448831473 0.439018244 0.424447528 0.399776734 0.35497389 0.315688085 0.292495941 0.294219353 0.335852092 0.389340508 0.418894342 0.400929624 0.367717061 0.341121515 0.328646653 0.342048996 0.372937997 0.397140684 0.463169359 0.56043535 0.602059299 0.55531488 0.499646994 0.47045009 0.437471492 0.489703612 0.571228331 0.720484066 0.882942055 0.941220438 0.960078614 0.972225971 0.945382693 0.859717489 0.803061761 0.705155951 0.571980898 0.464131706 0.343782187 0.239611953 0.223099603 0.264694158 0.344575383 0.464272161 0.668352644 0.751359737 0.757503294 0.617915008 0.497830566
0.511073216 0.511410355 0.499182148 0.501705741 0.474091968 0.454151363 0.448351318 0.442658493 0.42158342 0.430139073 0.418233976 0.390383415 0.370322901 0.365918386 0.351329392 0.343521591 0.345246925 0.35188871 0.380293874 0.380137935 0.348629226 0.330807612 0.315169018 0.314388715 0.332156371 0.351861556 0.384667743 0.415284623 0.462055265 0.495328452 0.465496269 0.43748747 0.403276121 0.404644699 0.422987476 0.490022649 0.601311971 0.766299199 0.91385073 0.980670913 1.082490955 1.091067563 1.038273447 0.917959202 0.802214723 0.70397224 0.58610097 0.487350801 0.403836311 0.329378643 0.328460592 0.427355291 0.514945365 0.689855253 0.860756612 0.878677762 0.830719277 0.796745357 0.705333223
0.532718317 0.497019733 0.470040599 0.460135459 0.454551191 0.454812835 0.453514629 0.436893606 0.397373922 0.377509103 0.36685029 0.339182501 0.337190111 0.372486713 0.390762463 0.382193073 0.382182072 0.382496219 0.361946644 0.333183125 0.312419928 0.305513531 0.310486503 0.313906959 0.33093855 0.362301915 0.402517646 0.437781826 0.45519069 0.438316754 0.386035768 0.349814829 0.327057118 0.365390937 0.455139903 0.522014103 0.617881422 0.76267746 0.896132144 1.010402164 1.159412088 1.113612438 0.979034463 0.946394051 0.885891146 0.848172582 0.767715159 0.673349889 0.607634196 0.532718375 0.50247804 0.52954111 0.54241746 0.71259134 0.795717351 0.789151469 0.775217632 0.751588319 0.696873962
0.542804832 0.485653174 0.447116385 0.444667821 0.454941532 0.436693721 0.420944532 0.403912854 0.373871473 0.356146134 0.34658605 0.340562779 0.367967063 0.398771313 0.405565312 0.377721037 0.364400155 0.357655255 0.336472382 0.333785109 0.361329148 0.426354236 0.422885932 0.418614363 0.444342761 0.465316989 0.469054561 0.458676863 0.42490862 0.37308695 0.306214846 0.253636739 0.303921523 0.370037276 0.478496979 0.531132944 0.598556071 0.697207754 0.777982059 0.810429337 0.870970951 0.895272358 0.876726815 1.000707038 0.989294727 0.958234654 1.045721001 1.067865756 0.869924726 0.77843247 0.754460169 0.65561448 0.567321607 0.675082498 0.755789108 0.78026508 0.763411692 0.692761125 0.60563325
0.563825248 0.496457447 0.459584 0.45608572 0.45430637 0.429412117 0.401171041 0.395034323 0.405365776 0.420619152 0.418036012 0.411158253 0.407089363 0.410788634 0.407682383 0.373901945 0.351482828 0.365358195 0.389683468 0.487246522 0.572560122 0.574136677 0.546207535 0.512270199 0.510062528 0.507711695 0.491559302 0.456382113 0.364026375 0.281751272 0.241615693 0.207006087 0.248761382 0.308491843 0.403063837 0.472641492 0.503187126 0.557238818 0.600554689 0.586720009 0.584997004 0.601526001 0.678336539 0.779932481 0.844213879 0.988526968 1.233344548 1.33741973 1.083915005 0.853980251 0.839669956 0.785333046 0.674087612 0.613720214 0.662816456 0.74746256 0.729213818 0.600096799 0.471024046
0.590862299 0.549092074 0.509213889 0.486350036 0.478493457 0.443734578 0.396667805 0.425725826 0.504714961 0.561152468 0.559749198 0.52276178 0.48363622 0.433962792 0.425258942 0.40457453 0.40011658 0.453430868 0.565774943 0.639682636 0.630275608 0.600304251 0.589713309 0.510387996 0.472790329 0.457729242 0.436427334 0.406143285 0.309809635 0.236528314 0.207168836 0.211041974 0.247700169 0.284009526 0.346020825 0.365947781 0.359292229 0.374958618 0.433284615 0.481656811 0.482826843 0.477851136 0.51840028 0.519072521 0.56875858 0.797201355 1.050718478 1.238131197 1.381913899 1.102044596 0.872223289 0.825047668 0.748848834 0.665672473 0.634282478 0.691728608 0.660834339 0.499099086 0.37716268
0.593097531 0.571337063 0.564489339 0.570150907 0.575624872 0.52689045 0.473990862 0.514213578 0.5823315 0.591630989 0.602472806 0.601398555 0.580245192 0.530296762 0.497897941 0.472656335 0.471945095 0.502611481 0.59369579 0.610222371 0.585838483 0.627323578 0.644307205 0.581215718 0.52651405 0.486768287 0.44046875 0.403223297 0.332007883 0.306543196 0.332513358 0.343669846 0.307251612 0.31222243 0.377734308 0.380643905 0.337844132 0.357078388 0.426320941 0.468584185 0.461381802 0.437117473 0.417144794 0.420040102 0.472064305 0.547179137 0.700379256 1.181004453 1.574743772 1.537922188 1.192203839 0.80844335 0.631642062 0.577114755 0.53487398 0.623475091 0.607061462 0.560265995 0.523155672
0.622478372 0.616093574 0.618994702 0.637157878 0.623669592 0.5715398 0.529832207 0.527664088 0.54113011 0.563809008 0.63021839 0.68546494 0.652194838 0.598140439 0.575325597 0.545122137 0.540595473 0.550694996 0.592384953 0.585659174 0.62948768 0.73895161 0.738306699 0.672103197 0.635786768 0.587858143 0.533744344 0.48929677 0.419285323 0.376976997 0.374066352 0.352545525 0.324770634 0.40885224 0.54074591 0.569499854 0.538262073 0.564461167 0.573945115 0.557368679 0.495660119 0.440553704 0.383019214 0.351996452 0.398703909 0.524322211 0.751877087 1.392232487 1.330861589 1.489398535 1.390682417 0.752041116 0.49370015 0.38385595 0.273591082 0.283176021 0.53783902 0.696367468 0.791001774
0.693703885 0.684052648 0.681106467 0.673432834 0.638534344 0.581981469 0.534529478 0.510702521 0.530617224 0.566469884 0.621576735 0.629694841 0.607375463 0.573676283 0.547052128 0.558627071 0.584529043 0.630254188 0.683443184 0.688340282 0.662688835 0.691998459 0.710059132 0.657395867 0.638633413 0.6305633 0.596607541 0.562460191 0.456131122 0.403961487 0.384013227 0.388577289 0.447223254 0.609308714 0.73440274 0.746632752 0.709037762 0.68192312 0.648388581 0.61127817 0.599097868 0.597149832 0.584726222 0.571637589 0.535050232 0.595652498 0.913141295 1.572417794 1.395886298 1.305995625 1.078447443 0.623729313 0.527973345 0.462944678 0.359146274 0.347201945 0.509897072 0.807380711 0.975595089
0.696264062 0.696944218 0.701705139 0.687129941 0.643084204 0.573868805 0.516042317 0.513040897 0.556237908 0.568375835 0.576408755 0.58300927 0.564534159 0.513201521 0.477766822 0.481785246 0.534106017 0.644078245 0.678346027 0.676223979 0.626352034 0.569009077 0.529631128 0.519442634 0.454094436 0.451727479 0.445419457 0.455619593 0.420348166 0.397714233 0.364824577 0.371736067 0.454301364 0.622383435 0.711976609 0.721750024 0.708224368 0.671804708 0.611483469 0.563315407 0.613624521 0.723568432 0.821679423 0.854706508 0.839410059 0.816594285 0.931427814 1.153888181 1.108198776 0.958589837 0.794176303 0.753901259 0.718018739 0.673029281 0.665687607 0.687644351 0.829613651 1.088449149 1.207227935
0.606126181 0.629933813 0.645233114 0.641049584 0.618710154 0.575337763 0.530991645 0.532243575 0.555477047 0.547080243 0.543156813 0.55594524 0.551988051 0.527793862 0.494245527 0.45996267 0.485336786 0.559418375 0.598318991 0.598955259 0.522181625 0.47478819 0.469102 0.455041241 0.429861073 0.400569814 0.386942003 0.380848418 0.395396433 0.373102434 0.32042613 0.309691881 0.376477721 0.518906629 0.641955936 0.712876732 0.704481034 0.670853478 0.651334354 0.673457282 0.733595982 0.874859572 0.995617011 1.074368018 1.082216855 1.069089456 1.007833402 0.990887405 0.916967518 0.879737316 0.854687649 0.902916654 0.906561618 0.938287121 1.033546636 1.159089035 1.316480106 1.468699309 1.646404387
0.532640493 0.571127166 0.597118255 0.593544944 0.584497582 0.578051899 0.558227301 0.570086529 0.558508094 0.531319063 0.513675157 0.518939865 0.522374321 0.518329995 0.510538317 0.524091622 0.573676632 0.607071444 0.595960591 0.537361717 0.511326129 0.505655713 0.514166197 0.509674894 0.492648629 0.474476838 0.472916348 0.479796727 0.425286882 0.36815909 0.317434955 0.311919721 0.358537596 0.465992838 0.62392879 0.763875549 0.772410422 0.79115777 0.849119562 0.899012259 0.99389872 1.099532587 1.173602068 1.240693266 1.275934861 1.311803469 1.244324376 1.128098695 1.114271814 1.168322167 1.148759504 1.161252032 1.301541692 1.413170248 1.551494119 1.718061743 1.803268329 1.838864991 1.95185747
0.573045487 0.583459536 0.574820326 0.551066449 0.535532687 0.54225311 0.513487583 0.503660674 0.521916896 0.542406895 0.544180803 0.537966727 0.520647998 0.518925954 0.5376974 0.577841594 0.602511573 0.558165892 0.484951946 0.47796435 0.495836546 0.508027559 0.531590253 0.520122354 0.495703018 0.501800561 0.526074204 0.520831032 0.484003685 0.445266021 0.399918412 0.417757139 0.475128705 0.556161278 0.723995327 0.884694338 0.945593114 1.01061404 1.065674354 1.127858297 1.210843213 1.279941294 1.345859841 1.415944309 1.429767581 1.388640609 1.409520861 1.457105624 1.472632517 1.468377654 1.517030993 1.613729866 1.774231903 1.873477129 2.039882122 2.238089219 2.27690395 2.168519888 2.174316207
0.616848876 0.579696294 0.545882067 0.522396876 0.52184111 0.544720649 0.534963823 0.514609448 0.521206879 0.559179869 0.598381506 0.603876018 0.596447499 0.592627621 0.609182345 0.618782884 0.576420745 0.484303571 0.452295528 0.466529047 0.497735979 0.50476403 0.544951006 0.558594009 0.547387637 0.553088379 0.556026818 0.544252514 0.52880228 0.531930709 0.527422759 0.588704715 0.683394959 0.791566912 0.913493277 0.986961473 1.050436986 1.186841866 1.227841363 1.285990817 1.367413905 1.423181617 1.486769295 1.515789656 1.484612003 1.44409854 1.498139114 1.689108205 1.746290945 1.727569499 1.761920168 1.866158098 2.019984182 2.16829381 2.39530066 2.544273855 2.55523948 2.562565031 2.615069272
0.640629994 0.595996069 0.546559546 0.541694753 0.571463723 0.604712346 0.617653888 0.618248247 0.615708472 0.613353797 0.621996354 0.623732281 0.617652258 0.595160993 0.587755872 0.557678402 0.482380274 0.466826546 0.461485179 0.473344524 0.485063472 0.513284234 0.557170715 0.584541587 0.580073567 0.585625938 0.594889803 0.602155458 0.631364353 0.65773481 0.685858133 0.761323725 0.850127486 0.923102023 0.979400589 1.011668006 1.096491469 1.193259261 1.256403513 1.362119918 1.458445331 1.584426267 1.662134193 1.619962743 1.490510884 1.522248145 1.679656212 1.899830997 1.97900983 1.961476635 1.953487284 2.055792836 2.214908134 2.441517077 2.660078462 2.784568584 2.756808186 2.78856419 2.903345274
0.58220551 0.560649525 0.568901916 0.57476011 0.602343003 0.631925679 0.673543778 0.688765256 0.693348004 0.661174417 0.638478959 0.644168293 0.6523169 0.639010046 0.615711906 0.543025322 0.476432848 0.469146937 0.48654899 0.504076423 0.514976331 0.516104104 0.53315016 0.578708248 0.600442581 0.609960232 0.615256082 0.638495549 0.678983168 0.744864112 0.827111187 0.89662039 0.932191033 0.953338458 1.024538884 1.112780417 1.16479292 1.202567597 1.296474948 1.443286776 1.605082885 1.742327237 1.841415185 1.815457596 1.82791939 1.901245792 2.077349462 2.268273616 2.302167937 2.259262372 2.283722861 2.443743404 2.669788897 2.816543682 2.911995165 2.942120889 2.959007397 2.992565278 3.071074374
0.457920163 0.500724593 0.544099719 0.578718988 0.602886255 0.622037391 0.648458663 0.673779577 0.673375092 0.652925752 0.642212166 0.668472028 0.699941011 0.682876562 0.657030556 0.591771095 0.548596436 0.555383507 0.575205544 0.574028061 0.601946958 0.615728262 0.631182687 0.662813894 0.680306228 0.6937242 0.695759314 0.718523981 0.78340614 0.849029631 0.929799513 0.987133593 1.020817785 1.085561467 1.174955978 1.266561216 1.339895651 1.453595352 1.577226212 1.704477123 1.806539018 1.896522124 1.989744604 2.113524126 2.288541291 2.38905265 2.426005434 2.508688252 2.526490949 2.593824873 2.745452803 2.858955646 2.944477834 3.00998101 3.121696413 3.121548798 3.079874907 3.13534704 3.209150862
0.39019392 0.436873292 0.496679102 0.541359186 0.540818728 0.546118827 0.558570959 0.595830206 0.603298133 0.584419235 0.589608331 0.649875263 0.703100231 0.713080168 0.703890051 0.678828685 0.665094005 0.716689799 0.761807431 0.809753838 0.856997096 0.866746646 0.920153281 0.958880526 0.979090459 0.96613419 0.985235325 0.966265216 1.018163166 1.083819545 1.163010602 1.215989469 1.218456426 1.269613858 1.378264045 1.453200821 1.520382706 1.646033488 1.803749008 1.989854034 2.167275641 2.249133773 2.336418489 2.44263839 2.57973047 2.701984253 2.818762092 2.930530114 2.98844208 3.073271597 3.195228288 3.264228813 3.287325846 3.314115573 3.456329461 3.476698417 3.383387113 3.333271714 3.354854416
0.359783473 0.370063237 0.399235985 0.438532559 0.45104092 0.453832617 0.490338018 0.54231839 0.566319039 0.582178647 0.602318672 0.676911208 0.754643464 0.785341894 0.800439564 0.801007904 0.797822315 0.848439173 0.924511987 1.016006689 1.085945172 1.152821118 1.21630996 1.280849334 1.336753601 1.391960774 1.430345932 1.416693674 1.436077524 1.444752095 1.492747688 1.520765829 1.515188487 1.52607495 1.57380139 1.662397408 1.785244094 1.884732163 1.984374132 2.175379777 2.404784318 2.55321525 2.649851376 2.77817063 2.941611689 3.025610233 3.110439051 3.169139847 3.281915793 3.416773397 3.534576856 3.653558204 3.799661528 3.880091012 3.961521201 3.924038261 3.822905011 3.698867746 3.637499409
0.476346584 0.448688399 0.445645477 0.469400722 0.496569148 0.503282994 0.531165861 0.568315911 0.606701069 0.628547859 0.66730252 0.742686796 0.822471571 0.873259967 0.905458117 0.937374309 0.94611058 0.986045809 1.035821741 1.115302788 1.218061429 1.31384586 1.419113134 1.539055258 1.691729296 1.766807749 1.800957019 1.8018462 1.838031923 1.892042346 1.883364748 1.856525429 1.815049909 1.823292347 1.834352734 1.88230956 1.98124256 2.092025243 2.179151168 2.320734086 2.510803984 2.70316517 2.819621935 2.887288807 2.976672724 3.102784976 3.126190742 3.129795659 3.228993155 3.381196177 3.523731139 3.627043217 3.740172833 3.873427399 3.951857798 4.073652904 4.099850077 4.057719838 4.007776733
0.743136043 0.696879812 0.64294989 0.606338668 0.598295475 0.600566738 0.621026149 0.675091753 0.712862937 0.746335834 0.793079264 0.865113689 0.951410155 1.032311935 1.106083044 1.146266819 1.16543693 1.208002912 1.247602748 1.355211018 1.489469316 1.607252751 1.712449943 1.795459189 1.914596185 1.95907359 1.946008531 2.005005023 2.103062347 2.165984828 2.189705148 2.181075513 2.135157119 2.12895195 2.159328433 2.19526724 2.268155571 2.350040711 2.400044817 2.465507947 2.64691608 2.746066777 2.849010052 2.94468808 3.007195657 3.090736689 3.17014195 3.244530177 3.326052101 3.404356539 3.49987275 3.577024676 3.652587999 3.723878879 3.833749797 3.963676747 4.074452445 4.131909925 4.138591234
0.975577161 0.94142044 0.867327093 0.795625383 0.753436121 0.760865165 0.791426632 0.821632333 0.879399711 0.922841486 0.949193374 0.974934199 1.015737304 1.070181141 1.151674544 1.208200469 1.291177701 1.368291327 1.45553716 1.591774286 1.689916942 1.774261007 1.879204996 1.973607112 2.032984979 2.095039235 2.045157366 2.047902904 2.100767801 2.132824855 2.17606849 2.278437139 2.359286649 2.426031046 2.47656065 2.567969263 2.659016754 2.709934721 2.741755452 2.768300939 2.830555197 2.868579468 2.94068316 3.030836815 3.047978505 3.079478163 3.157191444 3.270309186 3.349489532 3.409607103 3.501758678 3.576792777 3.607474733 3.654679283 3.75311682 3.811012255 3.898477182 3.990545403 4.012262914
1.098774956 1.093594008 1.06276921 1.046144753 1.032378757 1.046448248 1.073210849 1.087315264 1.093650237 1.112904632 1.134158578 1.159529551 1.196172554 1.206341316 1.229489688 1.288903644 1.370073995 1.513678348 1.63522386 1.750010997 1.826287713 1.907116501 1.99437025 2.08696723 2.157588489 2.219096292 2.242014976 2.236625878 2.265549731 2.29620561 2.321148757 2.380938502 2.488363534 2.590799937 2.685868647 2.73164059 2.778981347 2.858886495 2.934900345 2.986651845 3.044912592 3.102734452 3.123627044 3.173816716 3.177878913 3.185046837 3.225927707 3.305099905 3.401331138 3.486808622 3.566884669 3.61395278 3.671980929 3.748266259 3.841987113 3.899936564 3.94088286 3.962222487 3.938368522
