Environmental Parameters/RCP 45/2050/Sea-bottom_salinity.asc
ncols 720
nrows 360
xllcorner -180.00
yllcorner -90.00
cellsize 0.5
NODATA_value -9999
[rows 125 to 149 of 360, columns 168 to 223 of 720]
34.95095444 34.96441269 34.95269775 34.97427368 34.92771912 34.92423248 34.95022583 34.96395874 34.9643631 34.96136475 34.9678154 34.9695282 34.97008514 34.96962357 34.96908188 34.97001648 34.97119904 34.9716835 34.9721756 34.97176743 34.9707222 34.94329834 36.30828094 36.74394608 36.63866043 36.44353104 36.21271896 34.96284235 -9999.0 -9999.0 -9999.0 36.2632103 35.77382278 36.47987747 36.4092865 36.5829277 35.15961838 35.01311493 34.967453 34.88118362 34.88132477 34.89493942 34.89559937 34.89630127 34.89728928 34.88550568 34.88608932 34.8875885 34.85932541 34.85923004 34.85903168 34.85894775 34.85888672 34.85887909 34.85853195 34.85782242
34.97092056 34.96578979 34.966362 34.96004868 34.96505356 34.96334839 34.96406174 34.96195221 34.96751022 34.96779251 34.96780396 34.96795654 34.96875381 34.96863937 34.96825409 34.96802521 34.96936035 34.97033691 34.97085571 34.97045135 34.96073532 34.96928406 35.98832703 36.66175461 36.72055817 36.62975311 36.43059158 34.94047928 35.39742729 -9999.0 -9999.0 36.09370041 35.68910599 35.38014984 36.28281021 36.33935165 36.67046356 36.47790527 34.95577621 34.88164902 34.89444733 34.89475632 34.8959198 34.89689255 34.89805603 34.88624954 34.8879509 34.88762283 34.85967255 34.85955429 34.85926056 34.85899353 34.85865402 34.85792923 34.85769653 34.85713196
34.95523834 34.95774078 34.97268295 34.97231674 34.95998764 34.96813202 34.96796036 34.96743393 34.96751785 34.96659088 34.96511841 34.9651413 34.96541595 34.96560669 34.96628189 34.96733856 34.96832657 34.96920013 34.96958542 34.96965408 34.96362686 34.97225189 35.40519714 36.72497177 36.73730087 36.62936783 36.44971466 36.41305161 35.78026581 -9999.0 -9999.0 35.98628998 35.26090622 36.06997681 35.34758759 35.08172226 35.10468674 36.48777008 34.89422989 34.8832016 34.89445114 34.89472961 34.89888763 34.88767624 34.88762283 34.88822174 34.88805008 34.85997391 34.85997391 34.85984421 34.85949326 34.8590889 34.85853958 34.85780334 34.8574028 34.85686874
34.93594742 34.97223282 34.97058105 34.96863556 34.9664917 34.96508789 34.97138214 34.96833801 34.96593475 34.96234512 34.96195221 34.96096039 34.96069336 34.96043015 34.96567917 34.96665573 34.96795273 34.96103287 34.96101761 34.96894073 34.96878815 34.97903824 34.92928314 36.77400589 36.77270508 36.62967682 36.46933365 36.43343735 36.27706528 36.00841522 -9999.0 35.93770218 35.14004517 36.10520935 36.4103241 36.4478569 36.61397552 34.95500183 34.90639496 34.88446808 34.88474655 34.89575577 34.89696121 34.88824844 34.8888855 34.86028671 34.8602066 34.86013412 34.86016846 34.86015701 34.85971451 34.85914993 34.85839462 34.85764694 34.85710907 34.85682678
34.97317505 34.9725647 34.97127533 34.96925735 34.96687698 34.96492767 34.96379471 34.96337128 34.96299362 34.96238708 34.96200562 34.96107101 34.9604187 34.96043777 34.96086502 34.96100998 34.96101761 34.96098328 34.96098328 34.96644592 34.97621155 34.98328018 34.96010208 36.42461777 36.70152664 36.58852386 36.4930954 36.43892288 36.33239365 36.04325104 36.18770599 36.31626511 35.06188202 35.95783615 36.48210526 36.58569717 34.98551941 35.00472641 36.60884094 36.77851486 34.88622665 34.89676285 34.89825821 34.8886261 34.88979721 34.86045837 34.86025238 34.86016083 34.86016846 34.86014175 34.85976028 34.859272 34.85823059 34.85736847 34.85668564 34.85673904
34.98087692 34.9736557 34.97266388 34.97015762 34.98930359 34.9647789 34.96379089 34.96338272 34.96344376 34.96311188 34.96238327 34.96149063 34.96083069 34.96096802 34.96125793 34.96305084 34.96269989 34.96343994 34.96370316 34.97307587 34.98191833 34.99081802 34.99000549 34.96608734 36.34623718 36.52690506 36.45978928 36.44378662 36.073349 35.90875244 36.77065659 35.1506691 35.08430862 36.7389946 36.63404846 36.58693695 36.80577087 36.59924316 35.06599426 36.57484436 36.80963898 34.88737106 34.88806915 34.89955902 34.86061859 34.86053085 34.86022568 34.86008835 34.86005402 34.85997391 34.85963058 34.85903931 34.85811996 34.85716629 34.85667801 34.85634995
34.9793129 34.97471237 34.97412872 34.97157288 34.98829269 34.96574402 34.96435928 34.96393204 34.96413803 34.96433258 34.96411514 34.96284866 34.96165085 34.96147537 34.96627045 35.36833954 35.4373703 34.92803192 34.96529388 34.97994995 34.98677063 34.99119949 34.9900322 34.96797943 34.9302063 34.92763901 35.13495255 35.15764236 35.18722534 34.94743347 34.92370605 35.00341034 35.15391159 36.65895081 36.67010117 36.6826973 36.64904785 36.33842087 36.74135971 35.0173378 35.01758957 34.9880867 34.90863037 34.8898468 34.86066055 34.86067581 34.86048508 34.86014938 34.85995865 34.85985184 34.85964584 34.85892105 34.85823059 34.85755157 34.85636139 34.85634995
34.97774887 34.97462082 34.97385025 34.98780823 34.98782349 34.98828506 34.9653244 34.96511078 34.96529007 34.96556473 34.96525574 34.96401596 34.95978546 34.94169235 36.49020767 36.70761871 36.5926857 35.54741287 34.93528748 34.9609375 34.99169922 34.99129105 34.99032593 34.96116257 34.96111679 34.97583771 34.98662567 34.98705673 34.99082184 34.99843597 34.96471405 36.23812866 36.36716461 35.16765213 36.63206482 36.62171555 37.08781052 35.0109024 35.02581024 36.65066528 35.020504 35.01921463 35.41720963 34.89896011 34.89061737 34.86065292 34.86067581 34.86061096 34.86036682 34.86006927 34.8595047 34.85858154 34.85790253 34.85788345 34.85794449 34.85622787
34.97618866 34.97379684 34.97331238 34.98724365 34.9872551 34.98781586 34.96622467 34.96586609 34.98876953 34.96599579 34.96587372 34.95258713 36.09034348 36.61222076 36.69203186 36.70480728 36.68077087 36.55466843 34.97409058 34.96276093 34.93235779 34.96128464 34.96125031 34.96764374 34.9671669 34.96664047 34.97688675 35.34445572 34.93283081 36.28181076 36.07329941 35.16775894 35.21057129 35.5403862 36.55693436 36.72204208 36.72974014 36.5130806 36.54685211 36.83345795 36.84984207 36.80722427 34.97540283 34.90903473 34.89894104 34.8897438 34.88876343 34.88814163 34.88751984 34.86016083 34.85912704 34.85825348 34.8577652 34.85801697 34.85811996 34.85759735
34.97544861 34.97322845 34.97267532 34.9709816 34.98683929 34.96782303 34.96689987 34.96628189 34.98784256 34.95006561 34.93631363 36.43730545 36.55615997 36.76094437 36.72642517 36.69195938 36.66479492 36.60715103 35.68937683 34.9491806 34.95352554 34.9712677 34.97478485 34.91080475 35.36404037 35.84199142 36.09163435 36.14834213 35.84572487 -9999.0 -9999.0 35.71571732 35.82608795 36.70175934 36.73843384 36.03935242 36.89060593 36.80526733 36.90227509 36.88598633 35.04566956 34.99134827 34.98999405 36.86388779 34.99520111 34.9163208 34.89946365 34.88689804 34.88728714 34.8874321 34.85892868 34.85802841 34.85800934 34.85831833 34.85849762 34.85832214
34.97540665 34.9747963 34.97193527 34.97101212 34.96994019 34.96842194 34.96736908 34.96546555 36.4519043 36.49455261 36.71056747 36.81007767 36.79291916 36.76937485 36.73462296 36.63466644 36.62345505 36.54690552 36.88074875 34.9206543 34.96767044 34.9699707 36.05981445 35.56316757 36.06008312 36.22378922 36.18427277 36.20245743 36.26914978 36.2755661 35.60549164 35.71466064 -9999.0 36.58480503 36.72681046 36.84323502 36.9265976 35.67325592 36.10524368 36.71017075 36.5509758 36.65605927 34.97208023 36.66969681 34.99637985 35.0088768 34.93257141 34.908535 34.90968704 34.88773346 34.8585701 34.85821152 34.85826492 34.85843658 34.85863876 34.85871506
34.97154617 34.97450256 34.97164536 34.97086716 34.9692421 34.96917725 34.96672821 36.6352005 36.81985092 36.82777786 36.84178925 36.82119751 36.7926178 36.74816132 36.69842529 36.68169403 36.58641434 36.51518631 36.46067429 34.97241211 34.98862076 34.97748947 34.98920822 34.98999023 34.99226379 36.0397377 35.7339325 35.9738884 36.00159836 36.04419327 35.02033615 35.03511429 36.31987381 36.42284854 36.56968805 -9999.0 36.51216888 36.37174225 34.99412918 34.99169159 35.05229568 34.97075653 34.94497299 34.99110031 35.02375412 34.95174789 34.92543793 35.0717926 36.46702957 34.9137764 34.91162491 34.85825729 34.8583107 34.85842133 34.8585968 34.85866928
34.97373581 34.97383881 34.97146225 34.97161102 34.97055817 34.96939087 34.96732712 36.65546799 36.88870621 36.90073013 36.91632843 36.842556 36.78892899 36.71120834 36.64247894 -9999.0 -9999.0 36.37091038 36.41333008 34.98681641 34.98707199 34.99328232 34.99228287 34.99173737 34.9911499 34.99087524 34.9920311 34.99114227 34.9929924 34.99297714 34.99209213 34.9879837 34.94462967 36.16952515 36.44838715 36.48097323 -9999.0 36.09581985 35.69928741 35.64304733 35.00090408 34.97094727 34.95707321 34.97072983 34.99716187 36.36920929 34.90625381 34.9646759 36.78628922 36.46219254 34.93604279 34.91244888 34.91244888 34.8584671 34.8586998 34.8591156
34.97572327 34.97354126 34.97324753 34.97409058 34.97180939 34.97050858 34.96925735 36.61410904 36.9408493 36.97735977 37.06163788 36.97727585 -9999.0 -9999.0 -9999.0 -9999.0 -9999.0 36.13531494 36.40165329 34.97340012 34.99252701 34.99249649 34.99175644 34.99101639 34.9907608 34.99061584 34.99024963 34.99084854 34.98792267 34.98797607 34.99105835 34.99602127 34.98688126 34.99072647 36.21909714 36.49294281 36.32838851 35.90001387 -9999.0 -9999.0 36.21743393 36.68963623 35.00297928 34.95544815 35.0355835 35.00297928 34.90658569 34.90695572 34.96281052 35.04125214 35.00037003 34.90855408 36.55498886 34.91053009 34.88908386 34.88861847
34.9765358 34.97343826 34.97306061 34.95890045 34.95946503 34.95591354 34.95668411 35.98287964 36.91002274 36.98419189 37.07053757 36.9143967 -9999.0 -9999.0 -9999.0 -9999.0 -9999.0 35.35124588 34.9801445 34.98088074 34.99208069 34.9919014 34.9906044 34.99053192 34.99031448 34.98991394 34.98936462 34.99266052 34.99389267 34.99606705 34.99197006 34.99752045 34.99145126 34.98760986 34.98678589 34.97305298 36.17657471 35.56361389 -9999.0 35.32504654 35.6170578 35.71361542 35.19026184 35.04093933 35.01489639 35.01609421 35.00984192 34.9412384 34.94178772 34.89811707 34.90034485 34.90121078 35.30284882 34.94751358 34.92306137 34.88837814
34.96666336 34.97702408 34.96726227 34.95956802 34.93596268 34.94583893 34.93696594 36.52297592 36.89055634 36.90992355 36.95832062 36.85679215 -9999.0 -9999.0 -9999.0 -9999.0 36.36290359 34.9364357 34.98083496 34.98997498 34.99000931 34.9898262 34.98952866 34.9895668 34.98657227 34.98713684 34.98766708 34.98989105 34.98542404 34.99203873 34.99236298 34.93695068 35.69095993 34.96030426 34.95754242 34.97900391 34.98638153 34.85579681 34.85568619 34.85549927 34.98364258 34.97887039 34.96649933 34.94704819 34.97058487 35.05436707 35.59292984 36.29825974 36.00347137 35.7567749 35.52793121 36.27527237 34.90863037 34.89922714 34.91103363 34.858078
34.94513321 34.96778488 34.9596138 34.95092392 34.9341774 35.05767059 36.44841003 36.83883667 36.84344482 36.94970322 36.9503212 -9999.0 -9999.0 -9999.0 -9999.0 -9999.0 35.91730499 34.98450089 34.98871613 34.98849106 34.98812103 34.98826981 34.98852921 34.9883461 34.98560715 34.98522949 34.98507309 34.98291016 34.98124313 34.98308945 34.98522568 34.85612869 34.85601807 34.85601807 34.85590744 34.855793 34.85567474 34.9692955 34.96933365 34.97881317 34.9833107 34.9781723 34.98616028 34.99718094 35.10253143 35.04484558 36.06178284 -9999.0 -9999.0 -9999.0 -9999.0 -9999.0 35.74524689 36.03347397 34.98136139 34.85802841
35.62357712 36.0763855 36.18930817 35.94822311 36.49283218 36.52591324 36.66337585 36.78440475 36.81139755 36.9056282 -9999.0 -9999.0 -9999.0 -9999.0 -9999.0 36.24405289 36.2768631 36.32963181 34.98789597 34.98771286 34.98759842 34.98756409 34.98290253 34.97624969 34.97832108 34.96215057 34.98555374 34.85615921 34.85615921 34.98353195 35.00691605 35.00325012 34.99341583 34.99401093 35.00325394 34.99419022 34.99419022 34.98630524 34.98341751 34.97819138 34.99613953 34.99565125 35.00075531 34.92346954 34.98677826 35.08793259 36.19903183 36.08867165 35.8012393 -9999.0 -9999.0 -9999.0 -9999.0 -9999.0 35.8687973 36.47540665
-9999.0 -9999.0 36.32807159 36.54167557 36.50824356 36.46138763 36.49083328 -9999.0 36.5407908 -9999.0 -9999.0 -9999.0 -9999.0 -9999.0 -9999.0 36.00854492 34.9067955 34.97621155 34.98393631 34.98663712 34.98312759 34.97785568 34.97962952 35.01281357 34.85612106 34.9754982 34.98163605 34.97710037 34.85605621 34.98195267 35.00922394 34.9863739 34.99308395 34.98413467 34.98569489 35.92686081 35.75263214 35.38990784 35.06512451 34.99402618 35.01021194 34.98048019 34.99844742 34.95632172 35.7059021 35.6578331 35.54312897 35.89605331 35.75759888 35.27161789 34.86338043 36.11079025 34.98521423 34.92496109 35.43810272 34.98785019
-9999.0 -9999.0 -9999.0 -9999.0 -9999.0 -9999.0 -9999.0 -9999.0 -9999.0 -9999.0 -9999.0 -9999.0 -9999.0 -9999.0 -9999.0 36.07068634 34.90708542 34.98497772 34.98281097 34.98357773 34.98572159 35.01280975 35.01283264 34.85612106 34.85612106 34.85600662 34.85601044 35.0128212 34.9833374 34.98265076 34.98396683 34.98582458 34.97954559 34.91004944 34.91944504 34.96721268 35.98080444 35.81659317 34.98445129 34.90689087 36.84570312 34.97017288 34.97886658 34.97268677 34.99458694 34.96630478 34.97654343 34.97740936 36.59690475 34.97071075 34.97833633 34.97787857 34.9713707 34.97815323 34.97520828 34.97392654
-9999.0 -9999.0 -9999.0 -9999.0 -9999.0 -9999.0 -9999.0 -9999.0 -9999.0 -9999.0 -9999.0 -9999.0 -9999.0 -9999.0 -9999.0 36.10581589 34.90676498 34.98545456 34.98336029 34.98571396 35.01279449 35.01280212 34.97830582 34.97636414 34.97715759 34.97600555 34.97512054 34.95568085 34.94744873 34.94737625 35.34740829 34.95968246 34.97716141 34.96901321 36.10516357 36.13290787 35.9239769 34.95046997 35.00327301 34.99899673 35.00079346 34.98188019 34.97816086 34.97394562 34.97577667 34.98484039 34.97263336 34.97278595 34.96344757 34.978508 34.97576523 34.97615814 34.9093895 34.85140228 34.85124969 34.85069275
-9999.0 -9999.0 -9999.0 -9999.0 -9999.0 -9999.0 -9999.0 -9999.0 -9999.0 -9999.0 -9999.0 -9999.0 -9999.0 -9999.0 -9999.0 35.93336105 34.96127319 34.98273087 34.98343277 34.85610199 34.96010208 34.95888138 34.9738121 34.95507813 34.98618698 34.99239731 35.15566254 36.02583313 36.38957596 36.21995544 36.0787735 35.05699539 34.95761871 34.98572922 34.99233246 34.8744545 34.95763397 34.99430847 34.98266983 34.99907303 34.97667313 34.98146439 34.97660446 34.97542953 34.98901367 34.98117065 34.9751091 34.97262955 34.9753952 34.97649384 34.97535706 34.97520828 34.97894287 34.97912598 34.97915649 34.97908401
-9999.0 34.07631302 33.70556641 34.1954422 34.36891937 -9999.0 -9999.0 -9999.0 -9999.0 -9999.0 -9999.0 -9999.0 -9999.0 -9999.0 35.97465427 36.91426849 34.97569656 34.96092606 34.87589645 34.97757721 36.79782867 34.97203827 34.94881821 34.9469223 36.22143936 36.19156647 36.54043198 36.50507736 36.82111359 36.72813034 35.68345642 35.45450974 34.95493317 34.98851776 34.98787689 34.99988937 34.99302673 34.99170685 34.99034882 34.98807907 34.98000336 34.97853088 34.97825623 34.97725677 34.97573471 34.97462463 34.97490692 34.97546005 34.97666168 34.97538376 34.97463608 34.97466278 34.9745636 34.97422409 34.97421646 34.97988129
34.31118011 34.34927368 34.52455902 34.63233566 34.09521866 34.19220734 -9999.0 -9999.0 -9999.0 -9999.0 -9999.0 -9999.0 -9999.0 -9999.0 35.67991503 36.02301407 35.2938652 34.97880554 35.12254715 35.35171941 35.60711758 35.83123398 36.06392288 36.30043793 36.52000427 36.49433136 36.46112442 36.40647507 36.45558548 36.35208893 34.94754028 34.96397018 34.96907806 34.99425888 34.96834946 34.98111343 34.97838974 34.97438431 34.98579788 34.97751999 34.97518921 34.97510147 34.98077774 34.97925186 34.97762299 34.97566605 34.98020554 34.97686386 34.97415924 34.97362137 34.97317505 34.97317505 34.97317123 34.97348404 34.97347641 34.98034286
34.4634819 34.44552994 34.35364914 34.58877563 34.60585022 33.83170319 34.15547562 -9999.0 -9999.0 -9999.0 -9999.0 -9999.0 -9999.0 -9999.0 -9999.0 -9999.0 -9999.0 -9999.0 -9999.0 -9999.0 -9999.0 -9999.0 -9999.0 36.27375287 36.53648758 36.51026154 36.44212723 36.38803864 36.37457657 36.62996292 34.98394012 34.97850418 34.99528885 34.98225403 34.99284363 34.99158859 34.98308563 34.97254562 34.97338867 34.97415543 34.97486115 34.98265076 34.98139572 34.98003387 34.97951889 34.97461319 34.97715378 34.97618484 34.97611618 34.97203827 34.97217941 34.97215271 34.97231674 34.9726181 34.97907257 34.97982788
