Environmental Parameters/RCP 45/2050/Sea-surface_temperature.asc
ncols 720
nrows 360
xllcorner -180.00
yllcorner -90.00
cellsize 0.5
NODATA_value -9999
[rows 125 to 149 of 360, columns 616 to 671 of 720]
25.46929932 25.63236237 25.75992203 25.82893372 25.79743385 25.76582909 25.68196869 25.61754036 25.56038475 25.47573662 25.44107246 25.47730446 25.5169754 25.54576492 25.5760994 25.64188957 25.70829964 25.72631073 25.72303581 25.70163345 25.65161705 25.58111954 25.51652718 25.49528122 25.49132347 25.51877213 25.60547447 25.53851891 25.38915062 25.6711998 25.84523201 25.91991806 25.99913406 26.0686245 26.11289978 26.13253975 26.13387489 26.13971519 26.1708889 26.17796898 26.16546631 26.16152954 26.17880058 26.20743561 26.25968361 26.29957199 26.35610199 26.39358711 26.39374924 26.34630203 26.26562691 26.21287155 26.20797729 26.19632149 26.17062759 26.12865639
25.68223763 25.94639778 25.98251152 26.00672913 25.96539688 25.93915176 25.87361908 25.78795242 25.73378754 25.69821548 25.69971466 25.72662354 25.75383949 25.80987549 25.87765312 25.94846153 25.99733162 25.99344826 25.96111107 25.93592072 25.917799 25.8647728 25.81975746 25.83978653 25.86574364 25.90009117 25.93216133 25.82884407 25.69491386 25.9397068 26.14429665 26.254282 26.31791306 26.3813858 26.45494461 26.48233414 26.47800446 26.46544838 26.45863914 26.42801857 26.39155388 26.37203026 26.38575363 26.45248222 26.51962471 26.59653282 26.6607132 26.69505692 26.68296623 26.62899971 26.58657074 26.57007599 26.59078217 26.55721283 26.51218224 26.47814941
26.14261818 26.1782093 26.16134644 26.15349007 26.11141205 26.1413765 26.09209251 26.03761292 25.99209785 25.98422241 26.00421906 26.02404976 26.05005646 26.12122917 26.19239616 26.24766731 26.25969315 26.26253891 26.24100304 26.23070717 26.21055412 26.14855194 26.13290596 26.17280388 26.21405411 26.21655846 26.21118355 26.15526772 26.14019585 26.31282425 26.46800613 26.5014534 26.53239441 26.58622169 26.66843605 26.73848343 26.76703453 26.74644089 26.71194458 26.65946388 26.6388073 26.62717438 26.64314079 26.69790459 26.75823593 26.84944153 26.92252159 26.95365524 26.92880058 26.88842201 26.88681984 26.91456604 26.94027901 26.9200325 26.89383698 26.87493324
26.40333939 26.30821609 26.32461166 26.33946609 26.31027603 26.32519913 26.29082489 26.2777195 26.25195122 26.25967598 26.25938606 26.27873993 26.322649 26.38337135 26.44564819 26.50131416 26.5213356 26.54441833 26.54008675 26.53863144 26.5122509 26.47066116 26.46719551 26.51073837 26.55117226 26.52854347 26.48877144 26.48128319 26.55590248 26.6768055 26.75288391 26.75160217 26.75030708 26.7817421 26.84502792 26.91126251 26.93721008 26.93138504 26.90312767 26.8654995 26.87725067 26.88417625 26.88791656 26.93295288 27.00472641 27.08036041 27.14355469 27.16059303 27.13694954 27.10634613 27.11338806 27.15846825 27.19393158 27.2145443 27.21273041 27.20207214
26.53411102 26.48575783 26.52714348 26.56181145 26.53615761 26.51153564 26.50940132 26.49715614 26.4975872 26.50722122 26.52087212 26.53431511 26.55978584 26.60056305 26.65990448 26.73107719 26.75776672 26.79323959 26.80681038 26.81586075 26.81093216 26.80430603 26.82599258 26.85381508 26.86349678 26.82110214 26.77275276 26.78583336 26.84898949 26.95222282 27.0222435 27.05932236 27.07681847 27.09612083 27.11879921 27.13131905 27.13416672 27.13956451 27.13279724 27.13017464 27.14531326 27.17162323 27.1934433 27.22552109 27.26783752 27.30015373 27.32668304 27.32952118 27.33070564 27.33515167 27.34811401 27.36988449 27.39673424 27.44537544 27.48010445 27.48108292
26.68580627 26.66477776 26.6848793 26.71884918 26.71680832 26.68510246 26.67992783 26.69595909 26.7198391 26.75266266 26.7706871 26.78939819 26.82200813 26.86593437 26.91422653 26.95545387 26.97776985 27.00652313 27.0299511 27.05322266 27.07738686 27.09708977 27.10919189 27.11127663 27.10226631 27.06884193 27.02244759 27.0659523 27.14086723 27.23287201 27.31001091 27.37529564 27.43538666 27.45690536 27.45970535 27.44794083 27.44608116 27.45101357 27.4718895 27.46200943 27.46572685 27.47307968 27.48471642 27.50066185 27.52052498 27.5321312 27.52694511 27.5152607 27.51296997 27.53347397 27.56394768 27.57953835 27.59309196 27.6400013 27.69639397 27.70627403
26.85904121 26.8150177 26.80545044 26.83437157 26.85825539 26.84841728 26.8800621 26.92318153 26.9563179 26.97257233 26.98972893 27.0299015 27.07686043 27.13072205 27.16933441 27.20240211 27.23035622 27.24528885 27.27804184 27.32579231 27.36732674 27.39648437 27.39359093 27.36359024 27.34958076 27.35485649 27.3685112 27.39982414 27.46572685 27.53310966 27.59109116 27.63674927 27.6848259 27.73908997 27.78025436 27.77963066 27.78734779 27.8116188 27.80400658 27.78778648 27.76550865 27.74614334 27.73735428 27.75076485 27.75185013 27.7435894 27.72157097 27.68851471 27.67218781 27.7091713 27.75629997 27.77151108 27.75921059 27.78650284 27.82337761 27.85073471
27.03958702 27.00852013 27.00378418 27.03050613 27.0591507 27.08656502 27.13897324 27.1708622 27.18672562 27.19139671 27.20292854 27.25257301 27.29475021 27.3523159 27.38711548 27.42803001 27.46574783 27.49683571 27.53889084 27.59338951 27.65121078 27.66585732 27.65101051 27.61130333 27.60344124 27.63011932 27.67499161 27.71920586 27.77781487 27.80963898 27.84923363 27.88209534 27.92350197 27.98376274 28.04308128 28.04944038 28.05865288 28.08098412 28.08381271 28.06535149 28.03468704 27.99945068 27.98411179 27.98449135 27.9695549 27.95357132 27.93363953 27.89623451 27.88352776 27.90810013 27.93967628 27.93061066 27.90739632 27.9175148 27.95631599 27.98026276
27.22330284 27.21963882 27.22479057 27.24752426 27.2722187 27.31119919 27.36582756 27.37883759 27.38645935 27.38367653 27.43188477 27.49184036 27.53641701 27.57510757 27.60076904 27.64666176 27.67992973 27.72404861 27.75876236 27.80474281 27.85311127 27.86732864 27.86507607 27.85978317 27.86501884 27.90197563 27.93854904 27.97549248 28.01312447 28.0261364 28.04773903 28.07653236 28.09147644 28.13023758 28.20062447 28.25807381 28.28016472 28.30509758 28.3108387 28.27648735 28.25024986 28.23570442 28.22754288 28.22296715 28.21806908 28.21120262 28.20845032 28.18790627 28.14977455 28.12399864 28.09578896 28.07246208 28.05921173 28.05907631 28.07201767 28.08943176
27.4441452 27.44840622 27.44034958 27.46991158 27.50723839 27.51066589 27.5439682 27.55998802 27.56724167 27.57939148 27.63337135 27.68754578 27.730793 27.77071571 27.78498077 27.82196236 27.84501839 27.86334991 27.89180946 27.93668175 27.98318291 28.00686836 28.01941681 28.05260086 28.0956955 28.14035606 28.16203308 28.16503334 28.17385101 28.18476868 28.18843651 28.21180153 28.25239754 28.28651619 28.33631134 28.38396263 28.42181587 28.4552536 28.45713043 28.44000053 28.4374218 28.43438339 28.4187851 28.4147625 28.42413902 28.4241848 28.44227219 28.42468452 28.36672974 28.31629562 28.27531624 28.24608803 28.23058319 28.22040367 28.20619583 28.20608139
27.66589546 27.67645836 27.68074036 27.71745682 27.761549 27.76145172 27.80580521 27.82623291 27.81173134 27.82385254 27.86327171 27.887743 27.90496826 27.93123055 27.95752144 27.9982872 28.02715874 28.04005623 28.07728958 28.13077927 28.1621685 28.1726017 28.18183327 28.23572159 28.29476166 28.32292557 28.32814026 28.32419586 28.32588196 28.35087967 28.3674221 28.39890289 28.45736694 28.50444603 28.51750565 28.51989365 28.5463829 28.57458878 28.58890915 28.6032753 28.60634613 28.584198 28.55807114 28.54336929 28.5396328 28.55334282 28.56998062 28.56593132 28.53094101 28.47362518 28.43325043 28.4045887 28.39251137 28.37882042 28.35370445 28.34017754
27.83047676 27.86269379 27.88999176 27.92344284 27.95977783 27.96691513 28.0172081 28.0411911 28.04705811 28.06304169 28.08077431 28.0900631 28.10505104 28.13761711 28.17446899 28.19880676 28.22826767 28.25558662 28.28888893 28.33046722 28.34931755 28.36260414 28.37536812 28.40452576 28.44082451 28.44724274 28.4452877 28.44864082 28.47240067 28.5004425 28.52991104 28.56607437 28.62029266 28.67448044 28.6810112 28.65979576 28.65280724 28.66653633 28.68861008 28.71146584 28.70145035 28.68188477 28.66297913 28.64204788 28.65956306 28.68175888 28.68753433 28.6781826 28.65466881 28.61042404 28.5705719 28.5359993 28.51727867 28.50640678 28.50333023 28.4991951
27.95347786 27.99795341 28.04801178 28.08076668 28.10071564 28.11028481 28.15927887 28.19687462 28.22982788 28.26426315 28.28216934 28.28092384 28.29533768 28.34493637 28.37056732 28.38303375 28.41879272 28.45991898 28.48788261 28.51155853 28.52192307 28.54035759 28.5619278 28.5682354 28.55544662 28.54413223 28.5569725 28.58926201 28.62009621 28.63948441 28.66172218 28.6937542 28.73456764 28.77861977 28.78889656 28.77378845 28.75448799 28.75955772 28.77765465 28.78420448 28.77879906 28.77571678 28.77880096 28.76953506 28.77496147 28.78501511 28.7845993 28.78237724 28.76660728 28.73653412 28.70492363 28.66282654 28.63678741 28.63567924 28.65070343 28.65538597
28.10961151 28.14584541 28.20046806 28.23517799 28.25401306 28.2672348 28.31186485 28.34685135 28.37290001 28.39443016 28.40680885 28.4056015 28.44293213 28.51061821 28.54668427 28.5602417 28.58474541 28.63554382 28.67095375 28.69485092 28.69564438 28.70708466 28.7218914 28.72148132 28.69402122 28.6708374 28.67822075 28.71365738 28.7414608 28.76420975 28.79450989 28.8254776 28.84304428 28.85977554 28.86406708 28.8571682 28.84780693 28.85042381 28.86270714 28.87117577 28.88331795 28.885746 28.87748146 28.87267113 28.86959076 28.86830521 28.86092377 28.86223602 28.86800385 28.84464073 28.80874252 28.77009773 28.75339508 28.7595253 28.77336121 28.76995659
28.27790451 28.32078362 28.36712074 28.39941025 28.42973518 28.44531631 28.47665787 28.49840927 28.50896072 28.51929855 28.5350647 28.55428314 28.60019112 28.65884781 28.70061302 28.71347809 28.7267704 28.77427483 28.82364464 28.85759544 28.86686134 28.86660576 28.86086655 28.87163353 28.85871887 28.84366608 28.84570885 28.86132431 28.87202072 28.9017849 28.93061447 28.95888901 28.96590996 28.95993996 28.95780373 28.96065521 28.95800972 28.96026802 28.954916 28.96511078 28.98636818 28.9862709 28.97940445 28.97115517 28.96423721 28.95617676 28.94661522 28.94049072 28.94636154 28.93025017 28.8983326 28.86719704 28.85685349 28.8716526 28.8714447 28.84666824
28.43370438 28.49204636 28.54263115 28.56219673 28.57604599 28.56617928 28.59464073 28.62886238 28.64133263 28.66143227 28.68087959 28.70702171 28.74567413 28.79436874 28.824049 28.83409309 28.84594727 28.88087273 28.94166756 28.98887825 29.00308228 28.99725723 28.99147224 28.99670601 28.9925518 28.99416542 29.00089073 29.01160812 29.02137184 29.02375793 29.02854729 29.05665398 29.07448769 29.07075882 29.07039261 29.07014656 29.07653046 29.07853889 29.08421707 29.08930588 29.0962429 29.08477402 29.07496071 29.06841469 29.06231117 29.05650711 29.04680634 29.03260612 29.02612114 29.02502823 29.01378822 28.9942627 28.98079872 28.98067093 28.96558762 28.92763519
28.60014725 28.66006851 28.70961761 28.72087669 28.71935081 28.70479012 28.72621536 28.75514412 28.77375412 28.80166245 28.83665848 28.86634064 28.89686966 28.93160629 28.94324493 28.93772697 28.94602966 28.96455765 29.02514648 29.09052849 29.12076759 29.12898636 29.12371063 29.11352539 29.11541557 29.13158417 29.13947678 29.14493752 29.14632034 29.13197136 29.12480354 29.13645935 29.15495872 29.16495132 29.16034508 29.1645546 29.17561722 29.18216133 29.18525314 29.18811035 29.18944359 29.17466354 29.1683979 29.1695137 29.17024422 29.1626339 29.1432209 29.12015343 29.1094799 29.10984039 29.11030579 29.10736275 29.09397697 29.07622337 29.05736732 29.02106476
28.76360893 28.80690575 28.8441143 28.8465004 28.85613632 28.83916664 28.85289955 28.8752346 28.89063644 28.9211483 28.96576691 29.0134182 29.04485893 29.06357956 29.06544495 29.0507431 29.05696297 29.08538818 29.1336174 29.1852932 29.21062088 29.22193336 29.21847343 29.21614456 29.22834206 29.24852943 29.24665833 29.2432518 29.24569893 29.24027252 29.22386169 29.2154026 29.22289658 29.23673248 29.23923111 29.22769165 29.25640678 29.2660675 29.26797485 29.27100182 29.26978111 29.25344849 29.24414062 29.25485992 29.26050186 29.25189018 29.22974014 29.21072006 29.19910431 29.1934948 29.18983841 29.18719101 29.17234421 29.14895248 29.12949944 29.0997982
28.90179825 28.92321777 28.95497131 28.96897316 28.99186516 28.97517967 28.97423172 28.9842701 28.99819946 29.02627945 29.06727982 29.11338425 29.13855743 29.14469719 29.14523125 29.14731216 29.14914703 29.17662239 29.21345901 29.24581909 29.26401711 29.27158165 29.28112221 29.29291916 29.30462456 29.32705116 29.33258247 29.32273674 29.32659531 29.32772255 29.3147049 29.30246162 29.30162811 29.30097771 29.29978371 29.2863903 29.31431961 29.33082962 29.33418274 29.33509064 29.33268356 29.31884193 29.30995369 29.32492828 29.33241272 29.32324409 29.3027916 29.29025269 29.27838707 29.2671814 29.25172806 29.23382187 29.20654678 29.1831913 29.15931702 29.14224434
29.01588821 29.03391838 29.06533432 29.08659172 29.09657288 29.08135223 29.0847702 29.0946312 29.09786606 29.12121391 29.15800476 29.18227196 29.18984795 29.19057274 29.19737434 29.20726776 29.20853615 29.2316761 29.26169205 29.27701569 29.28977394 29.30291176 29.32003212 29.33024788 29.346735 29.37465858 29.38554192 29.37908363 29.38099289 29.38292503 29.38052177 29.37781906 29.37891579 29.37965393 29.37222672 29.36005211 29.37484169 29.38533974 29.39061546 29.38777542 29.37543106 29.36885071 29.36883545 29.37661934 29.38765717 29.38549423 29.37037849 29.35486031 29.33867836 29.32058334 29.28943253 29.25926018 29.22827339 29.20226097 29.18716431 29.17652321
29.10784912 29.1259346 29.14322472 29.16862106 29.18647385 29.18657875 29.19949722 29.19672966 29.20209503 29.22198296 29.24702454 29.25132942 29.24629402 29.25124168 29.25525093 29.26084518 29.26876259 29.29003716 29.30992889 29.31790733 29.32230568 29.34523582 29.36773109 29.37553406 29.39135742 29.41372681 29.4296627 29.42419052 29.43045998 29.43655968 29.43441772 29.43865776 29.44950676 29.44882774 29.43493462 29.42277718 29.43144226 29.43634033 29.43612862 29.4297924 29.41638374 29.40752411 29.40319252 29.41399956 29.42796135 29.42684746 29.41547203 29.3974247 29.37693214 29.35178757 29.31848717 29.27885628 29.24904633 29.22145271 29.2046814 29.19692612
29.19086266 29.20807266 29.22565079 29.24521637 29.26482964 29.27313614 29.28599548 29.28363228 29.28928947 29.29827499 29.30799294 29.3135643 29.31403542 29.3238945 29.32306099 29.32769966 29.34015274 29.36108589 29.37870407 29.38535309 29.39208794 29.40604591 29.41939926 29.42274666 29.43239975 29.44812393 29.45871925 29.46107101 29.46933937 29.4781189 29.4739666 29.47344017 29.47894859 29.47686577 29.46820831 29.45836449 29.46996117 29.4716301 29.46736908 29.46550941 29.46358109 29.45448112 29.44605637 29.45491409 29.4621582 29.45470238 29.44167519 29.41719627 29.39386749 29.37254143 29.34792328 29.3142662 29.27659988 29.24777603 29.22265244 29.20390892
29.27216148 29.28296471 29.3002243 29.30818939 29.31649017 29.32204056 29.34092712 29.3439045 29.35443687 29.36052513 29.3638382 29.37841225 29.38753319 29.40200806 29.40963554 29.40933609 29.41779709 29.43443108 29.44837379 29.45531273 29.461483 29.46905899 29.47292328 29.47242355 29.48445511 29.49743843 29.50561142 29.5066433 29.51255608 29.51580429 29.51475143 29.50967216 29.50407982 29.50224113 29.49015617 29.47425461 29.48651505 29.48601151 29.47927666 29.47988129 29.48570061 29.48332024 29.48082924 29.48467255 29.47713852 29.46193695 29.44956398 29.42949486 29.41040611 29.39337158 29.37516022 29.34828186 29.32154655 29.29496002 29.26817322 29.24293327
29.32897949 29.33895302 29.35450554 29.35504532 29.36196709 29.37957001 29.39344788 29.39367485 29.41087532 29.42443085 29.42860603 29.43659019 29.4376545 29.45161247 29.46689987 29.4760437 29.48309708 29.49262428 29.49952698 29.49988174 29.49954605 29.50563049 29.51431084 29.51985168 29.53401375 29.54236603 29.53970146 29.53839874 29.53714561 29.53302193 29.53131294 29.53388786 29.52874565 29.5231266 29.49866486 29.47341156 29.49869919 29.50563431 29.50408554 29.50164986 29.50358772 29.49439812 29.48700523 29.48687744 29.48023796 29.469244 29.4567318 29.44201469 29.42798424 29.41474915 29.40148544 29.3797493 29.36294174 29.34867287 29.32349205 29.29944229
29.38571739 29.39730072 29.41244698 29.41357613 29.42066765 29.42811584 29.43331146 29.4374485 29.45521545 29.47328949 29.47969437 29.48222542 29.48409462 29.49794006 29.51427078 29.52378654 29.5273037 29.53599167 29.53742599 29.53603172 29.53411102 29.5388546 29.55236435 29.56373024 29.57602119 29.57085228 29.56488991 29.57034492 29.56816864 29.56388664 29.56139755 29.55481911 29.54644966 29.54561043 29.502985 29.46227837 29.51764679 29.52474785 29.52204514 29.52172661 29.52014732 29.50785828 29.4985199 29.49275398 29.48634911 29.48010445 29.4677124 29.45832825 29.44366264 29.42679405 29.41795158 29.40568352 29.396595 29.38821411 29.37281418 29.34602547
