Environmental Parameters/RCP 45/2050/Sea-bottom_dissolved_oxygen.asc
ncols 720
nrows 360
xllcorner -180.0
yllcorner -90.0
cellsize 0.5
NODATA_value -9999
[rows 78 to 103 of 360, columns 649 to 707 of 720]
51.22428513 45.35266685 25.32913613 23.08431959 18.03547966 17.77018851 19.01972464 19.9638494 20.27523425 20.99963272 22.02645472 23.2298115 32.39443285 26.55077918 27.88082636 30.75752657 34.40668652 50.04091202 51.05466397 35.68364425 35.72522889 31.7989401 106.9354854 278.954361 295.4828873 261.8773447 67.03336114 74.46228596 153.8562979 160.9640496 160.8417115 160.7242527 160.494987 159.8534344 160.0094086 159.7943357 159.7617756 159.7369027 159.5650549 159.3582975 159.1416592 158.5330008 158.6549075 158.6417361 155.706797 100.7950934 117.0537575 147.4313389 148.0006795 154.940898 144.4468605 155.7363029 155.8303606 155.814059 157.4389424 157.021836 156.9505088 157.2843822 156.8816133
96.64052582 62.04410172 49.31459808 35.23622704 20.63238043 17.74911201 19.06809363 21.09584369 19.97030446 21.80757774 22.52854474 23.69611469 25.00015493 26.48748348 33.72082765 34.37036847 31.60360298 32.37130651 31.65752961 32.70445059 32.84022722 321.7031434 224.1989441 311.6665227 89.61932768 33.55194994 66.25198473 143.6620375 160.8945373 160.8351083 160.6881743 160.533258 159.8637677 159.5864126 159.4390208 159.4947643 159.6298864 159.6109119 159.279023 159.4290993 159.1889901 159.1330088 159.103423 159.0377783 155.7225213 139.3144969 119.5683487 119.4470216 156.1905563 154.7700913 153.0387487 155.6370484 155.8699142 155.1836737 156.2938889 156.440279 159.5442877 156.8838342 157.487162
189.8715363 99.813797 47.76042938 25.263152 21.76638019 21.46640879 23.94489995 26.00510108 24.14066826 24.278293 23.43939875 26.96058558 26.56924181 27.94288382 29.14996472 43.85465993 44.17778381 44.26392369 52.05956182 73.50025344 32.90151562 223.5436094 199.646402 240.0099855 41.23696791 105.0990427 156.30121 160.9073712 160.7681137 160.6431864 160.4341257 159.8982049 159.3758507 159.1814485 159.3187994 159.3190978 159.4832058 159.4743694 159.4755934 159.3911426 159.3020951 159.2176246 159.0709373 159.0329484 158.9394154 158.8517731 121.4420603 113.4291495 156.7263224 156.9669486 156.9315935 156.8580805 157.472543 156.9894694 156.5733091 156.1727492 157.0427324 158.0434262 156.4888147
230.7307968 185.2320423 40.73492193 30.98681134 22.40230852 27.05423266 25.01801625 26.18094859 26.6203129 26.77900991 26.04085192 26.27164391 36.29464492 37.10559066 38.06695445 53.52025267 58.01895857 92.35833886 91.88464206 33.2812616 309.0998125 153.3157724 42.87342674 95.90167841 151.4265137 160.969012 160.8502526 160.6912312 160.6103828 160.347985 159.7650931 159.4356604 159.2809894 159.2197563 159.2825273 159.3993851 159.4350154 159.4896218 159.4254416 159.3396072 159.2561978 159.1063628 159.0976416 159.0435129 158.7322508 158.6765428 158.7830978 153.5648699 157.9395855 152.4324635 157.3898181 157.9738469 157.7876102 157.8954896 157.7166389 157.5891858 156.5491381 157.6068021 157.1715849
298.9164658 85.97599792 29.11239529 24.60565501 23.29566038 24.72888279 25.76810652 26.54299915 34.95956859 34.84662756 35.04573935 45.1842503 55.4452078 59.48792771 63.42947321 64.21454974 63.78596342 67.58717509 34.69875664 71.86422108 43.53316212 61.76329985 96.42642961 160.9377411 161.0061705 160.8597947 160.6552974 160.3438737 160.1218203 159.9587034 159.4887844 159.3512406 159.3539663 159.1438652 159.3533852 159.5016469 159.5028582 159.5110176 159.4763507 159.3736454 159.2620692 159.1704587 159.111412 159.0343239 159.0278716 159.0561296 158.835556 88.23868455 145.5575725 153.2859287 158.4431906 158.8326881 158.7984496 158.9305518 158.1057498 150.2715685 158.8524137 158.3343568 158.5293183
337.105072 168.3508933 23.34896493 24.64655483 32.04584396 32.98286873 34.08446902 43.18073893 38.63035238 38.89547369 59.39900982 57.00974041 59.6844191 59.91833538 61.90248132 62.30752578 63.87139872 90.77783154 38.68605648 37.0506953 258.0342538 88.30696702 159.4759961 160.9963928 160.8142117 160.6153593 160.0395996 159.7393084 159.6239158 159.3906453 159.3069765 159.3684373 159.5204847 159.5713928 159.476818 159.5761946 159.5599923 159.5447971 159.4875937 159.353691 159.2044699 159.085985 159.0190945 158.9928925 159.075104 159.3816226 159.8139893 154.7138421 159.2190374 151.6489898 158.6885192 159.1278736 159.3592719 159.4323611 158.8975748 158.3924155 158.6777458 158.5066746 157.0710872
117.1966776 317.4084685 53.88488734 54.71508908 57.21665812 56.51264948 58.36203629 55.45145118 55.57009882 56.90554678 57.06842947 56.654719 129.9101604 59.00233728 61.14528617 62.12332438 64.50310776 63.49270668 85.1923416 43.3692346 105.2040945 160.6684966 160.9844322 160.8150446 159.9617643 159.1621657 159.4362942 159.0602025 159.0745602 158.9555159 159.0399393 159.2775246 159.4512791 159.5565081 159.603849 159.4909905 159.4353399 159.361222 159.2579842 159.1136366 158.9502415 158.8354022 158.7741064 158.811643 158.9762797 159.3863218 159.8647553 160.2250239 139.9505312 128.5070634 158.7823979 159.1837051 159.4353575 159.2850889 157.9476932 157.963915 157.6738874 157.8171405 156.919596
52.32988548 53.76946723 54.13998067 54.67245555 54.97373718 54.98813927 55.03548378 55.07481724 54.99106503 55.28847623 55.71587908 129.2460021 60.17943382 58.99694657 61.94977432 34.11078024 34.01297238 96.41172923 78.31149118 113.3614989 161.0691607 160.9734019 160.8462327 160.045589 158.6036937 158.9236323 158.1983019 158.442221 158.1923383 158.253826 158.7249807 158.8170142 159.2099516 159.3111666 159.1591764 159.1756113 159.0496383 158.8348236 158.5093998 158.3157781 158.168326 158.0683213 158.0674711 158.1386287 158.4706446 158.9429582 159.1889877 159.8123599 154.5154271 103.2933902 139.1102518 158.3438509 158.5392957 158.1434958 157.5984263 157.0939791 156.3346417 156.3168356 154.6968834
53.80636835 54.60531878 54.16914868 54.30276227 54.42984694 54.35261738 54.27533376 54.30128902 54.42255968 54.59298563 55.20936918 56.96956837 77.38680339 62.63734877 85.33199167 65.3562303 97.21939436 113.7558409 157.9142206 160.986853 160.9326074 160.8443743 159.165632 158.8341328 158.2738742 157.9447198 157.7933558 157.4850526 157.0701607 157.5436218 157.9887006 158.4081951 158.7351937 158.8057273 158.7582743 158.5445175 158.27304 157.7813335 157.3775647 157.0476776 156.8345199 156.7671853 156.6363557 156.929643 157.3383398 157.3913261 157.9569904 158.589077 159.0045598 124.5742548 152.1869442 156.2250042 156.3971229 155.9098749 155.3076959 154.8014431 154.1497741 153.7239456 153.7658033
54.87760675 54.29412055 54.48581672 53.67868739 53.70604342 53.55682874 53.58366239 53.76204109 55.08391988 56.35269141 44.77297103 316.0817015 39.69921577 98.01096666 112.2286436 86.22802188 120.5544258 161.0516412 160.9853428 160.8883077 160.6551509 159.769385 158.748997 158.0848514 157.7603953 157.274975 156.7075133 156.5295963 156.648784 156.9099373 157.1190655 157.6471704 157.8913342 157.8940884 157.7014019 157.3685184 156.8488943 156.3409626 155.7825441 155.416724 155.241649 155.0061623 155.1346744 155.4273015 155.417508 155.7532711 156.1868351 156.590399 156.7620709 76.73795772 150.175859 153.585465 153.7405782 153.3707418 152.9842434 152.6600127 152.4213057 152.1258512 151.9761147
54.74350071 54.00746548 54.0473249 54.09184867 54.11895359 142.1231569 55.57150292 33.38194406 23.46155107 28.96017003 314.2749974 28.0496217 30.60204512 32.13651586 67.79671411 160.0783404 161.0390052 160.9181458 160.8365474 160.7243165 159.0346286 158.5848785 157.8150757 156.9565982 156.0095676 156.0923628 155.3258387 155.2106891 155.6242838 155.9861402 156.2516623 156.5389104 156.534394 156.406203 156.1031164 155.5919651 155.1242304 154.509607 154.0932193 153.6800584 153.2969593 153.3128529 153.4918244 153.4814277 153.7934928 154.1628969 154.53197 154.7149153 154.6603713 154.4097385 117.9818754 150.5723252 151.9425282 151.8306131 151.7110982 151.5086184 151.2121544 151.1234369 151.1959419
26.59378409 54.61627114 54.51612067 54.57669628 54.74689281 53.88986671 311.4777898 313.4667205 110.6180763 55.19588917 130.8687962 33.93927723 118.8760399 158.2165657 160.8814696 160.9189171 160.6282017 160.3425955 159.8451067 158.3695437 157.4445865 157.0987998 156.5839652 155.0551458 155.0598723 154.2271116 154.0144582 141.4379938 154.6727736 155.0084759 155.292403 155.3243109 155.0781078 154.6528221 154.343371 153.9235462 153.3674265 152.8865712 152.7021217 152.436208 152.1130989 152.1959457 152.1333942 152.3122575 152.5345039 152.8355069 153.16467 153.3221178 153.2250977 152.9705067 151.706542 115.865345 150.3158751 150.9105 151.0002346 150.930582 150.7497501 150.700737 150.7316179
37.08184242 41.72911453 54.16180706 23.99111915 82.61342978 309.9592508 158.813633 316.8545456 336.3441508 58.69741815 145.5201551 157.0201412 159.5353472 160.5349198 160.5531323 159.9515263 159.4206866 158.5454051 156.7592364 155.7866396 154.9145495 154.3896816 154.005824 153.6358857 153.0820658 152.6266725 152.7758694 154.0914702 154.3020966 153.8765337 153.7919184 153.8521314 153.3490338 153.0180936 152.6509004 152.2135224 151.7278011 151.4489276 151.2241528 150.8502064 150.7597966 150.9230485 151.0947652 151.3021488 151.4302745 151.7219472 152.021946 152.2068081 152.1421623 148.7517214 69.2612257 43.69698715 150.103323 150.3029156 150.5013275 150.5053225 150.4809599 150.5172291 150.4090872
26.71779752 306.680948 143.4030244 305.8459778 176.9264984 188.3529739 139.1936107 52.41856989 145.8456952 155.9426226 159.0432763 159.3089767 159.8584337 160.0044775 159.4352225 158.440603 157.377011 155.5101003 154.4165434 153.195313 152.3303586 151.9098103 151.7339242 151.3281462 151.5367332 151.8289268 151.8854835 152.1533616 153.1403477 152.7525997 152.1599803 151.7575395 151.6349387 151.2896733 150.8595867 150.4471192 150.164526 149.9980021 149.7144961 149.7024765 149.9279823 150.1842699 150.4272532 150.6632185 150.8494887 151.0829144 151.34723 151.5582304 151.6298647 151.6201878 151.2358904 58.67560959 146.5750971 150.0990524 150.2478418 150.3449354 150.4000282 150.2616234 150.0362844
196.8716278 327.430603 331.494873 324.0895691 248.7742462 118.840642 85.13328606 141.5051162 158.7473138 158.8137102 159.0345641 159.0846093 158.9493614 158.5092611 156.1382119 155.0438658 154.1956508 152.8857845 151.5816233 151.0046275 150.2365861 149.950093 150.1288137 150.4762797 150.9082499 150.8834102 151.0604432 151.7151711 150.7814236 150.5855613 150.6696329 150.5891876 150.4551988 150.1494102 149.7239003 149.4170227 149.0510845 148.9629087 148.9528294 149.2703791 149.6864843 149.9656467 150.3069277 150.6355848 150.9262915 151.1766577 151.3637543 151.4664869 151.4649181 151.4322128 151.4000349 87.57920265 150.1782141 150.2389946 150.4009066 150.4952974 149.9437838 149.9395294 147.967268
205.1274261 304.9193096 293.8460023 95.64138007 74.91860956 117.9811017 157.3980058 158.1399821 158.0891776 158.246394 158.0726967 156.7548029 155.2855829 154.6736294 153.4858084 152.5791426 151.0613285 150.1251945 149.6972661 149.3771806 149.3449764 149.4390602 149.557703 149.9815235 150.0407319 150.181633 150.1959782 150.7068205 149.79737 149.5738339 149.662128 149.5644546 149.2054796 149.0978098 148.8916502 148.6479759 148.4879789 148.5238924 148.8760004 149.37391 149.7846508 150.2933969 150.056222 150.7403641 151.0133963 151.1921816 151.3349323 151.5837488 151.5347843 151.4141941 144.9444571 146.2802677 148.1173248 150.5423565 149.8012037 150.8242054 150.3015232 146.4616022 149.6703806
166.160314 50.1419211 90.64483166 129.6963189 147.6222264 157.1237821 157.1380423 157.0847159 156.7096494 155.9813504 154.406846 153.3018571 152.2587836 151.12357 150.8170924 150.1101942 149.5583456 149.3047953 149.1334581 149.1042428 149.0944872 148.8910122 149.0531936 149.9988327 149.1746049 149.2416792 149.3809738 149.348433 149.1690178 148.964242 148.735487 148.5199251 148.4167166 148.4376688 148.3554401 148.0830908 148.8130693 148.998064 149.4798126 149.9368639 150.456275 150.4543133 151.1523666 151.2269135 151.4896584 151.6156826 151.6173744 151.5629063 151.5369539 151.3673058 150.7023172 96.54448032 148.5639095 150.7746115 150.8811703 150.9449234 148.6425419 150.1352301 149.7310429
79.9487111 133.213919 148.2789453 155.795849 155.8492659 155.5988516 155.3395862 154.858801 153.4244337 151.9128218 150.5469825 149.882665 149.6032007 149.3927484 149.2544036 148.8966746 148.7043962 148.5453334 148.6070862 148.6726756 148.5633683 148.139473 147.8016911 147.8325505 148.2608457 149.581831 148.941308 148.9601336 148.8061342 148.5217543 148.2202959 147.7969084 147.6803894 147.8951454 148.3807716 148.4382477 149.082469 149.6738214 150.0409517 150.2569847 151.1214361 150.783741 151.2247353 151.396143 151.3605976 151.7375641 151.703764 151.6600628 151.2874222 151.2179317 151.4731293 56.6664505 147.6624985 150.968792 151.1363792 151.2316303 149.8641968 147.1394157 149.854454
149.5629948 155.4736938 155.5650444 155.1904371 154.6420765 153.3560719 152.877353 152.0090449 151.3742599 150.4944446 149.7162926 149.2041698 148.5977726 148.1762395 147.9236312 147.6715736 147.6465406 147.8946257 148.2887363 148.3171849 148.2050362 147.8602195 147.650856 147.7835102 148.197978 148.5778761 148.7465448 148.7326851 148.5645971 148.1705351 147.889781 147.7264862 147.7060471 147.8647614 148.1845932 148.6860371 149.0664845 149.6284323 150.0303478 149.5478745 150.5804863 150.7667694 150.8767204 151.1872959 151.1813221 151.5326004 151.5278969 151.4189644 151.5939026 151.4752865 151.2503815 105.8551693 105.6260357 151.2727795 151.3588161 151.2728786 150.6313591 115.3115826 149.975359
154.609416 154.5601859 154.7373524 154.7156935 153.7509336 153.0053325 152.2113256 151.2904077 150.7023382 150.213141 149.8777494 149.0896935 147.8372736 147.3109465 146.9891062 146.8292828 147.2475824 147.6599092 148.2033272 149.8212738 149.9363861 148.7051525 148.5651932 148.6298141 148.8143663 148.9038963 148.8591719 148.7214746 148.5235996 148.1383791 147.9432678 147.8646345 147.9063339 148.0921717 148.4392586 148.8104067 149.1105385 148.6850262 149.1751461 150.0909004 150.390625 150.4031448 150.5559635 151.2769699 151.1467438 151.2987518 151.536335 151.3101597 151.2507114 151.3319588 150.4228535 106.1136875 31.79516983 151.6015778 151.5048847 151.5832939 150.3610744 150.6506424 150.1341915
153.0766711 152.9626389 152.3301749 152.3187113 148.4896555 152.0853443 151.5927086 151.5731001 151.061018 150.2989569 150.4034023 148.7066488 147.6530352 146.8660011 146.8508673 146.8190813 147.2498989 148.8233175 149.4696302 150.3271666 151.0394135 149.9149599 149.6716518 149.6453009 149.6128149 149.4919558 149.305315 150.0481834 148.837945 148.4785509 148.5055895 148.4225969 148.4929428 148.7451878 148.9174442 149.2408657 149.4545479 149.8079643 149.9742088 150.1182384 150.2479153 150.3743725 150.6007671 150.7820015 150.956995 151.2718163 151.4159546 151.4587212 151.4440632 151.4439697 151.536047 76.7427845 141.4633675 151.9119549 151.9417419 151.47855 150.4825668 151.0976009 151.0398426
151.7451167 151.6318183 151.219367 151.4823551 151.4412899 151.263525 150.8675051 151.057291 150.617197 149.7483234 149.4348688 148.4962902 147.3329601 146.9909916 146.7169867 147.0513191 148.0017595 148.5541315 149.082942 150.6286497 150.7082739 151.8346329 150.6990194 150.53936 151.7656136 150.3294144 150.2016354 150.0421524 149.7948608 149.4603691 149.1720715 149.0701694 149.118082 149.1775188 149.5753517 149.9561749 150.0052299 150.2941246 149.8765678 150.3513985 150.3253956 150.4469986 150.5757828 150.7905922 151.0271721 151.5622368 151.5711575 151.707365 151.7977695 151.8428116 122.5229053 56.52108383 152.2564106 152.2355709 152.2123337 152.2033863 151.9079704 151.5334454 150.5885391
151.8822093 151.7755671 151.6866846 151.6053104 151.1722069 151.0431414 150.7440481 150.8083506 150.4894552 150.8994589 149.5309191 148.938838 148.2587929 147.8983049 147.5216379 148.1317377 148.0819292 148.5412073 149.3184118 149.8220701 150.5973492 151.1262169 151.396965 151.4937897 152.2400093 152.0780201 150.9677963 151.6831474 150.6910267 150.3180695 149.9721889 149.7898846 149.8803253 150.0984154 150.2841759 150.4278355 150.5580978 150.4434299 150.6280518 150.5917244 150.8706627 150.8419056 150.9507847 150.9444046 151.4526844 151.6741238 151.841795 152.0071335 152.1210938 152.2511673 152.4467068 152.6243172 152.6662617 152.6586819 152.6030216 152.6210728 152.8184948 152.8419857 149.9131336
151.9785237 151.7946105 152.046278 151.5910864 151.3292303 151.2445335 151.2963476 151.3305702 151.3173952 150.9937105 150.8057203 150.554018 150.4937344 150.0037422 149.1857748 149.0617533 148.450202 148.4949398 148.8039865 149.7944431 150.61409 151.0874901 151.7644196 152.2215347 152.3461514 152.2522621 152.1849079 152.3669987 151.3886032 151.0631638 150.6885777 150.6245136 150.6215191 150.6850662 150.7557087 150.153717 150.2727757 150.529129 150.7365208 151.0837517 151.2345848 151.2119751 151.8411198 152.0900364 151.9466457 152.0676441 151.9159126 152.3776455 152.5024776 152.7330589 152.9538002 153.1904278 153.2804089 153.2219601 153.1253662 153.1138287 153.2693844 153.4400368 153.1522312
152.3794088 153.0688753 153.0697002 151.6615143 151.4020605 152.0596123 152.0181751 151.4881821 151.5064478 151.4365883 152.4661407 152.1432533 152.0550594 152.3160381 151.3622398 150.255064 149.1917839 148.9763565 149.3127708 149.6941586 150.1277714 150.701046 151.3270493 151.9143887 152.3232956 152.4154587 152.0136318 152.6230106 151.6744461 151.3760796 151.8813877 151.1749458 151.0015621 150.9929104 150.2099762 149.6358337 148.8657627 150.6536655 151.1438046 151.2780266 152.6452332 151.7092037 151.3278828 153.1351299 152.814682 151.9361076 152.7845764 153.0185757 152.9229679 153.3574619 153.6804466 153.9222946 154.0398331 151.9957733 153.7786999 153.7540569 153.8530445 154.1121464 154.4884834
154.6116762 154.0359344 154.0465651 152.4538097 152.1057253 152.7269287 151.8563538 151.1763859 151.1040268 151.7470703 152.4374599 153.0710068 153.2042255 152.8813343 152.237339 151.4326057 150.6335545 150.2013721 150.3487434 150.5561256 150.7972393 151.0657768 151.4659595 152.0002861 152.4584904 152.6055889 152.6816368 152.1997585 152.9193592 151.5258675 151.2910023 151.1649227 151.0044117 150.6965351 146.9963017 144.8785458 147.1825924 149.6307697 152.4880161 153.0733166 146.074892 153.8012142 153.9401512 153.8128529 150.7142105 153.7761726 153.1346874 153.9411011 153.8090935 153.9361076 154.4267159 90.74926949 34.29067993 154.6322994 154.5654221 154.5406666 154.5948124 154.5706482 154.5587006
