Environmental Parameters/RCP 45/2050/Sea-surface_temperature.asc
ncols 720
nrows 360
xllcorner -180.00
yllcorner -90.00
cellsize 0.5
NODATA_value -9999
[rows 125 to 149 of 360, columns 0 to 55 of 720]
25.32660294 25.38284683 25.43822479 25.4614296 25.3962059 25.32772446 25.27157974 25.15973282 25.0499897 25.00215912 24.98583603 24.96094322 24.9235611 24.90879631 24.93114853 24.97820854 25.00339317 24.99324989 24.98417091 24.9611454 24.95225143 24.95965195 24.95583153 24.93764496 24.91077232 24.86992836 24.79935265 24.71559715 24.64134789 24.64073563 24.69837379 24.72745705 24.74326324 24.81190109 24.8295517 24.81855583 24.80635071 24.77681732 24.72567749 24.68708229 24.66931915 24.63909531 24.57080269 24.51071358 24.46408463 24.43211937 24.42793846 24.42554474 24.39167404 24.34467506 24.28447151 24.21658325 24.15637398 24.13879585 24.10374832 24.07510948
25.69312286 25.73429108 25.78813553 25.76024246 25.67816353 25.6031723 25.54319191 25.45025253 25.37638855 25.34667778 25.34534645 25.32641983 25.27480125 25.2440567 25.24065971 25.26288223 25.24985695 25.21764565 25.20742416 25.1881752 25.16832161 25.17438698 25.18203354 25.1654911 25.12259293 25.05462837 24.98190308 24.91833115 24.86787224 24.84679604 24.86761475 24.88736725 24.88851738 24.92249489 24.91897392 24.90617371 24.88969421 24.86527634 24.83679581 24.82069778 24.81824493 24.79756737 24.74794388 24.70586586 24.65386963 24.6403656 24.64280128 24.63324165 24.60131073 24.56487083 24.52354622 24.48278236 24.42792892 24.39144135 24.3524189 24.30681419
26.00091362 25.99846077 25.97854996 25.92488098 25.85309601 25.79759979 25.75109863 25.68655968 25.62765884 25.59466743 25.61647987 25.65125084 25.64630508 25.6312027 25.61278534 25.6056633 25.54498291 25.47847366 25.43295479 25.37631607 25.33932877 25.34642029 25.35391617 25.3178215 25.25973129 25.18316841 25.11597824 25.06106567 25.0414753 25.03981018 25.05722618 25.06097412 25.06641579 25.0759182 25.06357002 25.02943993 24.99332428 24.98108292 25.01410103 25.03548813 25.03469086 25.01357269 24.9713192 24.93592072 24.90399361 24.87301826 24.83990669 24.79969978 24.76233482 24.73667336 24.72211838 24.70822334 24.65864754 24.60403824 24.55416679 24.51517105
26.19370651 26.1601181 26.11603546 26.05587006 25.99977684 25.96963692 25.96089935 25.93342972 25.87574387 25.82827759 25.8543644 25.8999157 25.93301582 25.9358902 25.92433739 25.91000175 25.84076118 25.77681541 25.68796921 25.58237267 25.54415512 25.54230309 25.54202843 25.48398781 25.39714813 25.33841324 25.28864861 25.24487114 25.24745178 25.26694298 25.29648209 25.31175232 25.31477165 25.32791901 25.29824066 25.25253296 25.21598434 25.2220459 25.23765755 25.23935699 25.23283768 25.21861458 25.17987251 25.13756752 25.10519218 25.06949234 25.01775551 24.95406151 24.91404152 24.91273117 24.91725349 24.90472412 24.85059166 24.76900291 24.70659065 24.67456055
26.36831284 26.31799316 26.2574501 26.19463921 26.16453362 26.17271423 26.17914772 26.16344833 26.12211418 26.08741379 26.09540749 26.1076622 26.13055611 26.13497925 26.12688065 26.09957504 26.05866241 26.02624702 25.93094635 25.81685257 25.79034996 25.8015213 25.79257965 25.69535446 25.58294296 25.5532589 25.52650452 25.49964333 25.50939178 25.54553413 25.56999016 25.55875015 25.54141235 25.55093765 25.54286385 25.49995232 25.47768974 25.45878601 25.43731117 25.41427803 25.39897156 25.3854599 25.3595295 25.31532097 25.28010559 25.243433 25.19062805 25.13620377 25.09867668 25.07773209 25.05799103 25.04032898 24.9905777 24.90698814 24.85208893 24.81617546
26.56025887 26.49473381 26.42425156 26.37857628 26.3692112 26.38954163 26.39453506 26.3803463 26.34930038 26.32979012 26.32016373 26.29879189 26.29199982 26.28734398 26.26799965 26.23729324 26.20862389 26.18267822 26.10718536 26.03946686 26.03910637 26.0488472 26.01675415 25.89187622 25.7845211 25.77036285 25.75790787 25.75275993 25.77271843 25.81122208 25.80141068 25.757967 25.72263145 25.71925735 25.7172184 25.68937683 25.6664238 25.64129257 25.61595154 25.59758377 25.56580734 25.53510857 25.49445534 25.44968414 25.41663361 25.38358688 25.33656883 25.30376816 25.26602554 25.20911026 25.14332771 25.0964241 25.07816887 25.03145027 25.00238609 24.97013474
26.73551369 26.67024612 26.60517311 26.57297516 26.56104088 26.56152916 26.55744171 26.54766464 26.5320015 26.53309441 26.52635765 26.4913044 26.4541626 26.41705132 26.3760891 26.34072113 26.31710625 26.30037308 26.2678051 26.2481823 26.25772667 26.25754356 26.21985245 26.12805367 26.05155373 26.01081276 26.01239967 26.00530624 26.01162148 26.03584862 25.99614906 25.91738892 25.86481857 25.85721016 25.86119652 25.83907318 25.82761955 25.81933784 25.80241966 25.78188896 25.73386002 25.67650604 25.60387993 25.54677773 25.50932503 25.48254967 25.44742775 25.41753578 25.36482811 25.29271126 25.21335411 25.16186714 25.16809082 25.16761208 25.16608429 25.13542747
26.88920021 26.84018898 26.78165627 26.74447632 26.72322464 26.71073723 26.69537354 26.67741966 26.68008995 26.69579697 26.68986702 26.65424156 26.59341431 26.53480911 26.48383141 26.45614243 26.44297791 26.43420219 26.43472862 26.42686272 26.41470146 26.41409111 26.38837814 26.34057426 26.30080986 26.27885628 26.28243065 26.23583221 26.22329903 26.2273941 26.13845062 26.03278351 26.0000248 25.99492645 25.98707962 25.96802902 25.955616 25.95278549 25.9434185 25.9115715 25.865448 25.78450775 25.69458199 25.62718964 25.59867477 25.58073235 25.55129051 25.50481033 25.4413681 25.37088013 25.29656219 25.25006866 25.26653862 25.30983353 25.30985069 25.26895523
27.0141449 26.98517799 26.94779778 26.91374016 26.89422226 26.87528229 26.8517952 26.83789825 26.84342003 26.83712769 26.810709 26.76612854 26.70645142 26.64919662 26.60939217 26.59146881 26.58522797 26.57477188 26.57430077 26.56524086 26.54993439 26.54564667 26.52656746 26.48648071 26.45187378 26.43571472 26.43079758 26.39872169 26.3771019 26.3513279 26.25157547 26.1419754 26.11675262 26.11464882 26.10232735 26.06864548 26.05684853 26.0575428 26.03969765 25.99708176 25.94029999 25.86450577 25.76948929 25.70858002 25.68054581 25.65877151 25.62949181 25.58729553 25.53335762 25.47471428 25.41479111 25.36989784 25.37020874 25.38150787 25.36063576 25.31110001
27.12938309 27.1122036 27.09535789 27.06952095 27.05120659 27.02967262 27.00829506 27.00051308 26.98914719 26.94411469 26.89027023 26.83789253 26.79211617 26.76240921 26.73920441 26.71633339 26.69735718 26.68071365 26.68274117 26.68880081 26.68442535 26.68699074 26.66124535 26.61783218 26.58314323 26.54712677 26.50645256 26.459198 26.42789841 26.38582039 26.31807709 26.25077057 26.23656273 26.25066757 26.25709534 26.2206974 26.19597816 26.18457794 26.16039848 26.11396599 26.03510666 25.94619179 25.86025429 25.78182983 25.74196243 25.71074104 25.68782425 25.670681 25.63810158 25.59346008 25.54623413 25.49862862 25.47183228 25.45362091 25.40425682 25.33542442
27.273489 27.24220657 27.22599602 27.20674133 27.18878937 27.16460228 27.14182663 27.12442017 27.09106445 27.0390873 26.98114967 26.92806244 26.89320946 26.88101196 26.86882401 26.84492111 26.82044983 26.79742432 26.79249382 26.80070114 26.80421638 26.80900955 26.77401352 26.73233223 26.69563484 26.65143776 26.60445213 26.55725288 26.50260544 26.44658852 26.40625572 26.37581253 26.38024521 26.41102028 26.43476105 26.40685463 26.37901688 26.37100792 26.36812592 26.32953835 26.20471191 26.08539581 26.03687477 25.92276192 25.8370533 25.79846001 25.77151299 25.75609779 25.73803139 25.708498 25.67107391 25.62436295 25.57737541 25.54732513 25.49748421 25.43341446
27.40510941 27.37241173 27.3467617 27.32652092 27.31121445 27.29208565 27.26187134 27.22684479 27.19522858 27.16670609 27.12548828 27.08230972 27.05136108 27.03276253 27.01372337 26.98229408 26.9483242 26.92123032 26.90361214 26.89471626 26.88231277 26.87348366 26.85661316 26.83651543 26.8038044 26.76361656 26.72614861 26.68933868 26.63633728 26.56928062 26.53742409 26.5282135 26.54063606 26.57489967 26.58932877 26.57836151 26.55824089 26.55195618 26.55249405 26.51620865 26.44095039 26.37523842 26.35113525 26.18306541 25.96666145 25.92737007 25.8756752 25.8668766 25.85774422 25.84288406 25.80301666 25.75486183 25.69352531 25.6477356 25.61071968 25.55636597
27.51360512 27.4867363 27.45557404 27.4350605 27.41285896 27.39536095 27.38245201 27.3578701 27.34295464 27.32785988 27.29779053 27.25012398 27.20324516 27.18068695 27.15536499 27.11120605 27.06582642 27.02897072 27.00970268 26.99972343 26.98024559 26.96819496 26.96500206 26.95678711 26.93048859 26.89258003 26.86055756 26.82976913 26.79257774 26.75816917 26.7381916 26.73955345 26.747509 26.75751305 26.77216148 26.7472744 26.72771645 26.71296883 26.69929695 26.67974091 26.65760994 26.64642906 26.63424492 26.54143906 26.32427216 26.21255112 26.05648232 25.95591545 25.97490501 25.9617691 25.89933205 25.8422699 25.78119659 25.73369408 25.69550514 25.6574707
27.62932777 27.60396194 27.57272911 27.54456139 27.51911163 27.496912 27.48103523 27.47904015 27.47199059 27.45243835 27.42164612 27.38365364 27.34801292 27.31704712 27.28221512 27.23855972 27.19194031 27.15672112 27.15609741 27.14618874 27.12225914 27.09882355 27.08983421 27.08010674 27.05966759 27.02580833 26.99804497 26.97411728 26.960186 26.9432869 26.93722153 26.93601418 26.93928528 26.93924332 26.94183922 26.92955971 26.89932823 26.87030602 26.84189034 26.82120895 26.79461098 26.75556183 26.71413422 26.6694355 26.61594582 26.5640583 26.40401649 26.22339249 26.10514069 26.08299446 26.02276611 25.9459343 25.88400078 25.83334732 25.78777504 25.75318527
27.7341671 27.70919037 27.68457794 27.65590668 27.63285637 27.61630821 27.60256004 27.60902023 27.59908104 27.5692749 27.54133797 27.51140213 27.48188972 27.45575905 27.42032814 27.38011742 27.3389473 27.32286263 27.32604218 27.31569099 27.2903862 27.25366592 27.22951889 27.20721817 27.17939377 27.14605904 27.12936592 27.12038231 27.11274147 27.10331726 27.10438728 27.08659554 27.0702343 27.05994797 27.0540657 27.04489708 27.02968216 26.99603462 26.96183968 26.93745804 26.89771461 26.83265305 26.76471138 26.70536232 26.63458633 26.55793381 26.46967697 26.43564606 26.28624916 26.16296005 26.13871002 26.07638359 26.02053452 25.96748734 25.92429161 25.85269165
27.82883453 27.80621338 27.79008484 27.77070999 27.74855042 27.73358917 27.72197342 27.71633911 27.69906425 27.6712513 27.64969063 27.62952042 27.60959816 27.58485413 27.55422783 27.50556946 27.47424507 27.47047806 27.47284889 27.46291924 27.43620872 27.39819527 27.36992836 27.33840179 27.29654503 27.2605896 27.24448586 27.23356247 27.21921158 27.20956612 27.2011795 27.18254852 27.16228294 27.14505577 27.1334343 27.11919975 27.09933853 27.07210732 27.04543304 27.007267 26.96077919 26.89190483 26.82063484 26.72915649 26.62824631 26.54702759 26.55239677 26.61010361 26.37846947 26.25618935 26.21837807 26.20342445 26.15256882 26.09605217 26.03794479 25.97436142
27.93457794 27.91550446 27.90169525 27.88393402 27.86125755 27.84301186 27.82647514 27.8085556 27.78270531 27.75512314 27.7419281 27.72696304 27.71373177 27.68808937 27.65384483 27.61755943 27.57850266 27.56449699 27.5478344 27.54228783 27.51971626 27.49128723 27.47051048 27.44663048 27.40612602 27.35920143 27.32833099 27.3107605 27.29889297 27.28030586 27.25901222 27.23531532 27.20907402 27.18485451 27.16275787 27.13984489 27.11670494 27.09597969 27.07473755 27.0179615 26.96082497 26.89802742 26.82910919 26.75051498 26.67008591 26.63262177 26.64975548 26.65335464 26.46835327 26.30857277 26.29254532 26.28186798 26.23833466 26.18271446 26.11588669 26.05109215
28.03526878 28.01550102 27.9987812 27.97331429 27.94534302 27.92181969 27.89984322 27.8730526 27.8400383 27.8167305 27.79752541 27.78853416 27.77025795 27.739748 27.7019825 27.668293 27.63966942 27.60985374 27.58621788 27.56673622 27.55031586 27.5326004 27.51438332 27.49134636 27.46326256 27.42863655 27.39393997 27.36228943 27.33614731 27.31055832 27.2849884 27.25177383 27.22036552 27.19364929 27.16367149 27.13710594 27.11355782 27.08972931 27.05503654 27.01189232 26.95439911 26.89378929 26.82811928 26.75415993 26.68824959 26.65296936 26.64465904 26.59566498 26.44585609 26.35095596 26.35038376 26.32632637 26.28947258 26.24350739 26.18540001 26.12599945
28.10019875 28.07984352 28.05564117 28.0240612 27.99351501 27.96848297 27.94279289 27.91343117 27.8854332 27.85512161 27.83000755 27.80949402 27.77858543 27.74477386 27.71177292 27.68308258 27.65907478 27.63078499 27.60494995 27.58246613 27.56331253 27.54213905 27.51733589 27.49195862 27.46388435 27.43961525 27.41004372 27.377882 27.34236908 27.31189728 27.28277206 27.241539 27.20638847 27.17124557 27.14302254 27.11473465 27.08788681 27.06178474 27.045784 26.99776649 26.94872665 26.89442253 26.8341732 26.7582798 26.67990112 26.62043381 26.57510376 26.51904297 26.44311142 26.40313911 26.38383484 26.36651993 26.33804512 26.30051994 26.25622368 26.21119881
28.13236809 28.10506439 28.07603645 28.04885292 28.02441978 28.00245094 27.97814178 27.94950294 27.90863419 27.87752914 27.85016251 27.81841278 27.77733994 27.73644829 27.70549774 27.68073273 27.65283394 27.62886047 27.60947037 27.59435463 27.56528664 27.53220749 27.49918938 27.47212601 27.44857979 27.42664337 27.39852524 27.36766434 27.34252167 27.31213379 27.28178978 27.23632622 27.20038414 27.16614723 27.13580894 27.09728432 27.07293701 27.04601479 27.02503204 26.98631668 26.94258308 26.88972473 26.83468819 26.76196671 26.67692757 26.60189819 26.54290962 26.50172615 26.46938705 26.45635223 26.44242859 26.42719841 26.4131813 26.38465691 26.34700966 26.31759644
28.15862846 28.12841606 28.09990501 28.07632828 28.05329895 28.03028107 28.00764275 27.97642136 27.93896675 27.90481377 27.87547302 27.8348465 27.7882843 27.74812698 27.70988464 27.67691422 27.64321899 27.61616135 27.60704803 27.59411621 27.5710125 27.54406357 27.51115036 27.47725677 27.44912338 27.4271946 27.40263176 27.37429047 27.34923363 27.31483078 27.28458595 27.25224686 27.22396851 27.1896286 27.15452957 27.11537361 27.07942581 27.0430603 27.00979042 26.98590469 26.94564438 26.89386177 26.84177017 26.77656364 26.70149803 26.64312744 26.58654404 26.54468727 26.5218277 26.50966454 26.49915695 26.49326706 26.49380684 26.4758358 26.44846153 26.42197609
28.18213654 28.15668869 28.13000679 28.10571671 28.08329773 28.06092834 28.03827095 28.00618744 27.97353554 27.94010735 27.90583611 27.86196518 27.81818771 27.77507782 27.72952271 27.68810081 27.65261269 27.62944984 27.61893082 27.60614395 27.58117104 27.55823898 27.53063202 27.4968853 27.47132301 27.44429779 27.41269875 27.38194466 27.35579681 27.32673836 27.29965973 27.2723484 27.24482727 27.21203232 27.17674637 27.13801956 27.10223389 27.07143784 27.04052925 27.01553726 26.98121834 26.93562508 26.88878822 26.83571815 26.78309631 26.73604774 26.69192505 26.64813805 26.6170826 26.5968647 26.59030151 26.58907509 26.58773422 26.57263565 26.55362511 26.53153992
28.21184158 28.18875313 28.16044426 28.134655 28.11499023 28.09127045 28.06045532 28.0292511 28.00159264 27.97106171 27.93678284 27.89837074 27.85700035 27.81088448 27.76449966 27.72200584 27.69056511 27.66323471 27.64672661 27.63080978 27.60544968 27.58076477 27.55608749 27.52885437 27.50507545 27.47449684 27.43789101 27.41278267 27.38776016 27.35796356 27.3301506 27.30768776 27.28490829 27.25268364 27.22790527 27.19550133 27.16134262 27.12888908 27.09601212 27.06263351 27.02306366 26.98013878 26.93908119 26.90420341 26.87719536 26.84500504 26.81610298 26.77954865 26.7419548 26.71879578 26.70915604 26.70054054 26.69270515 26.68174934 26.66876221 26.6554718
28.24545479 28.22582245 28.20729446 28.1750946 28.14319801 28.11523437 28.08213615 28.04677773 28.021492 27.99499512 27.96505737 27.93083 27.89179611 27.85034752 27.81021309 27.7714138 27.73664856 27.70587349 27.68116188 27.66135597 27.63675308 27.61441231 27.5930481 27.56830978 27.54496574 27.51550865 27.48916435 27.46663284 27.44184303 27.40858841 27.37442207 27.34729195 27.32651138 27.30145836 27.28295135 27.26140022 27.23057175 27.20180511 27.17380524 27.13902855 27.09732628 27.05720711 27.03282356 27.01277161 26.99733925 26.97531891 26.95432472 26.92420959 26.88305473 26.86366844 26.84762383 26.83134651 26.81837845 26.80149078 26.79634666 26.8019886
28.27583122 28.25234604 28.22894287 28.19898224 28.17139244 28.15079689 28.12273026 28.08306503 28.05067444 28.02171707 27.99337196 27.96736336 27.932024 27.89214516 27.85486221 27.81863594 27.78384399 27.75259972 27.72685814 27.69957161 27.67925453 27.65792465 27.63556862 27.6129303 27.59190178 27.57234383 27.54808426 27.52244759 27.49451828 27.46405792 27.43297768 27.40515709 27.3830452 27.35532951 27.3289566 27.31585312 27.29591751 27.26492691 27.24598312 27.2199192 27.18339348 27.15853882 27.14485931 27.12984657 27.11567497 27.09454536 27.07634354 27.05632973 27.03447533 27.01105499 26.98718262 26.96112251 26.94108009 26.92883873 26.91226387 26.90148544
