Environmental Parameters/RCP 45/2050/Sea-bottom_dissolved_oxygen.asc
ncols 720
nrows 360
xllcorner -180.0
yllcorner -90.0
cellsize 0.5
NODATA_value -9999
[rows 286 to 311 of 360, columns 236 to 294 of 720]
290.1842957 288.2859955 286.5075836 283.3836212 279.2017517 281.1738129 277.652771 259.0660553 232.2034607 211.7320099 207.2908325 202.8973846 201.2281342 200.4101715 202.2752533 210.401535 203.178772 201.1036377 199.911438 199.4855499 199.4830322 199.545166 200.360321 205.2319489 199.7595978 222.7317047 211.9546967 207.2389526 210.181015 201.3246307 202.6069946 203.0076294 205.1013489 209.3520508 206.7539825 203.4824829 204.997345 206.692749 204.3669281 204.7863007 208.4351654 214.1832275 216.4478455 222.4252777 223.7634125 222.2618561 222.5394745 221.8074646 218.4663696 217.2073822 218.6800537 219.8627625 220.799881 220.7165833 221.1217041 219.806778 216.499176 216.4699402 221.2498322
272.6286316 292.2564697 294.1154938 285.7963867 249.6069641 225.222168 251.2299194 224.928009 211.8730011 205.5506439 202.276886 202.9733276 200.5596008 210.5514984 201.0643158 199.5882568 199.8668365 200.091629 215.0464935 231.1383362 248.8661041 199.6390686 202.687088 208.2633972 201.0584564 222.5670013 229.5249023 222.5268402 221.7877655 218.2804718 219.1461029 217.9120331 218.8915253 219.1020966 217.3527985 211.0286407 215.1225433 216.4428864 216.0104065 232.8518219 277.098465 272.2684937 209.4350128 208.1268616 210.5120697 209.5239716 209.0272217 238.2160187 294.0131989 286.0869446 267.856369 210.7044983 207.8738708 222.7793427 223.0476532 224.4330902 217.8699036 225.1888123 231.2278137
297.2702942 305.3426514 308.2509155 310.296814 310.7820129 309.8987732 308.1854248 303.4006042 304.532959 294.3936157 266.4706421 242.8596802 215.0331268 202.6782532 201.1713257 200.8898621 199.2943573 212.7813721 204.6373291 200.2147827 210.1436005 213.0321808 224.2644958 224.6293945 221.6882172 222.4994812 229.8502197 222.2182007 221.8395233 220.72229 220.7258453 221.0792694 219.8839569 219.2827606 219.984375 216.4871521 219.5865326 218.6326752 220.0197144 219.2728729 221.9756317 216.8296509 213.2589111 207.6898346 211.5562134 255.7452545 249.0901184 254.6242981 327.6381989 309.7682343 348.947998 275.2880249 261.6165924 207.9066467 235.8744507 229.5762024 235.6097107 233.2185516 238.419632
236.306839 287.9047241 301.1895752 300.262085 302.2612915 294.8222809 287.5345612 294.5522003 302.2456818 296.5608673 295.3548431 276.2328033 245.4957886 201.5690613 216.0614777 232.1382599 221.3336334 218.644577 219.7125702 224.7857513 227.4451599 227.0609131 226.8632202 225.2755585 223.5255432 222.0090179 229.9958801 221.9132538 221.7332458 221.6707916 220.9424286 222.1264954 225.7241974 221.1927185 221.3555298 221.7420959 222.506424 223.6082001 224.0596161 225.4711151 226.0640564 226.1292114 226.9294128 224.3530579 231.3851776 229.5514679 246.1152802 254.3933868 246.5920563 257.9041595 272.4338379 275.8199921 330.5664978 245.992569 208.7793732 211.562027 235.5740814 245.6526489 247.7318726
220.0417786 218.4848328 219.7317505 219.7264709 215.697113 210.8901367 216.6777344 216.6634216 209.7975006 205.0776367 211.3630524 212.0591583 225.1745911 217.7388916 207.9372559 212.7458954 221.2093353 226.9178925 228.6466827 227.1153259 226.5061493 226.4176178 231.3622894 224.7146454 224.2180634 222.7919159 221.5163116 220.6579895 222.046402 237.8007355 222.5968475 222.4834595 221.0632629 221.8942108 221.9309998 221.3994598 222.164917 220.9060974 221.205368 223.740448 224.8824463 224.8702698 225.9622955 224.8164215 226.2719727 233.7529602 220.6297913 224.5664673 236.0721893 235.6712036 222.3213348 219.6941986 276.2467804 275.4527435 255.9989624 220.9510956 231.3293152 238.8801727 232.4575348
220.0375214 219.9679871 233.9757233 219.1640472 219.1176453 219.222641 218.8560944 219.8224487 222.9663239 224.0634766 225.1710358 225.4031982 226.4023438 221.3031616 210.0886688 213.044693 222.1194153 226.5533752 227.386261 229.0250549 227.2944946 228.3819427 227.2344818 232.0249481 231.6037598 223.4483185 224.3332977 224.7839355 225.5329895 222.0453186 225.9550629 221.9267883 224.0304565 223.3149719 222.4612122 219.8920898 221.0948944 215.0989075 219.6788177 222.3096924 224.5656128 224.575119 224.5831299 224.7046509 226.8699951 229.219162 232.6457977 235.3866882 237.0343933 217.2508392 236.6126862 235.3653259 223.9787903 223.8786011 220.7103729 217.4225006 232.7282257 231.2306976 232.8009644
220.2803345 220.1945801 220.0951233 234.858429 219.7257385 234.6865387 220.2388153 222.8253632 219.621521 219.8848114 223.4169769 234.5994263 234.6214752 234.6915436 222.3800812 227.3770447 232.7564392 217.6248627 228.5527954 227.4993896 226.8436432 231.2848816 231.513504 227.6233673 227.543045 231.3092804 227.8393707 222.5433655 224.9679565 225.5647125 225.6247559 220.9715118 223.0915222 223.8568115 221.6312714 222.7936096 219.0590363 220.7691803 217.889389 225.3096619 225.2298126 222.8783569 224.3308411 223.9113464 224.4563751 231.8162231 233.9539948 232.470459 235.4946442 235.3995514 228.5306549 234.6273499 238.4073486 234.706543 235.3335724 231.857254 233.0795898 234.1609344 232.5197296
220.0835571 219.9262085 219.8896332 219.8887482 220.7678223 220.3779907 221.4474945 222.4245605 218.6787109 222.1683502 226.4315033 221.6545258 229.1191864 213.4083862 233.7489624 217.8358612 216.8397522 226.3755188 222.7789459 228.5528259 233.3994293 234.5830536 235.4562225 233.0852661 216.9062042 235.6028748 236.8564453 231.1187439 227.9873505 225.5864868 223.0399323 218.7989197 221.8303986 221.2163086 221.7936401 221.9452972 221.7935486 224.4602661 220.3171692 234.4392853 235.0038757 223.0709686 221.5280457 225.6517792 224.7140808 231.3460388 234.5252228 235.5633545 235.8302307 236.0767517 235.997345 234.8336334 235.5041351 235.3491364 235.2996368 234.3005219 234.9775848 233.7636871 235.0751801
220.594696 220.8826294 220.4869995 221.6270599 220.7266235 219.8185425 218.4949188 224.5836182 223.2443085 226.8937225 229.3443604 233.2616119 228.9170837 230.2785187 230.3420105 232.0620422 230.5718994 219.6664429 227.4700928 229.7651978 235.3493805 241.2702789 242.4633331 240.8909302 240.0821838 237.2344055 237.1957397 234.9199524 229.7735443 227.9170074 221.0207977 220.1373749 215.3756409 216.7654114 221.2430573 225.8916016 228.5131531 228.0775146 224.3088837 222.1108704 221.087326 221.1687317 222.0595703 225.2822571 222.3483124 222.5984955 234.1100769 236.5540466 236.6820984 237.3391266 234.9271545 233.791153 234.3303528 234.8021698 234.7608643 234.9666748 238.1029816 238.0783997 238.5536346
220.9098053 220.4402008 219.385376 220.2596436 221.6077728 221.2032928 221.046402 227.5194092 227.1966095 231.1526184 229.2181702 229.7289734 228.4923553 229.0884094 227.4230347 224.2593689 226.3980103 224.2512207 227.6715393 231.3243103 238.8853302 242.640152 246.9738464 244.4465485 243.9105988 243.2698517 242.4293518 241.8369293 231.2283783 230.5746307 231.3304901 224.3775482 227.6540833 227.4420776 227.9073486 230.9494781 232.9505005 231.2069244 233.4733887 233.2313232 230.3877258 226.8117523 226.1186371 230.9295502 229.6691132 226.6148834 234.1450043 232.0308228 238.3368683 237.9399872 234.4747009 233.8999023 234.4131317 234.3863983 234.3213348 233.9420013 233.1727753 232.8951263 232.6152496
220.8119812 223.0369263 219.9139404 222.8739319 229.0092926 231.6363525 224.3180084 227.6885834 231.2800903 232.4185028 231.5802917 231.2796173 232.6643524 231.833252 226.7606812 226.3299561 224.9593506 226.7608337 234.7379761 238.3130646 243.1041718 245.3446808 245.0528564 244.3797455 246.0142059 246.3573914 246.3275299 237.4928589 232.5612183 235.0511322 232.3439331 231.4509583 230.9251251 232.4844055 233.6423798 234.3670807 241.2209015 240.6197968 239.0862732 238.9775085 238.7022552 236.563385 234.2982025 234.8302917 230.9662323 235.5821686 235.9258118 236.4600372 237.5079803 237.8663177 231.6539612 228.6560516 233.3839417 231.7939453 234.9465485 230.3897247 232.7921906 232.028595 232.167099
212.7515564 216.3478241 225.1646729 230.174881 231.1000061 215.7748566 225.8079224 230.379837 231.7258301 231.0711365 230.7591095 231.997467 232.3605957 232.6543732 230.9423981 226.6904755 225.7166443 231.6242676 234.9575653 241.3797607 244.4586945 244.2809601 246.2909851 246.3800201 248.1626129 246.2617035 243.7841187 241.0896759 240.4117432 239.2878265 232.0110016 231.444809 231.0391541 232.6272888 233.7561493 233.5412903 234.5479431 247.3084717 247.6152802 248.2988586 241.5969238 244.7771912 239.3850403 238.1805573 236.5109406 236.1634827 235.8027496 239.6698303 240.6746216 240.8237 231.7274475 226.8351593 229.6365967 235.0223389 230.3557129 229.9284058 232.5677032 233.7252045 234.4535522
225.4869232 227.3675232 228.0531311 219.3838806 207.2103882 219.8210602 228.8518372 229.3045502 229.4779358 229.7205505 230.1139679 230.7629547 230.5274963 229.9529877 230.1375732 230.29599 230.9130554 232.3395081 234.9353333 239.9394073 241.9975739 243.2886505 246.092804 247.262619 246.8701324 245.115387 243.0953217 242.376358 241.7924805 243.2246399 233.4207306 227.0133362 233.9868164 223.2825165 217.9734344 231.0887451 247.4712677 247.2741089 247.4684448 246.6363068 247.5325928 246.4768066 241.540802 236.7416382 236.7122345 238.2597961 239.6655273 242.0969543 244.3160553 243.2152252 242.7567291 232.5970764 228.9852142 227.8912506 232.0442352 230.4150696 228.8253174 232.3986816 234.2926178
227.6869812 226.6170807 214.4889374 212.3213043 217.0688477 212.1570587 223.7013855 227.9993744 228.7171326 229.0804138 229.7307892 230.4543152 230.3957672 231.1248322 232.7867889 234.3654327 235.8701935 237.0145264 237.622467 239.3151245 240.7491302 242.6500854 244.4930878 244.6777954 244.7212067 243.7926941 242.6205139 242.9824371 242.345047 245.9534302 246.2865601 245.9004211 238.6345215 244.0000305 246.3625488 247.4898529 246.8932343 246.586792 246.8096466 247.164093 246.140274 244.7390442 241.0680847 234.6795197 235.4742584 238.3650513 245.8959503 245.4726715 246.3178406 245.1713409 241.3423309 237.7825012 230.3749695 227.7697449 233.1112518 236.2559814 234.9416809 233.5295868 234.20961
224.805954 219.52948 211.358551 208.7740631 216.3158417 219.2407532 223.0845795 226.2002258 210.1651306 226.7842407 227.1265411 226.8813324 227.5439606 233.9991455 236.1116333 237.6283112 238.4236603 238.8120422 239.5174561 239.3336029 244.2105255 246.2752533 244.8347321 239.0958405 240.7256317 242.6583252 244.3427124 244.5708618 246.1931 232.7180939 232.0420227 242.4250336 246.1517487 227.1853485 224.3152008 214.2182007 213.7069244 223.7996979 247.3333435 247.4172058 246.8657227 244.6059113 239.0392914 240.6946869 243.9453583 244.1570129 248.0526733 249.3602142 249.1334229 240.5792542 232.5119476 234.3226624 236.4476318 228.1901093 248.1107025 248.2605286 246.742691 247.63797 232.2634277
220.627243 214.0479126 209.8650665 210.1292572 215.2191162 217.9234924 225.1214142 224.8019104 223.9381866 223.5738068 226.5776215 224.7165375 227.1856232 233.9844208 236.8801727 237.829422 239.0174561 245.7900085 249.7663116 243.4308929 243.7174835 248.6360474 250.2041321 251.6508026 251.2478333 251.1175537 251.0165558 249.9104309 248.2646637 244.5263824 244.4348907 253.1635437 299.4029846 353.8026733 353.4679871 257.0385742 247.0058136 243.0135651 244.2866058 246.0545197 247.8905487 248.3601837 254.4265442 244.3787079 253.1577148 249.8593597 249.6233215 248.8937836 241.0198059 236.6092987 246.4648743 240.9908905 248.633728 249.5502319 237.9421234 249.3374634 248.3712311 249.0377045 251.7565918
214.7648926 212.4794617 213.5651093 219.0480042 204.7718964 225.4815979 225.7114563 225.6936798 223.3661346 221.4170532 219.7819672 232.4501495 247.8964233 355.6554565 269.2966919 267.5834351 240.46698 246.8807983 254.1374512 252.5214539 256.6739502 258.5601044 252.6473236 252.0350952 251.9207306 251.8999481 252.2093353 252.5403595 251.5344543 251.5774384 248.3404694 253.0075378 257.4169922 256.5465088 259.8209534 262.392395 260.9530334 261.2774048 255.9268951 254.4114075 251.9500122 248.9332733 250.0435486 250.0387268 250.2212067 252.3840179 252.2332458 249.6834717 240.5380859 244.4667511 250.3215332 249.9640045 256.2196045 252.6375885 251.0719757 249.1230621 247.4406433 246.8760529 247.9643402
219.2688904 223.5960693 221.1628723 219.9250031 217.215332 210.0138702 220.8226776 230.6277771 215.8276215 234.6941528 263.0254211 248.8078918 247.4879456 229.171402 247.9908142 267.7041931 263.3556824 257.3969421 264.2773895 253.2945709 251.9651184 251.7583313 251.7260895 251.6428833 251.7148132 251.7514954 252.1991425 251.7644501 251.7981415 252.4348907 253.9548798 254.983551 258.0108643 259.2158813 260.5683899 259.1850128 257.144165 257.0176239 254.5357056 256.6748657 250.1899109 250.180069 251.1057739 250.8069305 250.7138367 250.2297974 249.3390656 250.9081421 244.1697693 255.072937 249.1516876 250.0779266 248.1682129 249.0963745 251.7146149 253.745575 252.1492004 251.2514343 254.1493073
208.9787903 203.9261475 182.9420776 210.795105 269.4403381 325.7851562 353.4034119 265.7019043 238.8741455 241.3084106 254.0684204 256.2489929 258.3218994 258.6944885 258.6176453 258.414856 258.3232269 252.2572174 251.567688 251.8537445 251.6781158 251.6682129 251.4301147 250.7353973 250.4982147 250.60849 250.838089 251.1930084 251.2056427 251.4403076 251.2304077 251.5194855 250.9578552 253.379303 256.1399078 252.5161591 251.7682343 251.7319183 250.7039337 250.358963 252.0233765 251.7974243 251.4960327 251.2142639 250.9985504 251.4610291 244.4697113 251.3401489 252.4567108 253.8043976 256.5193787 256.3784027 253.6751251 252.4391022 255.1799469 255.0213165 254.3473206 254.2716675 254.4854584
239.3298035 345.9825745 242.6534424 348.2159424 228.341217 231.2474213 234.4910736 257.8913574 260.6817627 259.4016113 270.1711426 257.551178 275.0835571 274.6692505 277.9237366 273.9932556 258.1263733 257.3639832 252.0538788 251.7905884 251.8869019 251.774292 251.6293488 250.8242645 250.4359894 250.4777069 250.8527374 251.0475769 251.1911011 253.1272736 251.2682037 251.608429 250.7487335 250.6097717 250.5158997 250.7979279 251.554718 252.2039642 252.2442322 253.1788177 255.0069885 255.1697235 252.1641083 253.81427 255.2917023 254.0506744 254.7419434 256.4633026 256.657074 256.3203583 256.1545563 256.1829834 259.768158 255.8587646 257.1796722 256.0707245 254.3429108 255.1202698 255.4513397
203.6575012 203.5928497 251.3009949 255.1994019 259.6886902 255.2061157 277.7555542 258.12323 264.1192627 273.8581543 314.5790405 345.2459106 308.2101135 349.1222534 276.0683594 275.4274292 271.6522217 266.8991089 264.8881226 260.9351196 266.3638458 257.7944641 254.3165588 252.1941223 251.7826538 251.3508148 251.8215332 252.0421295 251.6380615 251.8818359 251.5477142 252.9341278 253.8841858 254.5775452 251.2069397 253.5342712 254.2871094 254.2186127 254.2200012 254.7097015 252.8329773 258.6263885 256.0401917 256.5589294 256.3859253 256.6869812 256.3301544 256.1640625 256.7775116 256.7807312 256.7740784 255.9997253 256.023056 256.150116 260.3606873 260.3314972 257.243103 255.5168304 256.3477325
257.9851074 247.8222656 344.0747986 254.5671692 252.3082886 345.4150391 311.6309814 345.8371277 271.825531 282.5861816 273.660553 270.4342651 279.1827393 271.3437195 290.2971802 275.4544067 268.8559265 265.3024292 268.460022 265.2606354 254.0800018 252.6981506 252.3379211 251.6110992 251.5270233 251.8277435 251.8274536 253.9046936 253.9560242 253.9772339 255.2131958 255.9050293 256.4967499 253.3820801 252.5957336 253.8193207 255.3816376 256.1912689 257.2014465 257.1682281 257.1538391 257.0972595 257.9233093 259.5066681 256.8255463 256.7265015 259.074707 257.0870056 259.4212646 257.6858826 256.2421875 258.886322 259.2002563 256.9265442 259.0534668 259.1196899 259.521759 259.7943115 258.432251
248.0256348 248.3933716 259.0291748 267.092063 275.3295159 305.8189392 287.6309195 284.9851551 291.895874 347.5997314 356.4709473 271.984314 275.6750793 275.1923523 275.841217 276.375885 258.7023468 253.0416412 252.3256683 252.1418762 252.3584137 251.0910492 251.4359283 251.3720398 252.2663879 253.4272156 255.2336426 255.1352081 256.0289459 256.2360535 255.8800354 255.6628113 255.8537292 255.8647766 255.9543457 256.0494995 256.0307312 256.7487793 256.0887451 256.8529053 257.0503845 257.3687744 257.473114 257.5043945 257.6544189 256.5762329 257.6148987 258.6618652 258.7585754 258.5717468 258.5070496 257.026123 256.766449 256.8884583 256.4697266 255.8354492 257.6540527 258.6802368 258.4842224
252.9328551 260.1678357 258.6404419 269.697649 284.9433289 284.1838989 281.6860046 284.5599365 283.8048096 284.3748779 282.6230164 282.4527893 282.0901489 279.1218262 275.8288879 273.7828064 253.8081055 252.1585083 251.9581451 250.8613434 250.4620514 250.2960663 250.791214 251.9759979 253.1223907 253.7927551 254.6859283 255.1196289 255.0100708 255.8729858 255.9021301 255.9537659 256.0219421 256.2531128 256.4795532 256.4386902 256.9067993 256.798645 256.9273682 256.9325562 257.0736694 257.2077332 257.7108765 256.5101624 256.3523865 256.8804932 257.380127 257.4780273 257.2989197 256.1903992 255.6530151 253.9047241 253.7951965 253.971405 254.6072388 256.3897095 257.575592 257.9207764 257.9225464
283.7523608 284.2840576 264.7842102 271.9468079 284.1505127 288.9091187 288.7755737 288.8323059 288.9386597 288.6805725 287.8987122 287.1747131 287.1260681 275.5021057 274.6671143 266.1540527 253.8910828 252.1000824 251.5530243 250.5918427 250.2450256 250.5157776 250.6962585 251.9317627 253.9062195 253.2884674 253.7630463 253.8131104 255.0222473 255.8128967 256.5657959 256.6915588 256.484375 256.1375427 256.2483826 256.0776978 256.0680237 256.4684143 256.5436707 256.5519409 256.4336548 255.8823242 254.8110962 254.4171143 254.5828247 254.9694214 255.6821594 256.3172607 256.1941833 255.5186462 254.5466919 253.2463379 253.4276733 254.0219421 254.6491699 255.4859619 255.6939087 255.6849976 255.7986145
321.823964 310.5237122 289.1829224 283.2844543 292.4055481 292.0889893 291.6210022 291.073761 289.7649231 289.12323 288.1410217 286.5567627 284.0978699 280.0880127 284.833374 262.8570099 254.9413757 253.1977997 252.708786 251.3197784 250.2562866 250.2138977 250.2935944 251.462204 252.7627716 253.3552094 253.6639709 254.203186 254.158432 254.7474823 255.8728638 256.2877197 256.4942017 256.2432861 255.7850037 255.5236816 255.1127625 254.9397888 255.0108643 255.1342468 254.9165344 253.9747314 253.1528625 252.4673767 252.2268677 252.5226135 253.3632202 254.198761 254.6157837 254.1778259 253.7431335 253.3583069 253.4233704 253.4051819 253.5014648 253.3605347 253.7715759 253.6497803 255.1210937
