Environmental Parameters/RCP 45/2050/Sea-surface_salinity.asc
ncols 720
nrows 360
xllcorner -180.0
yllcorner -90.0
cellsize 0.5
NODATA_value -9999
[rows 260 to 285 of 360, columns 531 to 589 of 720]
34.78840637 34.78788757 34.78759384 34.78262329 34.77915192 34.77479172 34.76525497 34.75594711 34.74729156 34.74747467 34.74399567 34.74063873 34.7338829 34.73052979 34.73073196 34.73143005 34.73526764 34.74469757 34.75151062 34.75631714 34.75761795 34.75868225 34.76703644 34.77581406 34.77815247 34.7748909 34.77511978 34.78183365 34.784832 34.78795242 34.79356766 34.80240631 34.80903625 34.8114357 34.80979156 34.81025314 34.81768799 34.82318115 34.8336525 34.84010696 34.84355545 34.84804153 34.85552979 34.87144089 34.88816071 34.90995407 34.9348259 34.95241547 34.96238708 34.96796036 34.97402954 34.97759247 34.96620941 34.948246 34.93398666 34.92141342 34.92816162 34.93774033 34.94694138
34.75431061 34.75279999 34.75008774 34.74438477 34.73876572 34.73640823 34.72863007 34.7210083 34.71595764 34.71279144 34.71073532 34.70564651 34.69771576 34.69443893 34.6951561 34.70003891 34.70859528 34.71870804 34.72357178 34.7268219 34.73085022 34.73405075 34.73791122 34.74510574 34.74955368 34.75123215 34.75332642 34.75590897 34.7546463 34.75175095 34.75611115 34.7652359 34.77219391 34.77733231 34.7759552 34.77837753 34.78620911 34.78523254 34.78326416 34.78351593 34.79025269 34.7989502 34.81101608 34.83169556 34.84980011 34.86950302 34.88801575 34.89122009 34.88952637 34.89707947 34.90704346 34.91203308 34.90469742 34.89087296 34.87831116 34.86675644 34.86590576 34.87916183 34.88726807
34.71822357 34.71259308 34.7065239 34.69634628 34.68811417 34.68858337 34.68606949 34.67871857 34.67152786 34.67032242 34.67179108 34.67229843 34.67126846 34.66832352 34.67124176 34.68373489 34.69672394 34.70736313 34.70898438 34.70898056 34.70985413 34.7127037 34.71538925 34.71982956 34.72561646 34.72884369 34.72688675 34.72467041 34.72121811 34.71751785 34.72426987 34.73538589 34.74536133 34.74897766 34.74789047 34.74936295 34.75250626 34.74837494 34.74211121 34.74200058 34.74879456 34.75665665 34.76717758 34.78548431 34.80476761 34.82151794 34.82780457 34.82654572 34.82776642 34.83729553 34.8497467 34.85518646 34.85182571 34.84261703 34.83414459 34.82491684 34.81917572 34.82468796 34.82654572
34.67470551 34.66598129 34.65414047 34.64002228 34.62672043 34.62478256 34.62746048 34.62818146 34.62325287 34.62003326 34.61806488 34.62037277 34.62781906 34.63346863 34.645401 34.6644249 34.6774826 34.69158554 34.69641876 34.69274139 34.69029999 34.68886566 34.69346237 34.70493317 34.71125031 34.71177292 34.70569229 34.69883347 34.68928146 34.68544006 34.68987656 34.69933701 34.70634842 34.71107483 34.7111969 34.71250916 34.71293259 34.71130753 34.70686722 34.70602036 34.7130928 34.72276688 34.73241043 34.73945999 34.74570847 34.74888229 34.75084305 34.74993896 34.75690079 34.76965332 34.78394318 34.79037476 34.79317093 34.78996277 34.78495026 34.78127289 34.77161407 34.76543045 34.75885773
34.62096405 34.60702515 34.59143448 34.57342911 34.55862427 34.55823898 34.56316376 34.56765747 34.56929398 34.56869888 34.56465912 34.56450653 34.56710815 34.5758934 34.58974457 34.60874176 34.63521957 34.65804672 34.66458893 34.65962982 34.656353 34.65885162 34.664711 34.6770401 34.68631744 34.6900444 34.68641663 34.67372131 34.66244507 34.65833282 34.65900803 34.66417694 34.66888046 34.67231369 34.67205429 34.67135239 34.67248917 34.67338943 34.67938232 34.68278503 34.68736267 34.69364929 34.69620132 34.69322586 34.68968582 34.69187546 34.69165802 34.6922226 34.70097351 34.71298218 34.72582626 34.73238373 34.73282242 34.72642517 34.72237015 34.72095871 34.71349716 34.70533371 34.70101929
34.5632515 34.54780197 34.53310394 34.52026749 34.50966644 34.51141357 34.51790237 34.52563095 34.52620316 34.52305603 34.51481628 34.50435638 34.49757767 34.50127792 34.51128006 34.52788544 34.55223465 34.58068085 34.60309601 34.61215973 34.61768341 34.62897491 34.6392746 34.64957809 34.65658188 34.66351318 34.65977859 34.65039062 34.64175797 34.63591766 34.63468552 34.63760376 34.64311218 34.6425972 34.64208221 34.64004135 34.64637756 34.65150833 34.65804291 34.66404343 34.6648407 34.66173172 34.65554047 34.6507225 34.65278625 34.65945816 34.66285706 34.66485596 34.6676178 34.67098236 34.67674637 34.68008804 34.67653275 34.67174149 34.66875458 34.66588974 34.66397858 34.66026306 34.65169907
34.50590515 34.4899826 34.48250961 34.48126984 34.4797554 34.47771835 34.48078537 34.48535156 34.48467255 34.47508621 34.45903778 34.44331741 34.43174744 34.42761993 34.42806625 34.43442154 34.44728088 34.47123718 34.49982834 34.52747345 34.5511322 34.57541656 34.59864426 34.61695862 34.62947464 34.6359024 34.63824844 34.63694382 34.63349152 34.62928391 34.62748337 34.62686157 34.62469864 34.61712646 34.61465836 34.61756516 34.62815094 34.63427734 34.63511658 34.64059448 34.64109802 34.63169479 34.61896515 34.61888504 34.62549973 34.63142776 34.63801193 34.64177704 34.63791656 34.6374588 34.63856506 34.63433456 34.63002396 34.62784958 34.62696457 34.62537766 34.62514114 34.62601852 34.62398529
34.44439316 34.43408203 34.42780304 34.43100739 34.43951035 34.43902969 34.44098282 34.44012833 34.43816376 34.42796326 34.40992737 34.39173508 34.37557983 34.36474228 34.35700226 34.35350037 34.3529129 34.35722351 34.37227249 34.39910889 34.43045807 34.46828079 34.51113892 34.54998016 34.57849884 34.59894562 34.6149025 34.62149429 34.6217041 34.62181854 34.62000656 34.6169281 34.60947037 34.60234451 34.59885025 34.59994888 34.60857391 34.61426163 34.61379623 34.61603546 34.61443329 34.60231781 34.5908432 34.58709717 34.59185791 34.59941864 34.60704422 34.60757065 34.60461807 34.60241318 34.60515976 34.6030426 34.5933609 34.58812714 34.5855751 34.58330154 34.58350372 34.58776855 34.59222794
34.37672806 34.37418365 34.37204361 34.37537766 34.38560104 34.39263916 34.39880371 34.3979454 34.38964081 34.37584686 34.3587532 34.34044266 34.32117462 34.30693054 34.29629898 34.28811646 34.2843895 34.283638 34.28049469 34.28299713 34.29969025 34.32875061 34.36971283 34.41704559 34.46503448 34.50523376 34.54193115 34.57001877 34.58304596 34.58535004 34.58491898 34.58436584 34.58289719 34.58346939 34.58397293 34.58556366 34.58736038 34.59116364 34.59411621 34.59632492 34.59781647 34.58928299 34.5762825 34.56681824 34.56191254 34.56155396 34.5618515 34.56523514 34.56768036 34.5658989 34.56557846 34.56445313 34.55718613 34.54964066 34.54734802 34.54459763 34.54434967 34.54756546 34.55228043
34.30963516 34.31280899 34.31762314 34.32483292 34.33872604 34.34187317 34.34394073 34.34269333 34.33568192 34.32302475 34.30624771 34.28702927 34.2674675 34.25360107 34.24214935 34.23492813 34.23456955 34.23311996 34.22584534 34.21900558 34.21791077 34.22452545 34.2398262 34.27271271 34.31710815 34.36977768 34.42444229 34.4701767 34.4987793 34.51019669 34.51232147 34.51405334 34.51879501 34.52765274 34.53676224 34.54829407 34.5532074 34.55688095 34.56309891 34.56627655 34.57199097 34.57358551 34.56703949 34.55427933 34.54161453 34.52560425 34.51198578 34.51299286 34.5181694 34.52227783 34.52390671 34.52504349 34.521595 34.51664352 34.51311111 34.51023483 34.51123428 34.51528549 34.52168655
34.25650406 34.25896835 34.26095963 34.26514053 34.27334213 34.27297211 34.26932526 34.27263641 34.27510452 34.26718521 34.25443649 34.23863983 34.22218323 34.21130371 34.2022438 34.19878769 34.1984024 34.19602203 34.18877411 34.17929459 34.16831207 34.15705872 34.151371 34.16164017 34.19017792 34.23709869 34.29486465 34.34843445 34.38531494 34.40350342 34.40638733 34.39999008 34.39912796 34.40222168 34.41537476 34.43436813 34.45090866 34.46702957 34.4870491 34.50487518 34.52366257 34.54123306 34.54466248 34.53552246 34.51878357 34.49317932 34.46867371 34.45656586 34.45884705 34.46798706 34.47826385 34.4866066 34.4861908 34.48206329 34.47875214 34.47501373 34.47586823 34.4822731 34.49153137
34.21989059 34.22238159 34.22845078 34.22949982 34.22594833 34.2150383 34.20683289 34.21018982 34.2187767 34.22050858 34.21497726 34.2028656 34.19306946 34.18206024 34.17469406 34.17334366 34.1702652 34.16349411 34.15516281 34.14525604 34.13124847 34.10908508 34.09033203 34.08801651 34.10590363 34.14783478 34.20145798 34.24855042 34.27697372 34.28428268 34.27583313 34.25929642 34.25000763 34.25311661 34.26659012 34.28564453 34.3134346 34.34381104 34.37939072 34.41769791 34.4534111 34.48345184 34.49953079 34.49584198 34.4766922 34.44893646 34.42034531 34.40230942 34.39829636 34.40966415 34.43188095 34.45467377 34.46366501 34.46031189 34.45736694 34.45153809 34.44830704 34.45192719 34.45853043
34.18923569 34.19304276 34.20328522 34.20106888 34.17938232 34.16218948 34.16303253 34.1738739 34.18844604 34.18837357 34.17815781 34.17044067 34.16427994 34.15387726 34.14530563 34.14277649 34.13981247 34.13280487 34.1227417 34.11013794 34.09261703 34.06531143 34.04730988 34.04302216 34.0583992 34.09120941 34.13206863 34.16510773 34.17530823 34.16122437 34.13805771 34.12135315 34.12054825 34.13218307 34.1513443 34.17708588 34.20425415 34.23508072 34.26992416 34.30840302 34.35037613 34.38336945 34.40526199 34.40565109 34.38579178 34.35973358 34.3319397 34.31404877 34.31255722 34.33522415 34.37438583 34.41520691 34.44060898 34.44919205 34.44988251 34.43654251 34.41697311 34.40138626 34.3972168
34.15009689 34.1612854 34.17037964 34.16772461 34.14908981 34.13360596 34.13434601 34.14700699 34.1579361 34.15409088 34.14163208 34.12872696 34.11946869 34.11470795 34.11340332 34.11665344 34.11592865 34.10838318 34.09793854 34.0840416 34.0652504 34.04109573 34.02435303 34.02184677 34.03296661 34.05124283 34.07358932 34.08797455 34.08465958 34.06813431 34.04856491 34.03862 34.04714584 34.06599426 34.08782959 34.11393738 34.13941574 34.15990067 34.18032455 34.20368576 34.2274971 34.24427032 34.25345993 34.25231171 34.24145889 34.22460938 34.20727158 34.19900894 34.21102524 34.24682617 34.3013382 34.35900116 34.39809036 34.41794205 34.41712189 34.39812851 34.36737061 34.33875656 34.32006836
34.04809952 34.07392502 34.09495544 34.108284 34.10929489 34.10385513 34.10414124 34.11495972 34.12314224 34.11792374 34.10529327 34.0938797 34.08468246 34.08210754 34.08693695 34.09324646 34.09693527 34.08987045 34.0786972 34.06370544 34.04676437 34.02710724 34.01271057 34.00589371 34.00659943 34.01224136 34.01752853 34.02231216 34.02280045 34.01534271 34.00738907 34.00036621 34.00097656 34.01171875 34.03357315 34.056427 34.0760231 34.08813477 34.09486008 34.09998322 34.10633469 34.11275482 34.11722946 34.11867142 34.11767578 34.1108284 34.10031509 34.10088348 34.12459183 34.16846085 34.22639465 34.28511047 34.32941818 34.3500824 34.34561157 34.32045364 34.28699493 34.25914383 34.24367523
33.93640137 33.96194077 33.98748779 34.01660538 34.03915024 34.05575562 34.06765366 34.07692719 34.08413696 34.08957672 34.08532715 34.07950974 34.07146835 34.06836319 34.07343292 34.07585526 34.07323456 34.06850052 34.0583725 34.04350662 34.03246689 34.02114868 34.00913239 34.00146866 33.99524307 33.98960495 33.98490906 33.98098373 33.98226547 33.98321152 33.98064804 33.97545242 33.97198868 33.97336578 33.98012543 33.99116516 33.99897003 34.0034523 34.00686264 34.00864792 34.0116806 34.01659012 34.02430725 34.02986526 34.03181458 34.02860641 34.02323151 34.02829742 34.05109787 34.09117889 34.14156342 34.18959808 34.2246933 34.23862839 34.23027802 34.20877457 34.19241714 34.18486404 34.18702698
33.86691284 33.88146591 33.89353561 33.91810989 33.95769119 33.99645233 34.02436829 34.04279709 34.055336 34.06798553 34.07152557 34.06867981 34.06040955 34.05453873 34.05138779 34.04761505 34.04615021 34.04524994 34.03695297 34.02632141 34.01998901 34.01113129 34.00216293 33.99440002 33.98731613 33.97795105 33.96772003 33.95795441 33.95611191 33.95618057 33.95628738 33.95533371 33.95261002 33.95152283 33.95220566 33.95244217 33.95121765 33.95083237 33.95274353 33.95544815 33.95970535 33.96493149 33.97027206 33.97407913 33.97269058 33.96848297 33.96754456 33.97694016 33.99542999 34.02024841 34.05270004 34.08569717 34.10796738 34.11581421 34.11200333 34.10906982 34.11175919 34.12496185 34.14031982
33.85144424 33.85690308 33.86001587 33.87225723 33.90206528 33.938694 33.97136688 33.99718857 34.01610947 34.03151703 34.04150772 34.04966736 34.04869461 34.03890228 34.03089905 34.02544403 34.01970673 34.01690292 34.01486969 34.01090622 34.00494766 33.99340439 33.98201752 33.97448349 33.96887589 33.95821381 33.94641495 33.93968964 33.93648148 33.93596268 33.93748093 33.93707657 33.93597412 33.93560028 33.93505096 33.9315834 33.92841339 33.92759705 33.92760468 33.9292984 33.93143082 33.93401718 33.93667984 33.93763351 33.9360733 33.93270874 33.93326187 33.93957901 33.94986343 33.96316528 33.98089981 33.99973679 34.01309586 34.01996231 34.02634811 34.0355835 34.0488205 34.06591797 34.07921982
33.84925079 33.8549614 33.86146545 33.8696022 33.88342285 33.90446091 33.92757797 33.95250702 33.9727478 33.99048996 34.00463104 34.01558685 34.01717758 34.00928116 33.99860001 33.99216843 33.98612213 33.98167038 33.98030472 33.98189545 33.98249435 33.97410583 33.96153641 33.95259857 33.94668198 33.93766785 33.92958069 33.92670059 33.92701721 33.92773056 33.9276886 33.92509842 33.92325211 33.92037964 33.91902542 33.91656113 33.91436768 33.91343689 33.91294479 33.91278458 33.9123764 33.91151047 33.90952682 33.90699768 33.90573883 33.90593719 33.9083519 33.91279602 33.91728973 33.92276764 33.93053818 33.9393425 33.94789505 33.95497131 33.96398926 33.97559738 33.98891068 34.00241852 34.01290894
33.82372665 33.83500671 33.85021973 33.85941315 33.86541748 33.8747673 33.88778687 33.90502167 33.92644882 33.94649124 33.96595764 33.98303604 33.98802567 33.98222733 33.97314835 33.96681976 33.96194839 33.95648193 33.95159149 33.94916153 33.94914627 33.94369888 33.93762207 33.93235397 33.92846298 33.92403793 33.91923141 33.9152832 33.91556931 33.91707993 33.91691208 33.91577148 33.91248322 33.9071579 33.90304184 33.89971542 33.89594269 33.8943367 33.89375687 33.8923111 33.89060211 33.88971329 33.88708115 33.88418579 33.88355255 33.88566971 33.88890839 33.89199448 33.89414597 33.89500427 33.89704895 33.8996582 33.90104294 33.90279388 33.90722656 33.9168129 33.92692947 33.93436432 33.94165802
33.79167938 33.80406952 33.82043839 33.83523941 33.84854889 33.85558319 33.85879135 33.86981201 33.88532639 33.90355682 33.92192459 33.9397583 33.95519257 33.9618988 33.96107483 33.95120239 33.94002151 33.93078232 33.92563629 33.92299652 33.91838455 33.9142189 33.90952301 33.9093399 33.90722275 33.90293121 33.90001678 33.89649582 33.89507294 33.89704514 33.89970398 33.90031815 33.89873886 33.8932991 33.88571548 33.88021088 33.87626648 33.87438965 33.87379456 33.87392044 33.87301254 33.87341309 33.8725853 33.87176895 33.87278748 33.87491608 33.87644577 33.87745285 33.87837601 33.87902451 33.88035965 33.87937546 33.87641144 33.87455368 33.87421036 33.87601089 33.87823486 33.88070297 33.88492203
33.77274704 33.78166199 33.79392242 33.80752182 33.82319641 33.83247375 33.83787918 33.84644318 33.85911179 33.87520599 33.88849258 33.90328979 33.91669846 33.9235878 33.92406464 33.91957855 33.91162491 33.90449142 33.89756775 33.89317703 33.89125824 33.88989258 33.88775635 33.88444519 33.88121414 33.87957001 33.87612152 33.87256241 33.871315 33.87213898 33.87543106 33.87546921 33.8752327 33.87379456 33.87075806 33.86553192 33.86156845 33.86014557 33.85920334 33.85866165 33.85942841 33.85961914 33.8584404 33.85939407 33.86163712 33.8645668 33.86660767 33.86733627 33.86821365 33.867733 33.86686325 33.86597061 33.86519623 33.86341095 33.86061478 33.8579483 33.85599899 33.85525513 33.85496902
33.76287079 33.76988983 33.77879715 33.78979492 33.80321121 33.81274414 33.81996918 33.82846451 33.83802795 33.8500061 33.8620224 33.87049103 33.87258911 33.87273407 33.87604523 33.88100052 33.88131332 33.87686539 33.87190247 33.86830521 33.86828995 33.8673439 33.86470795 33.8619194 33.85832596 33.85749435 33.8578186 33.85665131 33.85745239 33.8576889 33.85790253 33.8583374 33.85715866 33.85710144 33.85641861 33.85491943 33.85398483 33.853302 33.85198975 33.85157776 33.85217285 33.85081482 33.8482933 33.84860611 33.85201263 33.85629654 33.85702515 33.85578918 33.85569 33.85650635 33.85678101 33.85582733 33.85421371 33.8530159 33.85152817 33.84810638 33.84406281 33.83956909 33.83546448
33.75026321 33.75736618 33.76810837 33.78075027 33.79216003 33.80091095 33.80871964 33.81712723 33.82400131 33.83089066 33.83802032 33.84253311 33.84327316 33.84600067 33.85018158 33.85386658 33.8551445 33.85043716 33.8469696 33.84294891 33.83932877 33.84020615 33.84136581 33.84420776 33.84552383 33.84570694 33.8463707 33.84740067 33.84930038 33.8516655 33.85170746 33.84954071 33.84700775 33.84701538 33.84864426 33.84993744 33.85102463 33.85090637 33.84988785 33.84903336 33.84931183 33.84822845 33.84528732 33.84309769 33.84436035 33.84608841 33.84632111 33.84570694 33.84636688 33.84677505 33.84811783 33.84812164 33.84619904 33.84324265 33.83998489 33.83588409 33.83158493 33.82847214 33.82395554
33.74515152 33.75304794 33.7640152 33.77527237 33.78345871 33.78967285 33.79339981 33.79846954 33.80509949 33.81075287 33.81903458 33.82489014 33.82900238 33.83435822 33.83785248 33.83965683 33.83877563 33.83363724 33.82731247 33.82157898 33.81664276 33.81436157 33.81801224 33.82583237 33.83351898 33.83495712 33.83362961 33.83547974 33.83900452 33.84234238 33.84421539 33.84317398 33.84095001 33.83896255 33.83848953 33.83977127 33.84205627 33.842453 33.84310913 33.84401703 33.84492493 33.84336853 33.83942032 33.83616257 33.83532333 33.83637238 33.83825684 33.83876419 33.83818054 33.83770752 33.84022903 33.84068298 33.83805466 33.83399582 33.82978058 33.82598877 33.82335281 33.81943893 33.81626892
33.74946213 33.7575531 33.76488113 33.77039719 33.77388 33.77801132 33.77913666 33.77711868 33.78164291 33.7899437 33.79748917 33.80538559 33.81194305 33.81729507 33.82104111 33.822052 33.82292175 33.82062149 33.81650162 33.81128311 33.80658722 33.80338669 33.80718231 33.81534195 33.82229996 33.8246994 33.8232193 33.82310486 33.8258934 33.82736969 33.82831955 33.8298645 33.82862091 33.82767487 33.8271904 33.82681656 33.82599258 33.82751846 33.83016586 33.83082962 33.83094406 33.83051682 33.8300705 33.82846451 33.82877731 33.8298111 33.83082581 33.83209991 33.83395386 33.83488846 33.83535004 33.83401108 33.82884216 33.82275009 33.81871033 33.81681824 33.81435776 33.8103981 33.80715561
