Environmental Parameters/RCP 45/2050/Sea-bottom_salinity.asc
ncols 720
nrows 360
xllcorner -180.00
yllcorner -90.00
cellsize 0.5
NODATA_value -9999
[rows 275 to 299 of 360, columns 168 to 223 of 720]
34.64181137 34.64112091 34.64091492 34.63512802 34.64438248 34.64161301 34.64218521 34.64332199 34.64473724 34.64859772 34.64905548 34.64677429 34.64727402 34.64918137 34.64892197 34.6481514 34.64513779 34.64476013 34.64595795 34.6439743 34.64121246 34.63711548 34.6325264 34.62905884 34.61922836 34.60599899 34.58803177 34.56708908 34.56332016 34.56288147 34.57504654 34.59136963 34.60165787 34.60341644 34.58725739 34.56206894 34.55672455 34.58679199 34.63323212 34.64837646 34.34158325 33.27555084 34.3062191 33.33786607 33.26694559 33.24454811 -9999.0 -9999.0 -9999.0 -9999.0 -9999.0 -9999.0 -9999.0 -9999.0 -9999.0 -9999.0
34.63985825 34.63899994 34.63285446 34.6328125 34.64225769 34.63930511 34.63973236 34.64119339 34.64238739 34.64359283 34.64427567 34.64446259 34.63835144 34.64395142 34.64305496 34.64216995 34.64183426 34.64131165 34.64037704 34.64002228 34.63685608 34.63538361 34.63700104 34.63890076 34.6379776 34.6263237 34.60925293 34.59004211 34.58155441 34.58994293 34.60740662 34.61816788 34.62710571 34.62657166 34.61023331 34.60926437 34.62460709 34.68716049 34.69563675 34.59273148 33.65085983 33.53455772 33.61707248 33.33892824 33.27844246 33.2454615 -9999.0 -9999.0 -9999.0 -9999.0 -9999.0 -9999.0 -9999.0 -9999.0 -9999.0 -9999.0
34.63725281 34.63697052 34.63093567 34.63708878 34.63721848 34.63108826 34.63702393 34.6374588 34.6383934 34.6406517 34.64142227 34.64165497 34.64103699 34.63409042 34.63867188 34.6373024 34.63603973 34.63437653 34.63680267 34.63527679 34.6336441 34.6374855 34.63697815 34.64144135 34.64600372 34.64658356 34.64368057 34.61683655 34.61329269 34.62493896 34.63375473 34.64105225 34.65349579 34.66406631 34.6662178 34.69269943 34.73392487 34.7757225 34.71395111 34.5737915 33.67658615 33.49686166 33.37427193 33.32202841 33.28114427 -9999.0 -9999.0 -9999.0 -9999.0 -9999.0 -9999.0 -9999.0 -9999.0 -9999.0 -9999.0 -9999.0
34.6368103 34.63671112 34.63663864 34.63074875 34.63044357 34.6356926 34.63459778 34.63446808 34.63523102 34.63668823 34.63775253 34.63862991 34.63243866 34.63752747 34.63863373 34.63361359 34.63165665 34.63297272 34.6287117 34.62868881 34.63312912 34.64129257 34.64624405 34.64995575 34.65190887 34.65830994 34.66262817 34.6570816 34.64629745 34.64746094 34.65327072 34.65921021 34.67190552 34.68922043 34.70252609 34.72266006 34.74005127 34.76113892 34.68620682 34.51498795 33.42338562 33.44067882 33.36979078 33.30501939 33.27747763 -9999.0 -9999.0 -9999.0 -9999.0 -9999.0 -9999.0 -9999.0 -9999.0 -9999.0 -9999.0 -9999.0
34.63648224 34.63653183 34.63648605 34.63036346 34.62936783 34.62763977 34.63237 34.6319046 34.62646103 34.63400269 34.62932205 34.6303978 34.63180923 34.63778305 34.63563156 34.63593292 34.63134003 34.63256836 34.62962723 34.6317215 34.63734436 34.64387131 34.64146805 34.64774704 34.65236282 34.66139984 34.66923904 34.67441559 34.66626358 34.66087341 34.6636734 34.67469406 34.69045639 34.69638824 34.70232773 34.709095 34.70933151 34.70325851 34.65198135 34.54022217 33.65263367 33.43830932 33.37070986 33.28640943 33.26994581 -9999.0 -9999.0 -9999.0 -9999.0 -9999.0 -9999.0 -9999.0 -9999.0 -9999.0 33.05632723 33.06823147
34.6354332 34.6353035 34.6350441 34.62882996 34.62799072 34.63286972 34.62651825 34.62632751 34.62680054 34.62833023 34.63526917 34.63669968 34.63276672 34.63829422 34.63707733 34.63560867 34.63490295 34.62895584 34.63544464 34.63316345 34.64066696 34.639328 34.64015961 34.64219284 34.65120697 34.65834808 34.66466904 34.66651917 34.66598892 34.66632843 34.66969299 34.67689896 34.68104935 34.67911911 34.67275238 34.66464233 34.64730453 34.62360001 34.62050247 34.469841 33.91346741 33.26313782 33.43271522 33.26248325 33.26316158 -9999.0 -9999.0 -9999.0 -9999.0 -9999.0 -9999.0 -9999.0 -9999.0 33.05552826 33.0147438 33.03321075
34.63409805 34.63348389 34.62759018 34.63201141 34.6265564 34.62657547 34.6269455 34.62804794 34.63376236 34.63407898 34.62977982 34.63630676 34.63323975 34.63879395 34.63360596 34.63775253 34.63744354 34.63217545 34.63262177 34.64007187 34.64254379 34.63965988 34.63710403 34.64083099 34.64794159 34.64989853 34.65296173 34.64831924 34.65662766 34.66181946 34.66911697 34.67770004 34.67763519 34.66432571 34.64794922 34.64323425 34.62576294 34.59452438 34.61716843 34.18651199 33.82091522 33.92827225 33.86633301 33.18024212 33.26025339 33.27768226 -9999.0 -9999.0 -9999.0 -9999.0 -9999.0 -9999.0 -9999.0 33.0210495 32.95902634 33.22210693
34.63440323 34.6286087 34.62770081 34.63127518 34.62730789 34.63292313 34.63010406 34.63139343 34.63606644 34.63117218 34.63493729 34.63465881 34.63617325 34.63763428 34.63858414 34.63909531 34.63872528 34.6377449 34.63613129 34.63537979 34.6429863 34.64100266 34.63968277 34.64352798 34.64551163 34.65049362 34.64338303 34.6493454 34.65040588 34.65115738 34.66027832 34.67369843 34.67332458 34.66101074 34.6505928 34.64221573 34.63028717 34.61981964 34.6199913 34.60540009 33.79298782 33.56373596 33.15340638 33.14831436 33.25811004 33.30093075 33.3140034 -9999.0 -9999.0 -9999.0 -9999.0 -9999.0 -9999.0 32.99399567 32.87354279 32.94586182
34.633255 34.63226318 34.6315918 34.63159561 34.63271332 34.63747406 34.63524246 34.64000702 34.64040375 34.63983917 34.63503647 34.63474655 34.63852692 34.63610458 34.63685989 34.64031219 34.64098358 34.64149475 34.63790131 34.63837433 34.63559341 34.63526154 34.63656616 34.6418457 34.64983368 34.65042114 34.64988708 34.651474 34.65221024 34.65485764 34.65379715 34.65823746 34.66285706 34.65488434 34.64538193 34.63692856 34.63024902 34.62596893 34.62696838 34.60535812 33.93375778 33.79308319 33.44373849 33.21588906 33.22561972 33.33928931 33.36986387 33.36977732 -9999.0 -9999.0 -9999.0 -9999.0 -9999.0 32.89723587 32.56510925 33.22450256
34.63853836 34.63850784 34.63555908 34.63603592 34.63711548 34.63847733 34.64019012 34.64226532 34.64355087 34.64269638 34.6412468 34.64081573 34.64138412 34.64201736 34.64211273 34.64247131 34.64281845 34.64328766 34.64670563 34.64575577 34.64347839 34.64070129 34.63552475 34.63716125 34.64551544 34.64609909 34.6511879 34.65707016 34.65500259 34.64879608 34.64368439 34.6498909 34.65208054 34.64902496 34.63873672 34.63056564 34.62559509 34.62387848 34.62409592 34.65904617 34.11388779 33.73828125 33.39496994 33.36885455 33.37578958 33.38507053 33.44919613 33.47053682 -9999.0 -9999.0 -9999.0 -9999.0 33.08478685 32.59357713 32.68275452 32.76404572
34.63947296 34.64025497 34.64072418 34.63845825 34.63918686 34.63998032 34.64268112 34.64512634 34.64651871 34.64680481 34.64590454 34.64444351 34.64445114 34.6450119 34.64562607 34.64699173 34.64770889 34.64792633 34.64822388 34.64907837 34.64855194 34.64762878 34.64770889 34.64431763 34.64136887 34.64118576 34.64891052 34.6554451 34.65849686 34.65559006 34.65135956 34.64683914 34.65091705 34.64578629 34.64019775 34.63803864 34.63814545 34.63597488 34.62641144 34.63702393 34.36829376 33.79862595 33.70726013 33.8324248 33.85568268 33.49777267 33.52367368 33.58812736 33.64977233 33.57850097 33.30888604 33.69194244 33.20214306 32.70078114 32.78953536 32.91204453
34.64084244 34.64176559 34.6423378 34.63964844 34.63651657 34.63974762 34.64361191 34.64300919 34.64582062 34.64693832 34.64710999 34.64653015 34.64575577 34.64624786 34.64796066 34.64974594 34.65076447 34.65097809 34.65119934 34.65278625 34.65472794 34.65644836 34.6566391 34.65603256 34.64935684 34.64489746 34.65224075 34.65856171 34.65670013 34.66110992 34.66307831 34.66142273 34.6656189 34.6590271 34.64812851 34.6402626 34.64140701 34.64383698 34.64266205 34.63833618 34.53821564 34.34804916 33.92657852 34.16020203 33.52745405 33.52372604 33.53392139 34.0963858 33.67805947 33.78367685 34.10645729 33.8711061 33.43920753 33.06391537 32.84749116 32.83329391
34.6438446 34.64552689 34.64610291 34.63989258 34.64256287 34.64179611 34.64141846 34.64263916 34.64776611 34.64644623 34.65091705 34.64849854 34.64849091 34.64887238 34.64991379 34.65163422 34.65294647 34.65322113 34.65330124 34.655056 34.65736008 34.66038132 34.66267395 34.66349411 34.66165161 34.6542778 34.65125275 34.6526947 34.65713882 34.66142273 34.66427231 34.66495514 34.66428757 34.67272568 34.66120911 34.64866638 34.64146805 34.64264297 34.64386368 34.64265442 34.66352844 34.61679459 34.6279335 34.11083221 34.06613159 33.81039047 33.75873745 33.89457562 33.76416294 33.75296638 33.71891658 34.14957712 33.58486677 33.26250228 -9999.0 -9999.0
34.65190887 34.65180969 34.64620972 34.64958954 34.64538574 34.64361954 34.64861679 34.64965057 34.65084839 34.65240097 34.65347672 34.65143204 34.65379715 34.65402603 34.65264511 34.65372086 34.65462875 34.65513229 34.65520477 34.65593719 34.65773392 34.66040421 34.66340256 34.66626358 34.66703415 34.66337204 34.66000366 34.65858459 34.65986252 34.66153717 34.66300201 34.67222595 34.66258621 34.66168213 34.6684761 34.65805435 34.65109253 34.6476059 34.64786911 34.64638519 34.65018845 34.6662941 34.60551453 34.61471939 34.13413239 33.99407959 33.89250565 33.61239421 33.81737458 33.73470009 33.74623689 33.81085262 33.57593321 33.44538074 33.38087361 -9999.0
34.65475845 34.6532135 34.65402222 34.65417099 34.65184021 34.65064621 34.65326691 34.65370178 34.65452957 34.6603508 34.65862274 34.65715027 34.65906906 34.6562767 34.65943527 34.65804672 34.65833282 34.65773773 34.6569252 34.65690994 34.65810776 34.66072083 34.66413116 34.66795349 34.66942215 34.6688652 34.66556168 34.6639328 34.66014862 34.66391754 34.66296005 34.66182709 34.66973495 34.66836929 34.65604782 34.66073608 34.65593719 34.65584183 34.65753937 34.65661621 34.65878296 34.66144943 34.65897751 34.6113472 34.48758316 34.1314621 33.9540062 34.09077072 33.8274498 33.73777791 33.71995838 33.80029966 33.68310871 33.62885018 33.60522236 33.56048793
34.66001511 34.65901566 34.66280365 34.66124725 34.66087341 34.66027451 34.66103363 34.66152954 34.66145706 34.66490555 34.66734695 34.67044067 34.66722107 34.66663361 34.66500473 34.66480637 34.66438675 34.66297531 34.66110992 34.66080475 34.662323 34.66617584 34.66819763 34.66884995 34.66995621 34.67098236 34.6714592 34.67105865 34.66958237 34.66887665 34.67664337 34.66586304 34.66169739 34.66001511 34.66733932 34.65541077 34.66213226 34.66054916 34.66130066 34.66117859 34.66160202 34.66295242 34.65983582 34.65181732 34.65202713 34.61859512 34.58306122 34.5544014 34.11821747 34.14380264 33.9851265 33.98800278 33.84630585 33.710205 33.80846732 33.87486673
34.6631546 34.66287994 34.66638184 34.66488647 34.66514587 34.6662674 34.67219925 34.67115784 34.67110062 34.67790222 34.67335892 34.67695999 34.67387009 34.67328262 34.6757431 34.67538452 34.67500687 34.67150116 34.67091751 34.66792297 34.67294312 34.67454529 34.67473221 34.67385483 34.66879272 34.67295456 34.67388153 34.67587662 34.67604065 34.67412949 34.67375946 34.67427063 34.66918945 34.66564941 34.66284561 34.65977859 34.65860748 34.65798569 34.66423798 34.66169357 34.65988922 34.66091919 34.66054153 34.65495682 34.6521492 34.65735245 34.65856934 34.66436005 34.57375336 34.57936859 34.25676727 33.97581863 33.99240112 33.93716812 34.06536102 33.95918655
34.66636276 34.66633224 34.66953659 34.66727448 34.66724014 34.66900635 34.67534256 34.67390442 34.67825699 34.67937469 34.67773056 34.68255615 34.6798439 34.67925644 34.67853928 34.67967987 34.68066788 34.68435287 34.68455505 34.68510056 34.68473434 34.68522644 34.68313599 34.67829895 34.67666626 34.67549133 34.6762886 34.67817688 34.67596817 34.68054962 34.67887115 34.67815399 34.67626572 34.67221451 34.66783905 34.6644783 34.66223145 34.66176987 34.66749191 34.66604996 34.66483307 34.66526794 34.66900253 34.66456223 34.66392136 34.65927505 34.65892029 34.65963364 34.65559006 34.64949799 34.5403862 34.57256317 34.07032394 34.05803299 34.05497742 34.03413391
34.66890335 34.67290878 34.66798782 34.66673279 34.66568756 34.6716423 34.67399216 34.67593002 34.67741013 34.67546844 34.67755508 34.68413162 34.68216324 34.68186188 34.67933655 34.6812439 34.68341827 34.68599319 34.69141388 34.68909836 34.69271088 34.69240189 34.68920135 34.68228149 34.67761612 34.67360306 34.67546082 34.67612839 34.67851257 34.68142319 34.681633 34.68185806 34.68057632 34.67840958 34.67686081 34.67044067 34.66754913 34.66514969 34.6641655 34.66615295 34.66924667 34.67229843 34.67476654 34.67351151 34.67430878 34.66530991 34.66057205 34.65860748 34.67134476 34.65934753 34.65335083 34.64851761 34.64237213 34.65151215 34.31864166 34.03906631
34.67430878 34.67201996 34.66797256 34.66723633 34.66999054 34.67524719 34.67386246 34.67647171 34.68186951 34.68144608 34.68251801 34.68296432 34.68232727 34.67901993 34.68381882 34.68659973 34.68966293 34.6926384 34.69443893 34.69229889 34.69308853 34.69448471 34.6871109 34.68318558 34.67837524 34.6763916 34.67598724 34.67595673 34.67889786 34.68188858 34.68276978 34.68443298 34.68418503 34.68383408 34.68132401 34.68040466 34.67621231 34.67337036 34.67127609 34.67072296 34.66956329 34.67534256 34.67795181 34.67988205 34.68061829 34.68039703 34.67351532 34.66936111 34.6640625 34.66200256 34.66222382 34.66173553 34.66074753 34.66022873 34.66100693 34.66122437
34.68140411 34.67883301 34.67247009 34.67564392 34.67329025 34.6741333 34.67531586 34.67814636 34.68352127 34.69728088 34.68749619 34.6885376 34.68687439 34.68717957 34.68893433 34.69181824 34.69129181 34.69755554 34.69806671 34.69860077 34.69836044 34.69662857 34.69231415 34.68516159 34.67990494 34.68323898 34.67801666 34.67747498 34.68013763 34.68182755 34.68499374 34.68669128 34.6872406 34.68792725 34.6882019 34.68791199 34.68486786 34.68252182 34.67998505 34.67893982 34.67862701 34.67939758 34.68107605 34.68259048 34.68119812 34.68280792 34.68434525 34.68360519 34.67974854 34.67637634 34.67475891 34.67485809 34.67544937 34.68581009 34.67182922 34.67203522
34.68086624 34.67905045 34.69961929 34.67823792 34.67951584 34.67885208 34.68233871 34.68273163 34.68537903 34.68809128 34.69044113 34.69548035 34.69173431 34.69132996 34.69047546 34.69636536 34.69897079 34.7006073 34.70120239 34.70072937 34.70004654 34.69897842 34.69524765 34.68976974 34.68560028 34.68337631 34.68164444 34.67971039 34.68418121 34.6869545 34.68985367 34.69184875 34.69338226 34.69321823 34.69271088 34.69190598 34.6906395 34.68903732 34.68739319 34.68590546 34.68515015 34.68507004 34.68544388 34.68664551 34.68123627 34.69011688 34.68736649 34.68859863 34.68652344 34.68336868 34.68115616 34.68115616 34.69086838 34.69187546 34.68845749 34.679142
34.68203735 34.70364761 34.68967819 34.68106461 34.68108368 34.68069839 34.68280411 34.68254852 34.68524933 34.68615723 34.68868256 34.69110107 34.69329071 34.69494247 34.69600296 34.69689941 34.69945145 34.70173645 34.70228958 34.70100021 34.69931793 34.69789505 34.69490814 34.69271851 34.69169617 34.69046783 34.68996429 34.69055939 34.69738007 34.69449234 34.69696808 34.69809341 34.69762421 34.69552612 34.69372177 34.69229126 34.69132996 34.69045639 34.6897049 34.68864441 34.68765259 34.68878174 34.68452835 34.68638611 34.68468094 34.68547821 34.68169022 34.68569565 34.68075562 34.68539047 34.68102264 34.68156815 34.68231583 34.67125702 34.67229843 34.67477798
34.68451309 34.68094635 34.68141937 34.68274689 34.68313599 34.68515015 34.68766403 34.6860733 34.6866951 34.68795013 34.69064713 34.69327927 34.69403458 34.69837189 34.69931793 34.6993103 34.70077896 34.70257568 34.69949722 34.70055008 34.69886017 34.69825363 34.6969223 34.69573593 34.69524384 34.69392395 34.69370651 34.69425583 34.69684219 34.69877243 34.69699097 34.70002747 34.69889832 34.69635773 34.6932106 34.69165421 34.69068146 34.6910553 34.69248581 34.69374084 34.69364548 34.69220734 34.68972015 34.68583679 34.6817894 34.68196487 34.67973709 34.68130112 34.67823029 34.67279434 34.67883682 34.6763382 34.6621933 34.67552948 34.67576599 34.67570496
34.68579865 34.68535233 34.68315506 34.68480301 34.68704987 34.69159317 34.6943779 34.69413757 34.69679642 34.69764328 34.69877625 34.7004509 34.70309448 34.70475388 34.70798492 34.70429611 34.70404816 34.70398712 34.70360184 34.70310974 34.70148087 34.70091629 34.70041656 34.69976425 34.69906998 34.69849014 34.69840622 34.69929123 34.70093536 34.70265198 34.70328903 34.70265961 34.70150757 34.69960403 34.69693756 34.6951828 34.6949234 34.69617081 34.69773865 34.69774246 34.69434738 34.69349289 34.68920898 34.68575287 34.67966843 34.67686844 34.67592239 34.67592621 34.68127823 34.67150497 34.66950226 34.66793442 34.67886734 34.67670822 34.51850891 34.66837311
