Environmental Parameters/RCP 45/2050/Sea-bottom_salinity.asc
ncols 720
nrows 360
xllcorner -180.00
yllcorner -90.00
cellsize 0.5
NODATA_value -9999
[rows 250 to 274 of 360, columns 392 to 447 of 720]
34.73935699 34.80265808 34.83443069 34.83595657 34.83607483 34.79761887 34.91867828 34.97414017 35.13267899 35.25995255 35.197052 35.28578186 35.22587204 35.17698288 34.48672104 34.53313065 34.62368774 34.8025589 34.74636841 34.74448776 34.74311447 34.72580338 34.72872162 34.72861099 34.72877121 34.72967529 34.73020172 34.73231125 34.73348618 34.7318573 34.73054504 34.73513794 34.73415375 34.80357361 34.77308273 34.77599335 34.77689362 34.77640533 34.7728157 34.72999573 34.68943787 34.66504288 34.66867447 34.66623688 34.66659164 34.66662216 34.66650391 34.66658783 34.66695786 34.69391632 34.69474792 34.70897675 34.70950317 34.70980835 34.77043915 34.78793716
34.71639633 34.73662949 34.73632431 34.79727173 34.83692551 34.83999634 34.412323 35.04453278 35.09021759 35.22633362 35.27515793 35.20649338 35.43382645 34.5333252 34.72764969 34.8040123 34.74535751 34.71723175 34.71872711 34.7199707 34.72176743 34.72247314 34.72430801 34.72582245 34.7261734 34.72567749 34.72889328 34.73303604 34.73386383 34.7324791 34.73212814 34.73332977 34.73641205 34.73620605 34.73543549 34.73360825 34.77771759 34.77643204 34.72803879 34.66334152 34.69015884 34.66587448 34.66612625 34.66615677 34.66611862 34.69113541 34.66584778 34.69265747 34.69319534 34.66637421 34.69421768 34.69475937 34.71025848 34.71072006 34.77098083 34.7711525
34.71530151 34.7141037 34.71388626 34.73758316 34.79691696 34.79616928 34.84101486 34.43727875 35.15910339 35.11685562 35.30490112 35.31279755 34.70336533 34.60679626 34.80230331 34.79517746 34.71457291 34.69874191 34.74242783 34.67794037 34.7192955 34.74085617 34.73865891 34.72341919 34.72372055 34.66130829 34.6661377 34.73099518 34.73173141 34.73220444 34.73270416 34.73429108 34.7346077 34.73464966 34.73442078 34.73256302 34.77654648 34.72660828 34.70434952 34.68831635 34.6663208 34.66745377 34.66780472 34.66783142 34.66767883 34.66748428 34.69352722 34.69381332 34.69400406 34.70535278 34.66821289 34.69463348 34.71008301 34.71056366 34.72809601 34.78681946
34.71449661 34.71426773 34.71178436 34.71221161 34.7963028 34.74198532 34.79632568 34.84088135 34.52663422 35.05649185 34.64382172 34.820755 34.7355957 34.79548264 34.69815826 34.69836807 34.69731903 34.71216202 34.78419876 34.79831696 34.81044769 34.77383423 34.73753357 34.73458099 34.72170258 34.65995407 34.72631454 34.72856522 34.72995758 34.73101044 34.7320137 34.73165894 34.73403168 34.73178482 34.73225403 34.73035812 34.77474213 34.72462845 34.68486786 34.68821716 34.66754913 34.66889954 34.66953659 34.66973114 34.69573593 34.66947556 34.69594955 34.7052269 34.70487213 34.70517349 34.69480896 34.6949234 34.70918655 34.72566605 34.76758194 34.78753662
34.71291733 34.73986053 34.71222305 34.71236038 34.71234512 34.71193314 34.71179581 34.83262253 34.82620621 34.74937057 34.74902344 34.74877548 34.74666595 34.69660187 34.64674377 34.64688492 34.71098328 34.78351974 34.78248215 34.81310654 34.79689026 34.80604935 34.76613998 34.76282501 34.72940063 34.72613144 34.72993088 34.72703171 34.72787857 34.7287941 34.72828293 34.72839737 34.73246765 34.72981262 34.7305603 34.72844315 34.70486832 34.72230911 34.68321609 34.6651268 34.66747665 34.66789627 34.69314575 34.66836166 34.66885376 34.70589447 34.69602203 34.69561386 34.70388412 34.70455551 34.72406387 34.7078476 34.7088356 34.72431946 34.79008102 34.78704834
34.71083069 34.710495 34.71046066 34.71049118 34.71087646 34.71049881 34.69229507 34.69385147 34.70929718 34.78742599 34.69662094 34.69568634 34.69450378 34.64696884 34.6977272 34.69837189 34.69780731 34.74274063 34.78007889 34.81126404 34.80909729 34.7686348 34.80545425 34.76403046 34.76062775 34.71850204 34.72023392 34.72704315 34.72574615 34.72632217 34.72439957 34.72507477 34.72610855 34.70849609 34.72828293 34.77563858 34.7724762 34.68025208 34.68222427 34.66438675 34.67166138 34.66638184 34.69087219 34.69135284 34.66653442 34.66737366 34.69479752 34.69497299 34.70167542 34.70272827 34.7045784 34.70629501 34.72227478 34.76342773 34.7757988 34.78655624
34.70402527 34.71008301 34.70946121 34.69009018 34.69088745 34.69052124 34.68972015 34.68898392 34.70556259 34.69252777 34.64889526 34.69412994 34.69454575 34.64713287 34.64757538 34.69641495 34.69624329 34.7063179 34.74004745 34.813694 34.81435776 34.81425476 34.81235504 34.81182861 34.73280334 34.72082901 34.72226715 34.7233963 34.72270584 34.72133636 34.7129364 34.72216797 34.70696259 34.70288849 34.80469894 34.77428818 34.72276306 34.66069412 34.66020203 34.66317749 34.66533279 34.68923569 34.66520691 34.66483307 34.69036865 34.69151688 34.69272995 34.69461441 34.70131302 34.70183563 34.70285416 34.70475388 34.7626915 34.79099655 34.77475357 34.77301788
34.69997406 34.6917038 34.68939972 34.68877029 34.68964005 34.68990326 34.68886185 34.6882019 34.6889801 34.69153976 34.69343185 34.69455338 34.69886017 34.69478607 34.64678192 34.69579315 34.70059586 34.73783875 34.817173 34.82203674 34.82529449 34.82589722 34.7878685 34.78395462 34.72819138 34.73021698 34.72060776 34.70054626 34.69612503 34.69548798 34.69126129 34.7201004 34.69140625 34.6987114 34.72319031 34.72481155 34.70755768 34.70417404 34.66073227 34.68220901 34.66456223 34.68871689 34.66508102 34.66233444 34.68730927 34.68799973 34.69760895 34.70034409 34.72003555 34.70303345 34.71996307 34.72029114 34.76349258 34.79075623 34.77345657 34.78138351
34.69743729 34.69247055 34.68992233 34.68810272 34.70447159 34.68984604 34.68938828 34.68870163 34.65766144 34.69788361 34.6536026 34.69648743 34.651577 34.69412613 34.69389725 34.69429016 34.73419952 34.81666946 34.82433319 34.82408524 34.82846451 34.83867645 34.83925629 34.79816437 34.74937439 34.73706055 34.72629929 34.72033691 34.67534637 34.67749023 34.71780396 34.71707535 34.6856308 34.71983719 34.7015686 34.77293015 34.68744659 34.6877861 34.6686554 34.68668747 34.68753433 34.68682861 34.70064926 34.66136932 34.68678284 34.6882019 34.71486282 34.69866943 34.71780014 34.7196312 34.72127533 34.76797485 34.7661972 34.79174042 34.71747589 34.75715256
34.69291687 34.6914444 34.69013214 34.68861008 34.68884659 34.68916321 34.68925476 34.69062042 34.69438934 34.65711212 34.65664673 34.65423584 34.65134811 34.69688416 34.69716263 34.69967651 34.7376709 34.82826233 34.822258 34.83015823 34.83169556 34.83425522 34.84191513 34.79825211 34.79801178 34.74186707 34.730793 34.68235016 34.66887665 34.67967987 34.71687317 34.76473236 34.71784592 34.72047424 34.72596359 34.70989227 34.71425629 34.69124985 34.67198563 34.67075729 34.7085495 34.68708038 34.66386414 34.66316986 34.68892288 34.69846344 34.69223785 34.69527435 34.71995544 34.76857376 34.76873016 34.7980423 34.79789734 34.73406219 34.78739166 34.75807571
34.71118927 34.69847488 34.69458008 34.6926384 34.69145966 34.69260788 34.695858 34.69839096 34.69862366 34.65687943 34.65599442 34.65397263 34.69781876 34.70218277 34.7065506 34.74370956 34.80099487 34.8382988 34.87266159 34.87621307 34.83187485 34.83040619 34.83473206 34.83811188 34.79533768 34.74007416 34.73255539 34.68638229 34.6838913 34.6668129 34.71245575 34.7591362 34.71490097 34.76770782 34.73015213 34.68504333 34.70023346 34.68878937 34.69717026 34.69488525 34.69178772 34.70825195 34.70399475 34.69991684 34.68848038 34.71587372 34.7004509 34.72093582 34.76964188 34.7714119 34.80179596 34.7886467 34.78407288 34.53535461 34.73542786 34.77669144
34.71325302 34.71002579 34.70869827 34.70378113 34.71966553 34.72073746 34.70806503 34.70406723 34.70182419 34.70106506 34.70217133 34.66428757 34.7078476 34.71099091 34.71266937 34.76350021 34.84584808 35.00193405 35.05680847 35.04509354 34.95102692 34.83286285 34.83104324 34.83101273 34.79029083 34.73408127 34.68812561 34.68352127 34.68079758 34.66486359 34.66215897 34.62026215 34.61437225 34.71097183 34.73139191 34.72238922 34.70448685 34.69376755 34.72761917 34.72441483 34.73324966 34.71280289 34.7081604 34.75392914 34.70016098 34.71665573 34.75893402 34.76697922 34.72869873 34.80463791 34.80541229 34.7923851 34.78627396 34.79043198 34.51184082 34.77170563
34.9381485 34.87844467 34.87540054 34.86408997 34.95788193 34.85290527 34.87392426 34.83255005 34.80690384 34.78219604 34.7551384 34.72874069 34.71744919 34.72379303 34.76788712 34.88467407 34.97359085 35.09851456 35.17962265 35.16932297 35.08240509 34.95363998 34.84064865 34.8288002 34.73085403 34.68878937 34.68470764 34.68007278 34.65146637 34.58033371 34.54350662 34.55513 34.54374313 34.56474304 34.60470581 34.66920853 34.75522995 34.75986099 34.73520279 34.72519684 34.71844864 34.71089554 34.67656326 34.61177826 34.59456635 34.66762543 34.70318222 34.84739304 34.91247559 34.89677811 34.85137177 34.76519394 34.7592926 34.78048325 34.74945831 34.77237701
34.91702652 34.95763779 34.8832283 34.86061859 34.83871841 34.8544426 34.8290596 34.76901627 34.79247665 34.78519821 34.74927902 34.74917603 34.76839447 34.81135941 34.8739624 35.02882385 35.08728027 35.12125778 35.08758926 35.07530594 35.05699921 34.97906113 34.98269653 34.83620834 34.84605026 34.7527771 34.74800873 34.72885895 34.68022537 34.63723373 34.6057663 34.57297897 34.56092072 34.5014801 34.5415802 34.58616638 34.63406754 34.75569153 34.78525925 34.77957153 34.74036407 34.67755127 34.63145065 34.59939575 34.60001373 34.66840744 34.75020981 34.8002739 34.85470581 34.91129684 34.95398712 34.94241333 34.87646866 34.72198868 34.77514648 34.76836395
34.88376236 34.87272263 34.85694122 34.84296799 34.83162308 34.83368301 34.82386398 34.79969025 34.78741074 34.7623558 34.78229904 34.82447052 34.85354233 34.88907623 34.95958328 35.03872299 34.97232819 34.95206451 34.8788681 34.8662529 34.85478592 34.85373688 34.8368721 34.8072052 34.75117493 34.73595428 34.74028778 34.73355484 34.69464111 34.68976974 34.65937805 34.6081543 34.53879166 34.50270844 34.55087662 34.56953049 34.65565109 34.70023346 34.74733734 34.7203598 34.72543716 34.67692566 34.67747879 34.63897705 34.68764496 34.75437164 34.7760849 34.76764297 34.83159256 34.86128235 34.86075592 34.82806778 34.59873199 34.38601685 34.76034164 34.71456909
34.82522202 34.81517792 34.79862213 34.79450226 34.803936 34.83729935 34.83347321 34.81147003 34.79449844 34.77998352 34.78514862 34.80156708 34.8182869 34.81764603 34.83990097 34.82185364 34.76975632 34.7507515 34.72791672 34.72777176 34.71117401 34.70489502 34.7070694 34.7043457 34.69696808 34.68714142 34.69308853 34.68569565 34.68230057 34.68465805 34.68413544 34.63347244 34.56359863 34.53186035 34.57506943 34.63459778 34.65447235 34.70318985 34.85478592 34.79119873 34.75410461 34.81190872 34.73707962 34.72719574 34.77152252 34.79232788 34.807724 34.81998444 34.82933426 34.81111145 34.83152771 34.76575089 34.80470657 34.76691055 34.7081337 34.66889954
34.79946899 34.77480316 34.75187302 34.74898911 34.76218414 34.78652573 34.80331421 34.79851913 34.78976822 34.78371048 34.781353 34.78619766 34.77050018 34.75681305 34.73719788 34.71902466 34.6939621 34.68492126 34.68264008 34.67819595 34.67505264 34.67500687 34.670681 34.67879868 34.6760025 34.66439056 34.65877533 34.65759659 34.68151093 34.70893478 34.71793365 34.66026688 34.59007263 34.54967499 34.55448151 34.64125824 34.6485405 34.73316193 34.76547241 34.74741364 34.74554825 34.75365448 34.78133774 34.77470398 34.75237656 34.79157257 34.76228714 34.74187088 34.80651855 34.78169632 34.7972374 34.79391098 34.72084427 34.75699234 34.71374512 34.68120575
34.78538513 34.77050781 34.74635315 34.73258972 34.73592758 34.74686432 34.76390839 34.76809692 34.77104187 34.77541351 34.78103256 34.76929474 34.7507515 34.71394348 34.69418335 34.6824646 34.65534973 34.67099762 34.666996 34.64879227 34.65096283 34.65341949 34.65575409 34.65710831 34.65555573 34.65256119 34.65030289 34.65511703 34.66759872 34.72177887 34.74398422 34.68257523 34.61101151 34.57049179 34.61697769 34.65977097 34.69119263 34.71105576 34.7207222 34.73060608 34.79901505 34.78183365 34.77665329 34.78150177 34.77804184 34.74900055 34.77502441 34.72275925 34.78094101 34.54986572 34.77674484 34.75302124 34.76371002 34.75554657 34.74384689 34.73476028
34.73883057 34.76334381 34.75396729 34.73964691 34.72890472 34.72521973 34.72686005 34.74206543 34.74747086 34.75093079 34.75150681 34.7447319 34.72190475 34.69927597 34.68214035 34.67330933 34.67037964 34.66802597 34.66425705 34.64449692 34.65752792 34.64603806 34.64732361 34.64868927 34.64965057 34.649086 34.64774323 34.6505928 34.66490936 34.7022171 34.73209381 34.71551895 34.64736176 34.66210938 34.68291855 34.69891357 34.75055695 34.7126503 34.79146957 34.74515533 34.75994492 34.78475952 34.78011703 34.64573288 34.76411438 34.73947525 34.76732254 34.73765945 34.7619133 34.73560333 34.75864029 34.75896072 34.75595093 34.751297 34.74808884 34.74560928
34.73334885 34.73369217 34.72457504 34.71685028 34.7136116 34.70906448 34.70830154 34.71185684 34.71940231 34.7229805 34.72183228 34.70877457 34.69485474 34.69129562 34.67335129 34.66816711 34.66596985 34.66199493 34.65644073 34.63619614 34.63584518 34.63844681 34.64105225 34.64346695 34.64551544 34.64615631 34.64513397 34.64516068 34.65298462 34.69137573 34.73722076 34.75043869 34.69070435 34.68393707 34.67702484 34.70471573 34.72432327 34.74508667 34.71804428 34.78300476 34.52977753 34.76694107 34.64332199 34.76714325 34.73448944 34.76097107 34.75752258 34.7289505 34.75036621 34.72804642 34.75322342 34.73313904 34.71364594 34.74016953 34.73999023 34.71118927
34.68510056 34.68659592 34.68625259 34.68402481 34.68263245 34.6815567 34.68212891 34.6836586 34.68548584 34.68767548 34.6888237 34.68247223 34.67596054 34.67000961 34.6451149 34.66807175 34.65769577 34.63360596 34.62516403 34.62392807 34.6264801 34.62943268 34.63304901 34.63633347 34.63870621 34.64060593 34.64041138 34.64258957 34.62896347 34.65859604 34.70523834 34.73987579 34.76920319 34.71833801 34.70993423 34.79639816 34.71713257 34.78251648 34.73059082 34.76939011 34.64238739 34.73703384 34.7339859 34.72429657 34.72983551 34.73924255 34.61695099 34.72613144 34.70397568 34.72871399 34.73216629 34.66716003 34.71711349 34.6708107 34.71149063 34.60071945
34.66107178 34.65986252 34.65771866 34.65763855 34.65742874 34.65873337 34.6595459 34.68505096 34.66265106 34.66592789 34.6648674 34.66244507 34.66167831 34.6589241 34.65690613 34.63341522 34.62698364 34.62174225 34.6166687 34.61542892 34.61691284 34.62179565 34.62538528 34.62850571 34.63088989 34.63347244 34.63331604 34.62567902 34.60519791 34.61662292 34.65563583 34.72635651 34.77108765 34.71578598 34.72327423 34.7873764 34.78145218 34.72783661 34.48179626 34.739254 34.75054169 34.74588394 34.74056244 34.73506546 34.73214722 34.72982407 34.73120499 34.73436356 34.73003769 34.71419907 34.46424103 34.72121429 34.71937943 34.73542023 34.73664474 34.72850037
34.64829254 34.64810944 34.66877747 34.64604568 34.64576721 34.65161133 34.65238571 34.65291595 34.65238571 34.65206528 34.65074921 34.64919281 34.64848328 34.64739609 34.64686584 34.62504578 34.62039185 34.61661911 34.61291504 34.61171341 34.61207962 34.61556625 34.61874008 34.6199913 34.62111282 34.62485504 34.62837982 34.62254333 34.60747147 34.57926559 34.62738419 34.68455887 34.79575348 34.71404266 34.76279068 34.69565964 34.7726326 34.69498444 34.75466156 34.72348404 34.71505356 34.71056747 34.7328186 34.70480347 34.72899628 34.70339584 34.70518112 34.73390961 34.7120285 34.74273682 34.71615982 34.30007553 34.23182297 33.79613495 34.7336235 34.69711304
34.64649963 34.64616394 34.66542816 34.64437866 34.64975357 34.65024948 34.64935684 34.64725494 34.64597321 34.64544678 34.64125061 34.64280701 34.64318848 34.64240646 34.64120102 34.6395874 34.61966705 34.61617279 34.62734985 34.62321472 34.60574341 34.60887527 34.61270523 34.61445618 34.61470032 34.62969589 34.62037277 34.63102341 34.57907867 34.56866074 34.62429047 34.69978714 34.67583084 34.74368286 34.75270844 34.72375107 34.73915863 34.73412704 34.71756744 34.67189407 34.66572189 34.66353989 34.66308212 34.34730148 34.65536499 34.66147232 34.70384216 34.72955704 34.66462708 34.66651154 34.66858292 34.67050552 34.70236969 34.53069305 34.69636154 34.69254684
34.64886093 34.64641953 34.64306641 34.64970779 34.64804077 34.64571381 34.64424515 34.64243698 34.63924789 34.6321907 34.63691711 34.61552429 34.63771439 34.63782501 34.63598251 34.63373947 34.6362648 34.62654495 34.60746384 34.61828613 34.61513519 34.61602402 34.62426376 34.60692978 34.60782242 34.62310791 34.6268692 34.62653732 34.62311172 34.57801437 34.60230255 34.7005043 34.69013977 34.73487854 34.67986679 34.6628418 34.6387291 34.68306351 34.67030716 34.66191483 34.65877914 34.62704086 34.65779114 34.69181442 34.63452148 34.6356163 34.63537979 34.63546371 34.65724945 34.63336563 34.65859985 34.63175583 34.62965393 34.6245575 34.65219498 34.65062714
