Environmental Parameters/RCP 45/2050/Sea-bottom_temperature.asc
ncols 720
nrows 360
xllcorner -180.00
yllcorner -90.00
cellsize 0.5
NODATA_value -9999
[rows 175 to 199 of 360, columns 560 to 615 of 720]
30.6323961 30.5891304 31.41169167 29.41144753 30.48800468 29.9608326 -9999.0 29.67995936 29.2989502 27.10807037 27.64931488 27.2729969 27.15682983 27.04201698 23.98367691 26.4491272 26.59033966 29.51636505 29.96181679 29.8372612 29.6104126 29.6988945 30.08789635 30.134296 -9999.0 -9999.0 -9999.0 -9999.0 -9999.0 -9999.0 -9999.0 -9999.0 -9999.0 -9999.0 -9999.0 29.21490782 29.6521244 3.310406923 3.087174416 3.0654881 3.057588577 3.065276146 3.131872654 3.057611704 3.057611704 1.232650638 3.05758214 3.06441474 3.139797688 3.279045343 3.879134655 3.296230316 3.23047471 1.834751844 1.801802635 28.84693146
-9999.0 30.5466032 30.60365772 30.53781891 28.88968277 29.23600388 29.71592712 29.90126497 29.89481926 28.17624283 27.59179497 27.52864456 27.28676987 27.15660095 27.19821167 27.03778648 27.84804153 29.49765015 30.27493858 30.20764232 30.24699593 30.37392807 30.24003059 -9999.0 -9999.0 -9999.0 -9999.0 -9999.0 -9999.0 -9999.0 -9999.0 -9999.0 -9999.0 -9999.0 -9999.0 28.64443932 28.59484482 10.9954443 3.134244442 3.280809641 3.284214973 3.281141996 3.287970543 3.282786369 3.281756639 3.274970531 3.135000706 3.057550669 3.086562634 29.23778343 3.275081158 2.377780199 2.808726549 1.94037509 1.686548114 8.029976368
-9999.0 -9999.0 -9999.0 -9999.0 30.2245298 30.38101196 30.34336472 30.34398079 29.86368752 29.15121841 28.87156868 27.57110023 27.5746727 27.65178299 28.01599312 27.9988327 29.1894474 29.78315353 30.13149261 -9999.0 -9999.0 -9999.0 30.25509435 -9999.0 -9999.0 -9999.0 -9999.0 -9999.0 -9999.0 -9999.0 -9999.0 -9999.0 -9999.0 -9999.0 -9999.0 27.96933833 26.03697586 28.65962219 3.280976295 3.284257174 3.286849022 29.18686676 29.32640266 6.048159599 3.823930979 3.31017375 3.385031223 3.290382147 6.554528236 12.58207417 3.501315832 2.609451771 2.153581381 2.34475112 5.102136135 10.75702286
-9999.0 -9999.0 -9999.0 -9999.0 30.27582228 30.29856884 30.27915573 30.22216606 30.09687805 30.01548576 28.90467834 28.18047905 27.72301865 27.71340942 29.58842278 29.46604919 29.56958961 30.08243179 -9999.0 -9999.0 -9999.0 -9999.0 -9999.0 -9999.0 -9999.0 -9999.0 -9999.0 -9999.0 -9999.0 -9999.0 -9999.0 -9999.0 -9999.0 -9999.0 -9999.0 27.5030117 17.19768333 7.831978321 3.29099822 3.308374166 8.561837196 16.05091476 15.69520009 7.52720356 3.082698584 3.088920355 3.233613253 3.271217585 5.414152622 10.26326752 1.828591585 1.943627357 2.267860889 2.108167887 8.09590435 15.1355381
-9999.0 -9999.0 -9999.0 -9999.0 -9999.0 30.25377232 30.29682922 30.25305939 30.17781258 30.01363945 29.51763916 29.04451752 28.33707428 27.81603432 29.40869713 29.50068665 29.73693085 29.9014473 30.13978386 -9999.0 -9999.0 -9999.0 -9999.0 -9999.0 -9999.0 -9999.0 -9999.0 -9999.0 -9999.0 -9999.0 -9999.0 -9999.0 -9999.0 -9999.0 25.79957771 8.563093185 3.293304443 3.292966127 3.288204432 29.19399643 11.48523235 5.799740314 5.796515465 4.751298904 2.729010582 2.452303648 3.264341354 2.77723074 1.902117252 2.545556068 1.825212955 2.338674307 2.692101717 2.604238749 6.950169563 13.80633259
30.09869897 -9999.0 -9999.0 -9999.0 -9999.0 -9999.0 30.2882157 30.3287735 30.32679939 30.18644142 29.63964653 29.08818245 29.54150391 29.10857964 27.72404289 29.5914669 29.72703934 29.87129974 30.08751678 -9999.0 -9999.0 -9999.0 -9999.0 -9999.0 -9999.0 -9999.0 -9999.0 -9999.0 -9999.0 -9999.0 -9999.0 -9999.0 -9999.0 -9999.0 25.57608032 27.72145271 3.299800396 3.293176174 3.825239658 29.31820297 2.52367115 2.826724291 5.806763649 30.14452362 29.90288734 12.57005882 2.414123297 2.547033072 2.466419458 2.54492116 1.822667956 1.94220984 2.756347895 2.234251022 28.81046295 29.06816483
29.7963047 -9999.0 -9999.0 -9999.0 -9999.0 -9999.0 30.26623344 30.36920547 29.98326111 30.03545189 29.87206268 29.7295723 29.60219765 29.29741669 28.39901352 29.72076988 29.82278633 29.89879417 30.06406975 30.25754893 -9999.0 -9999.0 -9999.0 -9999.0 -9999.0 -9999.0 -9999.0 -9999.0 -9999.0 -9999.0 -9999.0 -9999.0 -9999.0 -9999.0 26.15562439 27.70245743 3.299726009 3.299755335 3.39505744 29.35984612 19.7028141 28.78907776 4.813519001 18.33473015 29.45184898 29.78221321 15.92544365 2.331377029 1.842459202 2.202703953 1.957872987 2.369749784 2.303480387 2.458392382 28.98795509 28.63377953
14.72629929 28.85171509 -9999.0 -9999.0 -9999.0 -9999.0 -9999.0 -9999.0 30.30013466 30.34537888 30.30026627 29.96872139 29.79698372 29.66119766 29.76836395 28.34565926 29.83930779 29.99230194 30.21416855 30.30973244 30.26373011 -9999.0 -9999.0 -9999.0 -9999.0 -9999.0 -9999.0 -9999.0 -9999.0 -9999.0 -9999.0 -9999.0 -9999.0 29.25995255 28.06621552 3.838201046 3.304065466 3.312994957 28.39990234 -9999.0 -9999.0 26.24214745 19.40496826 -9999.0 18.04498482 13.34272003 29.20639229 3.206542253 2.599903822 2.09999299 2.128247976 2.222043514 2.15255332 2.524435759 3.869158745 26.80409622
6.822561741 29.26395988 -9999.0 -9999.0 -9999.0 -9999.0 -9999.0 -9999.0 29.88137114 30.45113373 30.41372299 30.26115608 29.98804092 29.83984184 29.8374958 29.31824875 29.39673996 29.92243576 29.98703766 30.2252121 30.22942162 -9999.0 -9999.0 -9999.0 -9999.0 -9999.0 -9999.0 -9999.0 -9999.0 -9999.0 -9999.0 -9999.0 29.75942612 28.68148041 19.77769279 3.325438738 3.30341959 3.351479053 26.1727314 -9999.0 -9999.0 -9999.0 28.85185784 29.43321228 4.943293571 7.109403133 29.12154961 23.6217823 28.40179253 15.53846741 28.9932518 28.93402863 14.43545628 2.710496426 6.865106583 6.821848869
3.512055397 10.23431969 28.59367561 -9999.0 -9999.0 -9999.0 -9999.0 -9999.0 -9999.0 30.41332626 30.28126717 30.21451294 30.04241562 29.9344368 29.84524536 29.84216499 29.84802437 29.85001564 29.91853905 30.04834557 30.15493202 -9999.0 -9999.0 -9999.0 -9999.0 -9999.0 -9999.0 -9999.0 -9999.0 -9999.0 -9999.0 -9999.0 29.7371006 28.98784065 28.77165222 6.533073902 3.312375546 3.323409557 23.45168877 -9999.0 -9999.0 -9999.0 -9999.0 29.28267097 4.771215916 3.885641575 2.579214573 2.545072794 2.541452885 2.540494204 2.542881489 2.555341959 2.544527054 2.522912741 2.522926807 2.543776274
14.84398937 5.842324734 29.38659286 -9999.0 -9999.0 -9999.0 -9999.0 -9999.0 -9999.0 29.64040565 -9999.0 30.18310088 30.16060257 30.02280807 29.00379562 29.6819973 29.89056587 29.85075951 29.88341522 29.93326378 30.10130119 30.11167336 30.14369202 30.13506317 -9999.0 -9999.0 30.03833824 -9999.0 -9999.0 -9999.0 -9999.0 -9999.0 29.88748741 29.31632614 29.24338722 28.81082916 7.324628353 29.24085045 21.38118172 -9999.0 22.49573524 27.45790482 22.84662902 21.27100006 6.394879818 2.544908762 2.539908886 2.538137197 2.539175749 2.545829296 2.538060188 2.539179802 2.546548605 2.56876564 2.753278971 2.548599243
11.44335651 6.103121281 8.490981102 20.78776741 23.67777894 -9999.0 -9999.0 -9999.0 -9999.0 -9999.0 -9999.0 29.51586705 30.15247536 30.02881241 29.94118881 30.04901123 29.93354416 29.85547256 29.85679245 29.90899467 30.00819969 30.10047531 30.08180618 30.08160591 30.03370094 30.00132179 29.99741936 30.02290344 30.04665565 30.06606674 -9999.0 -9999.0 30.12319374 29.53425598 29.11845207 29.06930351 28.58797836 6.898575306 14.75066757 -9999.0 13.47893047 6.622420311 15.67162296 -9999.0 28.17075157 12.53367805 2.550869703 2.557484627 2.538118601 2.538479328 2.557384253 2.541602373 5.19624424 10.8686676 3.13603282 10.73730564
1.736136794 17.24061394 6.431115627 11.48088932 21.47382927 -9999.0 -9999.0 -9999.0 -9999.0 -9999.0 -9999.0 28.79459649 30.10355186 30.05538559 30.04143715 30.03170013 29.94149399 29.86316681 29.84925079 29.84620857 29.9001255 29.92438698 29.89920235 29.93878555 29.96260643 29.98437119 30.06197166 30.06618118 30.20963287 30.16306496 30.15426254 30.18954277 29.98015404 29.11675644 29.41827965 4.238724709 2.946203947 3.294445038 5.943734646 8.445754528 6.276033401 4.734941006 11.64435291 -9999.0 19.28912163 10.44987679 2.698995829 2.546064615 2.539005756 2.541693211 2.538773298 2.538803339 2.574317694 28.46245956 2.573034048 2.555828333
0.765101552 2.0618999 14.78289223 4.877761364 27.54207802 25.0632515 26.5517233 -9999.0 -9999.0 -9999.0 -9999.0 28.21518743 30.19512749 30.08049393 30.10928345 30.04238319 29.86395264 29.85407066 29.82517815 29.79372978 29.77775002 29.81370544 29.79496765 29.82934761 29.82128334 29.82824898 29.86618233 29.99500084 30.02718925 30.16134834 30.11281776 30.02877235 29.75632668 28.87781525 13.29097652 2.911398888 2.908043623 2.908299685 16.09753036 12.64075279 8.258528709 2.720692158 8.840508461 16.74239286 20.77204697 17.00274658 2.550732613 2.557483673 2.538637638 2.538097143 2.53841424 2.538082361 2.543366671 2.540686846 2.54473424 2.547155857
0.766222894 1.388466239 4.3649683 3.937144518 3.908556223 6.199121952 28.9671402 21.56168365 -9999.0 -9999.0 -9999.0 28.11932772 30.2264061 30.15558434 30.07991982 29.99012947 29.9569397 29.774683 29.81472969 29.74334335 29.70713234 29.71265793 29.76463699 29.74378204 29.7438755 29.73789406 29.65709686 29.74219894 29.836483 29.99626732 29.97571945 29.65578461 29.05245781 29.27703094 9.188392639 3.450710297 2.91027832 5.064404011 28.67272568 19.08699799 11.73870277 5.809988022 5.222463131 19.75327873 29.68752861 29.13324356 8.636621475 2.54050374 2.546162605 2.538144112 2.540149212 2.542642593 2.545642853 2.546214342 2.547192812 2.547202826
0.766320884 0.766345978 1.617640615 3.860288382 17.26840019 3.858779907 3.070716858 7.235596657 16.523489 21.74661985 25.96798879 29.81174064 30.17658424 30.13613129 30.05638313 30.00281715 29.67771339 29.9073391 29.76221848 29.69024086 29.72268677 29.69907951 29.72667694 29.6901741 29.68514442 27.96595383 27.9954834 29.70069313 29.67821884 29.77998543 29.64055634 29.21788216 27.78406525 27.87994194 5.103300571 28.7785759 5.039405823 6.824151993 28.03827858 -9999.0 13.11592007 2.748363495 2.672227621 28.90496635 29.20184326 16.62903976 3.948652983 2.643935919 22.20772934 2.546358109 2.54581809 2.547635794 2.549139261 2.555866718 2.639802217 2.604050159
0.765272379 0.766697645 0.766841292 1.502747416 4.315505981 5.540168762 2.398596525 2.151270628 11.26199341 27.49643898 29.39823723 28.37999153 30.0628624 30.09611511 30.12595367 29.91810226 29.90798378 29.77019882 29.89219666 29.83471489 29.81559372 29.71848488 29.78299713 29.72842789 29.6890564 29.7063961 27.99554634 26.81038094 29.60350418 29.49319458 28.01622963 27.93623734 26.92863464 9.869077682 17.55273438 16.76203918 22.27256584 5.814049721 5.797719479 28.22938156 11.63504791 3.087010384 2.662401915 2.671993017 3.083357096 3.57015276 2.556098223 24.38357544 18.49374199 2.572379589 2.577137709 2.561676264 2.552036285 2.550354242 2.553678989 2.549214363
0.769035935 0.765211225 0.766798258 0.767026424 1.615638852 2.315724134 4.197118759 2.765746355 3.054312229 6.587407112 15.4603014 29.46269989 -9999.0 24.19663239 24.54561615 26.13329506 28.55187035 29.98968124 29.88767052 29.87686157 29.84695053 29.793293 29.79877663 29.81822586 29.68815231 29.49889183 29.51275444 27.96222305 26.79255486 27.98903847 26.96583557 22.98723221 24.50938416 7.350311756 9.991274834 10.83507824 9.992901802 15.93724823 5.783806324 3.141515255 8.764454842 2.777876377 2.682631969 2.691468954 2.684928417 3.049968004 2.578837633 2.554855824 2.567357063 2.553373337 2.557990074 2.549912214 2.549912214 2.548446417 2.548476934 2.556019306
0.769249678 0.767448783 0.767292023 0.767470062 0.768597364 1.500171423 1.753347516 4.189633846 2.92980814 2.915012836 28.6928196 19.04447937 17.92224693 17.13430243 -9999.0 -9999.0 -9999.0 30.01729965 30.01621628 29.93102455 29.91747475 28.61121178 28.60135269 29.91162682 29.98109627 29.82289124 29.80500412 29.66090965 27.93175125 26.77808189 29.12759018 27.29184723 18.91861153 7.798553467 8.120096207 8.799212456 14.10185337 28.76344299 7.466916561 2.700583458 2.681143284 25.32525826 12.11000156 2.663985014 3.086843967 2.699212551 2.560966969 2.553823948 2.55379343 2.552000761 2.549232721 2.547060728 2.550003767 2.553418875 2.548301458 2.553495884
0.769239724 0.76817739 0.769671261 0.770683289 0.768817663 0.770586252 0.798396647 1.234670043 1.492236614 1.612516165 2.276882648 2.072430134 11.03402042 9.345428467 11.77429887 -9999.0 -9999.0 -9999.0 -9999.0 -9999.0 -9999.0 -9999.0 -9999.0 -9999.0 -9999.0 29.940382 29.6193161 29.46174431 25.27515984 20.64834976 7.178985596 6.267016411 8.397350311 7.609281063 7.822359085 8.13492012 11.17055607 3.079247236 2.654206991 2.087843657 2.655819178 25.37328148 4.371219158 27.84239006 2.832485914 2.572580099 2.558237553 2.555854797 2.553819418 2.55200243 2.552001238 2.552970886 2.552745819 2.548505783 2.555417776 2.549052954
0.769939482 0.770654082 0.772012115 0.772272646 0.77071023 0.771191239 0.771766722 0.772535682 0.775023222 0.793253601 1.599342704 1.882597804 1.568425179 1.790433526 3.209315777 10.89900112 27.27991486 27.55912018 27.73560905 28.15707397 22.30273056 -9999.0 -9999.0 -9999.0 -9999.0 27.29673386 29.45750809 23.80274391 15.94706154 6.608793736 4.948774338 3.72296381 3.690595627 4.429497242 7.536911488 3.316009521 2.553746939 2.424165249 0.836520731 0.826031089 0.826347589 0.822507143 1.080635548 2.64184618 15.51782703 2.600647926 2.559574604 2.560651064 2.552091837 2.552150726 2.555122852 2.625106335 3.251103878 5.260620117 2.687901735 2.575565338
0.769705832 0.769525588 0.771925628 0.77219975 0.774234712 0.774272203 0.773012221 0.772857189 0.773930669 0.774712622 0.776746571 1.021511436 2.03523016 1.422792554 1.315550566 1.402455807 1.637242556 2.277696609 4.885750771 11.55909348 10.16441631 15.32199955 14.15724659 27.76185036 20.41407394 19.30782318 27.66436577 16.39097786 11.24309254 7.907242298 10.68024921 4.191282272 9.601701736 10.19618416 8.195991516 9.957134247 8.647241592 22.41269112 3.524912596 7.842166901 28.53085518 5.188683033 2.713995695 3.757973194 5.806272507 28.57198906 28.51445007 21.79338646 28.47192764 9.06360817 2.648344278 2.553393841 2.577334881 4.333349705 3.297324419 2.753283024
0.770353079 0.771546483 0.774089932 0.774917126 0.776288092 0.776349962 0.774752498 0.775201559 0.775409102 0.774773598 0.774663508 0.77630949 1.198863149 1.746685028 2.509500742 2.042596698 1.047196627 1.037448883 1.023327649 1.701503038 2.736016273 3.787002563 4.093026638 4.783418655 4.803086281 4.061152458 3.007989407 4.719329357 9.331927299 5.770945072 23.53537178 17.33416557 15.48038578 28.46878815 9.790751457 11.60409737 27.28369331 28.27541351 9.357535362 27.91630745 16.84143066 6.082622528 3.091021061 3.79007411 6.459776878 2.72655344 2.579022884 2.661565781 2.624080181 2.601271391 10.79004478 6.222361386 6.775990009 18.86056137 3.87199378 2.925434589
0.774070442 0.772877336 0.774722874 0.776143849 0.777253747 0.777602255 0.772197783 0.777150989 0.776646972 0.778090537 0.775835514 0.773660481 0.772410274 0.775758326 0.835331082 1.558944702 1.785629988 2.028141618 2.756171703 0.997534096 1.59834528 1.213550687 0.966116548 0.913298726 1.624603987 1.633050919 1.543072343 1.856985569 0.935239732 0.966883659 1.264937758 1.630593419 1.630562067 1.850728512 3.625122309 2.383218765 3.256625175 3.677583218 7.957098484 9.254872322 5.950940132 2.76176405 2.754437208 2.740403891 2.623848915 2.599063873 2.582242727 2.775595903 10.13169289 17.44086266 28.69226646 6.538484097 3.666419268 3.056299686 2.619211435 3.091080427
0.774111688 0.77574718 0.776413321 0.776608348 0.777503908 0.778047979 0.771805823 0.778978229 0.780968368 0.786310792 0.782733858 0.779317319 0.770973265 0.771724343 0.773488522 0.775674582 0.829145908 0.974713445 1.37600863 3.002260685 1.854100585 1.585353971 1.351216555 3.312385559 1.141058326 1.872107387 1.746943235 0.960120559 0.924327254 0.835182428 0.878010452 0.881762028 0.88351661 0.950852573 1.4724226 1.101278782 1.822540164 4.611205101 23.30007744 11.98711395 13.23266506 9.284368515 2.80684495 2.781266928 2.560842276 2.645907402 2.781390905 7.307745457 -9999.0 28.47648621 3.260268927 2.808577776 2.854351997 3.268469572 7.448359013 12.19440651
