Environmental Parameters/RCP 45/2050/Sea-bottom_temperature.asc
ncols 720
nrows 360
xllcorner -180.00
yllcorner -90.00
cellsize 0.5
NODATA_value -9999
[rows 0 to 24 of 360, columns 224 to 279 of 720]
-0.938804328 -0.938773811 -0.938773811 -0.938774824 -0.938773811 -0.938773811 -0.938773811 -0.938772798 -0.938772798 -0.938771784 -0.938770831 -0.938770831 -0.938770831 -0.938770831 -0.938771784 -0.938771784 -0.938913822 -0.938913822 -0.938914835 -0.938916802 -0.938917816 -0.938919783 -0.938920796 -0.938922822 -0.938923836 -0.939054787 -0.939056814 -0.939057827 -0.939059794 -0.939108789 -0.939205825 -0.939207792 -0.939208806 -0.939209819 -0.939210832 -0.939270318 -0.939271271 -0.939272285 -0.939273298 -0.939274311 -0.939275265 -0.939276278 -0.939277291 -0.939278305 -0.939279318 -0.939280272 -0.939280272 -0.939370275 -0.939371288 -0.939371288 -0.939469278 -0.939500809 -0.939501822 -0.939501822 -0.939502835 -0.939503789
-0.931693792 -0.92735678 -0.926159322 -0.922322273 -0.914685309 -0.901845813 -0.872830808 -0.872505844 -0.784894347 -0.70978564 -0.710859597 -0.812346637 -0.870719612 -0.900963128 -0.922619164 -0.927586138 -0.932124138 -0.936815143 -0.940256119 -0.940324128 -0.940338135 -0.940313637 -0.940310597 -0.940313637 -0.940306604 -0.940423608 -0.940447152 -0.940442145 -0.940454125 -0.940522134 -0.940629125 -0.940638125 -0.940642118 -0.940644145 -0.940675676 -0.940765679 -0.940765679 -0.940765679 -0.940763652 -0.940762639 -0.940759659 -0.94078517 -0.94077915 -0.940769196 -0.940746188 -0.940709174 -0.940594196 -0.940540195 -0.940712154 -0.94080019 -0.940924168 -0.940918684 -0.940935671 -0.940914154 -0.940919161 -0.940923154
-0.355533928 -0.355938911 -0.35204193 -0.399010926 -0.399155915 -0.452412933 -0.502679944 -0.559720874 -0.621014893 -0.624830902 -0.711025417 -0.811679423 -0.870371401 -0.900529385 -0.900509894 -0.914293885 -0.91432339 -0.899953425 -0.899985909 -0.899986923 -0.899874926 -0.899736941 -0.899445415 -0.899948418 -0.899949431 -0.899896443 -0.868071973 -0.867901981 -0.867716968 -0.813315988 -0.813839972 -0.738784492 -0.739560485 -0.741072476 -0.815963089 -0.870131075 -0.898714066 -0.899466038 -0.912509084 -0.926819086 -0.936727524 -0.936737537 -0.940532506 -0.940557003 -0.940529048 -0.940510035 -0.940528035 -0.940651059 -0.940655053 -0.940624535 -0.940723538 -0.940722525 -0.940693021 -0.940693021 -0.940693021 -0.94066149
-0.285483956 -0.286480457 -0.286598444 -0.286611468 -0.281295925 -0.282342941 -0.283216417 -0.278295338 -0.27614072 -0.274393737 -0.273675203 -0.270360678 -0.26992017 -0.205035165 -0.203232661 -0.202673659 -0.202502131 -0.266916126 -0.397893131 -0.588021636 -0.738730609 -0.811108112 -0.811112106 -0.868872583 -0.812871575 -0.739891469 -0.739395916 -0.739846945 -0.81289643 -0.899532437 -0.899226427 -0.89899987 -0.89842087 -0.866195858 -0.866383851 -0.817712843 -0.816894829 -0.817034841 -0.818606317 -0.870742321 -0.873134255 -0.899622202 -0.899632215 -0.899990678 -0.900208652 -0.900101662 -0.899980664 -0.911671698 -0.919514656 -0.925843179 -0.930917144 -0.930912137 -0.926056147 -0.926037669 -0.926128626 -0.925944567
-0.176551133 -0.170567125 -0.17077361 -0.168020576 -0.169253066 -0.167471021 -0.218064189 -0.217488676 -0.216030642 -0.212677121 -0.277005613 -0.275333077 -0.273676574 -0.27226758 -0.272221416 -0.271402389 -0.265258878 -0.263228089 -0.264565051 -0.269558012 -0.266616493 -0.265153468 -0.266674936 -0.333102405 -0.394908905 -0.457911372 -0.458060861 -0.52073735 -0.592255831 -0.666524291 -0.741597116 -0.743237555 -0.743689597 -0.74358505 -0.743333042 -0.743960083 -0.745877564 -0.817819536 -0.868112564 -0.897473037 -0.9118644 -0.911493778 -0.920274258 -0.920155764 -0.919722259 -0.919935226 -0.926046729 -0.926018178 -0.930975199 -0.925835669 -0.925844669 -0.930868149 -0.93613565 -0.935953557 -0.935896993 -0.930671036
-0.542171001 -0.500714004 -0.451496005 -0.399639457 -0.399533451 -0.347786933 -0.217443928 -0.163705409 -0.163174406 -0.160176888 -0.161028892 -0.163261384 -0.16177386 -0.155984342 -0.158114612 -0.158182099 -0.156868607 -0.154462129 -0.154283643 -0.15319854 -0.151667953 -0.1504374 -0.085598335 -0.148381457 -0.147676393 -0.194475845 -0.193330288 -0.32471326 -0.390722215 -0.454581678 -0.453324616 -0.452643067 -0.452937514 -0.452890128 -0.453455091 -0.519853055 -0.596090019 -0.67476052 -0.751682997 -0.674203992 -0.753965497 -0.75363642 -0.752958179 -0.822378159 -0.871045172 -0.910002649 -0.910070121 -0.909685135 -0.919092596 -0.925600529 -0.925568044 -0.925535023 -0.925454378 -0.930421412 -0.930421412 -0.930413902
-0.649899006 -0.656750977 -0.662458003 -0.599837005 -0.607950985 -0.60857898 -0.551483989 -0.505789995 -0.455388993 -0.393171996 -0.331497997 -0.263469994 -0.210575998 -0.154397994 -0.156614006 -0.159704998 -0.155269995 -0.151473999 -0.090585999 -0.085489377 -0.014445894 0.058908071 0.058927551 0.057535071 0.063735627 0.067521662 0.075306691 0.078709908 0.00916994 0.018384974 -0.046367507 -0.106699474 -0.23333244 -0.524328947 -0.599986374 -0.677496493 -0.678429484 -0.680091918 -0.601638913 -0.467585385 -0.469880879 -0.399211884 -0.474811852 -0.476701558 -0.546747983 -0.761756957 -0.895777941 -0.920531392 -0.927139878 -0.92709589 -0.931680083 -0.931575119 -0.931275904 -0.926337898 -0.926461935 -0.931289911
-0.497664988 -0.499074012 -0.499659985 -0.499628007 -0.450578988 -0.451918006 -0.452358991 -0.334416002 -0.256556988 -0.201762006 -0.150230005 -0.090691 -0.087346002 -0.019098001 0.049817 0.130723998 0.191391006 0.190472007 0.249099001 0.249969006 0.253484994 0.257046998 0.205650002 0.260579497 0.262731493 0.26501748 0.270194471 0.269269496 0.024472483 -0.226549521 -0.456232518 -0.53332752 -0.530347526 -0.602971494 -0.604404509 -0.529439509 -0.606091499 -0.60550189 -0.534469426 -0.690039933 -0.767172456 -0.766957402 -0.768196881 -0.768740833 -0.830502748 -0.831234694 -0.831728637 -0.870233119 -0.912428617 -0.922683597 -0.922544599 -0.922232926 -0.921751618 -0.921856642 -0.921942651 -0.921976149
-0.144238994 -0.151196003 -0.142098993 -0.134624004 -0.134268999 -0.009393 0.062130999 0.133646995 0.191969007 0.192341 0.245473996 0.246031001 0.247339994 0.283049524 0.287838519 0.310091525 0.31516552 0.319223523 0.318170518 0.297623515 0.295278519 0.297339529 0.299678504 0.300573528 0.33477053 0.338712007 0.363792986 0.345966011 0.345524013 0.281287014 0.231481999 -0.021151001 -0.288632005 -0.605934024 -0.760543466 -0.822940469 -0.862470984 -0.825311005 -0.861901999 -0.897327006 -0.897243023 -0.896232009 -0.896076977 -0.895407021 -0.89596498 -0.896154523 -0.896488547 -0.896688521 -0.89735949 -0.897886515 -0.898082018 -0.897947967 -0.913107872 -0.913251877 -0.913397372 -0.913488388
0.275772005 0.245976001 0.291469991 0.29874599 0.291346997 0.299017996 0.297226995 0.304940999 0.307742 0.309873015 0.296297997 0.294972003 0.305162996 0.305673003 0.314635992 0.316473991 0.322073013 0.326723009 0.344424993 0.348033994 0.34998399 0.345845014 0.346697986 0.331916988 0.336212009 0.312530994 0.315228999 0.234874994 0.181226522 0.113737516 0.052661516 -0.071497485 -0.204817489 -0.461980492 -0.687175989 -0.687826991 -0.689808011 -0.691883028 -0.765821993 -0.826382458 -0.860682487 -0.860744476 -0.862190485 -0.863108456 -0.863336504 -0.865241468 -0.866597474 -0.830759466 -0.831410468 -0.831731498 -0.832529485 -0.833173454 -0.834555507 -0.835505486 -0.77984947 -0.78144151
0.250746995 0.250624001 0.210003003 0.210313007 0.157373995 0.159372002 0.094521001 0.095995001 0.028465999 -0.036880001 -0.026965 -0.026542 -0.029896 -0.076403998 -0.073579997 -0.123337001 -0.200368002 -0.379875988 -0.379877001 -0.46666199 -0.381204009 -0.382111996 -0.467076004 -0.594268978 -0.670529008 -0.671131015 -0.74931699 -0.750096977 -0.750980973 -0.753377974 -0.819190979 -0.819423974 -0.821421027 -0.822695017 -0.822784007 -0.823709011 -0.825677991 -0.825681984 -0.826108992 -0.826416016 -0.828896999 -0.829195976 -0.829526961 -0.829834938 -0.773454428 -0.774418771 -0.776470721 -0.777468145 -0.779103637 -0.778696597 -0.778398931 -0.778015852 -0.777187228 -0.777437687 -0.77720499 -0.77515465
-0.177660525 -0.166174516 -0.264425516 -0.251114517 -0.250171512 -0.235316515 -0.229345039 -0.322269022 -0.315810531 -0.384912521 -0.382849514 -0.380767524 -0.381287992 -0.465319991 -0.46636501 -0.37894699 -0.379694015 -0.379907012 -0.380414009 -0.38111499 -0.381229997 -0.294741988 -0.294604003 -0.201459005 -0.200347006 -0.200764 0.112731002 0.114664003 -0.006044518 -0.005910518 -0.008105 -0.06646093 -0.12771593 -0.29219541 -0.384205908 -0.466978848 -0.469148189 -0.470629156 -0.47174266 -0.473324627 -0.399932086 -0.403816462 -0.404183716 -0.40407756 -0.406491905 -0.403105587 -0.318330765 -0.318688601 -0.317797363 -0.406700552 -0.400896698 -0.481316566 -0.480391681 -0.484073639 -0.48256439 -0.397721648
-0.474357516 -0.198112518 -0.057400037 -0.048895519 -0.049676519 -0.042013519 0.083294965 0.189785972 0.252269953 0.296123952 0.298396975 0.299649954 0.300640434 0.300163954 0.296977967 0.302361488 0.289063483 0.290152967 0.308759958 0.304299951 0.274220496 0.276621491 0.246091485 0.187378004 0.202159479 0.218427002 0.226606995 0.237947002 0.247297511 0.249813512 0.248633519 0.252646029 0.255288959 0.228650674 0.233693928 0.230193764 0.269468218 0.280040741 0.241546854 0.238201842 0.292970359 0.302923799 0.311416507 0.308322728 0.315197766 0.322197825 0.320510596 0.327652335 0.327464163 0.330590039 0.264697582 0.262725964 0.164713278 0.165209785 0.052438311 0.037900838
-0.423208833 -0.299245715 -0.180738747 -0.171474695 -0.300652891 -0.744246364 -1.119242549 -1.162759423 -1.076529503 -1.189792037 -1.209973454 -0.953514934 -0.752403855 -0.547543049 -0.385983855 -0.163763165 -0.149887607 -0.165218532 -0.112912245 -0.081175178 -0.064070143 -0.041254107 0.082002997 0.114157997 0.166357994 0.222648993 0.24460648 0.264001489 0.26659748 0.260587484 0.268376529 0.268268496 0.287804931 0.297697932 0.290337175 0.299214602 0.322474033 0.297621399 0.26537022 0.26862365 0.235304698 0.239819244 0.200390294 0.141650319 0.115074299 0.061809108 -0.026991956 -0.671681166 -0.923619628 -0.966223836 -1.082803845 -1.243993878 -1.451315522 -1.12912786 -0.880114092 -0.70619935
-0.259028344 -0.21290271 -0.159031972 -0.170623913 -0.268459007 -0.447314858 -0.648265839 -0.794725418 -0.923195302 -1.425663829 -1.458621264 -1.34941721 -1.398538709 -1.227288365 -0.783054709 -1.096593499 -1.222894549 -1.1953336 -1.047734976 -0.945335448 -0.437928021 -0.140313029 -0.234790549 0.196218967 0.273484439 0.283387452 0.296312958 0.292561889 0.290681899 0.28152439 0.290153354 0.293615192 0.293601155 0.266696662 -0.323899478 -0.868629992 -1.657465458 -0.97303915 -0.531384826 -0.252880186 -0.216050521 -0.255949795 -0.288874276 -0.32384124 -0.386697659 -0.47136475 -0.573990498 -0.688774263 -0.811349094 -0.938092548 -1.055328261 -1.067031819 -1.004584011 -0.924409214 -0.85064885 -0.786774095
-9999.0 -9999.0 -9999.0 -9999.0 -9999.0 -9999.0 -9999.0 -9999.0 -9999.0 -9999.0 -0.352548301 -0.308200449 -0.226900175 -0.080747776 0.233496964 0.269288957 0.27116096 0.269935966 0.274334967 0.290653974 0.295991957 0.301307976 0.270789444 0.004652785 -0.242831007 -0.455850542 -0.627405047 -1.118097067 -0.394561619 0.26501897 0.26759097 0.264033943 0.05115423 -0.187686548 -9999.0 -0.719237447 -0.980976403 -1.207475424 -1.393994331 -0.656838357 -0.529343665 -0.468291819 -0.443403815 -0.455107078 -0.49325954 -0.549689759 -0.619453952 -9999.0 -9999.0 -9999.0 -9999.0 -9999.0 -9999.0 -9999.0 -9999.0 -9999.0
-0.032208106 -0.017018754 -0.013414802 -0.035049963 -0.054820226 -0.031014251 0.059064686 0.078052647 0.143348858 0.540470958 0.74192965 0.744553208 0.301856518 0.271099836 0.262545437 0.253279567 0.259917796 0.272491544 -9999.0 -9999.0 -9999.0 -9999.0 -9999.0 -9999.0 -9999.0 -9999.0 -1.173229076 -1.621317478 -0.98077191 -0.4841973 -0.263812205 -0.232545134 -0.27468098 -0.367790027 -9999.0 -9999.0 -9999.0 -9999.0 -9999.0 -9999.0 -9999.0 -9999.0 -0.476801105 -0.475851391 -0.506200351 -0.550156299 -9999.0 -9999.0 -9999.0 -9999.0 -9999.0 -9999.0 -9999.0 -9999.0 -9999.0 -9999.0
0.0525665 0.095734023 0.085766688 0.0081517 -0.024785729 0.079037473 0.387142062 0.531659126 0.260818124 0.588631928 0.738366485 0.317939013 0.297579825 0.262921184 -9999.0 -9999.0 -9999.0 -9999.0 -9999.0 -9999.0 -9999.0 -9999.0 -9999.0 -9999.0 -9999.0 -9999.0 -9999.0 -9999.0 -9999.0 -9999.0 -9999.0 -9999.0 -9999.0 -9999.0 -9999.0 -9999.0 -9999.0 -9999.0 -9999.0 -9999.0 -9999.0 -9999.0 -9999.0 -9999.0 -9999.0 -9999.0 -9999.0 -9999.0 -9999.0 -9999.0 -9999.0 -9999.0 -9999.0 -9999.0 -9999.0 -9999.0
0.109417841 0.259648919 0.206829607 0.053774297 -0.266329408 -0.013768117 0.150290251 -9999.0 -9999.0 -9999.0 -9999.0 -9999.0 -9999.0 -9999.0 -9999.0 -9999.0 -9999.0 -9999.0 -9999.0 -9999.0 -9999.0 -9999.0 -9999.0 -9999.0 -9999.0 -9999.0 -9999.0 -9999.0 -9999.0 -9999.0 -9999.0 -9999.0 -9999.0 -9999.0 -9999.0 -9999.0 -9999.0 -9999.0 -9999.0 -9999.0 -9999.0 -9999.0 -9999.0 -9999.0 -9999.0 -9999.0 -9999.0 -9999.0 -9999.0 -9999.0 -9999.0 -9999.0 -9999.0 -9999.0 -9999.0 -9999.0
-0.15254613 -0.074665245 -0.087013192 -0.116711497 -0.21091941 -0.108447239 0.031289104 -9999.0 -9999.0 -9999.0 -9999.0 -9999.0 -9999.0 -9999.0 -9999.0 -9999.0 -9999.0 -9999.0 -9999.0 -9999.0 -9999.0 -9999.0 -9999.0 -9999.0 -9999.0 -9999.0 -9999.0 -9999.0 -9999.0 -9999.0 -9999.0 -9999.0 -9999.0 -9999.0 -9999.0 -9999.0 -9999.0 -9999.0 -9999.0 -9999.0 -9999.0 -9999.0 -9999.0 -9999.0 -9999.0 -9999.0 -9999.0 -9999.0 -9999.0 -9999.0 -9999.0 -9999.0 -9999.0 -9999.0 -9999.0 -9999.0
-0.395870477 -0.338566989 -0.369324267 -0.177456528 -0.041467026 -0.209448725 0.067115873 0.231314562 -9999.0 -9999.0 -9999.0 -9999.0 -9999.0 -9999.0 -9999.0 -9999.0 -9999.0 -9999.0 -9999.0 -9999.0 -9999.0 -9999.0 -9999.0 -9999.0 -9999.0 -9999.0 -9999.0 -9999.0 -9999.0 -9999.0 -9999.0 -9999.0 -9999.0 -9999.0 -9999.0 -9999.0 -9999.0 -9999.0 -9999.0 -9999.0 -9999.0 -9999.0 -9999.0 -9999.0 -9999.0 -9999.0 -9999.0 -9999.0 -9999.0 -9999.0 -9999.0 -9999.0 -9999.0 -9999.0 -9999.0 -9999.0
0.403850943 0.49359715 0.39361608 0.070021219 -0.17083478 -0.076472551 -9999.0 -9999.0 -9999.0 -9999.0 -9999.0 -9999.0 -9999.0 -9999.0 -9999.0 -9999.0 -9999.0 -9999.0 -9999.0 -9999.0 -9999.0 -9999.0 -9999.0 -9999.0 -9999.0 -9999.0 -9999.0 -9999.0 -9999.0 -9999.0 -9999.0 -9999.0 -9999.0 -9999.0 -9999.0 -9999.0 -9999.0 -9999.0 -9999.0 -9999.0 -9999.0 -9999.0 -9999.0 -9999.0 -9999.0 -9999.0 -9999.0 -9999.0 -9999.0 -9999.0 -9999.0 -9999.0 -9999.0 -9999.0 -9999.0 -9999.0
-9999.0 -9999.0 -9999.0 -9999.0 -9999.0 -9999.0 -9999.0 -9999.0 -9999.0 -9999.0 -9999.0 -9999.0 -9999.0 -9999.0 -9999.0 -9999.0 -9999.0 -9999.0 -9999.0 -9999.0 -9999.0 -9999.0 -9999.0 -9999.0 -9999.0 -9999.0 -9999.0 -9999.0 -9999.0 -9999.0 -9999.0 -9999.0 -9999.0 -9999.0 -9999.0 -9999.0 -9999.0 -9999.0 -9999.0 -9999.0 -9999.0 -9999.0 -9999.0 -9999.0 -9999.0 -9999.0 -9999.0 -9999.0 -9999.0 -9999.0 -9999.0 -9999.0 -9999.0 -9999.0 -9999.0 -9999.0
-9999.0 -9999.0 -9999.0 -9999.0 -9999.0 -9999.0 -9999.0 -9999.0 -9999.0 -9999.0 -9999.0 -9999.0 -9999.0 -9999.0 -9999.0 -9999.0 -9999.0 -9999.0 -9999.0 -9999.0 -9999.0 -9999.0 -9999.0 -9999.0 -9999.0 -9999.0 -9999.0 -9999.0 -9999.0 -9999.0 -9999.0 -9999.0 -9999.0 -9999.0 -9999.0 -9999.0 -9999.0 -9999.0 -9999.0 -9999.0 -9999.0 -9999.0 -9999.0 -9999.0 -9999.0 -9999.0 -9999.0 -9999.0 -9999.0 -9999.0 -9999.0 -9999.0 -9999.0 -9999.0 -9999.0 -9999.0
0.550429747 0.599150032 0.600033641 0.567583352 -9999.0 -9999.0 -9999.0 -9999.0 -9999.0 -9999.0 -9999.0 -9999.0 -9999.0 -9999.0 -9999.0 -9999.0 -9999.0 -9999.0 -9999.0 -9999.0 -9999.0 -9999.0 -9999.0 -9999.0 -9999.0 -9999.0 -9999.0 -9999.0 -9999.0 -9999.0 -9999.0 -9999.0 -9999.0 -9999.0 -9999.0 -9999.0 -9999.0 -9999.0 -9999.0 -9999.0 -9999.0 -9999.0 -9999.0 -9999.0 -9999.0 -9999.0 -9999.0 -9999.0 -9999.0 -9999.0 -9999.0 -9999.0 -9999.0 -9999.0 -9999.0 -9999.0
