Environmental Parameters/RCP 45/2050/Sea-surface_salinity.asc
ncols 720
nrows 360
xllcorner -180.0
yllcorner -90.0
cellsize 0.5
NODATA_value -9999
[rows 234 to 259 of 360, columns 295 to 353 of 720]
36.29732895 36.27448654 36.26688385 36.26156235 36.25639343 36.26652908 36.280159 36.28705978 36.29725266 36.30574799 36.32309723 36.34209061 36.36765671 36.4054451 36.44021988 36.46893692 36.48830414 36.49356461 36.4876976 36.47518158 36.46876526 36.46390533 36.46311569 36.47265625 36.48093033 36.48250961 36.47834778 36.48711014 36.49440002 36.4978714 36.49634171 36.4852562 36.46654892 36.45383835 36.43473053 36.42101669 36.41032028 36.40315628 36.39801025 36.39320374 36.39298248 36.39089203 36.38847351 36.38611603 36.37982559 36.36846924 36.36364746 36.35507584 36.34235764 36.32824326 36.3071022 36.29204559 36.29010773 36.27960205 36.25922012 36.23521423 36.21530914 36.1939888 36.16940689
36.18812561 36.1736908 36.1690979 36.16597366 36.16830444 36.17398834 36.18405914 36.18417358 36.18536377 36.18792343 36.19226837 36.21353912 36.24132538 36.28108978 36.33026505 36.37925339 36.40733337 36.41552734 36.41293335 36.40395355 36.3902092 36.38460159 36.38409424 36.38415527 36.38914871 36.39873886 36.40313339 36.41157532 36.4231987 36.42819595 36.42623138 36.41173172 36.39143372 36.3755188 36.36489105 36.35517883 36.33610535 36.32363129 36.31486511 36.31137085 36.3200264 36.32393265 36.31846619 36.31478119 36.31484985 36.31251526 36.31601334 36.32154846 36.32268524 36.31362915 36.2911377 36.27548218 36.26236725 36.24806595 36.2279892 36.20798492 36.19281387 36.17455292 36.15089417
36.10565186 36.08659363 36.08223724 36.08436584 36.08719635 36.09312439 36.10192871 36.10229874 36.09775925 36.08884048 36.06950378 36.08245087 36.10974503 36.15167236 36.22254181 36.28404999 36.32179642 36.32621765 36.3182869 36.29566574 36.28288651 36.27253723 36.26780319 36.27997589 36.28779984 36.29759979 36.30785751 36.31448746 36.31782913 36.32564163 36.32511139 36.32186508 36.31608582 36.31092453 36.30335999 36.29359055 36.27909088 36.27347183 36.27347565 36.26989746 36.27042389 36.26461411 36.25704575 36.25742722 36.25966644 36.26506042 36.281353 36.28943634 36.29496384 36.29037476 36.26141739 36.24573135 36.23482132 36.21782684 36.19470978 36.18112946 36.16939926 36.15110397 36.12897491
36.04161453 36.02316666 36.01654053 36.01236725 36.00665283 36.01707077 36.02993774 36.02958298 36.02038574 36.02211761 36.01192856 36.02071762 36.04685974 36.08638 36.13745117 36.19636154 36.2385788 36.23119736 36.22471619 36.21750641 36.20859528 36.19448471 36.18221283 36.17977142 36.18431091 36.19961929 36.2095871 36.21520996 36.22057724 36.22626877 36.23405075 36.24131775 36.24685669 36.25291443 36.26099777 36.25230789 36.23736572 36.23460007 36.23913193 36.23596191 36.23048782 36.2246933 36.21329117 36.20994949 36.21936417 36.22879791 36.23815155 36.23874283 36.2394371 36.23985291 36.22973251 36.22120667 36.20838928 36.1900444 36.17033005 36.15919495 36.14905548 36.13214874 36.11053848
35.9581871 35.94205475 35.93912506 35.93732071 35.93968582 35.94823837 35.95440674 35.95217514 35.95236588 35.95771027 35.95514297 35.96722412 35.99269104 36.02070236 36.0594101 36.11032867 36.1400528 36.13874054 36.14160919 36.1428833 36.13811493 36.13109589 36.12361145 36.1236763 36.13638687 36.15114975 36.15388489 36.15920639 36.15747452 36.16005707 36.1680069 36.17057037 36.17452621 36.18069839 36.1896553 36.18933105 36.18128586 36.18165207 36.18457413 36.18714523 36.18717194 36.18486023 36.17340469 36.16660309 36.17172623 36.17424011 36.17681503 36.1785965 36.17907333 36.18107986 36.17744064 36.16767502 36.15926743 36.14774323 36.13380051 36.12257004 36.10994339 36.09502411 36.07995224
35.88332367 35.87064362 35.8720665 35.8829155 35.89500427 35.89606857 35.89645004 35.89758682 35.90716934 35.9067421 35.9015007 35.91379166 35.93373871 35.95218658 35.9830246 36.01665878 36.04199982 36.04890823 36.05220795 36.0539093 36.05789948 36.0591011 36.06064606 36.07444763 36.1035881 36.12537766 36.13305664 36.13259506 36.13121796 36.12025833 36.12090683 36.10941696 36.09308624 36.0839653 36.07992554 36.08231354 36.08279037 36.0734787 36.0824585 36.09391022 36.10141754 36.10969925 36.10567093 36.10324478 36.10125732 36.09921646 36.10187912 36.10865784 36.10987854 36.10468292 36.10302353 36.10417557 36.10755539 36.11089706 36.10758591 36.09673309 36.07606506 36.05597687 36.03805161
35.83997726 35.83229446 35.83718872 35.84902191 35.85938263 35.8650856 35.8730278 35.88365173 35.89276505 35.88620758 35.86798859 35.86190414 35.85953522 35.86700821 35.89023972 35.92853165 35.9509964 35.96126556 35.95593262 35.95589447 35.96353531 35.97613907 35.98299408 35.98887634 36.02587128 36.05344391 36.06907272 36.06901932 36.07497406 36.07765961 36.07133102 36.05317688 36.02573013 36.00109863 35.987854 35.98080063 35.9771843 35.97351074 35.98985291 36.01069641 36.02602005 36.03810883 36.03973007 36.03563309 36.03102112 36.02708435 36.03024292 36.0388298 36.04388428 36.04714966 36.04391479 36.04712677 36.04909897 36.051754 36.06240463 36.066185 36.05827713 36.04192352 36.02716446
35.81807327 35.80757523 35.80647278 35.81095505 35.81814194 35.82764053 35.84168625 35.85583878 35.86089706 35.84642792 35.83055878 35.81532669 35.80051804 35.79440308 35.80373383 35.81872559 35.83886337 35.8644371 35.86635208 35.87146759 35.88604355 35.90525436 35.90557098 35.89899826 35.91049194 35.92258453 35.93516922 35.94768524 35.96157074 35.97364426 35.97664261 35.96839523 35.94611359 35.9239006 35.90914917 35.90058136 35.9042244 35.91514206 35.93629074 35.95809555 35.9700737 35.97909927 35.97714233 35.96767807 35.96038818 35.95844269 35.96482849 35.98175812 35.99176788 35.99179077 35.98592758 35.98126602 35.98160553 35.99782181 36.01303482 36.02843475 36.03386688 36.02656555 36.01837158
35.80931473 35.80120468 35.79288101 35.783741 35.77978134 35.78544235 35.7970047 35.80289459 35.80130386 35.78581619 35.77632141 35.7687149 35.74667358 35.72974777 35.73229218 35.74263763 35.75863266 35.77946854 35.79497147 35.81236649 35.82659149 35.83625793 35.83775711 35.83774948 35.83964157 35.84599304 35.846241 35.84476089 35.84402847 35.84051514 35.84545898 35.85407257 35.85797882 35.85854721 35.84877396 35.83717346 35.83317184 35.84578323 35.86391068 35.88475418 35.90050507 35.90991974 35.91753769 35.92213821 35.93703461 35.9403801 35.94380951 35.95159149 35.95183945 35.93837738 35.92844391 35.92331314 35.92738724 35.9389801 35.95964432 35.97746658 35.98858643 35.98993301 35.98303223
35.7870369 35.78314209 35.79190063 35.79857254 35.78147507 35.77694321 35.77601624 35.77882767 35.77001572 35.75068283 35.7326355 35.73059845 35.71848679 35.7069931 35.71729279 35.72491837 35.74811554 35.75772095 35.76739883 35.78519058 35.80179214 35.7966156 35.78929138 35.79146957 35.79948044 35.81333923 35.81894684 35.81298065 35.79751205 35.79028702 35.78871155 35.79516983 35.80804443 35.82011795 35.81756973 35.81270599 35.8127594 35.81429672 35.82325745 35.83644867 35.85139847 35.86071014 35.87013245 35.88162994 35.90052795 35.91643906 35.92522049 35.92838287 35.92938995 35.91074371 35.89589691 35.8874321 35.87863159 35.87487793 35.88541412 35.89302444 35.8873558 35.89070511 35.89888
35.76140594 35.76580811 35.77773666 35.78047562 35.76913452 35.7591629 35.74831772 35.73575211 35.72973633 35.71993637 35.71289063 35.71088028 35.71018982 35.70760727 35.71554565 35.72548676 35.73536682 35.73760986 35.73464203 35.74716949 35.76438141 35.76331711 35.75744247 35.75327682 35.74879074 35.76385498 35.77738953 35.76651382 35.755867 35.75294876 35.7593956 35.77011108 35.78253937 35.7866745 35.77973557 35.78804398 35.79582214 35.79821396 35.79671478 35.80247879 35.81768417 35.82915878 35.82692337 35.83305359 35.85034561 35.86949158 35.87778854 35.87734604 35.88314438 35.88260269 35.87472916 35.86906433 35.83978271 35.80838013 35.79791641 35.79880142 35.80066681 35.80191422 35.80205917
35.73518372 35.73340988 35.73991013 35.73267365 35.71176147 35.6975441 35.68175888 35.67596817 35.67307281 35.67985535 35.68647003 35.68768692 35.68904877 35.68902206 35.69014359 35.69141388 35.6878624 35.68777466 35.68785477 35.70282745 35.72091675 35.7183609 35.71148682 35.70581055 35.69592285 35.70837402 35.7242775 35.71779633 35.70653152 35.70509338 35.71750641 35.73146057 35.74672318 35.74789047 35.7470665 35.74596786 35.75693512 35.75993729 35.76070404 35.75912094 35.76560974 35.77679443 35.7767601 35.77703476 35.79508972 35.81210709 35.81710434 35.81383514 35.80767441 35.81357193 35.82777023 35.83719635 35.82720566 35.77400208 35.74249268 35.72995758 35.72290039 35.71966934 35.72467041
35.71160126 35.70780182 35.70403671 35.69562912 35.6840477 35.67631912 35.6582222 35.64227676 35.64159393 35.64562225 35.63775253 35.62564087 35.62516403 35.62639618 35.61889267 35.61788559 35.61050034 35.60647964 35.61172485 35.63802719 35.65620804 35.65804291 35.65235519 35.64235306 35.64585495 35.65099335 35.66940308 35.67373657 35.66588593 35.65655518 35.6616478 35.67657089 35.69449997 35.70117569 35.70157242 35.69824982 35.7073822 35.710289 35.71243286 35.71488953 35.7216301 35.72714233 35.71588516 35.71784592 35.73270035 35.74136353 35.74286652 35.74874496 35.74412918 35.74419022 35.77366257 35.79279709 35.79492569 35.76884842 35.74107742 35.71257401 35.69749069 35.68483734 35.68298721
35.64915848 35.65010834 35.65015793 35.6449852 35.62968063 35.61650085 35.59904099 35.58051682 35.5789299 35.57101059 35.54992294 35.52515411 35.51306915 35.51261139 35.51966858 35.52404404 35.52085876 35.51907349 35.52254486 35.53098679 35.53625107 35.54088593 35.55060959 35.55838394 35.5701561 35.58321762 35.60195923 35.61598206 35.61703873 35.61125565 35.61274719 35.62488556 35.62781906 35.6313324 35.63134384 35.62512207 35.62883377 35.63834763 35.65278244 35.664505 35.67872238 35.68143463 35.65803528 35.64845276 35.65172958 35.64997482 35.65428925 35.66519165 35.67812729 35.68664551 35.70361328 35.73239899 35.74040604 35.71979523 35.70853043 35.71473694 35.70429993 35.68558884 35.66297913
35.58914566 35.58948517 35.59320068 35.58870697 35.57546997 35.55556488 35.53568268 35.5181694 35.50147247 35.4893074 35.47455215 35.45853424 35.43811798 35.42364883 35.42555618 35.42882538 35.42518616 35.41315842 35.41231918 35.41559601 35.41445923 35.42500687 35.44615555 35.46732712 35.48561859 35.50510788 35.5272522 35.5418663 35.54898453 35.54659653 35.54140091 35.55033875 35.56266403 35.56815338 35.57463074 35.57126999 35.57316208 35.58618164 35.59475708 35.59429169 35.59955215 35.60942841 35.61236191 35.59600449 35.57684326 35.56242371 35.56314468 35.5723381 35.5860405 35.59949112 35.62275314 35.6558876 35.66764832 35.647892 35.63130951 35.63244629 35.62613297 35.61792755 35.59420395
35.53842926 35.53453445 35.54025269 35.54069138 35.53232193 35.51305771 35.48445892 35.46266556 35.44432068 35.42346573 35.41427612 35.40029526 35.3833313 35.36644745 35.36035538 35.3531189 35.34144211 35.33049774 35.32979202 35.32901382 35.33070755 35.34132767 35.3574028 35.38082123 35.40324402 35.41359711 35.4266777 35.44468307 35.45440674 35.45550537 35.45158768 35.45287323 35.46947479 35.48981857 35.50645828 35.5121994 35.52313232 35.53219986 35.53599548 35.53294754 35.532341 35.53684616 35.5317955 35.52377319 35.50382614 35.48423767 35.4874115 35.49537277 35.49818802 35.50320053 35.52661133 35.55853653 35.56892014 35.55948257 35.53018188 35.50858307 35.49553299 35.49133682 35.47894669
35.48680496 35.47774887 35.47942352 35.48751068 35.48755646 35.47545624 35.454216 35.42663574 35.40221024 35.38011932 35.3649292 35.34575272 35.3288002 35.3153801 35.30838394 35.30227661 35.28911591 35.28217316 35.27783203 35.27762985 35.28039551 35.28513336 35.28979492 35.30240631 35.31315613 35.32138824 35.33329391 35.34388733 35.3445816 35.34131622 35.34192276 35.34892273 35.37401581 35.41436386 35.44470978 35.45168686 35.45802307 35.45936584 35.4605217 35.45490646 35.44514084 35.43934631 35.43502808 35.43055725 35.42128372 35.41264725 35.42460251 35.43224716 35.42267609 35.41024017 35.41394424 35.43361282 35.44210815 35.43828964 35.41841507 35.39165878 35.37894821 35.36893082 35.36745071
35.45493317 35.44380188 35.43731308 35.43592072 35.4371376 35.43131638 35.41664886 35.39616776 35.37993622 35.36111069 35.34252167 35.32196045 35.30741119 35.29526901 35.28186798 35.26814651 35.25841141 35.25879288 35.26139069 35.25886917 35.25134277 35.24422836 35.24691772 35.2535553 35.26122665 35.26912689 35.28100967 35.28238297 35.27432632 35.27013016 35.27708817 35.28859329 35.30672455 35.34003067 35.36512375 35.3724556 35.37203979 35.36828995 35.35974503 35.34934235 35.34057236 35.33447647 35.3367424 35.32581711 35.32774353 35.33157349 35.34154129 35.34939194 35.33656693 35.31968307 35.31990051 35.3304863 35.32718277 35.32424164 35.32490158 35.31530762 35.30858994 35.30114746 35.29962921
35.42877579 35.41194916 35.39760971 35.39343643 35.39414215 35.38873291 35.37030411 35.34262848 35.32720566 35.31641006 35.30673981 35.29760361 35.28902817 35.27665329 35.26144791 35.24365616 35.2326088 35.23145294 35.23104095 35.23171616 35.22603226 35.21561432 35.20901871 35.2064209 35.20801544 35.2184906 35.22866821 35.22034073 35.2051239 35.19742584 35.20531464 35.21987534 35.23682022 35.25670624 35.2686615 35.27732849 35.27775955 35.26434326 35.24763107 35.23241806 35.21963501 35.2143631 35.21068573 35.19748688 35.19709396 35.20555496 35.21395874 35.22151184 35.20914078 35.19435501 35.19615173 35.19987869 35.18679428 35.19246674 35.19676971 35.18848419 35.18322372 35.19806671 35.21099854
35.41806412 35.39478302 35.37486267 35.36541748 35.36078262 35.35034561 35.32210922 35.29444122 35.27730179 35.27251816 35.26999664 35.26645279 35.2652092 35.25304794 35.2338028 35.21808243 35.20627975 35.20233536 35.20153809 35.20330048 35.19975662 35.18730545 35.17479706 35.17024994 35.17192841 35.179142 35.18244171 35.17215347 35.15817261 35.14757538 35.14719772 35.15467072 35.16562653 35.18216705 35.18981934 35.19236374 35.18845749 35.16824722 35.15062714 35.13349533 35.12004852 35.10854721 35.0954361 35.0847702 35.07300949 35.07933426 35.09077454 35.09321976 35.07720947 35.06143951 35.05723953 35.05753708 35.05531311 35.05768967 35.06114197 35.05264664 35.046875 35.07605743 35.11223984
35.41001892 35.38674545 35.36578369 35.35162354 35.33983231 35.32003784 35.2892952 35.26011276 35.24337006 35.24238586 35.24346161 35.24009705 35.23641968 35.22806168 35.21388626 35.19765854 35.1865387 35.18053818 35.17585373 35.17852783 35.17439651 35.16160202 35.14771271 35.13925934 35.14131546 35.141819 35.13899994 35.12752533 35.11526489 35.1052475 35.10536575 35.11128235 35.11524582 35.1148262 35.11771011 35.1175499 35.10990524 35.08274078 35.06199646 35.04188919 35.02332687 35.00655365 34.9874382 34.97177887 34.95952988 34.96549225 34.96363831 34.95375824 34.93401337 34.91719818 34.91265488 34.90865326 34.90917969 34.91170883 34.91345596 34.90670395 34.90462875 34.93250275 34.96849823
35.38687515 35.37440872 35.36054611 35.35225677 35.33998871 35.31939316 35.28863907 35.25284195 35.23946381 35.23312759 35.22507858 35.21499634 35.20837784 35.20410538 35.19780731 35.18696213 35.1762352 35.16783142 35.16136932 35.15770721 35.15014267 35.14103699 35.12978363 35.11687851 35.11028671 35.10642242 35.10406876 35.09085464 35.0789032 35.07117844 35.06855392 35.07483673 35.07826233 35.07348251 35.07106018 35.06674576 35.05093765 35.02667618 35.00278854 34.98213577 34.95415115 34.92491913 34.90069199 34.8915062 34.88501358 34.88642883 34.87343216 34.84867477 34.82359695 34.81150055 34.80911255 34.80802155 34.80928802 34.81433105 34.81542206 34.79813385 34.78431702 34.79726791 34.82365036
35.37804413 35.36407089 35.35649872 35.35086823 35.34390259 35.32788086 35.29961395 35.26373291 35.24446106 35.23220062 35.22099304 35.2059021 35.19617081 35.19052124 35.18275452 35.17434692 35.16689301 35.15739441 35.15097427 35.1424942 35.13182831 35.12469864 35.11482239 35.09950256 35.08670425 35.08032227 35.06984711 35.05434799 35.04354858 35.04044342 35.03776169 35.04130936 35.03958511 35.02745438 35.01481247 35.00551605 34.98828506 34.97063065 34.949543 34.93254852 34.9114418 34.88473511 34.85931015 34.84664154 34.83939743 34.83005524 34.81192398 34.78104401 34.75540924 34.74269867 34.74160767 34.74455643 34.74930191 34.74633408 34.73326874 34.70752716 34.69200897 34.6975708 34.71507263
35.37882614 35.35497665 35.33523178 35.32515717 35.3273201 35.32335281 35.30479431 35.27868652 35.25588608 35.23870087 35.21459198 35.19446564 35.1869545 35.18527222 35.17881393 35.1686058 35.16376877 35.15933228 35.15782928 35.15069962 35.13391495 35.12337494 35.11749649 35.09682465 35.07518768 35.06371307 35.04636765 35.02751923 35.01223755 35.00442505 35.00241852 35.00139618 34.99471664 34.98200226 34.96615982 34.94812012 34.9275589 34.91130829 34.89552307 34.88446426 34.87414551 34.85958862 34.83520889 34.81523895 34.80317307 34.78850555 34.76873779 34.73559952 34.7060318 34.68660736 34.68088913 34.68850327 34.68877411 34.67815399 34.65864563 34.64643097 34.6438179 34.64588165 34.65633392
35.36071396 35.33751297 35.31516266 35.30062866 35.30241013 35.30762482 35.30057526 35.28518677 35.26714706 35.24343872 35.21005249 35.18835831 35.18418884 35.18703079 35.1849556 35.1793251 35.17414093 35.17065811 35.1738739 35.16764069 35.157444 35.139328 35.1206131 35.09902573 35.07733154 35.06328964 35.04320526 35.01678467 34.99703598 34.98283768 34.97203827 34.96623993 34.95612335 34.94100571 34.92500687 34.89813614 34.87317657 34.85097504 34.83657455 34.82932663 34.8277359 34.82051468 34.80226517 34.78510666 34.77339554 34.75271225 34.72855759 34.69990158 34.67298889 34.64984894 34.6363945 34.6292305 34.61487198 34.59435654 34.58017349 34.58161163 34.59274292 34.60161209 34.60729599
35.31305695 35.28403473 35.265625 35.26292801 35.27535248 35.29016495 35.29185104 35.28281403 35.25930405 35.2334404 35.20072174 35.1751442 35.17253494 35.18189621 35.18306732 35.17531967 35.16387558 35.16375732 35.1649437 35.15978622 35.14215088 35.11473083 35.09285355 35.0746994 35.05997467 35.04482269 35.02253342 34.99868774 34.98093796 34.97211075 34.9610939 34.94888306 34.93400192 34.91119385 34.89194489 34.86069489 34.829319 34.80145645 34.78709793 34.78449249 34.78523254 34.78055954 34.76887131 34.75909805 34.74668121 34.72318268 34.70288849 34.68014908 34.65636063 34.63188553 34.60876083 34.58662415 34.56259155 34.5368042 34.51982498 34.51979446 34.52828217 34.53513718 34.5398407
