Environmental Parameters/RCP 45/2050/Sea-bottom_dissolved_oxygen.asc
ncols 720
nrows 360
xllcorner -180.0
yllcorner -90.0
cellsize 0.5
NODATA_value -9999
[rows 234 to 259 of 360, columns 472 to 530 of 720]
208.4260559 208.3561554 208.3081055 208.3205414 218.3427734 207.954895 208.3063202 218.1821289 207.8578796 204.306015 207.0879364 203.607605 204.4268799 203.5520782 189.8117065 194.7792664 194.8352661 185.5833435 181.3147278 188.6248627 185.2138672 202.6673584 184.912384 181.3627167 205.6650543 199.6520233 205.3946533 199.5317688 185.7392273 186.3938293 187.4966736 186.3992462 186.4088135 181.9992828 194.42276 200.8973541 203.1099548 204.1890564 205.0148163 202.8326721 204.7077332 202.8205414 202.8529358 202.918869 187.9977112 203.6221008 203.7926025 200.9015198 204.2326202 204.1442108 203.7518158 203.1089478 202.2648621 200.7671356 196.179184 197.0461731 194.6811066 193.9038696 192.966507
208.642807 208.5709686 208.7145691 207.8750458 208.6766815 216.7870178 208.8084564 207.6876831 208.3386383 207.5857697 205.2742615 206.2001038 173.6770935 191.6654053 186.579422 195.2651367 200.3839874 186.9497223 203.5176392 182.1343689 182.2187653 204.6371765 192.4557037 205.7816315 206.1559296 205.9503174 193.5081024 206.1390076 192.9307709 184.5203857 188.3608093 189.1094971 184.8323059 189.2458496 182.4834595 197.2389984 191.1521149 204.5155792 204.7765045 205.1100006 204.5034637 204.21698 203.2033081 203.4003448 202.9506989 202.3542938 200.0464325 201.6015167 202.9578552 203.2036133 197.0728302 202.4682159 201.5585785 199.8413696 195.3091431 190.7431793 192.0161591 193.6708374 192.2756958
208.9861908 209.0112 208.881897 208.9992828 209.2411041 209.1722107 209.3457184 209.0806732 209.1177673 208.462204 199.3448792 201.6277618 200.608551 206.7109528 207.4076691 185.0870972 185.4198303 202.7592163 180.285614 201.2648163 212.0408173 202.4022827 211.081131 210.400238 207.5137024 209.3977814 206.9729767 206.9987335 189.5335236 189.5055237 189.8382568 203.1993713 188.0769806 182.3967743 192.1111145 194.3958435 200.6143188 204.0682526 204.4647064 204.7356262 203.6699982 204.230957 203.6377716 203.8913269 203.6038513 203.4611816 203.0684662 200.046463 200.0636139 201.8021851 202.1282959 195.9193573 199.9437256 198.5197296 197.6229095 196.3999786 195.3779144 192.7804108 191.1721497
209.2436371 209.3218384 209.3618164 208.5863647 209.6133118 218.842392 210.052124 209.5496063 195.102478 209.1642914 181.8760681 213.3065186 197.9909668 192.8726349 198.9303131 193.9073792 217.7853394 216.4464874 216.0953979 215.0825195 206.4707031 213.5190735 210.5107727 210.0778198 211.0550842 209.0262909 210.5043488 216.1352997 197.0680389 203.4691925 203.4785309 203.3946533 196.8013611 192.0350952 191.1638489 193.1432953 190.9963074 193.8347626 199.2199707 204.4209747 201.8965912 203.9532318 204.2505798 204.2392731 203.9904175 203.8052979 203.5236664 203.2059174 202.7342987 202.311676 195.9815979 199.4034271 199.8905792 198.7735443 197.9882813 196.084259 195.7003174 194.9709015 192.8152008
209.5357513 209.6746063 209.7936249 209.6945953 210.2067108 210.2729034 208.9539795 209.9447784 192.7277832 213.0952148 178.587738 215.0964813 195.4187927 219.7700195 219.1883698 219.5965729 220.2039032 210.272171 219.1530762 219.6420135 218.7301788 218.1566925 217.6740417 214.8600159 211.4374847 210.8274384 210.2739716 209.8278198 212.3152313 198.8480225 198.7602081 208.2258759 208.3554688 193.2614746 185.3752289 193.2673798 194.185257 197.8375549 189.5243378 203.9172363 202.6495514 201.7556763 204.2153015 203.4833069 204.2026062 204.186615 203.9745941 203.2454834 199.6304474 201.3861542 201.1735077 200.3668213 195.5397949 199.4475861 198.8060455 196.9024353 196.8291626 194.4344482 194.8392792
209.3322601 209.3706207 209.9448395 210.0842896 208.7606659 205.9812775 206.0879211 210.3681488 199.1719513 216.9600677 196.5546112 219.9118042 217.6311951 221.0434723 217.6248932 220.1843872 219.963028 220.2367554 220.3106232 218.8674774 219.1743469 218.9525299 216.9404297 216.2355347 212.9777374 212.3734436 207.2580566 211.2580719 213.0473785 211.9295044 216.6988525 218.5606384 208.3348999 198.363205 198.0560608 193.1455383 194.9224548 196.4261932 199.4279633 196.49263 203.9854736 203.8661346 203.6650085 203.2241058 203.8003235 203.6853485 203.8273773 203.3714294 202.897049 199.769455 201.1182404 200.0621796 199.9691467 199.3869476 199.0294037 197.3716278 195.3316498 196.8350372 193.6876984
208.7722778 209.4468842 210.0065308 210.0529022 205.6288452 208.0302124 198.8648376 199.4633179 205.2154236 209.3155365 219.9922028 218.2189636 221.1036987 218.8559875 218.9829102 220.6552429 220.701889 220.4865875 220.2945862 212.1880341 219.4170837 219.2019653 218.8845215 214.5082855 216.6915741 215.9136658 219.3361816 217.5560913 213.5093994 217.0035858 209.8756104 205.1411591 203.8598175 203.0496979 195.1954803 195.1265869 195.088501 198.0648804 197.7097931 199.7000732 202.733551 203.8744507 203.8834991 204.0552063 200.6457672 203.6189575 203.9823608 203.738739 199.2708588 202.1296539 201.5797424 199.970871 199.4650574 198.1844025 197.6040802 197.3449249 196.904129 196.5304718 195.5033722
208.0906372 209.6766205 209.2563782 209.2516327 201.6367645 187.305542 209.957962 191.7609863 189.0212402 217.9859467 215.7244415 219.6502838 220.1544647 216.2415619 221.0571289 220.8057861 221.2342682 221.195694 220.6338196 221.1076202 216.3392639 218.5231476 220.4284058 218.7300262 218.4764557 213.9276428 208.6683655 212.5960388 212.0015259 206.9070129 212.6723328 212.2667847 211.9785309 203.9359589 199.197998 198.4085999 211.1136932 195.6612091 197.2809296 198.6885071 197.3739471 202.9296265 203.9202423 203.1229095 203.8250732 204.0823364 204.0502319 199.9780731 199.0832825 202.7029266 200.0664215 200.1070404 198.599411 196.6820221 197.1774139 197.5810852 197.5023804 194.368042 194.8812103
208.2442627 208.2296906 205.8470764 191.1235962 204.4967041 194.6504059 198.2645416 195.989975 218.3259125 218.4992676 219.6140747 220.3198242 221.5131989 221.4416046 221.1107635 221.6649017 221.9490051 221.531601 220.2128601 221.1056519 221.6526642 219.6616974 219.3310547 218.0098419 214.907547 217.0198517 219.841629 213.1713562 212.6784668 212.1232605 207.1987 217.1156464 210.065506 209.4708099 200.0342255 198.8517914 198.574646 195.2006378 198.2154846 197.1938019 192.3527069 200.1537628 201.1895142 203.9697266 204.0239105 204.2940369 204.233429 202.9948425 203.3813019 199.3058472 201.6016846 200.3349304 199.0939331 198.8731689 197.7962036 197.4258423 197.295639 199.6325989 194.6255188
208.1346893 198.0523987 201.1450958 195.7770386 216.4670715 195.727356 220.4971161 222.34198 206.2926636 221.5681458 221.4520874 221.7619934 223.5605927 222.1549377 222.5098419 222.6033325 221.8192596 221.8715515 221.3843231 220.9790039 221.6571655 221.4519806 219.5061188 219.2278748 219.0093079 218.5625458 218.1891937 216.4625854 218.1725159 218.3157349 223.2688751 207.2998199 217.1443329 200.7913361 213.0948029 199.3516693 193.3864136 196.0885773 198.2897797 196.8981018 197.037323 199.2199554 201.0150757 202.9904327 203.161087 204.1181488 204.4147491 204.0932465 203.1727905 202.3789978 201.2978821 201.8837585 199.5699158 198.6291656 198.3543701 197.7684174 197.8406525 197.5988007 195.0819092
202.0449371 205.4739838 194.6835632 190.1008606 223.7182465 205.2294312 194.8322754 222.5577393 222.3174286 223.0522919 223.0481262 222.7227173 222.905838 222.8885956 222.9598541 222.8045044 222.7862091 222.2745514 221.9455414 221.2725983 221.6593781 220.636673 219.7245331 219.9758759 219.9496613 219.9712372 218.2967987 220.0317688 218.2579498 218.2120361 212.6129303 214.1825409 197.5429077 216.67276 197.1092834 199.7451172 196.5227661 195.5062561 196.0623169 196.6344604 196.973114 197.7675934 198.3964844 201.568161 201.8453064 204.2486877 204.179245 203.2449951 203.9784546 203.6892242 201.8391266 202.7246399 201.8829803 200.6807098 199.1853333 197.7086182 200.9632568 201.8491364 172.6979065
201.9383545 200.5253448 182.6442108 202.2433777 224.8397827 223.8864594 212.2655182 224.2595062 220.8192139 222.5032959 223.5628357 223.6779938 223.7523346 223.5044556 223.5541992 223.0197906 224.9962158 222.6069031 222.2368164 221.5493469 221.7971344 220.450882 220.085434 219.833313 220.0878143 218.3017883 218.8032074 218.5779419 218.4932251 209.2324066 215.3029327 202.1509857 223.1538544 201.0251007 210.1360626 206.204422 206.1284027 196.7455292 195.2531891 196.5356598 196.602417 197.0249786 198.3469849 199.3156891 204.3703918 204.9638672 204.4568481 204.8073425 204.5397034 204.1349182 202.5983429 204.3194427 204.1127777 203.4640045 202.9775238 205.4176178 205.714447 204.5384521 206.2635651
185.4474182 197.8436279 198.9720001 221.1930389 225.3471832 223.900177 221.2398529 224.0275116 219.2363434 224.7659149 224.7866058 224.7299347 224.5892487 224.013855 223.9451141 223.3970032 223.1716461 222.7913513 222.4389801 222.0236206 221.3953705 221.2366943 220.7361755 220.4562683 220.1049194 219.9282837 219.5600586 220.3975372 217.1313782 216.0670624 212.0939484 216.3848419 205.8842926 207.2871857 208.8578949 200.7828064 203.7258148 197.2171478 197.102066 196.7338867 196.8447418 196.7741852 198.8088684 193.9018402 204.8810577 203.745285 202.8551178 203.8239594 205.2851105 202.9502716 205.5208282 205.6722565 204.933197 205.6300659 206.8684845 207.3679962 203.7312469 206.4745026 206.6825256
204.4112701 219.8099213 218.1716919 202.1364136 224.1463165 223.5595398 210.0090179 225.5066681 225.2666016 225.2339172 225.7936707 224.7876434 224.9023438 224.3395996 223.9054871 223.6665344 223.2320099 224.36203 222.5102081 222.2566986 221.8648071 221.586853 221.2973938 221.0033112 220.7342529 219.3131409 220.0876465 217.4242096 216.5188904 220.1683197 216.5513611 210.5994415 211.7968597 205.3871307 205.1917725 206.8063202 206.8188477 200.0661621 197.4702148 203.4438477 197.3562164 197.7262726 202.7391815 200.5681458 201.6582642 195.9122314 203.4256744 205.0604553 205.296402 205.7514801 205.9777222 205.8796692 206.1795349 188.1420288 207.569809 207.5922241 207.4362183 207.1167908 207.0378265
205.6439819 218.4295807 223.8861542 222.3544006 210.7306671 225.1344452 225.8974304 226.1294708 226.1027527 225.5402527 225.364212 225.0900726 224.7581329 224.4725952 223.907608 223.5644989 222.5839539 223.099472 222.8104553 222.4610901 222.0977783 221.7754211 221.4932098 221.3638 220.8543854 220.613327 217.9771271 216.5978394 218.3382111 214.5385284 215.5394135 212.917511 209.3263855 213.6757202 213.5839691 208.6044159 207.3469543 203.825531 207.531311 196.3825989 197.6261444 197.8976288 198.3568115 198.6338348 201.3963623 202.0653534 202.3571777 203.7934265 205.1050262 205.8377838 204.1129456 204.6139069 186.8429718 207.1051483 207.4926605 207.4825287 207.1283417 206.6000977 206.6539307
223.7550964 222.6477203 225.251297 224.2704468 223.2992096 225.7800903 225.9699097 225.8304138 225.9027252 225.7314148 225.5800781 225.3869171 224.9648895 224.7077332 223.8251343 222.6728363 223.3979187 222.9647675 222.8678589 222.2757111 220.8909607 221.5346832 221.2759094 220.9720306 220.5699005 220.5188293 217.0945282 211.2970428 215.1641388 214.5162964 213.7115173 213.9849854 213.5266571 213.4663544 206.177536 207.9970093 207.9409027 209.5578918 198.4664764 207.9270477 196.1820221 198.2818298 198.4299774 200.2123108 200.8684082 196.791214 202.3741302 203.9366913 205.1345825 199.6265564 204.3365326 204.8167725 204.8510742 208.0192871 207.4176941 207.4374695 207.1239624 206.8736877 206.7956238
224.7861633 226.0072937 226.0767975 226.0108948 225.9151611 225.9266815 225.8262939 225.8609619 225.8600159 225.8019562 225.8569946 225.3081207 224.6499786 224.1632538 223.5662842 222.3671875 219.827301 221.7381744 222.4706268 222.3106537 221.8395691 221.4688568 221.1085358 220.7456512 222.6577606 216.3325653 220.3969269 218.558609 215.5164032 214.8373413 214.1110535 211.9592743 213.7213135 210.1172791 211.1524811 208.7329865 204.53125 200.7533112 208.1903076 208.1981659 198.5432892 198.8201752 198.8992462 200.3507843 196.4822083 202.9233398 204.3998108 204.0960846 204.5953827 206.0230103 203.0551758 206.5069122 208.4388428 208.0373077 207.7876892 207.5795593 207.3178406 200.0522156 207.162384
218.0790558 224.3102722 224.6391754 226.0290985 225.8308411 225.8278656 225.8240662 225.8307648 225.8761292 225.848465 225.8394318 225.2633972 224.9927673 224.7772369 223.3265076 222.1166992 221.7413483 222.5839233 220.6752319 218.6070862 219.6599121 217.9615631 220.8478851 218.7943726 220.822525 220.7175293 219.1486359 216.4810028 215.8062286 214.0953369 214.4212799 213.8520966 213.0447693 212.4649048 209.8792572 209.0987396 201.9971924 208.586731 199.1750488 210.453949 198.7895203 199.0778351 199.1868439 202.4092407 199.5071259 197.6995392 202.6465454 202.8897095 200.6798096 200.8728485 205.0319977 200.4165649 208.7371216 208.475647 208.3296356 208.1461639 208.0000916 207.9417572 207.9903564
222.9124908 220.8226166 224.8284149 226.03479 225.9667358 225.8718414 225.8039856 225.8141479 225.865097 225.8880157 225.7131042 225.5831604 225.0255737 224.8129578 224.653717 223.1192169 221.8033142 221.1947632 220.5073547 221.4514923 219.8724518 219.5259247 222.4195557 218.8406525 220.813858 217.5982971 218.0613861 216.1094208 214.0021057 214.5852356 213.9411926 213.4160461 212.8621063 212.3203735 210.1932526 209.4163513 211.904129 205.2038727 200.2290649 199.1679535 199.0951843 199.289978 199.384552 202.5166931 200.9424591 197.765686 203.0421448 205.1741333 198.2500305 198.1940155 207.3251953 209.4137573 209.1907043 208.8855591 208.9381104 208.7299194 208.5293427 208.5213165 208.607193
226.006012 220.2484894 225.9960785 226.0206757 225.9636688 225.9077148 225.8561859 225.8362885 225.8505859 225.8810883 225.896225 225.7132874 225.6153259 224.9808807 224.7922974 223.678421 223.2177734 222.7337952 220.9071655 221.515274 220.9603119 221.0282745 219.5090485 220.8522339 218.2597809 219.6343384 216.4120026 214.6217194 221.5797272 214.0071411 213.3621216 213.4153595 212.1525574 210.5434418 210.1477051 207.0711212 209.2536469 209.2103729 199.698822 200.5370331 208.8446808 199.2255402 199.6091309 199.1472626 201.5399933 195.2593536 203.0494995 195.5570679 200.6031494 208.8864746 209.5300903 209.639267 209.655838 209.5678864 209.4355011 209.3539276 209.3096313 208.9340515 208.7634735
225.9471741 225.8999176 225.6126404 225.5895844 225.7100677 225.6699066 225.6804962 225.7254791 225.6490631 225.7858124 225.7875671 225.7972717 225.7731628 225.5844879 225.4932861 224.8215485 224.6018524 223.0737305 224.1457214 223.9863586 223.8985596 220.1813049 214.7579956 218.8437958 225.0514221 215.926712 215.3234253 214.6125183 214.3814697 213.6781464 213.5244141 213.2158966 211.7173615 208.1808777 204.8385773 209.5814209 209.3795166 202.3851318 209.1836853 209.0503693 199.3983459 199.6003418 199.7153625 194.2001801 194.7762451 191.1834869 191.5303345 203.5484772 209.6833801 210.2150116 207.7505035 209.7122955 210.3013611 210.1008759 210.0269165 210.0788879 209.8713531 210.10495 209.9183502
225.9528046 225.7149963 225.6034088 225.3975677 225.4637604 225.3742828 225.348587 225.3617706 225.3996429 225.4329224 225.5948334 225.5150909 225.5999603 225.6101227 225.5471649 225.4251099 224.0962677 224.4169159 223.1694031 222.4859772 221.1521912 221.5522003 219.8745575 218.8861237 218.0583649 215.9453125 215.359726 214.8003693 214.368515 213.7895355 214.0658264 212.0114136 213.4413605 208.5968475 210.9091797 213.733902 209.0611267 205.7608948 201.7184296 201.4999237 199.5018311 199.6427612 197.6431732 209.8834381 200.2993469 191.9849243 192.264328 208.0416565 209.8694916 210.4562531 210.2508392 210.7361908 210.7310944 210.3886566 210.3417206 210.8365936 210.7866211 210.8362122 210.8843689
219.1580658 225.3529968 225.452301 225.186203 225.1952515 225.205658 225.2007446 225.1743469 225.1442719 225.1073608 225.1313019 225.1767578 225.292038 225.3457642 225.3446503 225.3443604 225.3466644 223.8442078 225.0385742 222.9685822 222.4803925 220.9434357 220.0857391 218.9727936 217.8439941 216.769516 215.3109589 214.5803528 214.0522308 213.567215 213.1203308 214.2026062 211.6978607 211.0084381 211.0738983 210.9835205 209.1312561 211.2133789 205.421524 199.5049591 199.6228943 199.0252991 192.6690979 205.4856567 191.7993317 192.5478973 197.1452484 209.6776123 207.8688049 209.821701 209.895752 210.2002563 210.2193756 210.0756683 210.0449677 210.3048401 211.2932434 211.2987976 211.3467255
225.694458 225.595871 225.4531403 225.2997742 225.0092468 225.0548859 225.1472015 225.1286774 225.063385 224.9951019 224.9697876 224.9760437 225.0333557 225.0367126 225.0321808 225.0659332 222.9253998 224.8627319 223.5543213 222.1707458 222.6171112 221.0147247 219.9459229 217.6416779 216.7857056 216.4976349 215.2662506 214.4514923 213.8696289 213.3146667 214.2640076 212.5589447 211.961319 211.3570862 211.4137115 208.5693054 222.2581177 209.3390503 205.6994019 199.8117828 199.3384247 198.7422485 189.8194275 196.8887787 193.2313843 192.5772705 209.4817047 206.1207733 207.0554657 207.5638733 209.4179535 209.4125671 209.3580017 209.1679993 209.353302 211.1653748 209.8390961 211.2221069 211.2963104
225.6638031 225.8434296 225.6701813 225.3363037 225.2734375 225.1188202 225.2565155 225.2940979 209.3121643 209.2759247 209.2652435 225.1057892 225.163147 225.2053986 225.0515137 224.9338226 220.6688538 223.8164825 223.5171661 223.8360443 223.8651428 220.8688049 218.329422 219.0940704 216.4246063 215.7012329 214.9834442 214.3841095 213.8131714 213.3459473 212.7827911 212.384491 211.7520294 211.2882996 209.4920654 210.2948151 209.776825 209.5032196 200.1016846 200.9150238 199.4309692 199.450592 190.1849365 201.6296539 193.324295 202.7550507 204.716507 206.3130035 206.403717 206.7548676 207.1372986 207.4463348 208.8261108 207.8385925 207.9646606 209.0212402 208.9460602 211.088562 211.1176758
225.4775848 225.6770325 225.3068695 225.2724609 225.3108215 225.055542 225.2032776 225.2397766 209.3139648 225.2533264 225.2261047 225.2717438 225.2916107 225.314209 225.2050323 225.2331696 224.8682709 224.7949219 224.6259308 223.7572784 222.6793823 220.7276459 220.1280518 217.0406342 217.8790741 215.9992676 214.8235931 214.2939148 213.8925476 213.6376801 213.1499481 212.5906677 211.7800598 210.0655212 211.1049805 210.5933228 209.9762573 202.5767365 201.3855438 199.4941864 205.5786285 199.0315552 193.0079651 192.4426727 195.0794678 205.280304 205.3014984 206.0903168 205.7496033 205.8844604 206.6149902 206.7884979 206.9973145 207.2599792 207.345993 207.4666748 208.3895874 207.9254608 208.146759
