Environmental Parameters/RCP 45/2050/Sea-surface_temperature.asc
ncols 720
nrows 360
xllcorner -180.00
yllcorner -90.00
cellsize 0.5
NODATA_value -9999
[rows 200 to 224 of 360, columns 448 to 503 of 720]
28.36938858 28.31240654 28.25185776 28.18830299 28.11920738 28.05981064 28.01716042 27.98562431 27.97910118 27.95536423 27.94629097 27.95192909 27.96921539 28.02621078 28.15769386 28.26043892 28.29013443 28.31620407 28.34043312 28.37726212 28.41486168 28.44547462 28.47458649 28.49796295 28.50772858 28.53436661 28.56300163 28.55063248 28.54811287 28.5420742 28.53582001 28.53555679 28.52654648 28.51547241 28.51199913 28.53775024 28.57929039 28.62419319 28.62576103 28.61826897 28.60658073 28.59459305 28.59368134 28.59330368 28.59972382 28.61694908 28.63155746 28.63883591 28.63547325 28.63282204 28.63092995 28.63242149 28.62807274 28.62325859 28.61042786 28.61589241
28.41484833 28.36916542 28.32252312 28.26898956 28.19945335 28.12751007 28.05582237 27.9966526 27.95048714 27.93608475 27.94501495 27.97386551 28.01384163 28.07263565 28.15133476 28.21206093 28.24486351 28.27131844 28.29889297 28.33056259 28.35280991 28.37498283 28.39524841 28.41149902 28.42396736 28.44559288 28.45480728 28.45192719 28.44710541 28.43660927 28.43157959 28.4079113 28.36959076 28.38119888 28.41018867 28.4388752 28.49677086 28.53145599 28.53141403 28.5237999 28.51657677 28.50500679 28.49811172 28.49570847 28.50333214 28.51758957 28.52714539 28.53024673 28.52796745 28.52936745 28.53683662 28.53825951 28.53246307 28.52052116 28.51946259 28.53031731
28.50163078 28.46483421 28.43700409 28.4101963 28.37378311 28.32766342 28.25097466 28.15813828 28.01087761 27.85997581 27.84653854 27.92432594 27.9987545 28.06195831 28.11959267 28.16556358 28.18732452 28.21583557 28.24040222 28.26001549 28.27591896 28.29916573 28.30977249 28.31889534 28.33367157 28.3383255 28.34032249 28.34963036 28.34418106 28.33168411 28.32422447 28.30180931 28.27865791 28.29681015 28.32902145 28.37345505 28.41562462 28.42924118 28.43136787 28.42996025 28.42633247 28.41156769 28.39920998 28.39401054 28.40003395 28.40789413 28.40965843 28.41238785 28.4150486 28.42206573 28.43211746 28.44017601 28.43644905 28.42218399 28.41810036 28.42807388
28.59302902 28.59267616 28.60021019 28.58936119 28.58583069 28.59810257 28.56978989 28.52942848 28.39971161 28.00434113 27.66463661 27.75435829 27.89783096 27.98986053 28.06022263 28.10515976 28.13150215 28.15776062 28.17378044 28.19320107 28.20704079 28.21876907 28.22647858 28.22888374 28.23285484 28.23191833 28.22386551 28.22929382 28.22182655 28.21974945 28.22061157 28.22485352 28.2375927 28.26267242 28.2915535 28.30854607 28.31297112 28.31990814 28.31294632 28.31134033 28.31440163 28.29972649 28.28571892 28.28230667 28.28890038 28.29223061 28.30277634 28.30912018 28.31126976 28.32091904 28.32748985 28.33398247 28.33629799 28.32450867 28.31854057 28.32738876
28.63654709 28.6861248 28.74870491 28.77204895 28.76642418 28.79748726 28.8198204 28.77429581 28.63701248 28.28079796 27.66929817 27.5666275 27.77793503 27.89142036 27.97668457 28.03179359 28.07407188 28.09757423 28.11279106 28.12080002 28.12381935 28.13261604 28.13612175 28.13282967 28.12576866 28.11604691 28.10355949 28.10623932 28.10952187 28.11924171 28.12838554 28.14361 28.16021347 28.17009735 28.18452072 28.19637299 28.19816971 28.19882393 28.19621277 28.19672775 28.19696426 28.19021988 28.17843056 28.18125534 28.18776894 28.1943531 28.1986618 28.20117188 28.19490051 28.20275307 28.21417618 28.22001266 28.22697067 28.21843719 28.21558571 28.21353912
28.68975258 28.69153404 28.75084496 28.83395004 28.86641312 28.90710258 28.95064926 28.91255951 28.7640152 28.66653442 -9999.0 27.46339989 27.67731857 27.82929039 27.91311646 27.96678352 28.00245857 28.02861786 28.03504753 28.03147697 28.02669907 28.02847862 28.0305233 28.02519989 28.01888847 28.01080513 28.01004982 28.00794792 28.01457214 28.01910019 28.01354599 28.01738358 28.02101135 28.02983093 28.04620171 28.06930351 28.08045959 28.078619 28.07735252 28.07852173 28.07691574 28.07811928 28.07749176 28.07354927 28.08032227 28.08146286 28.08368492 28.08918762 28.08735847 28.09054184 28.0906105 28.09073067 28.08889961 28.0951252 28.09273338 28.08374023
28.71379852 28.72330666 28.76086235 28.82345009 28.88714409 28.97134972 29.0275631 28.99939919 29.04005814 28.96709824 -9999.0 27.89546204 27.63554764 27.79497147 27.87553024 27.91938782 27.94180298 27.9492321 27.95253754 27.95165634 27.93588638 27.93004036 27.92684364 27.92185974 27.93027878 27.93330193 27.9278183 27.92267609 27.92564964 27.92360497 27.91420174 27.90330696 27.8856945 27.88718033 27.92000771 27.95601463 27.98201561 27.98651123 27.98110199 27.97813034 27.97823143 27.97942352 27.98598289 27.9835968 27.97257233 27.96241379 27.97660637 27.97686577 27.96887398 27.96650696 27.96439743 27.96186066 27.96335602 27.96954918 27.96391296 27.96144104
28.75387001 28.75945473 28.76358414 28.80232048 28.89290428 28.99374771 29.03601837 29.01755714 29.07904053 -9999.0 -9999.0 -9999.0 27.64555359 27.77886963 27.83948326 27.87734413 27.89539146 27.89247704 27.89182663 27.87662697 27.85751915 27.85081673 27.84929085 27.85647202 27.86105537 27.85781288 27.85538292 27.85070419 27.84038544 27.83513451 27.82361221 27.80369759 27.77209663 27.74915886 27.7801342 27.83831596 27.87161255 27.86876488 27.8675499 27.86991501 27.8731041 27.88282394 27.88218689 27.8730793 27.86605453 27.85678673 27.86026001 27.86062813 27.85046577 27.84714127 27.84754372 27.83951569 27.83165932 27.82490158 27.81773949 27.80595207
28.78481865 28.78173637 28.76559448 28.80055809 28.89715385 28.97677231 28.95197296 28.8801403 28.74083662 -9999.0 -9999.0 -9999.0 27.58932304 27.73288345 27.81305885 27.82981873 27.83937263 27.82812119 27.81853676 27.80977631 27.80286598 27.79289627 27.78769112 27.78924179 27.7840538 27.78225136 27.78206253 27.77722168 27.76510429 27.7508831 27.73091316 27.72114372 27.70590591 27.66585159 27.67814636 27.72537613 27.75136948 27.75032234 27.7462368 27.74980736 27.74711418 27.74649811 27.74400139 27.74237442 27.73896027 27.73024368 27.73112869 27.73375702 27.72662735 27.71516418 27.70575523 27.69120407 27.6790905 27.66812897 27.66383553 27.66093063
28.78138733 28.77337265 28.7612648 28.8055706 28.86871719 28.83578682 28.73750687 28.60015482 -9999.0 -9999.0 -9999.0 -9999.0 27.53641891 27.6743679 27.77234268 27.78126144 27.77241325 27.76054955 27.74587059 27.73831558 27.73958969 27.73577881 27.73045731 27.72959709 27.71854591 27.70825005 27.70348358 27.6993866 27.68632889 27.66572189 27.64878654 27.63746643 27.61928368 27.58292198 27.59477043 27.62628746 27.63207245 27.62742805 27.62555504 27.62865829 27.62422943 27.61967278 27.61751747 27.6082859 27.59904099 27.5903759 27.59099579 27.59404755 27.57921028 27.56143379 27.56398773 27.55996513 27.54410934 27.53325272 27.52942085 27.52891159
28.74167824 28.75540733 28.7485466 28.76825142 28.76221466 28.62203407 28.51252556 28.37105763 -9999.0 -9999.0 -9999.0 27.60284323 27.50878525 27.62255096 27.7125206 27.72794724 27.72115517 27.70222473 27.6844883 27.67410278 27.67565536 27.67783546 27.68016624 27.67545319 27.66048622 27.6437912 27.62831879 27.61746597 27.60362816 27.58319283 27.55978584 27.53959274 27.5057888 27.4950161 27.51882362 27.53241539 27.52303123 27.51006889 27.51543999 27.52138329 27.51774597 27.50860214 27.49633217 27.48552513 27.47592163 27.46576691 27.46443176 27.46457291 27.45453835 27.44075966 27.44071198 27.4340992 27.42136765 27.41736221 27.41560745 27.41218758
28.70187378 28.74166107 28.75101852 28.74941063 28.70204544 28.53680098 28.3819257 -9999.0 -9999.0 -9999.0 -9999.0 27.39383888 27.4904995 27.61102104 27.66187477 27.67782211 27.66661835 27.64873123 27.6392498 27.6321125 27.63305092 27.63541985 27.62188721 27.60444641 27.58576965 27.56522942 27.55302429 27.53417015 27.51535034 27.47920036 27.43611717 27.42573929 27.43548584 27.43295288 27.43367577 27.42504883 27.40910912 27.40136147 27.40603447 27.41026688 27.40406036 27.40054131 27.38660622 27.3716011 27.35972404 27.34752655 27.34108925 27.33628273 27.33112907 27.31991959 27.30951691 27.30125809 27.28923225 27.28871346 27.29188728 27.28449821
28.7381897 28.75849915 28.73034465 28.66018212 -9999.0 -9999.0 -9999.0 -9999.0 -9999.0 -9999.0 -9999.0 27.3538723 27.50311279 27.60108757 27.62341309 27.62830734 27.61543274 27.59141922 27.58509445 27.582901 27.58574677 27.58617973 27.5664978 27.53330994 27.4973259 27.47016907 27.46265602 27.45137596 27.43051529 27.39731979 27.34009743 27.31805611 27.36831856 27.36186409 27.35002708 27.33203697 27.32246971 27.3115387 27.30913734 27.30730057 27.30220222 27.30477524 27.29349136 27.27759743 27.25182343 27.23570251 27.22678757 27.21906853 27.20439148 27.18754768 27.17128563 27.15773392 27.14129448 27.14165497 27.13841057 27.12745094
28.76520538 -9999.0 -9999.0 -9999.0 -9999.0 -9999.0 -9999.0 -9999.0 -9999.0 -9999.0 -9999.0 27.2595787 27.48805046 27.57559013 27.58872795 27.5853157 27.56613922 27.54423714 27.52870369 27.52235603 27.52266502 27.51672554 27.47915268 27.4328537 27.38883018 27.36880302 27.36293793 27.35891533 27.33641624 27.30810928 27.27176666 27.27688026 27.29068947 27.28054619 27.26449966 27.23885536 27.22278023 27.21029854 27.2153511 27.21304703 27.21216965 27.21010208 27.20267868 27.18735313 27.16423607 27.13801765 27.11890793 27.10314369 27.0815239 27.05654526 27.0350666 27.01823997 27.00637436 26.99626732 26.97976303 26.96576118
28.71191978 -9999.0 -9999.0 -9999.0 -9999.0 -9999.0 -9999.0 -9999.0 -9999.0 -9999.0 27.43929338 27.31036949 27.49049568 27.54318619 27.54345894 27.5272274 27.50624657 27.48393631 27.47151375 27.45052528 27.43008232 27.39582253 27.34987068 27.31049347 27.27641869 27.252882 27.24748993 27.24137878 27.22578621 27.21581268 27.2149353 27.2129364 27.20349503 27.19153404 27.15885544 27.12899971 27.11546516 27.11020279 27.11674309 27.11352348 27.10826302 27.1006012 27.0990448 27.09051704 27.06800652 27.04347801 27.01833153 26.99006462 26.96004486 26.92976761 26.90961075 26.89115143 26.88555908 26.87030983 26.84445953 26.82356262
28.63572204 -9999.0 -9999.0 -9999.0 -9999.0 -9999.0 -9999.0 -9999.0 -9999.0 -9999.0 27.38174438 27.38066292 27.49197578 27.49893379 27.48022461 27.4563446 27.43270683 27.40904999 27.38101387 27.3417263 27.3182354 27.27857208 27.23737526 27.20683289 27.17606926 27.15873528 27.15390587 27.15163994 27.14575768 27.1425457 27.13409424 27.11406517 27.09923172 27.07441711 27.04403114 27.02161407 27.01648903 27.01030731 27.00293922 26.99193764 26.98601723 26.97569656 26.97426414 26.97670555 26.96659851 26.94282722 26.915411 26.88009071 26.83799171 26.80381966 26.78992271 26.77640915 26.76801491 26.75107765 26.72309303 26.69655228
28.572734 -9999.0 -9999.0 -9999.0 -9999.0 -9999.0 -9999.0 -9999.0 -9999.0 -9999.0 27.30615044 27.40134239 27.4729023 27.44509888 27.41020393 27.38190079 27.34639359 27.32386398 27.28828239 27.24271774 27.20798111 27.16902733 27.14321709 27.12000656 27.09254837 27.07734299 27.06220245 27.05293274 27.04130936 27.03114128 27.02545166 27.00935745 26.99295044 26.97203064 26.96024323 26.94352341 26.92768097 26.90758514 26.89151192 26.87097359 26.85868263 26.84047318 26.83733749 26.84823418 26.83722115 26.80984116 26.78779602 26.75485802 26.71423531 26.67771339 26.6651001 26.65476799 26.6408577 26.61788177 26.59974098 26.58366585
28.52997208 -9999.0 -9999.0 -9999.0 -9999.0 -9999.0 -9999.0 -9999.0 -9999.0 -9999.0 27.18219376 27.40519905 27.43338203 27.39358711 27.36030388 27.33243179 27.29831886 27.26916313 27.2308197 27.17146301 27.12094116 27.08602333 27.06785583 27.05045319 27.02453423 26.99231148 26.9644165 26.94933701 26.93999672 26.92967796 26.92465591 26.91176605 26.89274025 26.87286377 26.86720085 26.85183144 26.82616806 26.80302048 26.77766228 26.75100136 26.73590851 26.71378326 26.7037468 26.70604134 26.67842293 26.64925575 26.62264061 26.59231377 26.56402588 26.53680038 26.52137184 26.51195908 26.49539948 26.47891045 26.47400093 26.47744179
28.53567696 28.35143644 -9999.0 -9999.0 -9999.0 -9999.0 -9999.0 -9999.0 -9999.0 27.17582321 27.21115494 27.39558792 27.41188812 27.36145973 27.31565094 27.29348564 27.26460075 27.22801781 27.18952751 27.13597679 27.09181786 27.05736542 27.03110695 27.00297165 26.98002243 26.95253372 26.90887451 26.87689972 26.86757278 26.85502243 26.84334373 26.82010078 26.79959869 26.77676392 26.76875496 26.75339508 26.7358532 26.72058678 26.66974258 26.62103844 26.60577011 26.58709908 26.5769825 26.57753754 26.56990623 26.54144669 26.51050949 26.48392105 26.45970154 26.43157387 26.41610718 26.40343857 26.38515663 26.37565231 26.38425827 26.38385963
28.40499687 28.2476061 -9999.0 -9999.0 -9999.0 -9999.0 -9999.0 -9999.0 -9999.0 27.0549984 27.28280258 27.39778137 27.38504982 27.30797768 27.24573517 27.22462845 27.21845436 27.20934486 27.17775154 27.11413956 27.05220032 27.00796127 26.97916794 26.95051956 26.93887329 26.93078423 26.86935043 26.76681137 26.78004646 26.76222038 26.74096107 26.7179718 26.69171524 26.66434288 26.65514183 26.64670181 26.63090134 26.60995293 26.52605247 26.48014069 26.46271324 26.44770432 26.44021225 26.44543076 26.4361763 26.40920067 26.37216377 26.33145332 26.30540466 26.27902794 26.25582886 26.23842049 26.2193222 26.2120285 26.20910645 26.20536995
28.2317543 -9999.0 -9999.0 -9999.0 -9999.0 -9999.0 -9999.0 -9999.0 -9999.0 27.07350731 27.30694199 27.35834694 27.31762505 27.2265873 27.1549263 27.1381321 27.1420517 27.14878654 27.13967896 27.09552002 27.03442764 26.98897362 26.94741631 26.89868164 26.88010788 26.86847115 26.80095863 26.6661911 26.70493126 26.68415642 26.65511322 26.63124466 26.60055351 26.55195808 26.51963806 26.51386261 26.51179314 26.4873085 26.43652344 26.39231682 26.3686676 26.35227394 26.34943962 26.36847496 26.3522644 26.29320717 26.24050903 26.19795799 26.16926003 26.14419174 26.11878395 26.08948517 26.0620842 26.04754257 26.02444267 26.0052166
28.05346298 -9999.0 -9999.0 -9999.0 -9999.0 -9999.0 -9999.0 -9999.0 27.03606606 27.13815117 27.28586388 27.27714729 27.2048645 27.13181686 27.07637024 27.05580139 27.05332756 27.05954552 27.06265259 27.04410934 27.01425552 26.97833252 26.91688919 26.80525589 26.77707481 26.73506355 26.66823578 26.6309948 26.63336754 26.61403275 26.58240318 26.53744507 26.49321556 26.42945099 26.38534737 26.36644363 26.35985374 26.34606552 26.31837845 26.2985363 26.29374695 26.2831459 26.27218246 26.26952553 26.25652122 26.20464325 26.14701271 26.0946064 26.0525074 26.02013969 25.99096489 25.96969604 25.94610214 25.9167881 25.86870956 25.82378006
-9999.0 -9999.0 -9999.0 -9999.0 -9999.0 -9999.0 -9999.0 -9999.0 26.92948723 27.15692902 27.22146225 27.16614914 27.09539413 27.04893494 27.00548363 26.96956825 26.96175194 26.95547104 26.94573784 26.92867661 26.9119854 26.88580132 26.83256149 26.69406319 26.66098785 26.5963726 26.57504463 26.57367897 26.56899643 26.55049324 26.50765038 26.44630814 26.39028358 26.33598518 26.29182434 26.26163292 26.24371529 26.2245121 26.20111847 26.19197083 26.20239449 26.19573593 26.17510605 26.16090202 26.15123558 26.10673714 26.05329704 26.00496101 25.9665699 25.93019676 25.90387917 25.88723946 25.85637474 25.82128143 25.76924133 25.70499992
-9999.0 -9999.0 -9999.0 -9999.0 -9999.0 -9999.0 -9999.0 -9999.0 26.7994709 27.12781334 27.09724045 27.03140831 26.97787857 26.92364311 26.86050797 26.83269691 26.84317017 26.82881737 26.80407715 26.78033447 26.75858116 26.72343254 26.67274284 26.59964561 26.54956627 26.51010704 26.48296356 26.46955109 26.45536804 26.42107391 26.38196945 26.33067513 26.28201103 26.23875427 26.20641327 26.17053604 26.15927315 26.14488792 26.10977936 26.08124161 26.07673264 26.06289482 26.02961922 26.00463104 26.00721359 25.97027969 25.90930176 25.86233521 25.82350731 25.79523659 25.78216362 25.77026939 25.75563622 25.7250061 25.67763329 25.61035347
-9999.0 -9999.0 -9999.0 -9999.0 -9999.0 -9999.0 -9999.0 26.76428986 26.79291725 27.03152084 26.9363575 26.88291931 26.84192848 26.77329826 26.69786453 26.68080521 26.70368576 26.68582726 26.62881088 26.5945816 26.58146286 26.55170631 26.50420952 26.46183395 26.44069099 26.40303993 26.36590576 26.33683014 26.31165314 26.27004433 26.22944641 26.1911602 26.17248535 26.14196014 26.1137867 26.0857811 26.06645775 26.04371262 26.00658989 25.9686718 25.93935394 25.89778137 25.85210991 25.81048393 25.79059219 25.77289581 25.73815155 25.70007324 25.66038895 25.63290787 25.61641502 25.60468864 25.59135628 25.56677818 25.52639771 25.45780945
