Environmental Parameters/RCP 45/2050/Sea-bottom_salinity.asc
ncols 720
nrows 360
xllcorner -180.00
yllcorner -90.00
cellsize 0.5
NODATA_value -9999
[rows 150 to 174 of 360, columns 0 to 55 of 720]
34.34855652 34.34698868 34.34993744 34.34664917 34.3466301 34.34599304 34.34609604 34.34699249 34.33977509 34.34248352 34.33940125 34.33403778 34.3274498 34.32152939 34.31911087 34.31986237 34.32329178 34.3253746 34.32539368 34.32112122 34.31386948 34.30983353 34.30819702 34.28055191 34.31081009 34.32037735 34.31459045 34.32397842 34.33944321 34.34642792 34.34992218 34.3498764 34.34776306 34.34409332 34.33987045 34.33600998 34.34207916 34.34822464 34.35790253 34.36816025 34.37756348 34.38542175 34.39208221 34.39768219 34.41015625 34.41727829 34.42249298 34.43122482 34.43555832 34.43832397 34.43830109 34.44671631 34.45062637 34.45830917 34.46913147 34.48544693
34.34788513 34.34614563 34.34768295 34.34625626 34.34089279 34.33826828 34.33716202 34.33543777 34.33372498 34.33343887 34.33408737 34.33439255 34.33260345 34.32954025 34.32582092 34.3221283 34.32393646 34.32824707 34.32952499 34.32489395 34.27391434 34.31296921 34.30721664 34.2924118 34.2962265 34.26184082 34.3109436 34.31708527 34.31627274 34.3217926 34.32809067 34.33263016 34.33341599 34.33042145 34.32683182 34.32574081 34.32767487 34.32944489 34.33469009 34.34075928 34.34667206 34.35399246 34.36055756 34.36762238 34.38077927 34.38903427 34.39892197 34.40504074 34.40655899 34.40698242 34.40568542 34.40522766 34.41438293 34.42101288 34.42695236 34.43797684
34.34389877 34.34298706 34.34207535 34.33855438 34.33520126 34.33068085 34.32731247 34.32284927 34.32297134 34.32481384 34.32902908 34.33455658 34.33919525 34.34175873 34.34178162 34.33755875 34.33678818 34.34091568 34.34336853 34.34191132 34.33735275 34.33231354 34.32736969 34.30112457 34.30913162 34.30063629 34.31099319 34.30518723 34.3170929 34.33650208 34.33779144 34.33895874 34.33891296 34.33454132 34.32761383 34.32031631 34.312397 34.31102371 34.31190109 34.31435394 34.31962204 34.32533646 34.33060837 34.32964706 34.33334732 34.34643555 34.35415649 34.3592453 34.3584938 34.35593796 34.35428619 34.3540535 34.35548782 34.36569977 34.3676796 34.37273788
34.3421669 34.33898926 34.33718109 34.33479691 34.3286171 34.32366562 34.31412125 34.31169128 34.30865479 34.31095886 34.30561829 34.30783463 34.33766174 34.34588623 34.35094452 34.3534584 34.3559761 34.35817337 34.36089325 34.36143112 34.35962677 34.35666275 34.34835815 34.34791565 34.32399368 34.33015442 34.32891464 34.29189301 34.33514404 34.33972549 34.3440361 34.34738159 34.34897995 34.34734344 34.3447113 34.33712006 34.32926941 34.3181572 34.30764389 34.29323578 34.28902435 34.29204178 34.29260254 34.29627609 34.300354 34.30205536 34.31063843 34.31981277 34.32164764 34.31701279 34.31385422 34.31140518 34.31051636 34.31142807 34.31453705 34.3192749
34.34764481 34.33462524 34.3350296 34.3325882 34.32289886 34.31590652 34.30966568 34.30484772 34.29837036 34.29690552 34.3018837 34.31205368 34.3225174 34.33327103 34.34159851 34.34737015 34.35529327 34.35996246 34.36558533 34.36979675 34.37342072 34.37648392 34.37614441 34.37207413 34.36570358 34.3552475 34.3496666 34.34481812 34.3420372 34.34065628 34.34171295 34.34377289 34.34614182 34.34781265 34.34710312 34.34469604 34.34113312 34.33756256 34.33239365 34.30684662 34.31280136 34.31068039 34.30789566 34.30679321 34.30701065 34.30847549 34.31102753 34.3131752 34.3151474 34.31672287 34.3166275 34.31499863 34.31354523 34.31011581 34.30641937 34.30495071
34.35351181 34.34300232 34.33384323 34.32647705 34.3093071 34.3019371 34.30508423 34.30535507 34.29761505 34.29273987 34.29307175 34.29838943 34.30587387 34.31444931 34.29288101 34.32810593 34.32394791 34.34532547 34.35269547 34.35968018 34.36584473 34.37269211 34.37879944 34.38130188 34.37920761 34.37351227 34.36765289 34.35923767 34.35144043 34.34486389 34.34127045 34.34024811 34.34006882 34.33838272 34.33664703 34.31657791 34.33523941 34.33618927 34.33701324 34.33498383 34.33011627 34.32722473 34.32473755 34.32501602 34.32297134 34.31978607 34.31805801 34.32191086 34.32175446 34.32420349 34.32840729 34.33122635 34.33016586 34.32716751 34.32172775 34.31389236
34.34004593 34.34074402 34.32710648 34.31641006 34.31833267 34.31691742 34.31250763 34.30919266 34.306427 34.30253601 34.30125809 34.30129623 34.29813385 34.30572891 34.30794907 34.3129921 34.31562042 34.3229599 34.3302002 34.33815002 34.34428406 34.352211 34.35791779 34.36471176 34.36235046 34.37081528 34.36692429 34.3684845 34.35530853 34.34967422 34.34218216 34.33837128 34.33825684 34.33718491 34.33151245 34.32865524 34.32686234 34.32667542 34.31247711 34.33095551 34.33166885 34.33171082 34.329216 34.32809448 34.32905197 34.32591248 34.32243347 34.31855011 34.32029343 34.32373428 34.32890701 34.33613968 34.34075546 34.34095001 34.33793259 34.33301926
34.28868866 34.29328918 34.29457092 34.3012886 34.30112076 34.30200577 34.30248642 34.30482101 34.30619812 34.3032341 34.31245804 34.31465912 34.3153038 34.3130455 34.30841446 34.30279922 34.30445099 34.30195236 34.30757904 34.31457138 34.32242203 34.32977676 34.33332825 34.34080124 34.33634949 34.35345078 34.36141968 34.36359787 34.35616684 34.35007095 34.34479904 34.33732224 34.33581161 34.33818436 34.34023666 34.33850098 34.3358345 34.33348465 34.33104706 34.33008575 34.33061218 34.33156204 34.33152771 34.3298111 34.32730103 34.32413864 34.32151413 34.32040024 34.31765747 34.3199234 34.32444382 34.33332825 34.33849716 34.34181595 34.34334564 34.34384537
34.25255966 34.25659943 34.25968552 34.26151657 34.26497269 34.27400589 34.28033447 34.2856102 34.29214478 34.30017471 34.30343628 34.31574631 34.32058716 34.32043839 34.31937408 34.29534531 34.30967331 34.30661392 34.30265808 34.26494598 34.26535034 34.24850082 34.31983566 34.32415009 34.33745193 34.34244919 34.34560394 34.34732819 34.33238602 34.34493256 34.34021759 34.2061615 34.33875656 34.34107971 34.34403992 34.34702682 34.34720612 34.34646606 34.3392334 34.33671951 34.33125305 34.32871628 34.32466888 34.32773972 34.32748795 34.32456207 34.32189941 34.32110214 34.31767273 34.31787491 34.31935501 34.32303619 34.33134842 34.33597183 34.33950806 34.34277344
34.27812195 34.27781677 34.27871704 34.28094864 34.28602219 34.2899704 34.29954529 34.31884384 34.32605743 34.33105087 34.33512497 34.33930206 34.34217453 34.34210205 34.32923508 34.32883072 34.34168243 34.33838654 34.35422134 34.3611908 34.35607147 34.36417007 34.36865616 34.36276627 34.36314392 34.35269165 34.34729385 34.31738281 34.36558914 34.37849808 34.3722229 34.37806702 34.38451385 34.3952179 34.39855957 34.40024185 34.3978653 34.40008163 34.36815262 34.39286804 34.39243698 34.37654877 34.37739944 34.38889694 34.39480591 34.37760162 34.37963104 34.38233948 34.38538742 34.39167023 34.39083862 34.39793777 34.39673615 34.38557816 34.38565063 34.38463974
34.33782959 34.33880997 34.34122849 34.3446846 34.34986115 34.35832596 34.37806702 34.38972473 34.39907455 34.40533066 34.41017914 34.41531754 34.41979218 34.4228363 34.42279434 34.42294312 34.42562866 34.42751694 34.43666077 34.44215393 34.44161987 34.4444046 34.44411469 34.44450378 34.43098068 34.44589615 34.44855118 34.45183563 34.45372391 34.31150436 34.35993576 34.46890259 34.46841812 34.47305298 34.48597336 34.47515106 34.51076508 34.51333237 34.51424789 34.51282501 34.48878098 34.48604965 34.48523712 34.48331833 34.48793793 34.49159241 34.49445343 34.49901962 34.49916458 34.49765396 34.4926033 34.49105453 34.49180603 34.49193192 34.46773911 34.4671936
34.41333008 34.41776276 34.42406845 34.43133163 34.43945694 34.46338654 34.4735527 34.4751091 34.485466 34.4933548 34.50014114 34.507164 34.51315689 34.51821899 34.5214386 34.52296448 34.52336121 34.5217514 34.52709198 34.53121948 34.53177261 34.53659439 34.54140472 34.54154205 34.54622269 34.54866028 34.55107117 34.54469299 34.55941772 34.56235886 34.53023911 34.57268143 34.57749176 34.56305313 34.58164215 34.58395386 34.58573151 34.58642578 34.58622742 34.58530807 34.52785492 34.58044815 34.57951736 34.58042908 34.55487823 34.58583069 34.58535004 34.58654785 34.58771133 34.58426285 34.57940674 34.58259201 34.57513428 34.57702255 34.58063126 34.59972763
34.50010681 34.50615692 34.5151062 34.52574539 34.53772354 34.56049347 34.56944656 34.56897736 34.57673264 34.58390045 34.5881691 34.58773041 34.58749771 34.58720779 34.58796692 34.58739471 34.58493042 34.58387375 34.58307266 34.58439636 34.58463669 34.58499146 34.58313751 34.58467865 34.58876801 34.58719254 34.58871841 34.58790588 34.59208298 34.59336472 34.59367371 34.59065628 34.59123611 34.5893631 34.59192657 34.58039856 34.59090805 34.59237671 34.59377289 34.59374237 34.59608841 34.59450531 34.59362411 34.59414673 34.59400177 34.59498596 34.59553528 34.60030746 34.59968567 34.59830856 34.59334946 34.59171677 34.59411621 34.5933342 34.59482574 34.59784698
34.59653854 34.5820694 34.60409927 34.60577393 34.60631561 34.60513306 34.60483932 34.60108185 34.6051712 34.6006813 34.60039139 34.60429764 34.60268021 34.60162354 34.60134888 34.60090637 34.60065079 34.6007309 34.59622955 34.59644318 34.59692001 34.59791565 34.60069275 34.59920883 34.5994606 34.60263062 34.59920502 34.6000061 34.60015869 34.5999527 34.59938812 34.50116348 34.59535217 34.59348297 34.58638763 34.59052658 34.58534622 34.58971786 34.58395386 34.52833939 34.58685303 34.58600616 34.5872345 34.59199905 34.59587097 34.59944153 34.60346603 34.61128998 34.60406876 34.60248184 34.60141754 34.60326004 34.60072327 34.60232544 34.60442352 34.60594177
34.62125015 34.62054443 34.62140274 34.62368393 34.62471771 34.60346222 34.61424637 34.60509109 34.61612701 34.62810135 34.62773132 34.62638855 34.62345123 34.62200928 34.62103653 34.61991501 34.61916351 34.6190567 34.62215424 34.62163544 34.62049484 34.62138748 34.6207695 34.62213516 34.62328339 34.62657928 34.62419891 34.62364578 34.62107086 34.62030411 34.61896515 34.61697006 34.61260223 34.6034584 34.60492706 34.60294342 34.59852982 34.60225296 34.60150528 34.59900284 34.60040283 34.5991478 34.60073471 34.60174942 34.59538651 34.59908295 34.59923553 34.6059761 34.59769058 34.59484863 34.5931015 34.59287262 34.59432983 34.59540558 34.59694672 34.60061646
34.63945007 34.63742828 34.63767242 34.63889313 34.63487244 34.61390686 34.61393356 34.62602234 34.63876343 34.6378212 34.63668823 34.63468552 34.63215637 34.6295166 34.62508392 34.62364578 34.62493515 34.62513733 34.62446213 34.62362289 34.62326431 34.62287521 34.62181854 34.6257782 34.62539673 34.62522888 34.62386322 34.62170029 34.61871338 34.61533356 34.61230087 34.61062241 34.60578156 34.6003418 34.59572983 34.57920456 34.56283569 34.51371765 34.55367661 34.57289505 34.58470535 34.59304428 34.59641266 34.59982681 34.60377502 34.60906601 34.60783768 34.61130142 34.60817719 34.6038475 34.59960175 34.5959053 34.59344482 34.59260178 34.59119797 34.59519577
34.65932083 34.65855026 34.65977478 34.66143417 34.64970016 34.63968277 34.63920212 34.66178131 34.65991211 34.65700912 34.65470886 34.6518631 34.64961243 34.64803314 34.64712524 34.64683151 34.6468544 34.64632416 34.64508057 34.64377975 34.6428299 34.64135361 34.63970566 34.63516235 34.63611984 34.63191223 34.63152313 34.62784576 34.62435532 34.62107086 34.61740494 34.61069489 34.60623932 34.60033798 34.59828186 34.58468246 34.50452042 34.52660751 34.5940094 34.59180832 34.59677124 34.59354401 34.58803177 34.59128189 34.58467865 34.59590912 34.59498978 34.59577179 34.59310913 34.59202576 34.58878708 34.58735657 34.58667755 34.58048248 34.57950592 34.58030701
34.66898727 34.66934586 34.67019272 34.6729126 34.66769791 34.65599442 34.6680336 34.66200256 34.66060257 34.65993881 34.65896225 34.65753937 34.65626907 34.65510559 34.65411377 34.65296936 34.65200043 34.65047836 34.6486702 34.64687347 34.64476013 34.64241028 34.64040756 34.63828659 34.63721085 34.63676834 34.63523865 34.62942886 34.62473679 34.6207695 34.61318588 34.60811996 34.60415268 34.60007477 34.53813553 34.56503296 34.57469559 34.54686737 34.54168701 34.59290314 34.59262466 34.59345627 34.59522247 34.59769821 34.59981537 34.60033035 34.59918213 34.59729004 34.59080887 34.58525467 34.57966995 34.57780075 34.57715607 34.57711792 34.57862854 34.57989883
34.68052292 34.68044281 34.67977524 34.67766953 34.68468094 34.67314911 34.67838669 34.67388153 34.66376114 34.66297531 34.66184616 34.65969849 34.65517807 34.65556335 34.65372467 34.65153885 34.64673996 34.64367294 34.64224625 34.6413269 34.63999939 34.63797379 34.63302612 34.63240433 34.63022614 34.62913132 34.62583923 34.61716461 34.61115646 34.6056366 34.60132217 34.59122467 34.59621811 34.59687042 34.5986557 34.58240509 34.52651978 34.54030991 34.52781296 34.59059906 34.57526016 34.58772659 34.58981323 34.59603882 34.59490204 34.59696198 34.596241 34.59255219 34.59126282 34.58899307 34.58599854 34.58823013 34.58675766 34.58678818 34.58675003 34.58641052
34.70589828 34.70616913 34.7065773 34.7067337 34.7069664 34.70980453 34.70896149 34.70807648 34.70682907 34.70561981 34.70421982 34.70391083 34.70466614 34.7043457 34.70326996 34.70080566 34.69845963 34.69564819 34.69258881 34.68831253 34.68470001 34.68092728 34.67781067 34.67528152 34.67396927 34.67314911 34.6713028 34.66881943 34.64728928 34.66143036 34.66161346 34.66202545 34.65612793 34.65839386 34.66916656 34.6448555 34.63499832 34.63070297 34.62128067 34.6601181 34.66726685 34.66434479 34.65943909 34.65991211 34.64760208 34.63540649 34.63339233 34.61837387 34.65504074 34.65447617 34.65143204 34.65748978 34.65638733 34.63817596 34.6370163 34.6366539
34.70557022 34.70570374 34.7061882 34.70632172 34.70640945 34.709198 34.70843887 34.70774841 34.70449066 34.70574951 34.70376205 34.70330811 34.70322418 34.70320129 34.70352554 34.70420074 34.70459366 34.7048378 34.70481873 34.70480347 34.70478821 34.70476913 34.70473099 34.70472717 34.70471191 34.70471573 34.7047081 34.70470047 34.70468903 34.7046814 34.7046814 34.70468903 34.69215012 34.69869614 34.69860077 34.68988419 34.66473007 34.68973923 34.60350037 34.63772964 34.6786232 34.67964554 34.68507767 34.69099808 34.69103622 34.69125366 34.69169617 34.69251633 34.69298935 34.6938324 34.69481277 34.69589615 34.69565964 34.69564056 34.69564056 34.69563293
34.70573807 34.7057991 34.70622635 34.70628738 34.70634842 34.70640182 34.70820236 34.70787811 34.70679855 34.70570755 34.70319748 34.70478058 34.70316315 34.70314789 34.70315552 34.7039032 34.70472336 34.70492554 34.70491028 34.7048912 34.70487213 34.70485687 34.70483398 34.70480728 34.70479965 34.70478058 34.70476913 34.70475769 34.70474243 34.70472717 34.70471573 34.70470428 34.70513535 34.70580292 34.70628357 34.68989182 34.69796371 34.69797516 34.69797897 34.68974686 34.67406464 34.68009949 34.68499756 34.68551636 34.69150162 34.69171906 34.69216919 34.69277191 34.69333649 34.69429398 34.69519806 34.69573212 34.69572449 34.69571304 34.69570923 34.69570541
34.70582199 34.70589066 34.70789337 34.70638275 34.70637894 34.70802307 34.70779419 34.70725632 34.70598984 34.70534515 34.70510483 34.70483017 34.70336533 34.70435715 34.70325851 34.70363617 34.70481873 34.70498276 34.7049675 34.70495224 34.70493317 34.70491791 34.70490265 34.70490646 34.70486069 34.70484161 34.70482635 34.70482635 34.70479202 34.70477295 34.70475769 34.70474243 34.70546722 34.70618057 34.7065773 34.69810104 34.69795609 34.6979599 34.69808578 34.698246 34.67962265 34.66710663 34.67586899 34.69174194 34.69207382 34.6923027 34.69260025 34.69284439 34.69377518 34.69585037 34.69548416 34.69573975 34.69577789 34.69577408 34.69577408 34.69577408
34.70581818 34.70589066 34.70604706 34.70623779 34.70630264 34.70637512 34.70698929 34.70608902 34.70515442 34.7051239 34.70510864 34.70487213 34.70499802 34.70490265 34.7051506 34.70478058 34.7049942 34.70499039 34.70497131 34.70495987 34.70494461 34.70491409 34.70490265 34.70536423 34.70486832 34.70485306 34.70484543 34.70482635 34.7048111 34.70479584 34.70476913 34.70475388 34.70474243 34.7067337 34.70708466 34.69854736 34.69827271 34.69836807 34.69856644 34.69869995 34.689991 34.66736603 34.63900375 34.68839645 34.69249344 34.69292831 34.69324112 34.69343948 34.69419479 34.69579315 34.6958046 34.6958046 34.69581223 34.69581223 34.69581604 34.69581604
34.7057457 34.70582199 34.70588684 34.70790863 34.70775604 34.70625687 34.70676041 34.70689774 34.70507431 34.70672989 34.70499802 34.70490646 34.70662689 34.7071228 34.70710373 34.70751953 34.70681763 34.70527267 34.70486069 34.70484924 34.70486069 34.70484543 34.7057457 34.70481491 34.70479584 34.70478439 34.70477295 34.70473099 34.70472336 34.68273163 34.70472717 34.70472336 34.70471954 34.70713425 34.70469666 34.70693207 34.70575333 34.70503235 34.70457458 34.6986618 34.6908493 34.68135834 34.67577744 34.66770935 34.69381714 34.69179916 34.69247437 34.69433594 34.69926834 34.69576263 34.69577026 34.69577789 34.69578171 34.69577026 34.695755 34.69575882
