Environmental Parameters/RCP 45/2050/Sea-surface_temperature.asc
ncols 720
nrows 360
xllcorner -180.00
yllcorner -90.00
cellsize 0.5
NODATA_value -9999
[rows 300 to 324 of 360, columns 560 to 615 of 720]
0.325642854 0.340070993 0.347614393 0.353679955 0.371743195 0.414022058 0.437740229 0.456920002 0.482386045 0.501672417 0.475470759 0.421925904 0.40868891 0.438322338 0.468904622 0.491527334 0.505309515 0.529104307 0.563730478 0.612101883 0.660754651 0.688744277 0.685489282 0.664935961 0.649684995 0.640248075 0.686963677 0.775752634 0.902346164 1.041889191 1.155560613 1.228775024 1.235748172 1.183174551 1.088987768 0.989364147 0.904760897 0.875314265 0.876531363 0.9016397 0.961991131 1.035411417 1.104321539 1.16906321 1.209316254 1.22315979 1.198729873 1.154346049 1.119728565 1.116904378 1.156192005 1.220788956 1.29381305 1.352974355 1.416442871 1.473494411
0.181573898 0.198935568 0.229033604 0.256073579 0.278291494 0.310218483 0.325182229 0.31660559 0.29961779 0.293604523 0.278794453 0.272949994 0.280223012 0.311866507 0.351294816 0.363012254 0.36819943 0.374965042 0.398826737 0.415813442 0.420384469 0.402582124 0.373525813 0.358509906 0.379467949 0.432046459 0.500111185 0.579533666 0.670755833 0.763945311 0.846890658 0.891470939 0.876043469 0.806656837 0.702053338 0.584552661 0.524660692 0.520615943 0.549035177 0.58590544 0.6241142 0.65383248 0.663738638 0.669758648 0.681419551 0.694561884 0.695390791 0.696479529 0.734095007 0.807584614 0.893784374 0.985797465 1.077457368 1.15628016 1.203760862 1.226863742
0.03619343 0.051473796 0.071031988 0.101582915 0.157015264 0.200225949 0.205393076 0.180886179 0.15180546 0.130664438 0.115175664 0.112772822 0.140453279 0.169846267 0.170621186 0.164975375 0.166598469 0.175537169 0.17238082 0.142209262 0.109725118 0.099893808 0.106207758 0.139890224 0.204996914 0.27709718 0.338341698 0.390459739 0.440494252 0.491801377 0.533299055 0.539418325 0.507363223 0.440617733 0.365016632 0.310020827 0.295243457 0.311393082 0.32911393 0.343585387 0.339102134 0.305795431 0.273751736 0.267439932 0.290362149 0.330738731 0.365164541 0.385919495 0.419752266 0.500972211 0.596046984 0.701346308 0.814976186 0.905783027 0.95419687 0.97312659
-0.080679417 -0.065975308 -0.041713178 -0.009851873 0.031949311 0.069220543 0.074346393 0.043144643 0.014583379 -0.009483665 -0.019300699 -0.016861081 -0.010841072 -0.01653704 -0.036346346 -0.064670116 -0.08422026 -0.096102089 -0.123195112 -0.151549578 -0.15406996 -0.127604544 -0.089662373 -0.025301814 0.071758032 0.15183565 0.190312147 0.216669142 0.238386661 0.259924456 0.278223306 0.283338189 0.266966626 0.234049693 0.188059613 0.164794669 0.176306635 0.189516693 0.194222003 0.177066952 0.129906952 0.068770379 0.03716594 0.051689237 0.109630436 0.184085727 0.22769554 0.253406659 0.276956171 0.322549179 0.39853099 0.479093069 0.550912533 0.604176275 0.600390524 0.603046834
-0.258422196 -0.238113284 -0.23325634 -0.207850397 -0.177328825 -0.143786609 -0.145748734 -0.172903836 -0.204556644 -0.21849221 -0.21895349 -0.207449675 -0.205925226 -0.236190915 -0.288492084 -0.339055896 -0.361198902 -0.352922261 -0.324205339 -0.287813783 -0.233926475 -0.192272186 -0.144084692 -0.092597961 -0.041975021 -0.014282405 0.004417181 0.023930132 0.044790983 0.074899554 0.088332772 0.098188758 0.085556686 0.076601505 0.064038545 0.046489537 0.039527982 0.045469403 0.060682744 0.043627173 0.003959537 -0.055972815 -0.061844647 -0.014167607 0.072825581 0.155133605 0.205795288 0.230481297 0.238407195 0.275334567 0.312467635 0.328476101 0.321288228 0.295286804 0.271437496 0.265665874
-0.565058827 -0.595423937 -0.606497407 -0.588936388 -0.536226809 -0.489924192 -0.479041696 -0.469809175 -0.459803104 -0.437319875 -0.403016388 -0.382268608 -0.408957541 -0.466954231 -0.514037073 -0.536160827 -0.508369029 -0.465537727 -0.390652418 -0.313280582 -0.242318094 -0.195346832 -0.165727615 -0.149170339 -0.152816951 -0.160269082 -0.172945559 -0.16062355 -0.124566853 -0.095329881 -0.081162155 -0.077967882 -0.079804182 -0.076438665 -0.066160142 -0.043161273 -0.018113375 -0.002639472 0.0034343 -0.00419116 -0.026318908 -0.048960388 -0.044848204 0.018424809 0.091048717 0.155252099 0.188212961 0.192268401 0.186129212 0.183051139 0.179755181 0.175767511 0.153877974 0.135197431 0.123032123 0.151282102
-0.787303925 -0.814793587 -0.816663265 -0.795416355 -0.733164549 -0.673454642 -0.632751584 -0.6104967 -0.585101366 -0.553726256 -0.529908299 -0.526561797 -0.566834688 -0.58902669 -0.591127753 -0.567701697 -0.532834291 -0.482165337 -0.423038781 -0.355152249 -0.253123999 -0.212536514 -0.204146981 -0.219724 -0.232010424 -0.248002827 -0.27128613 -0.287752867 -0.293456614 -0.32316345 -0.34928453 -0.371474981 -0.366631866 -0.358931243 -0.321697831 -0.254830718 -0.17249006 -0.104024708 -0.041085064 -0.011253595 -5.19335E-4 -0.015173435 0.003090799 0.035929739 0.085461795 0.133715749 0.152253389 0.137188792 0.098980725 0.077136636 0.051339269 0.045288026 0.047404349 0.055824697 0.085824549 0.143368989
-0.960797429 -0.9744488 -0.979568839 -0.975304604 -0.931040287 -0.841952801 -0.75378716 -0.69542253 -0.65408504 -0.622826576 -0.62962544 -0.637781262 -0.642030954 -0.648589611 -0.642719746 -0.617968798 -0.587512016 -0.558943152 -0.532348871 -0.48229301 -0.433624387 -0.413273931 -0.424197793 -0.449181676 -0.489455581 -0.505972385 -0.529931903 -0.558775306 -0.574605703 -0.595407009 -0.591920257 -0.591822147 -0.604098678 -0.601070046 -0.563407063 -0.498540163 -0.413720846 -0.314060807 -0.243167341 -0.201195359 -0.167994976 -0.127739549 -0.08093375 -0.02590251 0.007914841 0.02112931 9.73403E-4 -0.041576803 -0.078370094 -0.099638283 -0.100088 -0.08002013 -0.037284613 -2.22683E-4 0.024119437 0.037859559
-1.111012578 -1.105733871 -1.09752512 -1.085527301 -1.048622847 -0.992645383 -0.929799676 -0.880264163 -0.838939905 -0.805523276 -0.783291698 -0.761250257 -0.742515206 -0.72984314 -0.725317836 -0.709532857 -0.689459801 -0.674232125 -0.659963965 -0.635684252 -0.608098984 -0.59045434 -0.61298871 -0.64466083 -0.670088887 -0.6925776 -0.717222095 -0.736484766 -0.737060308 -0.728484154 -0.717354655 -0.730080366 -0.763370395 -0.77304101 -0.753445029 -0.702077031 -0.626415849 -0.53578186 -0.455880761 -0.396619081 -0.351064086 -0.32621038 -0.298992097 -0.275332808 -0.270476222 -0.295242369 -0.341775239 -0.381190598 -0.365689158 -0.335406661 -0.307867527 -0.294829249 -0.280554652 -0.24707818 -0.198073208 -0.157395542
-1.196120977 -1.194690824 -1.212673545 -1.230015039 -1.225666285 -1.201874495 -1.172558904 -1.131962299 -1.091489077 -1.055319071 -1.016696692 -0.962223411 -0.921745896 -0.889884233 -0.882665873 -0.854192019 -0.824563026 -0.805485368 -0.805008292 -0.815696001 -0.817897439 -0.820948005 -0.820399046 -0.824656248 -0.830540538 -0.845232964 -0.864849806 -0.887798309 -0.918773413 -0.943662524 -0.99213469 -1.029744864 -1.056293726 -1.032075286 -0.97563684 -0.902155757 -0.838550329 -0.774083734 -0.697324514 -0.660820127 -0.640105128 -0.631648302 -0.647810578 -0.649389505 -0.660288572 -0.683606505 -0.691220641 -0.655546069 -0.628900766 -0.617230654 -0.620067239 -0.642204881 -0.648631096 -0.619095922 -0.569989324 -0.51227212
-1.388023734 -1.41479528 -1.430947781 -1.420608401 -1.400749564 -1.384981871 -1.381010413 -1.359218955 -1.342415929 -1.334753633 -1.29139781 -1.244226217 -1.214094043 -1.18843472 -1.15615344 -1.127776861 -1.096522808 -1.106947541 -1.158794045 -1.180689692 -1.191011667 -1.183849573 -1.175447583 -1.182640314 -1.201776147 -1.180756807 -1.190734386 -1.212393641 -1.21810782 -1.26491046 -1.319717288 -1.338491917 -1.33603096 -1.319680691 -1.260174274 -1.196479201 -1.147908449 -1.094201446 -1.062747121 -1.056082368 -1.05167985 -1.048527718 -1.052682281 -1.047625899 -1.044967771 -1.040347338 -1.030039191 -1.029477715 -1.037840843 -1.059132099 -1.085292935 -1.109764695 -1.105476141 -1.097498894 -1.099102378 -1.097565651
-1.425122976 -1.471654654 -1.493409276 -1.4509691 -1.440336585 -1.434388399 -1.433446765 -1.428468943 -1.422756076 -1.432313919 -1.411427855 -1.381125569 -1.35175705 -1.312281489 -1.282414079 -1.261609197 -1.25873661 -1.269103765 -1.290425658 -1.323694468 -1.359273553 -1.373554349 -1.363214731 -1.346329093 -1.346581101 -1.378165364 -1.46970582 -1.495409846 -1.477835059 -1.404513359 -1.409886003 -1.451092839 -1.476680398 -1.463320851 -1.420553923 -1.375657678 -1.337584615 -1.305568695 -1.288090825 -1.280138016 -1.264024019 -1.257412314 -1.233797669 -1.274580002 -1.288117766 -1.297431469 -1.313457727 -1.335601926 -1.344340444 -1.365784407 -1.394582748 -1.43768394 -1.471707702 -1.471593261 -1.419885278 -1.359149337
-1.46852541 -1.525952935 -1.506068841 -9999.0 -9999.0 -9999.0 -9999.0 -9999.0 -1.399111658 -1.381627202 -1.383266687 -1.365578651 -1.34623158 -1.322003126 -1.296632648 -1.277223825 -1.268557668 -1.258311987 -1.256949425 -1.280735493 -1.315925598 -1.326907277 -1.356765419 -9999.0 -9999.0 -9999.0 -9999.0 -9999.0 -1.566851497 -1.576835155 -1.571638107 -1.567858696 -1.532529116 -1.481557131 -1.404462457 -1.359828353 -1.341507077 -1.337634444 -1.342087746 -1.34653163 -1.353264809 -1.380954146 -1.418563604 -1.447386384 -1.475616813 -1.497821093 -1.524143696 -1.556777596 -1.57108438 -1.588554502 -1.612100124 -1.632324815 -1.658366442 -1.664235473 -1.63336587 -1.571919441
-9999.0 -9999.0 -9999.0 -9999.0 -9999.0 -9999.0 -9999.0 -9999.0 -9999.0 -9999.0 -9999.0 -9999.0 -9999.0 -9999.0 -9999.0 -1.280508518 -1.289812684 -1.299073815 -1.299894691 -1.304620028 -1.320396662 -1.340397775 -9999.0 -9999.0 -9999.0 -9999.0 -9999.0 -9999.0 -9999.0 -9999.0 -1.541584969 -1.534668088 -1.518389702 -1.506641269 -1.479630709 -1.451059461 -1.425487518 -1.407594562 -1.398745418 -1.426383018 -1.425674558 -1.442147493 -1.475593328 -1.500358939 -1.517539859 -1.548419952 -1.584868789 -1.598467946 -1.614285588 -1.626920223 -1.636369586 -9999.0 -9999.0 -1.68579185 -1.678088903 -1.668298483
-9999.0 -9999.0 -9999.0 -9999.0 -9999.0 -9999.0 -9999.0 -9999.0 -9999.0 -9999.0 -9999.0 -9999.0 -9999.0 -9999.0 -9999.0 -9999.0 -9999.0 -9999.0 -9999.0 -9999.0 -9999.0 -9999.0 -9999.0 -9999.0 -9999.0 -9999.0 -9999.0 -9999.0 -1.464601517 -1.475694165 -1.487244397 -1.49929738 -1.474995494 -1.474912688 -1.474974588 -1.475221872 -1.475690842 -1.476357102 -1.48491621 -1.497681022 -1.509821177 -1.523741722 -1.534170851 -1.544732124 -9999.0 -9999.0 -9999.0 -9999.0 -9999.0 -9999.0 -9999.0 -9999.0 -9999.0 -9999.0 -9999.0 -9999.0
-9999.0 -9999.0 -9999.0 -9999.0 -9999.0 -9999.0 -9999.0 -9999.0 -9999.0 -9999.0 -9999.0 -9999.0 -9999.0 -9999.0 -9999.0 -9999.0 -9999.0 -9999.0 -9999.0 -9999.0 -9999.0 -9999.0 -9999.0 -9999.0 -9999.0 -9999.0 -9999.0 -9999.0 -9999.0 -9999.0 -9999.0 -9999.0 -9999.0 -9999.0 -9999.0 -9999.0 -9999.0 -9999.0 -9999.0 -9999.0 -9999.0 -9999.0 -9999.0 -9999.0 -9999.0 -9999.0 -9999.0 -9999.0 -9999.0 -9999.0 -9999.0 -9999.0 -9999.0 -9999.0 -9999.0 -9999.0
-9999.0 -9999.0 -9999.0 -9999.0 -9999.0 -9999.0 -9999.0 -9999.0 -9999.0 -9999.0 -9999.0 -9999.0 -9999.0 -9999.0 -9999.0 -9999.0 -9999.0 -9999.0 -9999.0 -9999.0 -9999.0 -9999.0 -9999.0 -9999.0 -9999.0 -9999.0 -9999.0 -9999.0 -9999.0 -9999.0 -9999.0 -9999.0 -9999.0 -9999.0 -9999.0 -9999.0 -9999.0 -9999.0 -9999.0 -9999.0 -9999.0 -9999.0 -9999.0 -9999.0 -9999.0 -9999.0 -9999.0 -9999.0 -9999.0 -9999.0 -9999.0 -9999.0 -9999.0 -9999.0 -9999.0 -9999.0
-9999.0 -9999.0 -9999.0 -9999.0 -9999.0 -9999.0 -9999.0 -9999.0 -9999.0 -9999.0 -9999.0 -9999.0 -9999.0 -9999.0 -9999.0 -9999.0 -9999.0 -9999.0 -9999.0 -9999.0 -9999.0 -9999.0 -9999.0 -9999.0 -9999.0 -9999.0 -9999.0 -9999.0 -9999.0 -9999.0 -9999.0 -9999.0 -9999.0 -9999.0 -9999.0 -9999.0 -9999.0 -9999.0 -9999.0 -9999.0 -9999.0 -9999.0 -9999.0 -9999.0 -9999.0 -9999.0 -9999.0 -9999.0 -9999.0 -9999.0 -9999.0 -9999.0 -9999.0 -9999.0 -9999.0 -9999.0
-9999.0 -9999.0 -9999.0 -9999.0 -9999.0 -9999.0 -9999.0 -9999.0 -9999.0 -9999.0 -9999.0 -9999.0 -9999.0 -9999.0 -9999.0 -9999.0 -9999.0 -9999.0 -9999.0 -9999.0 -9999.0 -9999.0 -9999.0 -9999.0 -9999.0 -9999.0 -9999.0 -9999.0 -9999.0 -9999.0 -9999.0 -9999.0 -9999.0 -9999.0 -9999.0 -9999.0 -9999.0 -9999.0 -9999.0 -9999.0 -9999.0 -9999.0 -9999.0 -9999.0 -9999.0 -9999.0 -9999.0 -9999.0 -9999.0 -9999.0 -9999.0 -9999.0 -9999.0 -9999.0 -9999.0 -9999.0
-9999.0 -9999.0 -9999.0 -9999.0 -9999.0 -9999.0 -9999.0 -9999.0 -9999.0 -9999.0 -9999.0 -9999.0 -9999.0 -9999.0 -9999.0 -9999.0 -9999.0 -9999.0 -9999.0 -9999.0 -9999.0 -9999.0 -9999.0 -9999.0 -9999.0 -9999.0 -9999.0 -9999.0 -9999.0 -9999.0 -9999.0 -9999.0 -9999.0 -9999.0 -9999.0 -9999.0 -9999.0 -9999.0 -9999.0 -9999.0 -9999.0 -9999.0 -9999.0 -9999.0 -9999.0 -9999.0 -9999.0 -9999.0 -9999.0 -9999.0 -9999.0 -9999.0 -9999.0 -9999.0 -9999.0 -9999.0
-9999.0 -9999.0 -9999.0 -9999.0 -9999.0 -9999.0 -9999.0 -9999.0 -9999.0 -9999.0 -9999.0 -9999.0 -9999.0 -9999.0 -9999.0 -9999.0 -9999.0 -9999.0 -9999.0 -9999.0 -9999.0 -9999.0 -9999.0 -9999.0 -9999.0 -9999.0 -9999.0 -9999.0 -9999.0 -9999.0 -9999.0 -9999.0 -9999.0 -9999.0 -9999.0 -9999.0 -9999.0 -9999.0 -9999.0 -9999.0 -9999.0 -9999.0 -9999.0 -9999.0 -9999.0 -9999.0 -9999.0 -9999.0 -9999.0 -9999.0 -9999.0 -9999.0 -9999.0 -9999.0 -9999.0 -9999.0
-9999.0 -9999.0 -9999.0 -9999.0 -9999.0 -9999.0 -9999.0 -9999.0 -9999.0 -9999.0 -9999.0 -9999.0 -9999.0 -9999.0 -9999.0 -9999.0 -9999.0 -9999.0 -9999.0 -9999.0 -9999.0 -9999.0 -9999.0 -9999.0 -9999.0 -9999.0 -9999.0 -9999.0 -9999.0 -9999.0 -9999.0 -9999.0 -9999.0 -9999.0 -9999.0 -9999.0 -9999.0 -9999.0 -9999.0 -9999.0 -9999.0 -9999.0 -9999.0 -9999.0 -9999.0 -9999.0 -9999.0 -9999.0 -9999.0 -9999.0 -9999.0 -9999.0 -9999.0 -9999.0 -9999.0 -9999.0
-9999.0 -9999.0 -9999.0 -9999.0 -9999.0 -9999.0 -9999.0 -9999.0 -9999.0 -9999.0 -9999.0 -9999.0 -9999.0 -9999.0 -9999.0 -9999.0 -9999.0 -9999.0 -9999.0 -9999.0 -9999.0 -9999.0 -9999.0 -9999.0 -9999.0 -9999.0 -9999.0 -9999.0 -9999.0 -9999.0 -9999.0 -9999.0 -9999.0 -9999.0 -9999.0 -9999.0 -9999.0 -9999.0 -9999.0 -9999.0 -9999.0 -9999.0 -9999.0 -9999.0 -9999.0 -9999.0 -9999.0 -9999.0 -9999.0 -9999.0 -9999.0 -9999.0 -9999.0 -9999.0 -9999.0 -9999.0
-9999.0 -9999.0 -9999.0 -9999.0 -9999.0 -9999.0 -9999.0 -9999.0 -9999.0 -9999.0 -9999.0 -9999.0 -9999.0 -9999.0 -9999.0 -9999.0 -9999.0 -9999.0 -9999.0 -9999.0 -9999.0 -9999.0 -9999.0 -9999.0 -9999.0 -9999.0 -9999.0 -9999.0 -9999.0 -9999.0 -9999.0 -9999.0 -9999.0 -9999.0 -9999.0 -9999.0 -9999.0 -9999.0 -9999.0 -9999.0 -9999.0 -9999.0 -9999.0 -9999.0 -9999.0 -9999.0 -9999.0 -9999.0 -9999.0 -9999.0 -9999.0 -9999.0 -9999.0 -9999.0 -9999.0 -9999.0
-9999.0 -9999.0 -9999.0 -9999.0 -9999.0 -9999.0 -9999.0 -9999.0 -9999.0 -9999.0 -9999.0 -9999.0 -9999.0 -9999.0 -9999.0 -9999.0 -9999.0 -9999.0 -9999.0 -9999.0 -9999.0 -9999.0 -9999.0 -9999.0 -9999.0 -9999.0 -9999.0 -9999.0 -9999.0 -9999.0 -9999.0 -9999.0 -9999.0 -9999.0 -9999.0 -9999.0 -9999.0 -9999.0 -9999.0 -9999.0 -9999.0 -9999.0 -9999.0 -9999.0 -9999.0 -9999.0 -9999.0 -9999.0 -9999.0 -9999.0 -9999.0 -9999.0 -9999.0 -9999.0 -9999.0 -9999.0
