Environmental Parameters/RCP 45/2050/Sea-surface_salinity.asc
ncols 720
nrows 360
xllcorner -180.0
yllcorner -90.0
cellsize 0.5
NODATA_value -9999
[rows 234 to 259 of 360, columns 413 to 471 of 720]
0.0 0.0 0.0 0.0 0.0 0.0 0.0 0.0 0.0 0.0 0.0 0.0 35.2439537 35.27933121 35.31172562 35.34410095 35.37249374 35.39651489 35.42132187 35.43979645 35.44901657 35.45849228 35.46835709 35.47499847 35.47732925 35.47109222 35.46291733 35.45478058 35.43855286 35.42193604 35.41251373 35.40146255 35.38703918 35.37011337 35.34883118 35.32563782 35.30518341 35.29406738 35.29372025 35.30455017 35.324543 35.34727097 35.36329651 35.38319016 35.41366959 35.4356041 35.43941116 35.43679047 35.43730927 35.44615555 35.46279526 35.47205734 35.44547272 35.43196106 35.43107605 35.44175339 35.44974899 35.45323944 35.45448685
0.0 0.0 0.0 0.0 0.0 0.0 0.0 0.0 0.0 0.0 0.0 0.0 35.26444244 35.31731415 35.35707855 35.39119339 35.41013718 35.42063522 35.43786621 35.45075989 35.45965576 35.46916199 35.47488022 35.47958374 35.47976685 35.47445679 35.46878815 35.46234894 35.44799423 35.43845749 35.43791962 35.42978287 35.41149521 35.40106201 35.39321899 35.38366318 35.36070251 35.35199738 35.3480835 35.35701752 35.37793732 35.39017487 35.40240097 35.42431259 35.45216751 35.47397614 35.4814682 35.48693085 35.49775314 35.5225563 35.54156876 35.53542709 35.51258087 35.49876022 35.48379517 35.48110199 35.47254944 35.47185135 35.48324966
0.0 0.0 0.0 0.0 0.0 0.0 0.0 0.0 0.0 0.0 0.0 35.25088501 35.27952194 35.34840012 35.38624954 35.41942596 35.43404007 35.44128036 35.44768906 35.45529556 35.4636116 35.4720993 35.48059845 35.48734665 35.48755646 35.48517609 35.48509216 35.47846985 35.46863174 35.46440506 35.45812225 35.44428635 35.43368912 35.43696213 35.43527222 35.43541336 35.43470001 35.43648911 35.43732071 35.44350815 35.45262146 35.44866943 35.46593857 35.48698044 35.51137924 35.52069855 35.52975464 35.54511261 35.5668869 35.58515167 35.5911293 35.5758934 35.56306076 35.55736923 35.55151367 35.54394531 35.53104782 35.53025818 35.54040527
0.0 0.0 0.0 0.0 0.0 0.0 0.0 0.0 0.0 0.0 35.24014282 35.3015213 35.30657196 35.36997604 35.40245056 35.43550491 35.45010757 35.45372391 35.45554352 35.46116257 35.46898651 35.47761917 35.48661041 35.48940277 35.49277496 35.49871445 35.49853134 35.49311829 35.486763 35.47712708 35.46710205 35.45955276 35.45909119 35.47363663 35.4831543 35.49604034 35.51146317 35.52350235 35.52685547 35.52600098 35.52408981 35.51825333 35.52562714 35.54553223 35.55452728 35.55816269 35.56480408 35.58037567 35.60020065 35.6186142 35.62612534 35.60856628 35.59877396 35.60494995 35.60348511 35.59968185 35.58738708 35.58297729 35.58444977
0.0 0.0 0.0 0.0 0.0 0.0 0.0 0.0 0.0 35.25979996 35.28079605 35.31190872 35.35060883 35.39233017 35.41046143 35.42889404 35.44868469 35.45558929 35.46422958 35.47694397 35.48311996 35.48878479 35.49516678 35.49769592 35.50150299 35.5066452 35.50711441 35.50027084 35.49402618 35.48930359 35.47912979 35.48036957 35.48266602 35.48878098 35.50763321 35.53360748 35.55633163 35.57509613 35.581707 35.57981873 35.57940674 35.56760025 35.56491852 35.57364655 35.58105469 35.59305191 35.60074234 35.60855103 35.62122726 35.63316727 35.645504 35.64067841 35.63836288 35.6415863 35.63830185 35.63385773 35.62659073 35.61948776 35.61049271
0.0 0.0 0.0 0.0 0.0 0.0 0.0 0.0 35.2813147 35.26921463 35.32935333 35.34630966 35.39562225 35.40608597 35.42219925 35.43529129 35.44644928 35.46287537 35.4839592 35.49989319 35.50526428 35.50762558 35.50518799 35.50540161 35.51263809 35.51345062 35.51005173 35.50884628 35.50459671 35.50219727 35.49520874 35.4862442 35.48464584 35.49509811 35.5112381 35.53028107 35.5554924 35.58497238 35.60578918 35.61320877 35.614048 35.60396194 35.59739304 35.59764481 35.59825897 35.60447311 35.60544968 35.60866928 35.6133728 35.62676239 35.64556122 35.65624237 35.66285324 35.66316605 35.65152359 35.6385994 35.62583542 35.62167358 35.61967468
0.0 0.0 0.0 0.0 0.0 0.0 0.0 0.0 35.32030869 35.33811951 35.35661316 35.39638519 35.42298508 35.43141174 35.44632339 35.45302963 35.46509552 35.49232864 35.51182938 35.52138519 35.52606964 35.52492905 35.51496124 35.50598526 35.50485229 35.50653839 35.50424576 35.51101685 35.51182938 35.51183319 35.50642014 35.50011063 35.49790192 35.50796509 35.51580048 35.52897263 35.55123901 35.58370972 35.60548019 35.62129593 35.6316452 35.63301468 35.63231659 35.62994385 35.62585449 35.62227631 35.61507416 35.60750961 35.60756302 35.61351013 35.62891006 35.64513779 35.65265656 35.6533432 35.64902115 35.64321899 35.63275909 35.62652969 35.6259613
0.0 0.0 0.0 0.0 0.0 0.0 0.0 35.34435272 35.3400383 35.37665176 35.4060936 35.43309784 35.44468689 35.4550705 35.47254181 35.48085022 35.4956131 35.51507568 35.52471924 35.52658844 35.52956009 35.52967453 35.51677322 35.50554276 35.50392151 35.51411819 35.52246475 35.532341 35.53569794 35.53394318 35.53472519 35.53483582 35.53203964 35.53726578 35.54137039 35.5541153 35.57097244 35.59311295 35.61198425 35.63015366 35.64728546 35.65436935 35.66123962 35.65965652 35.65493774 35.65006638 35.64186859 35.62899399 35.61909103 35.61445999 35.6135788 35.61978531 35.634758 35.6416626 35.64929581 35.65625 35.65418625 35.65325928 35.64275742
0.0 0.0 0.0 0.0 0.0 0.0 35.36804581 35.36902237 35.38034439 35.41846466 35.44542694 35.46059799 35.46593475 35.47874069 35.49982071 35.50766373 35.5099678 35.51250458 35.52096558 35.52381897 35.52357483 35.52301407 35.51652527 35.50943375 35.51779175 35.53121567 35.54411697 35.5578537 35.5630722 35.561203 35.5607605 35.56573868 35.56858826 35.57203674 35.57847977 35.58470917 35.59448242 35.60599136 35.62266159 35.63818741 35.65271759 35.6667099 35.67917252 35.67879868 35.67101288 35.66386795 35.65651321 35.64552307 35.63108444 35.61404419 35.60180283 35.60553741 35.61543274 35.62807083 35.63695908 35.64671326 35.64899445 35.64573669 35.63464355
0.0 0.0 0.0 0.0 0.0 35.39546204 35.38475037 35.38676071 35.43297195 35.44729233 35.45827484 35.46902847 35.47846603 35.49914169 35.51691818 35.52157974 35.51729584 35.51621246 35.51982498 35.52480316 35.52503967 35.52980804 35.53286362 35.53378296 35.54075241 35.54912567 35.55759811 35.56711197 35.57521439 35.58131409 35.58280563 35.58048248 35.57397079 35.57016373 35.56494141 35.56712723 35.56305695 35.57575226 35.59610748 35.61358643 35.64044571 35.65665054 35.66972351 35.67053223 35.66360855 35.64808655 35.63621521 35.62373734 35.61152649 35.59988785 35.58887482 35.58639908 35.5827446 35.58501434 35.58023834 35.58667755 35.5892334 35.5833168 35.58524323
0.0 0.0 0.0 0.0 35.41284561 35.39768219 35.40581131 35.44291306 35.46146393 35.46110916 35.47083664 35.4809761 35.49339294 35.51203156 35.5274086 35.5310173 35.52709198 35.52799606 35.53277969 35.53789139 35.53956985 35.54613876 35.55469513 35.56401443 35.56719589 35.56586838 35.57078171 35.57832336 35.58589935 35.59156799 35.59300232 35.59115982 35.58661652 35.57559967 35.56661987 35.56130981 35.55425644 35.55486298 35.56738663 35.58845139 35.60836411 35.6249733 35.64019394 35.64195633 35.63109207 35.62030792 35.60205841 35.58447647 35.57623672 35.5722084 35.57070541 35.56486511 35.55090714 35.54944611 35.55067062 35.55165863 35.55343246 35.5543251 35.55350494
0.0 0.0 35.42979176 35.43193436 35.41086578 35.42019653 35.46728897 35.48623657 35.48657227 35.49098969 35.49743271 35.50192261 35.51366043 35.52597809 35.53465271 35.53091812 35.52646255 35.51924515 35.5181427 35.52914047 35.53585815 35.5514183 35.56644058 35.57774734 35.57629776 35.57185364 35.57544708 35.57923126 35.58113098 35.57960129 35.57818222 35.58139038 35.58249283 35.57625198 35.5728569 35.57026291 35.55749512 35.54823685 35.55412292 35.57115173 35.58594131 35.59223938 35.58870316 35.59487915 35.58395386 35.56613159 35.54901505 35.53755951 35.53393936 35.53465652 35.53277588 35.52327347 35.52407074 35.52566147 35.52500153 35.52665329 35.5300293 35.53135681 35.53458405
0.0 35.44664741 35.44070435 35.42338562 35.43611145 35.47646332 35.50629807 35.50479889 35.52386856 35.53594208 35.5318985 35.51914215 35.5197525 35.51913452 35.52320099 35.51506805 35.51235199 35.50076294 35.50065994 35.51547241 35.52873993 35.54740524 35.56533813 35.57782745 35.57859802 35.57496643 35.56498718 35.55833054 35.5596199 35.55858994 35.55014801 35.54951477 35.55027771 35.55273438 35.55709076 35.55813217 35.54889679 35.54035187 35.53909302 35.54170227 35.54447937 35.54078293 35.53674316 35.53548813 35.52631378 35.51560211 35.51192474 35.50589371 35.50140762 35.50366974 35.50437164 35.50073242 35.50361633 35.50675583 35.50852585 35.50928497 35.51025009 35.50753021 35.50842667
35.45433044 35.43995667 35.44149399 35.46724701 35.50270081 35.51290894 35.520298 35.54187393 35.57400131 35.5769043 35.55299759 35.5184021 35.5022049 35.50074387 35.49777985 35.490345 35.49121857 35.48714828 35.49254227 35.49996948 35.5112381 35.52977753 35.55025482 35.56521988 35.56693649 35.56216812 35.55367661 35.54622269 35.54111099 35.53745651 35.52903366 35.52483368 35.52650833 35.5304718 35.5390358 35.54187393 35.53829193 35.53402328 35.52764511 35.51960754 35.51311493 35.50956345 35.50341415 35.49737549 35.49053192 35.48461914 35.47893143 35.47559357 35.47531128 35.47645569 35.47983932 35.47945404 35.48218155 35.48176956 35.48171234 35.4824791 35.48154068 35.48271561 35.48270798
35.44977951 35.46602249 35.49599075 35.52746582 35.53742599 35.54034424 35.55945969 35.58306503 35.59702682 35.59005737 35.55505753 35.51245117 35.48984909 35.48572922 35.48810577 35.48729706 35.48741913 35.48704147 35.48836899 35.49285126 35.50163651 35.51179123 35.52933502 35.54528809 35.55632019 35.55300522 35.55036163 35.54585648 35.54085541 35.53450012 35.52517319 35.52012634 35.51997757 35.52330399 35.528862 35.53021622 35.52685928 35.5217514 35.51522064 35.50971603 35.50375366 35.49770737 35.49250031 35.48714066 35.47846603 35.47110748 35.46360779 35.45980072 35.45627213 35.45407867 35.45326233 35.45266724 35.45231628 35.45191574 35.45162582 35.45110703 35.44920349 35.44984055 35.4509201
35.50128937 35.52780151 35.54497147 35.55825043 35.56866837 35.5813179 35.59254074 35.59941101 35.60719299 35.59108734 35.55144501 35.50708771 35.4819603 35.47953796 35.4876976 35.49168015 35.49552536 35.49412918 35.49198532 35.49058151 35.49450684 35.49974442 35.51299667 35.52697754 35.53710175 35.53974915 35.54255295 35.54263687 35.54078674 35.5351944 35.52646637 35.5228653 35.52201462 35.52167892 35.51824951 35.51341629 35.50745773 35.50241852 35.4943161 35.49168015 35.48842621 35.48432159 35.48213577 35.47996521 35.47049332 35.46048737 35.45543671 35.45031357 35.44446945 35.44065857 35.43497086 35.43254852 35.43167114 35.43360519 35.43374634 35.43373871 35.43497086 35.43645859 35.43826294
35.55903625 35.56980515 35.57660675 35.58584976 35.59396362 35.59938812 35.59964371 35.60219955 35.6064682 35.59003067 35.55067062 35.50584412 35.48786545 35.49528122 35.50904465 35.51594925 35.52055359 35.52096558 35.51820755 35.52270889 35.51868057 35.50823975 35.50952148 35.51340103 35.5196228 35.5250206 35.53221512 35.53581238 35.53804779 35.53518677 35.52740479 35.52365112 35.52165985 35.51596451 35.50717163 35.49843597 35.4913559 35.48871231 35.48305511 35.48154068 35.4783783 35.47326279 35.47150421 35.46977234 35.46123123 35.45336914 35.45333099 35.45095062 35.44561005 35.43909073 35.4320488 35.42542267 35.42022324 35.42127609 35.42388153 35.42466354 35.42670441 35.42963028 35.43258286
35.57550812 35.58207703 35.58723831 35.5930748 35.60205841 35.60309982 35.59537506 35.59565735 35.59350967 35.57791138 35.55482864 35.53673172 35.53465271 35.54566193 35.5585022 35.5532341 35.54898453 35.55273437 35.55703735 35.56007004 35.55604172 35.548172 35.53979111 35.53119659 35.52301788 35.5236969 35.52859116 35.53193283 35.53285217 35.53022385 35.52787018 35.5244751 35.51880264 35.51185226 35.50495911 35.50033188 35.49582672 35.49283981 35.48862457 35.4850502 35.47991943 35.47406387 35.46928787 35.4662323 35.4591217 35.45436478 35.45339584 35.45323563 35.44916534 35.44203186 35.43546295 35.42669678 35.41898346 35.41651917 35.41876984 35.41816711 35.41661072 35.41835785 35.42019653
35.57500839 35.57439423 35.58137131 35.59183121 35.60274887 35.60377121 35.5989418 35.59896469 35.59926605 35.59500885 35.58842468 35.58439636 35.58665085 35.59343719 35.59998703 35.59840393 35.58084106 35.57796478 35.58382416 35.59050369 35.59043121 35.58341217 35.57461166 35.56392288 35.55794144 35.543293 35.54141617 35.53907013 35.53461456 35.53071594 35.5304451 35.52755356 35.52117157 35.51948929 35.51443481 35.51181793 35.50827026 35.50244141 35.49789429 35.49390411 35.48935699 35.4834671 35.478508 35.46880722 35.46692276 35.46541214 35.46299744 35.45648956 35.44723129 35.4384613 35.43359375 35.42845535 35.41938782 35.41461945 35.41696167 35.41720963 35.4140358 35.41430664 35.41472626
35.54998398 35.54819489 35.55742264 35.57690811 35.59653854 35.60123825 35.59679794 35.59929276 35.60157776 35.59682083 35.59170151 35.58662796 35.59057617 35.60616684 35.6204071 35.61991882 35.60242462 35.5840683 35.58590317 35.59311295 35.60050964 35.60428238 35.60266495 35.59860229 35.59068298 35.5813179 35.57328415 35.55716705 35.54663086 35.54060745 35.54128647 35.54236221 35.53947067 35.53168869 35.52760315 35.52680588 35.52287674 35.51610184 35.50917816 35.50331879 35.49733353 35.49326324 35.48323822 35.47267532 35.46783829 35.46694946 35.46715927 35.46244812 35.45368576 35.44090652 35.43463516 35.42730331 35.41748047 35.41290665 35.41389847 35.41467285 35.41259384 35.41175842 35.41596222
35.48799896 35.49266434 35.51166916 35.54108047 35.57082367 35.57821274 35.57534027 35.57513428 35.56430435 35.54426575 35.5286293 35.5207901 35.53367615 35.5663147 35.60470963 35.6177597 35.60366821 35.58124924 35.56808853 35.57033539 35.58018875 35.59061432 35.59845352 35.60321045 35.59918213 35.59875488 35.59932709 35.59206772 35.57862854 35.56891251 35.56422424 35.56048965 35.55263519 35.54476547 35.54003143 35.54273987 35.54595566 35.54265213 35.53471375 35.52573395 35.51627731 35.50272369 35.49141312 35.47578049 35.46629715 35.46665573 35.46944427 35.46920395 35.46510315 35.45519638 35.43825531 35.42486954 35.41448975 35.41007614 35.40816879 35.41056442 35.40929413 35.40510178 35.40154648
35.43579483 35.45419312 35.48223877 35.51602936 35.54891205 35.56116486 35.5489769 35.53791809 35.51711273 35.49403763 35.47061539 35.46178055 35.47859192 35.52012634 35.57441711 35.60269547 35.59329605 35.5761795 35.55980301 35.55152512 35.5536232 35.55486679 35.55224609 35.54540634 35.55110168 35.56454086 35.57716751 35.57999802 35.57850647 35.57657623 35.57300949 35.56980515 35.56344604 35.546978 35.54365158 35.54729462 35.55423355 35.55617905 35.55280304 35.54197311 35.52975082 35.51740646 35.498703 35.47695541 35.45875168 35.45407867 35.4546051 35.45624924 35.45516586 35.45115662 35.44470978 35.4271431 35.41743851 35.40871811 35.40219116 35.39862823 35.39509583 35.39204025 35.38626099
35.42879868 35.46628952 35.49822998 35.52188492 35.54449081 35.55337143 35.53678894 35.52291489 35.49456406 35.46288681 35.429245 35.41423798 35.43090439 35.47994995 35.54151535 35.59051895 35.60634995 35.58266449 35.56113052 35.54374695 35.53019333 35.5101738 35.48476791 35.46603012 35.46728134 35.48368835 35.5227623 35.54204559 35.55508423 35.56509781 35.57006836 35.56810379 35.55836487 35.54139709 35.53078461 35.53314972 35.54356003 35.55151749 35.55356598 35.54379654 35.52772522 35.51296234 35.49526978 35.4685173 35.44124985 35.43247223 35.4288063 35.43051529 35.43167496 35.43003464 35.43114471 35.42560959 35.41788864 35.40501404 35.39295197 35.38206482 35.37371063 35.36924362 35.36511993
35.48646164 35.52830505 35.55805969 35.57436752 35.5657692 35.55085754 35.53851318 35.51942825 35.48833847 35.44864273 35.40495682 35.38348389 35.4037323 35.45979309 35.52482986 35.57802582 35.59921265 35.59626007 35.57216263 35.53111649 35.49384308 35.44205093 35.39762497 35.37501526 35.37490082 35.40181351 35.45101929 35.49170685 35.52292252 35.53817749 35.55596542 35.55162811 35.52830124 35.50666046 35.49440384 35.49944687 35.51526642 35.52778625 35.5334053 35.52461624 35.50525665 35.48662186 35.47134399 35.43594742 35.40573883 35.39497757 35.38819504 35.38949966 35.39294815 35.39635849 35.40243149 35.40490341 35.39903259 35.38558197 35.36893463 35.35092545 35.3317337 35.32510376 35.32328796
35.52454376 35.59133911 35.64098358 35.64691162 35.62316132 35.56639862 35.53784943 35.50816345 35.46633148 35.42085648 35.37768936 35.35681915 35.38246918 35.45337677 35.53076935 35.58119583 35.60348511 35.59503555 35.5615387 35.51073837 35.44431305 35.36751175 35.30922699 35.28083038 35.28579712 35.32280731 35.39526367 35.44942093 35.48976898 35.52349854 35.53609085 35.5221405 35.47858429 35.45096207 35.43812561 35.43972778 35.45481873 35.46770477 35.47142792 35.46755219 35.45924759 35.44815826 35.42313766 35.3799057 35.3418541 35.31586838 35.29889297 35.30263901 35.31172562 35.32881546 35.35482025 35.37702942 35.38365555 35.36957169 35.34479141 35.31708145 35.29487228 35.28569412 35.28503418
35.48189163 35.53952408 35.60858154 35.64217377 35.63366699 35.60108948 35.54398346 35.47912216 35.42757797 35.37183762 35.33016205 35.32003403 35.36432266 35.45305252 35.54764557 35.63184357 35.62867737 35.59607315 35.54228592 35.47740555 35.40013885 35.31093216 35.23728561 35.19272995 35.21050262 35.28620911 35.35590744 35.41877747 35.46929169 35.50447845 35.50474548 35.47698593 35.43787003 35.39260864 35.35635376 35.34682846 35.35287857 35.36758423 35.38195038 35.3873291 35.38751984 35.38048172 35.35660934 35.30146408 35.25326538 35.20796967 35.17840576 35.18113327 35.20415115 35.23264694 35.27926254 35.32039261 35.34568405 35.35144043 35.33514404 35.30938721 35.28432846 35.27551651 35.2816124
