Environmental Parameters/RCP 45/2050/Sea-bottom_dissolved_oxygen.asc
ncols 720
nrows 360
xllcorner -180.0
yllcorner -90.0
cellsize 0.5
NODATA_value -9999
[rows 286 to 311 of 360, columns 177 to 235 of 720]
209.9337769 209.8689728 210.4500427 209.5922394 209.5119934 209.722702 209.9671478 210.0341949 210.3139954 210.2164612 210.059906 209.6738739 209.2224579 208.6578217 208.7212524 209.3087463 209.7053528 209.3183136 208.2116241 210.1676788 209.5808868 209.4338074 209.1109009 208.9890137 207.2097015 205.876297 206.1950378 206.6654968 206.8912048 206.3995972 205.669632 158.1339569 184.8399658 287.2397308 282.8461304 299.0147393 298.1413043 297.900526 285.9163408 297.8570623 295.4943731 289.2995985 291.9950373 295.8090532 297.3884544 297.2256722 296.3130493 286.0817566 282.2388916 281.6863098 280.1870117 287.7058411 297.5900879 302.8638306 295.7811584 293.8510437 294.6282959 294.2394409 293.0686035
210.0369263 209.0286407 209.518692 209.0703888 209.0692139 209.2907257 209.5416412 209.9120636 210.0954437 210.235199 210.2040863 209.8226776 209.2620087 208.6913452 208.3908234 208.6200714 209.7483521 210.7001801 210.1657867 210.3488922 209.6176147 209.5670776 210.4820099 209.0631409 209.0224304 207.749649 208.8211517 207.2600555 207.0330048 206.6681519 205.5229034 201.6015778 165.5560303 162.6616364 283.5985565 292.7348022 291.3639221 294.7106194 293.5701976 297.2740328 297.1945002 296.5946701 288.088038 296.5618672 299.0063343 0.0 0.0 300.9668579 291.6867065 295.9609985 293.8239136 293.5799866 299.5604858 304.1508484 304.1040344 288.5859375 280.8372803 293.6734619 283.3633728
210.0621033 209.6678467 209.5650177 209.1200409 207.6868134 209.3439636 209.5599518 210.123642 210.7572174 211.156311 210.8965759 210.3631134 209.7444153 209.1073608 208.9029999 208.851593 208.4152832 210.1610718 210.4259644 211.1123352 210.3484344 209.7607422 209.5680237 210.2780304 209.1304626 207.839859 207.4703522 207.4825287 207.6120758 207.9658813 207.971817 206.1004028 196.6439209 168.4194794 164.6763 284.134552 293.6587524 293.7168274 297.2857938 298.5064449 299.4469881 298.4032309 295.6321783 301.9608517 301.0207794 300.3251193 0.0 0.0 301.334198 305.4120178 302.3495483 303.3381042 307.3711548 304.717926 307.519989 305.0848389 295.3538666 297.2246399 299.60289
207.2891846 209.7371216 211.3191376 208.8111267 209.098999 209.2221375 210.045578 210.6659698 211.3348236 211.6962738 211.5378113 211.0921936 210.1962738 209.9354553 209.1501465 208.8230743 209.1161804 209.2294006 210.0077362 212.6578217 210.1397247 210.3652039 211.2513428 208.7862549 209.2596741 209.0543213 207.6494751 207.5229187 207.3703613 207.7045593 208.8187561 208.3766022 210.085495 210.1846313 173.8381195 171.2757874 286.1419983 296.6340332 293.2572021 298.2548218 300.5529546 302.142847 300.0295717 302.7502229 302.2023518 301.2484546 301.8988526 304.0973432 305.9868188 306.1802328 295.8634644 283.1443176 310.6362 308.6841125 305.649353 300.743576 276.3846436 248.9560242 279.7209625
212.5783234 210.886261 206.6052551 210.2659149 209.7365112 210.316391 210.3367767 210.1287689 211.166275 211.4945374 211.7098694 211.3413391 211.1694946 210.8551025 209.8340454 209.37883 209.1189117 209.0054932 209.3710327 209.9839935 209.8447876 206.1324921 210.4579315 210.7168274 209.8927002 208.4181519 210.0679779 207.5827026 207.7588348 207.4015961 207.8576202 208.8602905 209.379776 210.2734528 210.3022156 211.8256989 181.089035 170.4738922 172.2414093 274.3081818 289.410675 301.5707703 299.832428 299.2025146 304.014688 301.4951298 300.8789248 308.676213 309.0588684 308.3954163 303.3713379 228.6608734 212.9363708 198.8908844 197.6338959 203.1054077 208.9955902 218.3309479 220.1412354
210.8990631 212.7168884 211.6444244 210.9394989 210.2730865 209.4093628 209.4444427 210.3924866 210.9141998 211.8302765 212.6712952 211.2870331 212.2203827 211.8243561 210.5054932 211.693924 209.1950989 208.9646912 209.1668549 209.7218018 209.9133148 209.4729156 211.3890533 210.2941284 209.9497833 211.126297 210.1366425 208.9560242 209.0751953 209.453537 209.9823761 208.7055664 208.2485046 208.4031525 209.7739716 210.2535553 210.8429871 211.0414124 189.3933868 176.2467804 178.8626251 233.1539154 296.6276245 299.6294403 302.1485291 295.2799377 299.4868469 300.5058899 303.2617493 306.5123596 283.039505 203.42453 210.9097443 216.8934631 218.8092957 218.8107758 219.8416138 219.360321 219.7827606
213.1590881 213.0062866 211.9077454 211.2559967 210.5081635 209.9968109 210.1306915 210.4307098 211.0435791 211.5214996 211.990097 212.0765533 211.8626862 212.510498 209.1514893 210.4624939 209.8990021 209.6195374 209.6115723 211.7259827 210.2896729 209.5644073 209.7327881 209.8673096 209.9860077 209.675354 210.1483002 210.2010193 211.0803223 208.543396 208.8611603 209.1589661 208.3158722 210.5668793 210.4886169 210.5115662 210.6138458 210.752182 211.0105591 211.1467896 211.4631042 184.4008026 184.8645782 293.4505615 295.7763672 299.3063507 301.6690674 299.7341309 297.0769501 287.8286743 200.231369 206.782959 218.81604 204.6194 219.1751099 219.7459717 219.8562927 220.1464386 220.2258148
212.8596039 212.6845093 212.0190735 211.7616425 211.3525085 211.1519775 211.2141418 211.478775 211.6832428 211.9526672 212.3600311 212.3580933 212.4021149 211.5023956 212.2751007 211.4179382 210.3843384 210.9333801 210.5101166 210.4968262 210.6491852 209.4023285 210.1333466 210.973999 210.4588165 212.1608276 210.4611664 211.227066 210.7397308 211.3256073 211.2013702 211.5789795 210.857254 211.8440399 210.4690247 210.8977814 211.015564 211.0552521 210.5018768 209.2993317 210.4354858 211.5183563 211.7318726 211.6669159 208.8340607 226.1580505 294.5325928 294.2286682 245.2026215 197.9057007 215.9098816 218.4135132 217.1092072 220.2572021 220.3987274 220.0600739 220.1875458 219.9574738 220.1695099
212.3876038 212.4362793 212.3061981 212.5115967 211.9970856 212.0513306 212.3809357 212.4769897 212.5610046 212.618866 212.5048676 212.6668549 212.4955292 212.1251373 212.0709534 212.1438751 212.4504852 212.8363342 212.0668335 212.7503204 212.0146179 210.5069885 212.8608246 211.9437714 212.3154755 211.0376434 212.6773376 211.2884216 211.5240021 211.1680145 211.634552 212.7151642 211.4990845 211.8330078 210.6838074 210.6360321 210.7186737 210.7539673 210.8068237 210.8472443 211.2426758 210.5221863 209.6257172 211.3372498 211.6963806 211.856781 212.6247864 212.7197876 200.2626343 208.5475311 215.6529236 220.4435883 220.3100586 221.1315155 219.9247742 219.9289703 219.8425446 220.131897 220.4970703
205.3259583 212.5603333 210.9930878 212.7325439 212.8113403 213.0044403 213.2014618 212.8454132 212.8900909 212.817337 212.9776154 212.9639282 213.0196991 212.9780579 212.6737823 212.1135101 209.5710297 213.6371155 212.2481689 212.7859344 212.5374451 213.7908936 212.5909119 212.6425629 212.9252319 212.3660431 212.4040985 213.3781128 212.9759369 212.8023529 211.9983063 211.8972473 211.5884399 211.8900909 210.9038544 210.4804535 210.5161285 210.898468 210.573288 210.2582397 210.220871 209.9840546 209.7802887 210.1391449 211.1064911 212.5046997 212.8996582 213.5206451 210.5227966 211.315094 211.7579803 218.4849396 214.963562 217.0959167 225.733429 219.8092346 219.6417542 220.6044312 220.8473206
213.6593475 213.7469025 209.9723358 212.8015289 213.0776367 212.5515747 213.3145905 212.9867859 213.1899261 213.057785 213.0962372 213.0323181 212.9742737 213.1419067 213.5066528 213.6574707 213.3736572 212.8693542 213.6596069 213.0386658 213.0040436 213.1001892 213.1903076 213.3142242 213.502182 214.6353455 214.0050812 213.7984924 213.5296478 213.2806091 212.6195984 212.4403534 212.2408905 211.8895569 212.1506958 212.116272 211.6267548 210.6905518 210.5650787 210.3778076 210.5091553 209.9639435 209.6341553 209.5353241 208.9403229 212.7871246 214.2944031 214.6428833 214.4837341 216.0877533 212.6281891 217.0467987 218.3219299 218.9650574 220.5279083 216.6065063 222.3813477 221.5316467 220.9684143
214.1440887 214.434433 214.2270813 213.9984741 213.436203 213.6046906 213.4864197 213.2139587 213.3589172 212.9964294 212.7714539 212.7283783 212.7285004 212.8347015 212.9524231 213.2299805 213.47435 213.6436615 212.9265289 210.0797577 212.4346313 213.2768097 213.5521545 213.7369843 213.4701691 214.0948792 214.0106964 213.92453 213.2478485 213.1197357 213.1242523 212.7057343 212.5166321 212.415329 212.2494659 212.2002869 211.6784058 213.1371613 211.0576172 210.5640411 209.7183533 210.0635376 210.0796967 210.693985 211.5038147 212.4286804 212.5988159 212.9434204 215.1073303 213.7307587 214.9881439 219.907074 216.050293 220.2781067 222.0054169 221.6746826 221.6302338 223.7068024 223.1931458
213.8685608 214.2868195 213.8770142 211.4939117 213.7154083 213.5626984 213.160675 213.099762 212.975235 212.6208496 212.9204254 212.7975311 212.7420654 212.742218 212.8312531 212.9776764 213.1562347 213.1805725 213.2005005 213.2148437 213.0184021 212.0289459 212.679245 213.3750916 213.2974396 213.1052704 213.3171082 213.1844177 213.1910858 213.1949615 212.6007233 212.5913239 212.6676941 212.8227234 212.103241 213.1586151 211.4610748 210.0454559 211.7955627 212.8674469 210.7626801 209.2456512 210.3109741 211.008255 212.7325592 213.9667511 215.1804047 214.682251 215.0353851 215.3426666 214.4058838 217.4621887 214.5077209 222.1094208 219.9264679 219.3786774 220.4655151 223.6691132 226.5438385
214.3147125 213.6569214 213.335083 213.0112457 213.188797 208.888916 212.9162598 212.8735809 212.5945282 212.5190277 212.5724487 212.7367859 212.4803619 212.9649353 213.0231628 213.0579834 212.9556427 212.8434296 212.739151 212.6341553 212.6677856 212.6781311 212.5855408 212.6760406 212.5462494 212.4988708 212.6364288 212.7258148 212.6582794 212.5446625 212.3552704 212.1308289 212.9909973 211.9997711 211.8003693 211.4335785 211.3392639 210.9798889 210.6438141 207.5135498 210.3254395 210.4939575 211.4196625 209.9135742 211.4529114 215.7207642 214.2886658 213.4698029 212.7256317 214.6568146 215.0186005 213.6325531 218.1249542 214.0075378 214.2763519 216.7272797 219.5157776 222.3770599 225.390274
213.4978485 213.8150787 213.8638763 213.6991425 213.4679413 212.2134857 213.0035248 212.3658447 211.987793 212.2589111 212.3503113 212.3518829 212.3229828 212.4486389 212.2294006 212.8041687 212.7726746 212.7103271 212.6529083 212.709137 212.7086639 212.4465332 212.3549194 212.2079468 212.1040649 212.3270111 212.4850922 212.5831604 212.5639648 212.6188507 211.9933777 211.4576416 211.2534943 211.6815338 211.4177246 210.942627 210.8291931 211.0414734 210.8209839 210.4620209 210.1662598 210.3434906 210.5640259 210.9103394 211.2741394 210.1003876 212.0308075 212.6596375 212.3787689 211.115799 206.5866547 207.6089783 214.4147034 206.2928467 213.010788 215.0018921 218.8175049 222.7624969 225.720993
214.1437531 213.9345856 213.43367 213.4521332 213.435318 212.4819641 213.0662689 213.0197144 213.1767426 212.8407745 212.6875305 212.2926636 212.7632141 212.4601593 212.9506226 212.8865967 212.9232788 212.9664612 212.886261 212.8438721 212.8212433 212.7637177 212.6257172 212.4984741 212.4605713 212.5115509 212.6093445 212.6661072 212.6935883 212.6507874 211.9240875 211.7482758 211.5726929 210.6961517 210.4191742 210.2762909 210.6409454 209.705246 208.6403961 208.4683685 208.0600739 209.5596771 209.7944641 210.2870331 210.5287018 210.5888977 210.6511078 209.9559021 208.9165497 203.1097717 204.9189301 201.6807251 206.5437469 208.113205 215.1941376 214.5652924 215.8311157 219.5123444 221.3887634
213.6289825 213.4996185 213.3570557 213.2835388 213.3298187 213.1152649 213.6086578 213.8493958 213.5496521 213.2805328 212.6438141 213.0897827 212.2670746 212.6226959 212.8367615 212.7867737 212.8723145 212.9468689 212.7645874 212.8270264 212.8231506 212.7463074 212.6228943 212.4873657 212.4515686 212.3549347 212.490387 212.3759613 212.5865173 211.924118 211.3995056 211.2230225 211.2345123 210.1665039 209.8457794 209.8659515 209.6863861 209.536377 209.5703125 208.8781128 208.5435333 208.3632202 208.539444 208.9514618 209.8598175 209.9386292 209.3631134 209.039444 208.5509186 207.5630493 205.8247375 205.9434357 202.3911133 203.7609711 209.3144836 211.5600586 211.7574463 212.6458435 212.4238281
214.1664734 213.8655243 213.3641205 213.3414154 213.1240692 213.35112 213.5114136 213.5786133 213.455658 213.1370392 212.812088 212.6703796 212.4612274 212.6412201 212.7346954 212.9004669 212.5105438 212.6956787 212.3843384 212.6573486 212.6734467 212.5784302 212.4649963 212.3283386 212.4380035 212.4494476 212.3969421 212.2634583 212.1414948 211.1340485 210.9644165 211.8141937 210.2758789 209.819931 209.4511414 208.8708191 208.773468 208.5098267 208.4512329 208.3314667 208.1369934 208.0570526 208.3425446 208.3966522 208.3926239 208.3475189 208.1526947 207.9214783 207.5013885 207.0164337 205.7412415 209.3964539 201.6141357 208.0550537 209.019165 207.8462677 205.7576752 205.4682007 208.9096985
214.6490326 213.9137421 213.866394 213.4107971 213.1853638 213.1591644 213.0600586 212.8697205 212.7474518 212.4953766 212.596756 212.8200073 213.0912781 213.1489105 213.0241852 212.9330902 212.948349 212.9117889 212.6817322 212.6186676 212.5000458 212.2857971 212.0579224 211.8126068 211.7793121 211.7434692 211.7384186 210.9121094 210.6429138 210.3974915 210.2230225 210.228775 209.6213989 209.2795563 208.909668 208.6360168 208.2899933 207.9921417 207.7329407 207.4494171 207.3817444 207.4606628 207.0503693 208.0416412 207.983139 207.4493713 206.9009399 206.5041656 206.2359161 205.2319946 203.0895386 201.8801727 206.6750641 196.9914246 204.8493805 210.9101257 219.2597046 219.5631104 207.4638367
214.8521881 213.8023987 213.3672333 213.0861206 212.7238312 212.5031891 212.4925842 212.536972 212.6279144 212.8210449 213.2859955 213.7350159 214.258728 213.9827576 213.6221771 213.3066864 213.1475677 212.9403381 212.6287384 212.3638611 212.1318207 211.6669006 211.2955933 211.0727386 210.9909363 210.9075928 210.5809326 210.4356995 210.5682831 211.0718536 209.4792633 209.9743347 209.614502 209.0736847 208.7547302 208.4248047 208.0830078 207.7628937 207.457077 206.9749146 207.0125427 207.1573792 207.2041016 207.2197266 207.0161285 206.708725 206.3792725 205.8554077 204.4386902 203.2058868 199.7750092 199.4393463 203.5072632 209.069519 218.3917694 215.7668915 204.647644 214.4008636 200.4045715
214.2718658 213.462616 213.0293121 212.7590485 212.5991974 211.7658081 212.6668549 213.1360168 213.3057251 213.653183 214.4046326 214.6654205 214.6283875 214.2182312 213.864563 213.6088867 213.5233459 213.3102264 212.8928986 212.1045837 211.6342773 211.3765259 211.2657166 211.1174011 210.6909027 210.5012054 210.3340149 209.7772217 209.9116211 209.6058502 209.5207672 209.0400238 208.7550659 208.6069031 208.2794342 207.4602661 206.6679077 206.3380737 205.8908386 205.5813141 205.6375885 205.6140137 205.514328 204.6142883 204.005188 203.4805908 203.4399719 202.8665314 202.2092743 201.0373383 200.2507477 205.7023926 207.2998505 208.1866608 212.5375214 211.9657593 180.7374573 194.088028 238.7397614
213.8040009 213.9447479 213.3578491 213.1133881 213.2929535 213.3589935 213.5699768 213.9085388 214.0599518 214.0818787 214.198761 214.0092163 213.8023834 213.6609497 213.6181641 213.6468201 213.4265442 212.5868073 212.432373 212.1906433 211.9312439 211.55513 210.927124 210.8582764 209.6502228 209.3093872 209.3376617 208.9889526 208.6583099 208.3647156 207.8516083 207.8594971 207.5010681 206.7247925 205.8645477 205.2357635 204.4169769 204.0240784 203.6502838 203.5849609 203.4663849 203.1784515 202.4964905 200.9944 199.04953 198.1306305 198.1836395 198.5932312 202.1834564 205.4402924 205.4211426 199.2453918 210.236908 209.2521362 183.3306732 203.1787415 202.2563171 209.9060822 236.8941498
213.2255249 214.7556305 213.9721375 213.7206116 213.6960754 213.8286743 214.1193695 214.2628174 214.3018494 214.3623047 214.2438812 213.9396667 213.7762299 213.7275085 213.7897186 213.9163513 213.8257141 213.2385559 212.7968597 212.4134674 211.7138214 211.4399261 209.729599 210.032196 209.0502472 209.2533875 208.8615112 208.514267 208.0483246 207.7333679 207.3595123 206.8279572 201.1871796 205.3456573 204.639267 204.0888367 203.6107178 203.0108948 202.8487244 203.0234528 203.0544739 202.0176697 197.6704407 195.9101257 196.2103119 197.541748 200.4809113 203.3087616 203.5681458 197.8015289 204.1908569 189.5135498 190.7956543 190.9496918 192.7390289 207.9594574 207.3067474 222.5193024 236.6951447
215.3008881 215.8743286 214.9349365 214.9310303 214.7497711 214.7688599 214.871582 214.8982086 214.8551788 214.74617 214.6279144 214.3394928 214.0572968 213.7986603 213.6274414 213.6255035 213.3850403 213.1172943 212.7025146 211.8725281 211.4951019 210.6547089 208.835495 209.3776093 208.9839935 208.9051361 208.7167816 208.6070404 207.3973389 206.8183289 206.3862152 206.156189 205.7335663 205.0503235 204.0149689 203.2029572 202.4817963 201.0892639 201.1768036 201.4264526 200.3800659 196.3912659 195.1817474 199.9298553 201.4506531 203.1500092 198.2675629 202.6768036 186.175354 181.9327698 183.4999237 187.9867401 188.5717163 191.7237091 338.5151672 301.1598692 335.3736877 334.848053 235.5358906
215.7204742 215.8904419 213.2185364 215.4710083 215.1012726 215.1265106 215.0256653 215.0432587 215.0701447 215.0693359 215.122467 215.0211487 214.8609314 214.3686371 214.0136414 213.5790253 213.2158203 212.9707947 212.3347473 211.514389 211.22789 210.4323273 209.6801758 208.7948914 208.2220764 207.7311401 207.3454742 206.7655182 206.1407928 205.3926849 205.041626 204.5531616 203.9155579 203.291687 202.2418213 200.699173 199.4985199 199.2236786 199.8631744 200.9360809 199.6120605 200.9373474 202.7014771 203.4532928 203.0951233 202.4336548 189.571106 179.017807 181.9711914 182.4174805 183.0000916 188.5980988 190.2516785 194.5894165 198.2572784 313.2128601 345.2049809 320.9527359 295.673985
217.3706207 203.1392822 211.8020172 215.1257019 214.9048615 214.7296143 214.6519928 214.7822113 214.8514557 214.9837189 215.1019135 214.7719269 214.9265594 214.606369 214.1540527 213.5825348 213.3139343 212.6088562 211.817627 210.7991333 210.4985199 209.7385101 208.8431244 208.1454315 207.2767487 206.4670715 205.6728058 204.5179596 202.9829407 202.0109253 201.505661 201.5632935 201.6759796 201.2337952 200.2898407 200.4906464 200.8443298 200.7726288 202.1272125 202.5288086 202.9884491 204.1976624 199.5364075 206.2099152 202.4047699 176.7367249 176.5430603 183.3235016 193.3671112 192.0200653 222.4610443 326.9077454 317.2744751 183.2429657 326.6556396 337.8069839 0.0 0.0 330.6709008
