Environmental Parameters/RCP 45/2050/Sea-bottom_temperature.asc
ncols 720
nrows 360
xllcorner -180.00
yllcorner -90.00
cellsize 0.5
NODATA_value -9999
[rows 200 to 224 of 360, columns 0 to 55 of 720]
2.296633005 1.227233529 1.025224805 0.853330374 0.856307268 0.855019033 0.90689522 1.119582057 1.104301333 0.975474954 0.861012697 0.889140308 1.003040552 1.142189622 1.009724617 1.149812102 1.017587364 0.831937551 0.738962531 0.739198148 0.741883218 0.742214322 0.943105221 1.179058313 1.086139441 1.295997977 1.189038873 0.928016007 1.077818274 0.938516259 1.295742869 0.918023527 1.291484714 1.491841793 1.609610081 1.610799551 1.418614507 1.346194386 1.074402809 0.816495717 0.789845169 0.79057765 0.792676032 0.794381857 0.796446383 0.802848041 0.804815948 0.80449301 0.804826856 0.8506037 0.806689739 0.877746582 0.806955218 0.816842258 0.863246143 0.913391829
1.623743773 2.121176004 0.958580375 0.916175365 0.962284982 1.014790177 1.010610819 1.185149193 1.184063077 0.967880964 0.815994143 0.774209738 0.804727077 0.763617516 0.757130623 0.755585015 0.740019739 0.740419269 0.737933517 0.737835348 0.737942278 0.918863833 0.938322783 0.942029595 0.929607272 0.76271981 1.24717629 0.78034389 1.074587226 0.750288248 1.256909251 1.287278652 1.283631921 1.493562698 1.622014999 1.62326324 1.548530579 1.350473166 1.222708821 0.782239735 0.786806762 0.787556171 0.792166471 0.793347418 0.793742716 0.797607064 0.798062503 1.094872355 0.804996014 0.804872692 0.804512024 0.811844885 0.806714892 0.806592822 1.125588059 0.809092045
1.580340624 3.741526365 1.632455349 1.285050392 1.191937327 1.108174801 1.454304099 1.187914491 1.194221258 0.890809357 0.811782897 0.763832033 0.79608804 0.761560857 0.757117271 0.754520535 0.750919461 0.747165382 0.739264488 0.736240625 0.734730303 0.733382463 0.733743489 0.734540164 0.737029433 0.784289718 0.73900342 0.743314981 0.817099631 0.906032264 1.444592237 1.258598208 1.072678208 1.492848992 1.634644866 1.640168428 1.55343473 1.352373242 1.169465065 0.777710319 0.780818224 0.791279554 0.78618896 0.789797485 0.790278912 0.794790447 0.792208254 0.797092974 0.800875723 0.872259498 0.804841399 0.807386935 0.811590016 0.814106405 0.814532757 0.893045306
29.13394356 1.413527489 3.405488491 21.70162964 1.623418331 1.127578735 0.995864391 0.904526055 0.983729303 0.807737648 0.765107691 0.762423038 0.793803573 0.761027813 0.754615903 0.812995672 0.739600599 0.73954618 0.736919224 0.736081421 0.734373152 0.732256532 0.733454525 0.733515561 0.733978748 0.749501407 0.738936305 0.749977767 0.792398334 1.086601257 1.2514956 1.282583952 1.248877048 1.434569836 1.566536069 1.651519299 1.641679168 1.486883879 1.244386792 0.774066925 0.777262747 0.77986455 0.782026529 0.796091139 0.796427608 0.802781582 0.789886653 0.794246316 0.79857856 0.802377939 0.804791927 0.804601014 0.807916045 0.815490901 0.812545657 0.812790036
2.541176796 3.718770266 1.593088388 1.581322432 2.529506445 1.620683789 2.111114979 1.629915953 2.292409182 0.823481083 3.387472153 1.543301463 1.010427535 0.759172916 0.757399261 0.740437388 0.74083823 0.741039336 0.736657381 0.736247301 0.734994769 0.731482267 0.731013596 0.730754435 0.732662499 0.734551132 0.741470635 0.740011871 0.744086981 0.744350612 0.747697532 0.785820067 1.168700933 1.434868455 1.736866117 1.735907316 1.726366162 1.570960999 1.111629963 0.772753239 0.775077164 0.79166466 0.781903923 0.783051848 0.786683261 0.788188696 0.791961491 0.795174301 0.79494673 0.800815284 0.802741885 0.804719329 0.807470322 0.809416652 0.818578959 0.821716011
1.213430405 17.35645294 3.367966413 0.962979257 1.469600201 1.412169695 1.730150938 0.872138917 1.503775001 0.875252187 1.109107256 0.856567562 0.834286094 0.769493222 0.758388996 0.741057158 0.74117732 0.741895676 0.741519928 0.741143942 0.735298336 0.731437802 0.73055464 0.729321897 0.731050253 0.732272863 0.737222433 0.736941397 0.744244933 0.74612087 0.740217566 0.746575594 1.243018508 1.497360826 1.656345129 1.82296586 1.732209444 1.566316009 0.884278536 0.777926862 0.774352074 0.778068662 0.777861834 0.781897783 0.781361401 0.786727905 0.787946761 0.791756749 0.795577824 0.798138022 0.801577449 0.802881718 0.804460645 0.817965865 0.809729815 0.830789208
1.686039329 2.050385952 1.804203987 1.555235267 1.756698251 0.830533385 0.81054312 28.87584877 0.972278476 0.839327276 1.449366331 0.969986439 0.981762052 1.35454607 1.025348783 3.024986744 0.757091045 0.742181718 0.742671669 0.741602182 0.741873562 0.736942291 0.729821205 0.728668094 0.72730881 0.728028953 0.730536282 0.734569728 0.73589462 0.73679179 0.737852573 0.73771745 0.783945501 4.390631199 1.452286363 1.641687393 1.575241804 1.508644819 0.997727633 0.774699092 0.774953663 0.776086926 0.785431385 1.376673102 0.778887272 0.787813425 0.788074911 0.783828914 0.795204878 0.798347473 0.803215921 0.805051029 0.806640267 0.806541979 0.808242619 0.809910655
2.052955866 1.937773228 2.20472002 1.792178631 2.03151226 2.02151227 1.871352196 1.101216078 0.846113205 0.84861207 0.91125375 0.820486963 0.819995224 0.829743385 1.857223392 28.54758644 27.88545227 0.793792307 0.83024627 1.538123846 0.833306193 0.745587766 0.728878796 0.733908594 0.727162898 0.726768494 0.727745414 0.736904383 0.733550131 0.733819246 0.737313867 0.737272143 0.739593267 0.76176995 0.76382786 1.29816401 1.315181375 0.973487496 0.774522066 0.772986114 0.776557207 0.795163512 0.7853297 0.776113868 0.787137926 0.788112104 0.779470921 0.78350091 0.796821833 0.798815072 0.801413953 0.806403995 0.823122323 0.823174536 0.80673331 0.83005631
1.93225956 1.92794311 1.924978137 2.952342272 2.229682684 2.94726944 2.183800459 2.025596976 1.431339145 0.817425609 0.819248378 0.808610559 0.806493044 0.798780084 1.131207228 0.833419681 1.250496626 1.586236954 28.68936348 1.715718269 1.832906723 1.076461673 0.739881098 0.734149873 0.727793872 0.726680338 0.742223144 0.727532387 0.728996694 0.732347488 0.732822716 0.735365927 0.746665478 0.735457063 1.11273396 2.27686739 0.738670528 0.765843809 0.773361564 0.772706151 0.778282046 0.786206186 0.775866628 0.776189983 0.789284647 0.820972204 0.794780016 0.796275437 0.797254264 0.816074491 0.817179799 0.819344878 0.859945357 0.822053194 0.88394922 0.957227767
1.862410784 1.920867205 1.862466812 2.383239746 2.425101519 2.591166735 2.564722061 2.112812519 2.08413291 1.904657364 2.037067652 1.782901645 0.827550054 0.776377082 0.776439071 1.134407401 0.869045317 0.821263254 1.54876256 0.847515464 0.78002882 0.750090241 0.735597551 0.733665347 0.72595793 0.726080775 0.724479973 0.725656629 0.733031869 0.733744264 0.734404504 0.733447611 0.733511746 0.741273403 0.740114868 0.739738882 0.732112885 0.760386467 0.772510409 0.779989183 0.750078559 0.793900549 0.796004295 0.798240423 0.758763134 0.831552625 0.805627286 0.832181394 0.830811143 0.806449056 0.984895349 0.970003068 0.962683022 0.962348342 0.929795623 0.960669875
1.864830494 1.587673306 1.863624454 2.372847319 2.707464218 2.080627441 2.094045639 2.429715157 2.424770117 2.125761986 2.503904104 1.922957659 2.473517656 1.9010396 0.776439071 0.777516723 0.825608134 0.814509571 0.754853129 0.738758802 0.725891769 0.728350699 0.726386726 0.731678724 0.733873069 0.727151394 0.725520134 0.725371361 0.727175236 0.729382217 0.73113817 0.732438624 0.732668877 0.73221612 0.737810075 0.732073903 0.855753899 0.754083931 0.77465862 0.788439512 0.788757682 0.796088457 0.910504699 0.799587488 0.911705077 1.076487422 0.912387609 0.834442914 1.157657623 0.876071334 0.997431278 0.97520709 1.22276473 0.925027668 0.96234709 0.959835112
24.76366043 2.05526495 1.801285505 2.486105204 2.047471523 2.029881477 2.694833517 2.089960337 2.08530736 2.057780027 2.211592436 2.391188145 5.57181263 2.509285688 1.019883335 0.777789414 0.784193933 0.784917653 0.765098691 0.736384988 0.727020144 0.72398591 0.725739539 0.726714432 0.940948606 0.958265603 0.73445642 0.727063656 0.727513731 0.728593886 0.729249716 0.73636812 0.732874811 0.736601114 0.733870149 0.73226279 0.865766406 0.76218307 0.774654925 0.790545046 0.792228818 0.796463847 0.802762449 0.81426537 0.860306323 1.203868508 1.207398176 1.033489704 1.931208968 1.241983294 1.247225881 1.12803793 1.108749986 0.961907029 0.966738701 0.962746739
3.261610746 11.80469227 2.338156939 1.589234591 2.22363019 1.997165442 1.311154485 1.546384454 2.221884012 2.162404776 2.170567036 2.219528198 2.816661119 1.944220424 0.902367771 0.776390135 0.782228589 0.783514857 0.778010964 0.731885314 0.725371659 0.722456753 0.723363698 1.298941135 0.738061249 0.726593733 0.722469628 1.674739838 0.72295177 0.734728813 0.725689232 0.726049602 0.726149082 0.727600694 0.728476644 0.731033802 0.869095504 0.760955036 0.810000479 0.783202529 0.794623733 0.79903245 0.80163461 0.843310714 0.821112216 0.819622815 0.947106123 1.044352293 1.047915101 1.047549844 1.142081022 1.145567179 1.010936737 1.18951118 0.993394494 1.37022233
27.48316574 2.483718157 5.702116013 4.014892101 2.036517143 2.068104029 1.632903934 2.125959396 2.11717844 2.120966434 2.110416651 2.38906908 3.44135952 2.524859428 0.828430831 0.776141822 0.776244998 0.784064114 0.761139035 0.734429181 0.720627427 0.720320404 0.721823394 1.213742256 0.723457396 0.723579466 0.722389281 0.721870482 0.729357898 0.723702013 0.725929558 0.725233555 0.725055337 0.725853264 0.726761222 0.776965678 0.751315892 0.757074952 0.76611656 0.793186009 0.795929909 0.800290942 0.721513927 0.907350123 0.720615864 0.861316681 1.027803421 0.959498346 0.96660614 1.96143508 1.293352008 1.201220632 1.451736808 1.155070782 1.196146369 1.263836026
6.600084305 17.17571068 20.50118637 2.048255205 2.072604656 2.089612484 2.114026308 2.131180048 2.217657804 2.164625883 2.148991346 2.543597698 3.139054775 2.528557301 0.80049789 0.775450349 0.779128075 0.772338271 0.75306493 0.737025738 0.729008615 0.719577491 0.719299555 0.719597101 0.719919145 0.719837666 0.719999015 0.719105303 0.719525814 0.721952438 0.722963214 0.723965287 0.72668606 0.728134871 0.728423476 0.774799824 0.777253032 0.798056602 0.789005339 0.869349837 0.798686922 0.720622182 0.721017599 0.838594437 0.849669695 0.854806542 0.85751909 0.960789144 0.878934622 0.878511727 0.995732129 0.999596775 1.084943891 1.162148952 1.163632035 1.211491704
2.058707237 3.718086243 23.62014389 2.151305199 2.085967064 2.113423109 2.102789164 2.108219385 2.363635302 2.116910458 2.912389517 3.181147099 3.150519371 1.982413411 0.778760791 0.774772763 0.774786711 0.765018463 0.749413729 0.741518736 0.767302752 0.721598685 0.735458434 0.719311774 0.719123185 0.720039427 0.719429076 0.717051923 0.718679905 0.721399426 0.721797287 0.727904439 0.728887737 1.09989655 0.767436266 0.764123738 0.740065694 0.746887088 0.766008854 0.788280368 0.799495339 0.798086762 0.801696062 0.898891807 0.907660842 1.034693718 0.944996893 0.964981437 0.873780727 0.994859397 1.002775967 1.459811807 1.154210925 1.162090182 1.163255811 1.166004181
1.980749846 4.674021244 21.2523098 20.44791031 2.120333433 2.159575939 2.112525463 2.121022224 2.123077631 2.137050152 3.218313932 3.696139336 1.972931743 1.2075665 0.773645937 0.773575246 0.770744443 0.763746202 0.748852491 0.744199753 0.770733416 1.911455393 0.726065814 0.723938107 0.719212651 0.71745652 0.716355324 0.717239201 0.72059238 0.722450554 0.970557868 0.776027799 0.74169296 0.837341249 0.744029701 0.738299429 0.767079651 0.753378928 0.764813364 0.863308787 0.782259703 0.869797528 0.882889271 0.818384528 1.026939034 1.030286193 1.031426787 1.09307158 0.870076239 0.813170791 0.873350441 1.868861675 1.029769659 1.453000665 1.734948635 1.156280518
2.033458233 3.119333982 7.682524204 3.70597887 2.031561017 2.175812721 2.123959303 2.13702631 2.1293993 2.242254496 5.292521 5.329680443 2.178581953 1.276495934 0.771544933 1.236201525 0.764990211 0.758400679 0.753314078 0.75296247 0.863685668 0.772178948 0.741441607 0.721007943 0.719281793 0.720894456 0.71625793 0.718670428 0.722399533 0.720047235 0.727552772 0.721479654 0.714599073 0.713974774 0.724248767 0.766579628 0.725707591 0.75199151 0.826987743 0.972408772 1.888300061 0.820236862 0.821327209 0.899686575 0.933391035 0.975851774 0.989065945 0.862788796 0.985832155 0.99905622 1.014092386 0.861532331 1.02911818 1.130409598 1.100589275 2.993046522
1.687593102 2.393428087 2.592059851 5.322126389 2.039591432 2.252787828 2.144270897 1.607037663 2.148991585 2.191038847 2.37149477 22.87430573 1.383180022 0.838419914 0.769641459 0.767921507 0.762769043 0.754597783 0.748634696 0.950617373 1.090396166 0.731021523 0.726707041 0.725592673 1.420957208 0.716690183 0.713077188 0.714085877 0.764159501 0.722390592 0.723974586 0.719302237 0.726933777 0.732026279 0.722773015 0.786046445 0.793179452 0.744012892 0.750673771 0.777294874 0.887595057 0.899876595 1.081149697 0.910351574 1.065542459 1.062543392 1.015737176 0.982065856 0.857415199 0.995317936 1.083490014 0.848615825 0.840056479 1.087943792 1.030256867 1.041752934
1.699942946 3.096855402 2.995774984 14.53979397 1.697726011 2.151625633 2.150111198 2.144609213 2.155402422 3.553143263 12.69154263 4.968490601 0.85901767 0.767388403 0.76649344 0.762586415 0.756893516 0.750325918 0.745051384 0.740137815 0.735270858 0.723179877 0.728443503 0.723057091 0.723685086 0.715737104 0.739128888 0.711524904 0.713837385 0.759931624 0.718385279 0.716718972 0.713896632 0.77740562 0.73492533 0.742744446 0.931830704 0.757277489 0.759246409 0.785289168 0.794419467 0.820840716 0.997207224 2.087191105 2.976500034 1.061415434 1.004983187 0.977292776 1.01236999 0.993790686 1.005119443 0.851613045 1.027644992 1.070771933 1.0873487 1.133887887
1.675566435 2.254864216 2.710694075 2.690531254 1.707488179 1.712835073 2.096709728 2.149595261 2.164363384 2.721042633 26.10680771 2.216344118 0.829949379 0.764454007 0.76371944 0.75996238 0.750231862 0.742982566 0.739189923 0.73171109 0.725409806 0.783608139 0.72532928 0.713017881 0.716831863 0.710457325 0.710713148 0.715366781 0.711581707 0.715359509 0.718941391 0.753320634 0.711446226 0.712903678 0.715589106 0.830501258 0.76065886 0.868856609 0.975479245 0.897744715 0.979313731 0.909264982 0.981770754 1.181212068 0.98583746 0.917637765 1.002293289 1.128188491 0.992782295 1.004679918 1.00914067 1.011694014 1.024429917 1.027466893 1.101115346 1.142871618
1.898414135 2.404224873 3.643728971 5.663307667 2.161007643 2.206377029 2.148220539 2.176488161 2.339024782 4.556017399 6.71114254 2.203455687 0.786584496 0.76402396 0.76026392 0.755303383 0.740822911 0.733616531 0.732285976 0.732639492 0.721013129 0.71773541 0.712485373 0.709940255 0.708923101 0.707781792 0.707537591 0.708061635 0.718118608 0.711391687 0.707692921 0.698320985 0.845480084 0.707524538 0.732684255 0.862231672 0.885645807 0.902483702 0.910722971 0.985734463 0.983573079 0.911175311 0.905273199 0.892393172 0.892045856 0.989974201 1.175617933 1.081605077 1.032179117 1.013127029 1.017768741 1.019914865 0.834828377 1.032340527 1.075965047 1.099837184
2.081011295 2.400895119 5.690396786 2.489639044 2.175851345 2.172801495 2.230539083 2.196521521 9.394929886 14.3351059 2.456529379 1.094506264 0.761527359 0.761105299 0.754548669 0.744511724 0.732320726 0.729166985 0.727187991 0.719656646 0.713218153 0.708192468 0.705267489 0.704001307 0.704361558 0.705451548 0.703565061 0.708293438 0.706449211 0.707416296 0.702701271 0.927396417 0.730646312 0.704612195 0.703674078 1.067673206 0.913630784 0.98307091 0.994433403 0.92556864 3.391184092 0.912941754 0.90778327 0.824960291 0.82758826 0.828622699 0.894707322 0.824390411 1.033420205 1.097993731 1.057019591 0.816151321 1.032060862 1.034559846 1.077302933 1.128599167
2.101552248 2.389446974 4.605952263 2.194443941 1.705124855 2.615354776 2.215476513 2.213914633 5.155013561 12.88546085 1.508773923 0.783321679 0.762173235 0.757122099 0.747770786 0.74164319 0.732533634 0.723102927 0.720823824 0.713284731 0.707426667 0.706221461 0.699859977 0.701678872 0.699971735 0.700332224 0.701358259 0.698011041 0.705714405 0.707489312 0.70678997 0.706598818 0.785033762 0.821176529 0.87326473 0.753616393 0.765245676 0.763305187 0.925148189 0.927785635 0.997405827 0.983251691 0.92323941 0.975620747 0.967132986 0.822651505 0.719380736 0.88954258 0.905302405 1.039387822 18.00487137 1.068441749 1.072436929 1.075782895 1.020905852 1.069170713
1.981413603 2.384530067 5.820597172 2.811538696 2.178901434 2.201567888 2.190584898 5.777665138 5.775122643 5.783964634 0.820523083 0.761797071 0.759195507 0.75160259 0.741535902 0.731024027 0.721620798 0.715636075 0.709655881 0.704971313 0.701481283 0.699752033 0.695568085 0.693728149 0.694194317 0.695325315 0.700123489 0.701660514 0.701712906 0.705910087 0.70612359 0.705546141 0.719288826 0.738600731 0.853809536 0.960408032 0.758449137 0.767536044 0.915078402 0.919050992 0.927873433 0.930580795 0.929563403 0.967255473 0.809940994 0.805850625 0.717849076 0.717861831 0.893765807 1.007586598 1.031565189 1.054581285 1.064689398 1.068259239 0.966497958 1.038634181
