Environmental Parameters/RCP 45/2050/Sea-bottom_temperature.asc
ncols 720
nrows 360
xllcorner -180.00
yllcorner -90.00
cellsize 0.5
NODATA_value -9999
[rows 300 to 324 of 360, columns 616 to 671 of 720]
0.016430177 0.01739791 0.018851303 0.02090773 0.022891611 0.021041863 0.017340578 0.015613742 0.013886482 0.095223248 0.257040963 0.215711929 0.249590814 0.489264518 0.013317369 0.018723749 0.024735592 0.036018796 0.031982876 0.028554603 0.027900897 0.010967575 0.007599302 0.010649733 0.030044336 0.023314528 0.05768859 0.502397031 0.078445865 0.040039159 0.07946674 0.168226115 0.071644979 0.132395346 0.200484142 0.129465532 0.291613862 0.305355936 0.495121092 0.791745663 0.329186276 0.563142926 0.33118701 0.414491326 0.542016178 0.518833548 0.609707534 0.605115026 0.755386144 0.711699277 0.507386059 0.535238475 0.436315566 0.465530574 0.560430437 0.558604747
0.007780015 0.008162394 0.016196482 0.014485508 0.017679811 0.022627778 0.015566796 0.015569344 0.013552606 0.016135953 0.016041115 0.252832532 0.25749661 0.017879054 0.026090331 0.02127143 0.022000492 0.023557253 0.025931507 0.027135886 0.028710715 0.023156658 0.020704597 0.019437522 0.025549226 0.033887561 0.043392021 0.05197908 0.058633041 0.065522546 0.087745151 0.131036915 0.122578394 0.127508622 0.163670279 0.168514892 0.241434932 0.151743807 0.153940395 0.366989255 0.318999261 0.229668684 0.367439866 0.430880696 0.562772393 0.46873948 0.53579846 0.638507932 0.889006943 0.95949766 0.807854891 0.602325171 0.424488425 0.442949176 0.483057827 0.548814476
4.64328E-4 0.001501746 0.00440412 0.008197911 0.018698223 0.019843228 0.017612271 0.014241606 0.010413036 0.01271107 0.017819688 0.021438748 0.021666147 0.021726541 0.022714742 0.024263255 0.025150351 0.025222719 0.026548967 0.028416835 0.033458933 0.031716786 0.030780882 0.031173557 0.034001812 0.038315084 0.041838292 0.046316594 0.049729429 0.054243594 0.058724795 0.084777217 0.115204146 0.105403467 0.107881201 0.106290051 0.131790854 0.130449884 0.120010512 0.36886397 0.378013879 0.257104144 0.366515636 0.21369008 0.306691498 0.3095126 0.497350484 0.6753079 1.02541396 1.101624161 0.848711371 0.774686813 0.56310536 0.460922241 0.397578433 0.538935155
-7.78377E-4 0.007622503 0.003630072 0.005704328 0.007253304 0.009190902 0.009045608 0.007677369 0.009037465 0.011935472 0.016460292 0.020349808 0.022461742 0.025805935 0.023477405 0.028893381 0.029077224 0.028466545 0.029734299 0.034096964 0.034419984 0.034725271 0.033289764 0.035794016 0.0389801 0.042963129 0.048006758 0.051849358 0.053754698 0.054161381 0.055239864 0.075065287 0.080956146 0.085553303 0.087631967 0.084603113 0.097775736 0.087128475 0.087974394 0.087292104 0.366337359 0.111705166 0.168256443 0.15473162 0.184273891 0.287690878 0.291527063 0.430021197 0.883708864 1.137563258 0.96498628 0.797931224 0.642472252 0.592105493 0.496837541 0.600564718
0.040861025 0.05228053 0.047314413 0.042766832 0.015878394 0.007035732 0.007417686 0.008409992 0.010072723 0.012370035 0.01714094 0.017891914 0.024895057 0.026078023 0.026641913 0.028150916 0.140724093 0.208410904 0.274631299 0.324603207 0.324290082 0.294241726 0.236807033 0.148857169 0.057390705 0.0560649 0.059356499 0.054875709 0.054984663 0.054648276 0.062508816 0.064708007 0.066353165 0.068671566 0.072020908 0.073912426 0.076074355 0.080044074 0.0827801 0.08375524 0.099471139 0.092300162 0.094070182 0.09321569 0.157208405 0.194856912 0.210261866 0.255250335 0.544175416 0.954657525 1.105186343 1.126848131 0.882441342 0.688804433 0.48090592 0.621195972
0.229007833 0.254339181 0.27726163 0.282579303 0.265723661 0.254742183 0.237117805 0.201521672 0.187688611 0.175691396 0.161329918 0.143248029 0.125460312 0.121714793 0.172058612 0.269090276 0.417918336 0.464545365 0.48347031 0.528255563 0.561881433 0.549787694 0.49308835 0.432250125 0.326482354 0.130788459 0.066514051 0.061915664 0.060519882 0.060160886 0.060900727 0.0614534 0.061891073 0.063517336 0.067437758 0.071757767 0.075038672 0.079472883 0.083166049 0.082152215 0.090568305 0.106861053 0.106165756 0.111432204 0.280558199 0.177641906 0.233650737 0.309670337 0.430295356 0.526833422 0.91909495 1.123688072 1.318527818 0.752587095 0.615799204 0.381231971
0.421931431 0.541465163 0.581709087 0.585837841 0.558384731 0.533430986 0.484162852 0.45499777 0.436555766 0.435408406 0.462154336 0.434088826 0.413337365 0.432122409 0.509760007 0.507819541 0.51425546 0.492197409 0.532815564 0.574200079 0.561260121 0.524534833 0.517178975 0.51434256 0.501417479 0.386908103 0.265747214 0.195102703 0.218130762 0.19781499 0.219151722 0.207914727 0.178145314 0.143639397 0.111294121 0.101583406 0.123558254 0.196664291 0.168906406 0.1901144 0.216577715 0.243096563 0.278538262 0.353789605 0.43056703 0.492997736 0.590167919 0.62065579 0.61719849 0.835468084 0.888291523 1.076647088 1.100477725 1.084665343 0.939491719 0.67139829
0.565957725 0.675258145 0.753073346 0.77639534 0.75341012 0.724088855 0.635678798 0.492443949 0.430181634 0.39313896 0.421999741 0.461206347 0.504427861 0.543322608 0.551261231 0.551453866 0.49991367 0.456986003 0.435093738 0.413175797 0.386659 0.403531212 0.503464367 0.589579228 0.642461373 0.648487642 0.62138496 0.556891382 0.494622795 0.430076409 0.373124728 0.34903942 0.384074414 0.426840557 0.463612701 0.44780533 0.46673642 0.473538443 0.467971225 0.444823766 0.465188637 0.53647835 0.55929317 0.613744941 0.670603827 0.760621518 0.783638567 0.818575226 0.832266085 0.832560271 0.853086971 0.825099982 0.957363449 1.070435449 0.983853295 0.860405907
0.816653943 0.832636572 0.841634035 0.716668747 0.768458635 0.408139981 0.861967862 0.673689485 0.484914541 0.503755212 0.55851835 0.402067967 0.461380742 0.381615873 0.436896805 0.400236845 0.341382045 0.305751961 0.290325877 0.324309088 0.351086756 0.400516171 0.455504505 0.427532665 0.361070879 0.31400199 0.290730946 0.295857931 0.268696707 0.258737247 0.291100143 0.335709224 0.410722508 0.490838131 0.557757572 0.588510824 0.54533815 0.459839139 0.438548709 0.480529973 0.526412995 0.589357936 0.664838528 0.734090935 0.780236751 0.811334867 0.807312068 0.787899293 0.770297036 0.744129669 0.718837909 0.726037066 0.790551227 0.874138873 0.965242416 0.95225592
1.045019746 1.374775648 1.4262321 1.445983529 0.999975801 1.510231972 0.806787729 1.332816243 1.372886181 1.439290285 1.505704641 1.567398071 1.547260761 1.205338478 0.887598395 0.585861921 0.701230407 0.420508936 0.393057995 0.387608418 0.398624461 0.431530312 0.309250065 0.264517181 0.188444852 0.195853952 0.158891346 0.205780873 0.254831074 0.300488115 0.35995383 0.388662027 0.382391904 0.360920098 0.364195205 0.418840037 0.423450398 0.445819507 0.478987789 0.521788299 0.643261658 0.685616184 0.68432229 0.676253989 0.706054926 0.687420655 0.64715486 0.606357206 0.582700353 0.573915731 0.584141407 0.626392826 0.693120368 0.78513917 0.815046396 0.810940281
1.156205893 1.052596092 0.135491773 0.05626975 0.031611731 -0.448844224 -0.458029509 -0.384669632 -0.33175838 -0.105830371 0.917644858 0.173203588 -0.831891477 0.609257162 0.530654848 0.562732339 0.576296568 1.498547673 1.348356843 0.705482006 0.714984238 0.823558331 0.714034617 0.366080835 0.669203103 0.472731054 0.312428668 0.322402969 0.6610955 0.197989617 0.291691743 0.323532462 0.267402735 0.244712932 0.247370519 0.286929393 0.356437355 0.382520108 0.404666273 0.487674281 0.58760833 0.572241146 0.509191826 0.477349758 0.34425604 0.306466836 0.296290718 0.292395383 0.317033961 0.40588595 0.475227848 0.527852718 0.589688845 0.611765631 0.612742178 0.565501906
-0.429897189 -0.789448738 -0.492075145 0.774051309 -0.091848649 -0.659213722 -0.66597271 -0.791110814 -0.825951695 -0.83656466 -0.821914911 -0.455428243 -0.763755798 -0.527360499 -0.421583414 -0.380436242 -0.286667317 -0.582056642 -0.310757548 -0.549050868 -0.110535547 -0.029323511 -0.078513108 0.049410785 0.890399098 0.818513751 1.29663825 1.375553131 1.484825253 0.873460233 0.748297453 0.853477955 0.291695178 0.185676366 0.205218643 0.493042201 0.640185714 0.493330687 0.19418934 0.192728609 0.500165701 0.479553074 0.651655138 0.644456506 0.773648739 0.771249533 0.6709162 0.688817918 0.417025119 0.293733433 0.276785903 0.301491633 0.340085447 0.335489705 0.371761382 0.332431071
0.530291647 -0.410370678 -0.925731838 -1.015696526 -1.065337062 -1.169575334 -1.246558666 -1.297097325 -1.346853971 -1.390868567 -1.434308048 -1.480518579 -1.531048417 -1.280561805 -1.029728293 -0.76410383 -0.447746158 -1.553628325 -1.348228574 -0.52208817 -0.012706628 -0.426442325 -0.231871367 -1.038858056 -1.403413534 -1.455117941 -1.159592271 -1.455067754 -1.473041892 -0.54679054 -0.439119279 -0.497926414 -0.433548808 -0.207846031 -0.557786942 -0.439988732 -0.285444349 -0.403600872 0.421363503 0.618284583 0.316200003 0.462888241 1.068350077 0.722123325 0.783199072 1.081483841 1.467970371 1.462318301 1.243454337 0.942568958 0.73726505 0.456977874 0.410410821 0.368159533 0.243013203 0.239278898
-0.852514863 -0.831297636 -0.948018909 -1.630482674 -1.607363775 -9999.0 -9999.0 -9999.0 -9999.0 -9999.0 -9999.0 -9999.0 -9999.0 -9999.0 -9999.0 -9999.0 -9999.0 -9999.0 -9999.0 -9999.0 -1.454686824 -1.473351978 -1.50476563 -1.566800833 -1.264147162 -0.217299625 -1.656423807 -1.681271195 -1.339592218 -0.736994326 -0.418345481 -1.171387434 0.709203303 -0.021747865 -1.183489323 -1.071160197 -0.984378099 -0.90509975 -0.436663598 -0.441736609 -0.402680993 -0.035904594 0.241159946 0.85264945 1.107848644 1.381476402 1.493149757 1.494742393 1.472342014 1.478913546 1.48427248 1.500983715 1.100954294 1.484654546 1.266794562 0.908578634
-1.357350588 -1.385226965 -9999.0 -9999.0 -9999.0 -9999.0 -9999.0 -9999.0 -9999.0 -9999.0 -9999.0 -9999.0 -9999.0 -9999.0 -9999.0 -9999.0 -9999.0 -9999.0 -9999.0 -9999.0 -9999.0 -9999.0 -9999.0 -9999.0 -9999.0 -9999.0 -9999.0 -9999.0 -9999.0 -9999.0 -9999.0 -9999.0 -1.369110584 -1.256181836 -1.092106462 -1.281647086 -1.312365651 -0.769585431 -0.562508345 -0.331700981 -0.150650933 0.333770305 0.977032006 1.109494925 1.287526965 1.476357222 1.460445046 1.472996354 1.457429767 1.417694688 1.363455296 1.242225647 1.138177872 0.96712923 0.961206317 0.919531107
-9999.0 -9999.0 -9999.0 -9999.0 -9999.0 -9999.0 -9999.0 -9999.0 -9999.0 -9999.0 -9999.0 -9999.0 -9999.0 -9999.0 -9999.0 -9999.0 -9999.0 -9999.0 -9999.0 -9999.0 -9999.0 -9999.0 -9999.0 -9999.0 -9999.0 -9999.0 -9999.0 -9999.0 -9999.0 -9999.0 -9999.0 -1.555580622 -1.563220473 -1.579947975 -1.612381778 -1.673123833 -1.797270536 -0.967748761 0.814391136 -0.310077488 0.26681228 0.518364757 0.681431949 0.894758523 1.095255733 1.194624901 1.226652384 1.132302046 0.970671117 0.849932492 0.949070215 0.942373157 0.89818877 1.042872727 1.023800433 1.033518434
-9999.0 -9999.0 -9999.0 -9999.0 -9999.0 -9999.0 -9999.0 -9999.0 -9999.0 -9999.0 -9999.0 -9999.0 -9999.0 -9999.0 -9999.0 -9999.0 -9999.0 -9999.0 -9999.0 -9999.0 -9999.0 -9999.0 -9999.0 -9999.0 -9999.0 -9999.0 -9999.0 -9999.0 -9999.0 -9999.0 -9999.0 -9999.0 -9999.0 -9999.0 -9999.0 -9999.0 -9999.0 -1.444342136 -1.399403811 -1.296699286 -1.029289484 -0.709458292 -0.913313031 -0.680788875 -0.333217651 -0.074858099 0.057620985 0.44421649 0.418294936 0.469009995 0.316291094 -0.775228322 -0.125902459 -0.162677467 0.45544818 0.986485183
-9999.0 -9999.0 -9999.0 -9999.0 -9999.0 -9999.0 -9999.0 -9999.0 -9999.0 -9999.0 -9999.0 -9999.0 -9999.0 -9999.0 -9999.0 -9999.0 -9999.0 -9999.0 -9999.0 -9999.0 -9999.0 -9999.0 -9999.0 -9999.0 -9999.0 -9999.0 -9999.0 -9999.0 -9999.0 -9999.0 -9999.0 -9999.0 -9999.0 -9999.0 -9999.0 -9999.0 -9999.0 -9999.0 -9999.0 -9999.0 -9999.0 -9999.0 -9999.0 -9999.0 -9999.0 -9999.0 -0.522135437 -0.551546872 -0.572043419 -0.629680991 -0.750846863 -9999.0 -9999.0 -1.759980917 -1.500660181 -1.167679667
-9999.0 -9999.0 -9999.0 -9999.0 -9999.0 -9999.0 -9999.0 -9999.0 -9999.0 -9999.0 -9999.0 -9999.0 -9999.0 -9999.0 -9999.0 -9999.0 -9999.0 -9999.0 -9999.0 -9999.0 -9999.0 -9999.0 -9999.0 -9999.0 -9999.0 -9999.0 -9999.0 -9999.0 -9999.0 -9999.0 -9999.0 -9999.0 -9999.0 -9999.0 -9999.0 -9999.0 -9999.0 -9999.0 -9999.0 -9999.0 -9999.0 -9999.0 -9999.0 -9999.0 -9999.0 -9999.0 -9999.0 -9999.0 -9999.0 -9999.0 -9999.0 -9999.0 -9999.0 -9999.0 -9999.0 -9999.0
-9999.0 -9999.0 -9999.0 -9999.0 -9999.0 -9999.0 -9999.0 -9999.0 -9999.0 -9999.0 -9999.0 -9999.0 -9999.0 -9999.0 -9999.0 -9999.0 -9999.0 -9999.0 -9999.0 -9999.0 -9999.0 -9999.0 -9999.0 -9999.0 -9999.0 -9999.0 -9999.0 -9999.0 -9999.0 -9999.0 -9999.0 -9999.0 -9999.0 -9999.0 -9999.0 -9999.0 -9999.0 -9999.0 -9999.0 -9999.0 -9999.0 -9999.0 -9999.0 -9999.0 -9999.0 -9999.0 -9999.0 -9999.0 -9999.0 -9999.0 -9999.0 -9999.0 -9999.0 -9999.0 -9999.0 -9999.0
-9999.0 -9999.0 -9999.0 -9999.0 -9999.0 -9999.0 -9999.0 -9999.0 -9999.0 -9999.0 -9999.0 -9999.0 -9999.0 -9999.0 -9999.0 -9999.0 -9999.0 -9999.0 -9999.0 -9999.0 -9999.0 -9999.0 -9999.0 -9999.0 -9999.0 -9999.0 -9999.0 -9999.0 -9999.0 -9999.0 -9999.0 -9999.0 -9999.0 -9999.0 -9999.0 -9999.0 -9999.0 -9999.0 -9999.0 -9999.0 -9999.0 -9999.0 -9999.0 -9999.0 -9999.0 -9999.0 -9999.0 -9999.0 -9999.0 -9999.0 -9999.0 -9999.0 -9999.0 -9999.0 -9999.0 -9999.0
-9999.0 -9999.0 -9999.0 -9999.0 -9999.0 -9999.0 -9999.0 -9999.0 -9999.0 -9999.0 -9999.0 -9999.0 -9999.0 -9999.0 -9999.0 -9999.0 -9999.0 -9999.0 -9999.0 -9999.0 -9999.0 -9999.0 -9999.0 -9999.0 -9999.0 -9999.0 -9999.0 -9999.0 -9999.0 -9999.0 -9999.0 -9999.0 -9999.0 -9999.0 -9999.0 -9999.0 -9999.0 -9999.0 -9999.0 -9999.0 -9999.0 -9999.0 -9999.0 -9999.0 -9999.0 -9999.0 -9999.0 -9999.0 -9999.0 -9999.0 -9999.0 -9999.0 -9999.0 -9999.0 -9999.0 -9999.0
-9999.0 -9999.0 -9999.0 -9999.0 -9999.0 -9999.0 -9999.0 -9999.0 -9999.0 -9999.0 -9999.0 -9999.0 -9999.0 -9999.0 -9999.0 -9999.0 -9999.0 -9999.0 -9999.0 -9999.0 -9999.0 -9999.0 -9999.0 -9999.0 -9999.0 -9999.0 -9999.0 -9999.0 -9999.0 -9999.0 -9999.0 -9999.0 -9999.0 -9999.0 -9999.0 -9999.0 -9999.0 -9999.0 -9999.0 -9999.0 -9999.0 -9999.0 -9999.0 -9999.0 -9999.0 -9999.0 -9999.0 -9999.0 -9999.0 -9999.0 -9999.0 -9999.0 -9999.0 -9999.0 -9999.0 -9999.0
-9999.0 -9999.0 -9999.0 -9999.0 -9999.0 -9999.0 -9999.0 -9999.0 -9999.0 -9999.0 -9999.0 -9999.0 -9999.0 -9999.0 -9999.0 -9999.0 -9999.0 -9999.0 -9999.0 -9999.0 -9999.0 -9999.0 -9999.0 -9999.0 -9999.0 -9999.0 -9999.0 -9999.0 -9999.0 -9999.0 -9999.0 -9999.0 -9999.0 -9999.0 -9999.0 -9999.0 -9999.0 -9999.0 -9999.0 -9999.0 -9999.0 -9999.0 -9999.0 -9999.0 -9999.0 -9999.0 -9999.0 -9999.0 -9999.0 -9999.0 -9999.0 -9999.0 -9999.0 -9999.0 -9999.0 -9999.0
-9999.0 -9999.0 -9999.0 -9999.0 -9999.0 -9999.0 -9999.0 -9999.0 -9999.0 -9999.0 -9999.0 -9999.0 -9999.0 -9999.0 -9999.0 -9999.0 -9999.0 -9999.0 -9999.0 -9999.0 -9999.0 -9999.0 -9999.0 -9999.0 -9999.0 -9999.0 -9999.0 -9999.0 -9999.0 -9999.0 -9999.0 -9999.0 -9999.0 -9999.0 -9999.0 -9999.0 -9999.0 -9999.0 -9999.0 -9999.0 -9999.0 -9999.0 -9999.0 -9999.0 -9999.0 -9999.0 -9999.0 -9999.0 -9999.0 -9999.0 -9999.0 -9999.0 -9999.0 -9999.0 -9999.0 -9999.0
