Environmental Parameters/RCP 45/2050/Sea-surface_salinity.asc
ncols 720
nrows 360
xllcorner -180.0
yllcorner -90.0
cellsize 0.5
NODATA_value -9999
[rows 156 to 181 of 360, columns 236 to 294 of 720]
34.4597168 34.34054184 34.19431686 34.30104828 34.40013123 34.397789 34.33378983 34.26018143 34.18340302 34.09627914 34.03172684 34.00628662 33.96067047 33.92385864 33.91035843 33.95051575 34.07760239 34.23284912 34.4005127 34.55325699 34.7469368 34.9587822 35.15408707 35.28934479 35.38564682 35.4336319 35.45307922 35.45929718 35.46767807 35.50037384 35.53604507 35.56497574 35.58534622 35.61542892 35.6823082 35.73101425 35.7589798 35.74888611 35.75973511 35.78589249 35.79724503 35.77732086 35.76087952 35.75473022 35.73521042 35.71068192 35.65214157 35.59210587 35.5643158 35.55728149 35.52368164 35.47047424 35.41726685 35.38241577 35.35275269 35.3350296 35.30097198 35.24985123 35.22681427
33.94280624 34.31560135 33.62732697 34.20878983 34.38624954 34.40641785 34.36606598 34.29569244 34.21587753 34.11586761 34.02421188 33.93699265 33.87484741 33.82257462 33.80146027 33.80559921 33.90065002 34.06162643 34.22274017 34.38711929 34.5592308 34.76134872 34.97736359 35.1619339 35.28216171 35.34511948 35.37548828 35.38681793 35.3854866 35.39546204 35.42298126 35.46756744 35.50844955 35.51797104 35.55828094 35.6177597 35.66931534 35.69442368 35.71421814 35.74812317 35.78294754 35.79168701 35.77500153 35.77347946 35.76434326 35.73900986 35.6790657 35.61137009 35.57063675 35.53853607 35.50139999 35.46167374 35.41998291 35.38064194 35.35580826 35.34958649 35.31516266 35.25912857 35.20472717
31.83600235 32.92973328 33.09679794 33.87990189 34.36164856 34.35777283 34.34765244 34.3095665 34.22801208 34.13356018 34.03535843 33.94100189 33.86242676 33.80417252 33.74365234 33.69972992 33.73041916 33.88034821 34.03530884 34.15443039 34.29901505 34.48790741 34.69698334 34.91224289 35.09182739 35.2083931 35.27334976 35.30682755 35.30034637 35.30542755 35.33169174 35.38020706 35.43046951 35.4536171 35.47067261 35.51176071 35.55776978 35.59965134 35.63443756 35.66167068 35.69672775 35.7246666 35.73289108 35.74604797 35.75504303 35.72114182 35.66000366 35.6033783 35.57191467 35.53863144 35.49756622 35.46525955 35.41940308 35.36393356 35.33574677 35.32840347 35.31224442 35.26864243 35.20520401
32.7301269 32.91230774 33.27329254 33.71286774 34.13472366 34.27886581 34.26989746 34.26119995 34.20493698 34.11952209 34.0476532 33.9740181 33.9040947 33.85686493 33.76002121 33.67480469 33.63386536 33.68354034 33.82167435 33.91915894 34.01123047 34.15979004 34.38519287 34.62388992 34.83145905 35.00731659 35.12141037 35.1928215 35.19557953 35.19688416 35.22367859 35.27272797 35.32688522 35.35916519 35.38129044 35.41308975 35.46251297 35.48942947 35.50543594 35.51037598 35.54562759 35.5964241 35.62210846 35.63344955 35.65363693 35.63177109 35.58792114 35.56703949 35.57041168 35.56196594 35.53694153 35.5100708 35.4545784 35.38052368 35.3285675 35.30993271 35.29420853 35.26580811 35.20271683
31.55070825 33.13256454 32.76806259 34.40354156 34.1595993 34.30619812 34.18955994 34.17929077 34.12919617 34.03636169 33.96397018 33.91665268 33.8815155 33.85063553 33.77663803 33.70020676 33.6473732 33.6419754 33.69604492 33.76099396 33.80928802 33.86682129 34.0442009 34.30471039 34.55037689 34.77268219 34.94940948 35.03852463 35.03889084 35.03844833 35.07902908 35.1310997 35.19202042 35.241436 35.27740097 35.30646133 35.34230804 35.37791443 35.38071823 35.38771057 35.40785217 35.44425964 35.47464371 35.48709869 35.50462341 35.50995255 35.50656891 35.50841522 35.52383041 35.54395294 35.56048584 35.54815292 35.5124054 35.44684219 35.36889648 35.32752228 35.29861832 35.25771332 35.2131424
0.0 0.0 32.35536575 34.78974915 34.62488937 34.56705856 34.28156662 34.11614609 34.02598572 33.93559265 33.8423996 33.77617264 33.72689056 33.70043945 33.68009949 33.6771431 33.67638016 33.70769119 33.75117111 33.80108643 33.82855606 33.79872131 33.84635162 34.03453827 34.26570892 34.51409531 34.72401047 34.86474991 34.8782196 34.87455368 34.91808701 34.97591782 35.06894684 35.14820099 35.18858337 35.23736954 35.25573349 35.27701187 35.29948044 35.31295776 35.31410599 35.29568481 35.28927231 35.29388809 35.31912994 35.35214233 35.35522079 35.34315491 35.35686111 35.40722275 35.4693985 35.51090622 35.50929642 35.47716141 35.42926407 35.38158035 35.35249329 35.3082695 35.24804306
0.0 0.0 32.47563171 34.74908829 34.95652008 34.61970901 34.71741104 34.29489517 34.00695038 33.83397293 33.68600082 33.56695938 33.47324371 33.41147995 33.40330887 33.47066498 33.57991409 33.72144699 33.87023544 33.96486664 34.02556992 33.99346924 33.93768692 33.96540833 34.09603882 34.27735138 34.44672775 34.616745 34.69567108 34.71327591 34.77595139 34.86631012 34.97792053 35.08201981 35.15621567 35.21828079 35.24198914 35.23309326 35.21814728 35.20691299 35.18658447 35.14181519 35.11302185 35.11133957 35.13230515 35.1756897 35.19525528 35.20061493 35.22800827 35.28238297 35.36420822 35.42758942 35.45583725 35.45663452 35.43868637 35.415802 35.38875961 35.34300232 35.27813721
0.0 0.0 0.0 0.0 33.28643417 33.94333649 34.54022598 34.85743332 34.29649734 33.88723755 33.62440109 33.37800598 33.16308975 33.00645447 32.93944168 33.02325058 33.24568939 33.55108261 33.8577919 34.09087372 34.23167419 34.2861557 34.28049469 34.2399025 34.23273087 34.26051712 34.33319473 34.40872192 34.48152542 34.55140305 34.66019821 34.77840042 34.90470505 35.02708054 35.12073898 35.16943741 35.1865921 35.18338394 35.17886734 35.15914917 35.13454437 35.09516525 35.04953766 35.03310776 35.04343796 35.06666565 35.09002304 35.12631226 35.15910339 35.20949554 35.28462219 35.34324646 35.38899994 35.41801834 35.42956924 35.42506027 35.40513992 35.35700226 35.29548264
0.0 0.0 0.0 0.0 0.0 33.0715799 32.84889603 34.49116516 34.72378159 34.41791916 33.91678619 33.50561142 33.11369705 32.75432205 32.46941376 32.36773682 32.54748154 32.95776749 33.48880386 33.96629333 34.28961563 34.48558807 34.60041809 34.61764145 34.59321594 34.52028656 34.47703552 34.45692444 34.45476532 34.46653748 34.57079697 34.69081497 34.80566025 34.93809509 35.04464722 35.09116745 35.10938263 35.11517334 35.13209534 35.15468597 35.16291046 35.14369583 35.11595917 35.11168289 35.10322952 35.08797836 35.08155823 35.08955002 35.11347961 35.16244507 35.23307037 35.29335785 35.33651733 35.37026215 35.40477371 35.41867447 35.39466858 35.34342194 35.29969025
0.0 0.0 0.0 0.0 0.0 0.0 33.06773376 32.65309143 34.57380295 35.21116257 34.61168289 34.09519577 33.59605026 33.0274353 32.40937042 31.87339592 31.67797661 31.92201042 32.55861282 33.41054535 34.08623505 34.55318832 34.80757523 34.93694687 34.95473862 34.88087845 34.79112244 34.69535446 34.60593033 34.55928802 34.57752991 34.65256882 34.73682404 34.85401535 34.95851517 35.00850296 35.03588867 35.05237198 35.09799194 35.15507126 35.19581985 35.22154236 35.21853638 35.22805405 35.2107048 35.17575455 35.14092255 35.11671448 35.14688873 35.19092941 35.24506378 35.2951355 35.33177185 35.36416626 35.39411545 35.40483093 35.39295197 35.35400772 35.30945587
0.0 0.0 0.0 0.0 0.0 0.0 33.02646415 33.21343231 33.85383224 34.69994354 35.36600494 35.06965256 34.66612625 34.05052567 33.16486359 32.07653618 31.10810661 30.72410202 31.07242775 32.24578476 33.4082222 34.30345917 34.83887482 35.09262466 35.17964935 35.19019318 35.14865875 35.04977798 34.91989517 34.78126907 34.70008469 34.70222855 34.73656082 34.81101227 34.91352081 34.98909378 35.02975464 35.07074738 35.14033508 35.22574615 35.28565216 35.3193512 35.3303566 35.31632233 35.29867935 35.28194809 35.25862122 35.24776459 35.26224899 35.28744125 35.31817245 35.34251404 35.36675262 35.39748383 35.41717911 35.41790009 35.4028511 35.37214661 35.3459549
0.0 0.0 0.0 0.0 0.0 0.0 32.19628395 0.0 32.42434499 32.53761673 34.73910522 34.96694946 34.85000992 34.60184479 34.11099625 33.03353882 31.41839981 29.90823555 29.15281296 30.31455803 31.86009407 33.54102707 34.58961868 35.05720901 35.26883698 35.38044357 35.42147446 35.38634109 35.29443359 35.1391716 34.98594284 34.91602325 34.88100052 34.89419937 34.95333099 35.04224396 35.12231064 35.20324707 35.28724289 35.36486435 35.42903519 35.46538544 35.47038269 35.44750595 35.41566849 35.38750458 35.37476349 35.36711121 35.37823105 35.38993454 35.41635895 35.44610977 35.46240616 35.47118378 35.47437668 35.46326065 35.44601059 35.42847443 35.41727448
0.0 0.0 0.0 0.0 0.0 0.0 0.0 0.0 0.0 31.19636273 31.03916091 31.19830322 31.70222282 31.94872523 31.947855 31.71333885 31.65982819 30.47898674 27.90055847 27.66448212 29.31171036 31.71164322 33.93540192 34.82749557 35.23691177 35.46214294 35.58280945 35.61328506 35.59951019 35.51335144 35.36722183 35.25153351 35.17233658 35.13643646 35.14351273 35.20147324 35.28443527 35.37394714 35.46243668 35.53863144 35.58842087 35.62073898 35.62205505 35.59672546 35.56850052 35.53385544 35.50418091 35.48775482 35.48920059 35.5068779 35.52588272 35.5481987 35.56035995 35.56239319 35.55617142 35.5414505 35.52693558 35.51432419 35.50237656
0.0 0.0 0.0 0.0 0.0 0.0 0.0 0.0 0.0 0.0 0.0 0.0 0.0 0.0 0.0 0.0 0.0 28.35146523 26.93548965 25.56219101 26.05806923 28.23048592 32.28969955 34.21329498 35.0487442 35.44887543 35.6625824 35.75838852 35.78673935 35.76568222 35.68634415 35.5786972 35.46537781 35.41171265 35.40958786 35.43909454 35.49378967 35.55508041 35.62097931 35.67426682 35.71256638 35.73175812 35.73012161 35.7122612 35.68590546 35.6534729 35.62104416 35.59723282 35.59243774 35.5976944 35.60810852 35.62360382 35.62918854 35.62966156 35.6198082 35.60316467 35.58364487 35.56436157 35.55212784
0.0 0.0 0.0 0.0 0.0 0.0 0.0 0.0 0.0 0.0 0.0 0.0 0.0 0.0 0.0 0.0 0.0 0.0 0.0 24.32091141 23.69518089 23.32838631 28.78581238 33.05789566 34.49593353 35.26266098 35.66599655 35.83214569 35.89497375 35.88993454 35.85150528 35.78338242 35.69804382 35.64095688 35.6411705 35.65917969 35.68150711 35.71085739 35.74962616 35.77279663 35.78309631 35.78609467 35.78665161 35.77472305 35.75328827 35.72108841 35.69085693 35.67152405 35.66326141 35.66082001 35.6598053 35.6607666 35.65666962 35.64496994 35.62874985 35.61712646 35.60106659 35.5788269 35.5668602
0.0 0.0 0.0 0.0 0.0 0.0 0.0 0.0 0.0 0.0 0.0 0.0 0.0 0.0 0.0 0.0 0.0 0.0 0.0 0.0 22.11169815 20.81348991 24.00505257 30.909132 33.28595352 34.6732254 35.52945709 35.83283234 35.93475342 35.95425415 35.93318176 35.88966751 35.83436966 35.79204941 35.78392029 35.79618073 35.80124664 35.80615997 35.81996155 35.82354355 35.81829834 35.80842209 35.8025856 35.7935791 35.77345657 35.74730301 35.72074509 35.70411301 35.69303513 35.68629456 35.67992783 35.6688118 35.65355301 35.63706589 35.62164307 35.60890961 35.5929718 35.5722084 35.55546188
0.0 0.0 0.0 0.0 0.0 0.0 0.0 0.0 0.0 0.0 0.0 0.0 0.0 0.0 0.0 0.0 0.0 0.0 0.0 0.0 0.0 19.68573189 21.36504555 27.50665092 31.35320282 33.35274124 35.09612274 35.80368042 35.95807648 35.99944687 35.99871826 35.9644165 35.92024231 35.88837814 35.87554169 35.87164688 35.86550522 35.85668564 35.85117722 35.84606552 35.83870697 35.82354355 35.80833054 35.79493713 35.7796669 35.75944519 35.73678589 35.71755981 35.70399857 35.69417572 35.68187714 35.66199493 35.6415062 35.62161636 35.60713196 35.59928131 35.58679962 35.56958389 35.55433273
0.0 0.0 0.0 0.0 0.0 0.0 0.0 0.0 0.0 0.0 0.0 0.0 0.0 0.0 0.0 0.0 0.0 0.0 0.0 0.0 0.0 19.46735573 19.04129028 23.06120491 28.39912033 31.44880676 34.05690765 35.6324234 35.96666336 36.04109192 36.04613876 36.02293015 35.98389816 35.95334625 35.93346786 35.91939163 35.90772247 35.89399719 35.87440491 35.86048126 35.8463707 35.83611298 35.82439423 35.81251526 35.79648209 35.77720261 35.75630569 35.73186493 35.71393967 35.69678116 35.67978668 35.66107941 35.64192581 35.62234116 35.60707092 35.59671402 35.58630753 35.57102203 35.5596962
0.0 0.0 0.0 0.0 0.0 0.0 0.0 0.0 0.0 0.0 0.0 0.0 0.0 0.0 0.0 0.0 0.0 0.0 0.0 0.0 0.0 0.0 18.39378166 19.72682953 24.40411949 29.00403786 32.64082336 34.88306427 35.89244461 36.0581131 36.07730865 36.06735992 36.03010559 35.99633789 35.97121048 35.94985199 35.9372406 35.92186737 35.90524673 35.88878632 35.87016678 35.85492706 35.8452301 35.83611298 35.82335663 35.80779266 35.78691101 35.76257324 35.73826218 35.71406937 35.69153595 35.67312241 35.65827179 35.64457321 35.63217926 35.61923981 35.60365677 35.58840942 35.57859421
0.0 0.0 0.0 0.0 0.0 0.0 0.0 0.0 0.0 0.0 0.0 0.0 0.0 0.0 0.0 0.0 0.0 0.0 0.0 0.0 0.0 0.0 17.46437073 17.49909401 21.16542244 26.63062668 30.26853943 32.44891739 34.49893188 35.97533798 36.08060837 36.09787369 36.07852173 36.04961395 36.02143097 35.99502945 35.97177505 35.950737 35.93168259 35.91762924 35.90297318 35.88901901 35.87726593 35.86558533 35.85158539 35.83514023 35.81666183 35.79412079 35.77096558 35.74808121 35.7268219 35.70855331 35.69321442 35.68026733 35.66860199 35.65633774 35.64353561 35.63220978 35.62011337
0.0 0.0 0.0 0.0 0.0 0.0 0.0 0.0 0.0 0.0 0.0 0.0 0.0 0.0 0.0 0.0 0.0 0.0 0.0 0.0 0.0 0.0 14.82477474 14.77538967 16.0515604 24.79710388 28.71119499 30.9232769 32.20136261 34.02687073 36.02749634 36.1025238 36.11406326 36.09643173 36.07381439 36.04774857 36.0202713 35.99399185 35.97162247 35.95315933 35.93991089 35.92714691 35.9155159 35.90458298 35.89095306 35.87489319 35.85931396 35.84125519 35.82112122 35.80289841 35.78505707 35.76888275 35.75139618 35.7326088 35.71954346 35.70972443 35.7000351 35.6919136 35.68470764
0.0 0.0 0.0 0.0 0.0 0.0 0.0 0.0 0.0 0.0 0.0 0.0 0.0 0.0 0.0 0.0 0.0 0.0 0.0 0.0 0.0 0.0 0.0 11.37695886 15.64607239 24.41869545 27.93201637 30.34945679 31.49161148 32.75555038 35.40792084 36.02672958 36.09129333 36.11070633 36.10107422 36.08492661 36.06344604 36.03934097 36.01925659 36.00312042 35.99002075 35.97834396 35.96912003 35.95870209 35.94526672 35.93054581 35.91547394 35.90001678 35.88409424 35.8700943 35.8578949 35.84424591 35.8271904 35.80866623 35.79535675 35.78605652 35.77739334 35.76756668 35.7602272
0.0 0.0 0.0 0.0 0.0 0.0 0.0 0.0 0.0 0.0 0.0 0.0 0.0 0.0 0.0 0.0 0.0 0.0 0.0 0.0 0.0 0.0 10.0921827 6.407233238 15.77395248 23.53585625 26.91665077 29.83711815 32.11218262 33.03950119 34.13213348 35.90571976 36.03141403 36.08375549 36.10122299 36.10331726 36.09207916 36.07598495 36.06092453 36.04827881 36.03815079 36.02747345 36.01749039 36.00863266 35.99809647 35.9859848 35.97324753 35.96360779 35.95491409 35.94682312 35.94009399 35.93204117 35.91975784 35.90432739 35.89028549 35.87994003 35.87108612 35.86455536 35.85630035
0.0 0.0 0.0 0.0 0.0 0.0 0.0 0.0 0.0 0.0 0.0 0.0 0.0 0.0 0.0 0.0 0.0 0.0 0.0 0.0 0.0 11.31550419 8.078060105 8.36557743 14.25711823 20.0514183 25.0997467 29.35782242 32.57566452 33.98635864 34.89826965 35.6390419 35.86670303 36.01128769 36.07601166 36.09732056 36.10340881 36.10096359 36.09369278 36.08398056 36.07471848 36.06512451 36.05610275 36.04832077 36.04042053 36.03314972 36.02662659 36.02351761 36.02175522 36.02052307 36.01823425 36.01382828 36.00605392 35.995224 35.98286057 35.97259903 35.96579361 35.95993042 35.95090866
0.0 0.0 0.0 0.0 0.0 0.0 0.0 0.0 0.0 0.0 0.0 0.0 0.0 0.0 0.0 0.0 0.0 0.0 0.0 0.0 0.0 13.58384286 12.25866753 13.44256555 15.72165169 19.92876053 24.1973629 28.54599762 31.30763817 32.65565491 34.22298813 35.29696655 35.62631989 35.85672379 36.01884842 36.09494019 36.0978775 36.09621811 36.09486771 36.09130859 36.08690262 36.08272552 36.07740021 36.07120514 36.06514359 36.06137085 36.06128311 36.06429672 36.067276 36.07027817 36.06991196 36.06617737 36.06186295 36.05616379 36.04722214 36.0387764 36.03276062 36.02766418 36.02274323
0.0 0.0 0.0 0.0 0.0 0.0 0.0 0.0 0.0 0.0 0.0 0.0 0.0 0.0 0.0 0.0 0.0 0.0 0.0 0.0 15.98426832 15.17125281 14.61565875 0.0 0.0 0.0 22.50634725 23.61245155 27.30183983 31.47235107 33.3107605 34.64086533 34.88535309 35.52931976 35.88473129 36.05210495 36.1024704 36.09846115 36.08899689 36.08013153 36.07265854 36.06955338 36.06964874 36.0672493 36.06429291 36.06478119 36.06851959 36.07614136 36.08200455 36.08717728 36.08961868 36.08743668 36.08449936 36.07930756 36.07355499 36.06908798 36.06306458 36.05792618 36.05316162
