Environmental Parameters/RCP 45/2100/Net_Primary_Production.asc
ncols 720
nrows 360
xllcorner -180.00
yllcorner -90.00
cellsize 0.5
NODATA_value -9999
[rows 100 to 124 of 360, columns 228 to 284 of 720]
10.5722046 10.27860004 10.00620541 9.628778324 9.602314793 9.415983921 9.325405117 9.247242706 9.079277515 9.395459434 9.398534894 8.774432354 8.147832239 7.854558062 7.673822111 7.612072164 7.717132103 7.654043846 7.771102712 8.07308103 8.097390644 7.924493169 8.16343003 8.425599895 8.423810126 8.831813699 8.949812967 8.912435034 8.662181441 8.500257274 8.860401809 8.885902585 8.341483073 7.863794686 7.734560641 7.706535049 7.777989842 7.657327224 7.570543792 7.368378807 7.113175932 6.748477928 6.506144535 6.371602649 6.286687218 6.038558437 5.680026487 5.615127273 5.602841265 5.570505746 5.700144451 5.946700578 5.92283986 5.58681332 5.202937173 5.078208633 4.922854714
9.877158329 9.730180493 9.68430331 9.51566617 9.499098873 9.396695532 9.060990997 9.182834066 8.977613179 9.323203936 9.463007562 8.895959007 8.219340583 7.797579747 7.428502664 7.298288867 7.376453839 7.443485083 7.494302467 7.454547333 7.657072973 7.713729283 7.658544695 7.814240642 7.914439077 8.362260181 8.848201483 9.00891074 8.935460355 8.658580482 8.729014546 9.008606896 8.856273955 8.483544691 8.165332954 8.039351087 7.698484929 7.494460791 7.306318032 7.12269987 6.614075275 6.061966764 6.006113719 6.014122861 5.916595459 5.825441331 5.555397365 5.288445391 5.239194841 5.24024223 5.422348273 5.565608852 5.502112792 5.112651503 4.737575538 4.616213497 4.452577559
9.297210258 9.220520966 8.914911188 8.534678956 8.566481527 8.775475435 8.793925634 8.889996214 9.01956507 9.125178214 8.824574295 8.255159948 7.947862148 7.716714637 7.447594544 7.431466132 7.528532064 7.440840593 7.394648157 7.334468653 7.34362565 7.346312515 7.48231844 7.850538241 8.195282193 8.584542898 9.006912122 9.109281003 9.081303142 8.805273334 8.740267251 8.977739606 8.92783748 8.573672269 8.171810303 7.839235477 7.224842906 6.738039898 6.511194864 6.122112507 5.532356445 5.170081975 5.073307548 5.145842442 5.069595762 5.211810116 5.0976926 4.730992718 4.646025831 4.694743082 4.838978988 4.870691919 4.69141081 4.527963931 4.229852231 3.949005157 3.759245505
8.494612062 8.289897349 8.245107019 8.05357378 8.152185939 8.179467637 8.149636444 8.16897559 8.257409092 8.123837411 7.700757356 7.502961671 7.414072985 7.416795008 7.302620914 7.307655178 7.338174852 7.256245473 7.196690887 7.190886885 7.174775703 7.305304287 7.711404003 7.958925795 8.248517057 8.686670102 8.929197676 9.009752655 9.011788061 8.916835301 8.73293262 8.664730005 8.586440235 8.301552385 7.869597292 7.561477367 6.925238995 6.387835834 6.285410142 5.926058162 5.235952791 4.954569507 4.872870166 4.705587635 4.506259807 4.512014799 4.519382492 4.180827527 4.061002983 4.137085401 4.24713525 4.17403481 4.140421399 3.98645224 3.750080708 3.64858727 3.45023605
7.812644588 7.98433111 7.960275048 8.191885892 8.144094376 7.91409798 7.575156866 7.580368081 7.658013608 7.58838444 7.474553306 7.392270258 7.261214079 7.308776025 7.264974993 7.360245334 7.419088855 7.223058725 7.164634066 7.135448279 7.166848751 7.392881671 7.596647134 7.701956201 7.976731751 8.457924239 8.726721862 8.797763614 8.713720832 8.621244691 8.414105978 8.106120396 7.894598879 7.823121268 7.674696855 7.524227025 7.048385451 6.527779857 6.443713792 6.106230663 5.313619738 5.005954532 4.665080691 4.246721743 4.018285894 3.923159093 3.790469957 3.281029523 3.025365877 3.160765045 3.491869778 3.576788818 3.512564697 3.326933016 3.189902985 3.106915974 3.019765252
7.43789156 7.607691456 7.659727475 7.969854632 7.935283938 7.583329454 7.611693814 7.562192623 7.428488927 7.215552265 7.193619153 7.214347133 7.395064691 7.43147172 7.515916135 7.525356021 7.536097197 7.280389545 7.195939776 7.339732489 7.378960261 7.569203619 7.680412382 7.694552653 7.743940223 8.008900099 8.177870652 8.176729549 8.112966083 8.015500382 7.570402231 7.253254298 6.988898385 6.972839357 7.20308139 7.436729968 7.177263731 6.613959791 6.265995326 5.977812689 5.343726836 4.926298978 4.545824137 4.066935508 3.615599126 3.435347113 3.212294192 2.824136638 2.610260854 2.456818707 2.381106257 2.463735058 2.553467872 2.533195191 2.335838974 2.316802274 2.280375571
7.666861406 7.744207978 7.621560711 7.797629805 7.895964431 7.843298838 7.915189723 7.816844387 7.506833179 7.10831373 7.101723226 7.262373576 7.325334474 7.614909904 7.703526178 7.704734104 7.631436223 7.428604644 7.065345533 7.033861708 7.182873087 7.488167612 7.568148663 7.438105298 7.373797242 7.375820307 7.28436443 7.205968024 7.158117602 6.843919633 6.438264856 6.325077266 6.357018603 6.635284517 6.901752669 7.027158514 6.588635268 5.791453412 5.221704487 4.936408019 4.745921586 4.574303515 4.179365933 3.492415417 2.959304722 2.860638895 2.878084895 2.752826083 2.486381214 2.25040107 2.067857538 2.037234837 2.034242963 1.96837401 1.761707012 1.601947239 1.624617376
7.732603699 7.505705813 7.360160351 7.439147914 7.372590713 7.610790431 7.755226921 7.669978077 7.473358419 7.277032593 7.369213272 7.463948103 7.519814884 7.643955993 7.595374715 7.509847637 7.435747655 7.165492745 7.070103427 6.887153722 7.047505816 7.265614113 7.117476547 6.939522456 6.744098151 6.603725255 6.333482219 6.279092981 6.200296571 5.958903348 5.783558823 5.912588909 6.231112406 6.468188716 6.412615068 6.192974048 5.754228448 4.922207911 4.319463158 4.20716498 4.120184574 3.783464199 3.289358225 2.635591663 2.263418282 2.168181585 2.295532846 2.356129116 2.066009794 1.710282057 1.478309277 1.341047464 1.305174199 1.27909088 1.035402296 1.036102418 1.030471525
7.560226135 7.406180026 7.195625687 7.002842147 7.046246435 7.18239136 7.331152214 7.505851332 7.396171102 7.258357247 7.500210311 7.588652428 7.535109064 7.403542753 7.231623633 6.967655849 6.884041941 6.863295333 7.017130964 6.947664078 7.008036133 6.90772594 6.581612164 6.239350419 5.871398374 5.715461913 5.596757634 5.504279165 5.380648188 5.284488201 5.382458912 5.561209051 5.640137242 5.603626836 5.244388944 4.871612182 4.387085792 3.743499052 3.554469207 3.55665572 3.254888114 2.688790206 2.200942952 1.913404791 1.741661807 1.910920837 2.064462285 2.050437964 1.706173876 1.237378805 1.030979445 0.855716295 0.865331269 0.800493639 0.631408999 0.568925519 0.551981153
7.365789264 7.368072169 7.218698272 6.996569689 6.618229439 6.742652506 7.081777323 7.193909027 7.118181791 7.140882546 7.274551783 7.497630315 7.338513853 6.928920513 6.588527234 6.485908758 6.494807079 6.585932104 6.730171386 6.771908607 6.729969289 6.391941803 5.90274483 5.537505494 5.402496085 5.155272782 5.007372005 4.830696853 4.589239368 4.518255591 4.673122428 4.777357914 4.618674982 4.233828047 3.770364681 3.480988555 3.27886478 3.089259379 3.016828327 2.799202688 2.267912729 1.813390059 1.603549113 1.493803924 1.373663079 1.497950056 1.566997031 1.457004924 1.140588662 0.799129019 0.591865741 0.431400142 0.350568444 0.299461302 0.269501121 0.259575201 0.150869833
6.769659463 6.878992543 6.798421964 6.950235926 6.936904974 6.918229628 6.888836622 6.74464996 6.792140193 7.024644874 7.027602056 6.986438297 6.855531363 6.530441344 6.366180023 6.296834908 6.322338711 6.286737276 6.249831989 6.218234077 6.00146479 5.581069738 5.278673721 5.330941174 5.230103387 4.712823778 4.14400734 3.74912424 3.533407347 3.528227564 3.546311054 3.545217915 3.461154411 3.197405487 3.044279525 2.731210552 2.455707639 2.316129161 2.230221638 2.112587215 1.720875269 1.308166655 1.147759613 1.104991534 0.989946304 0.851389603 0.755445915 0.691143679 0.683666673 0.634053955 0.49526908 0.261971843 0.13317843 0.058997073 0.0 0.0 0.0
6.466629449 6.746998755 7.031257264 7.058740593 7.100187708 6.965363165 6.916152313 6.879495457 6.718770834 6.630789256 6.421197439 6.117027486 5.977592664 5.827397807 6.045095623 6.044756621 6.044863956 5.997159518 5.80969872 5.792289274 5.437313346 5.074836081 4.784453893 4.648609553 4.236684181 3.605938517 3.096884815 3.059761599 3.125588177 2.955860924 2.724250779 2.571447752 2.557156608 2.655251184 2.555565443 2.204824006 1.821607351 1.612100983 1.600312768 1.525317668 1.342029776 1.090620644 0.924476655 0.947148888 0.824400922 0.719811302 0.641223276 0.608436065 0.55570493 0.476497924 0.306814909 0.112059992 0.0 0.0 0.0 0.0 0.0
6.550251506 6.822755327 6.840547314 6.753995316 6.864070892 6.892543286 6.881269161 6.741923047 6.524092983 6.196347531 5.829096073 5.376830697 5.274960538 5.435239291 5.532061681 5.325076869 5.086991237 5.022112047 5.253120326 5.502007203 5.230314331 4.680097802 4.222383257 3.925940022 3.607680555 3.103906289 2.645618981 2.447671723 2.438175492 2.384848194 2.269182587 2.082277089 1.885153586 1.833490329 1.814379822 1.703917747 1.399436733 1.144257723 1.100564492 1.089232625 0.944081461 0.810427358 0.825676136 0.735616661 0.65677322 0.645757886 0.687305001 0.66933257 0.606628251 0.466909725 0.286460388 0.074189622 0.0 0.0 0.0 0.0 0.0
6.727620726 6.649791962 6.430736743 6.365376525 6.39792555 6.775711663 6.867293734 6.582008442 5.922953133 5.330247805 5.015229806 5.076635629 5.179980537 5.092297914 4.568054108 4.224474076 4.138329532 4.171707667 4.327411531 4.456431838 4.246700322 3.76879028 3.416842315 3.337012371 3.074416425 2.640967956 2.247722587 1.930417726 1.902745105 1.929499442 1.708291704 1.43594062 1.189594506 1.084741903 1.130301389 1.1983125 1.062757103 0.879428815 0.841962057 0.861249515 0.863175024 0.820326037 0.8096823 0.742854783 0.680003548 0.684664003 0.713754096 0.689255889 0.573389232 0.395814073 0.310244155 0.117133255 0.0 0.0 0.0 0.0 0.0
6.484719226 6.038061576 5.891822046 5.821303232 5.872912938 6.050214637 6.08680048 5.652628141 4.725875799 4.259121721 4.456730676 4.730503075 4.76443884 4.356921185 3.700936562 3.422753653 3.275413415 3.2496762 3.265669569 3.212198382 3.110551741 2.873102203 2.638946055 2.542030532 2.333639422 2.116454765 1.855948474 1.596322982 1.486456487 1.327756327 1.00440497 0.729055493 0.58803556 0.636177254 0.815755571 0.898074941 0.79028972 0.664297841 0.641947263 0.675649615 0.72398223 0.66048908 0.627477537 0.642798375 0.66731486 0.701328623 0.650957925 0.499808986 0.319608138 0.180122384 0.127000618 0.031284173 0.0 0.0 0.0 0.0 0.0
5.222517066 5.118983798 4.973264178 4.951671464 4.835742991 4.815190798 4.564201692 4.067409784 3.493714845 3.359641763 3.802316729 4.073813092 4.103534156 3.691559192 3.189850249 2.732586931 2.425426617 2.484237659 2.503355849 2.340856707 2.217927715 1.928211655 1.652279869 1.561047276 1.494757016 1.462603454 1.392452163 1.243714709 1.082984265 0.846393523 0.626430148 0.463204226 0.404535327 0.456518901 0.562472735 0.537209446 0.416241062 0.369153393 0.373659655 0.388508663 0.49546361 0.513091742 0.477195252 0.552725571 0.635754317 0.662545208 0.536632258 0.303031236 0.087887223 0.0 0.0 0.0 0.0 0.0 0.0 0.0 0.0
4.093028605 4.074058728 4.063429544 3.916327842 3.786035813 3.723496571 3.499878803 3.204086097 3.107317723 3.069026861 2.913478529 2.936448203 3.012256115 2.797490801 2.438510419 2.050123527 1.882129465 1.873746747 1.785326516 1.699777087 1.677674823 1.499514328 1.216698089 1.097365166 0.8897105 0.828353805 0.952552538 0.956661068 0.812019571 0.638317899 0.472381769 0.400597812 0.401099562 0.452364213 0.456189911 0.362566614 0.251775258 0.149233849 0.084237719 0.04349777 0.192837149 0.312475313 0.260417175 0.262768473 0.408518128 0.466405472 0.326437585 0.067031768 0.0 0.0 0.0 0.0 0.0 0.0 0.0 0.0 0.0
3.396183369 3.291553352 3.094000625 2.893925295 2.796469955 2.895533456 2.900565276 2.662063111 2.525735297 2.288721269 2.048821771 2.018100466 2.021533204 1.88930938 1.659489819 1.453236444 1.362370094 1.308861538 1.126849907 1.054619206 1.193882548 1.153978985 0.949049485 0.751085114 0.577568833 0.544328825 0.608862843 0.574042962 0.502346782 0.441680953 0.320376188 0.215757405 0.228229153 0.284484413 0.249471923 0.167805701 0.061455765 0.0 0.0 0.0 0.0 0.011353754 0.0 0.0 0.0 0.042257074 0.018678373 0.0 0.0 0.0 0.0 0.020593521 0.064347609 0.04918559 0.024905225 0.0 0.0
2.786390483 2.642188221 2.436183393 2.243934781 2.219617832 2.36299017 2.327877912 1.948563848 1.659220201 1.500847982 1.453252626 1.394213294 1.401049434 1.314744586 0.943946419 0.707898696 0.598799787 0.666762178 0.764719909 0.770687649 0.798662717 0.7419748 0.5940923 0.466724508 0.421249541 0.449669838 0.375306176 0.271757657 0.275995873 0.290156459 0.113862479 0.023708853 0.030968804 0.017244485 0.0 0.0 0.0 0.0 0.0 0.0 0.0 0.0 0.0 0.0 0.0 0.0 0.0 0.0 0.0 0.065598986 0.121404126 0.166574027 0.165612699 0.09791425 0.016518083 0.0 0.0
2.078560647 1.811580732 1.693269354 1.638088259 1.673307386 1.875303453 1.866094768 1.488912269 1.053752145 0.837821455 0.846167677 1.009666594 1.066717785 0.878527178 0.59432094 0.466878526 0.358766061 0.269197451 0.352066418 0.405334809 0.399920857 0.379497884 0.301226566 0.146567298 0.192895997 0.222490169 0.059477577 0.01602096 0.0 0.0 0.0 0.0 0.0 0.0 0.0 0.0 0.0 0.0 0.0 0.0 0.0 0.0 0.0 0.0 0.0 0.0 0.0 0.011606637 0.04590358 0.108521548 0.120748125 0.125890423 0.124844781 0.098281715 0.085120701 0.045209745 0.104196282
1.275754068 1.23607344 1.126121148 1.013551024 1.122449874 1.328149461 1.331950189 1.064345823 0.765756413 0.56730723 0.494141481 0.542471011 0.564595161 0.553893798 0.482220552 0.378809404 0.261443725 0.137095572 0.128534768 0.166220241 0.180278555 0.157851551 0.0 0.0 0.0 0.0 0.0 0.0 0.0 0.0 0.0 0.0 0.0 0.0 0.0 0.0 0.0 0.0 0.0 0.0 0.0 0.0 0.0 0.0 0.0 0.0 0.039824808 0.116860465 0.11999195 0.107171043 0.087363122 0.104554987 0.1316329 0.158888142 0.173013541 0.258202665 0.326854963
0.759330986 0.818301225 0.788236386 0.729072723 0.766465091 0.819695939 0.744942285 0.574015488 0.398944801 0.278694613 0.249090779 0.251582358 0.242867041 0.193759828 0.165581383 0.144885125 0.074887648 0.0 0.0 0.0 0.0 0.0 0.0 0.0 0.0 0.0 0.0 0.0 0.0 0.0 0.0 0.0 0.0 0.0 0.0 0.0 0.0 0.0 0.0 0.0 0.0 0.0 0.0 0.0 0.0 0.0 0.079400488 0.078910845 0.075208722 0.064920489 0.078901503 0.14656657 0.199356087 0.185011886 0.149264553 0.164661353 0.191074389
0.501457631 0.523375842 0.553081394 0.536970183 0.497772533 0.466664555 0.327186659 0.238036038 0.159484363 0.142694771 0.116415729 0.077246164 0.033121876 0.0 0.0 0.0 0.0 0.0 0.0 0.0 0.0 0.0 0.0 0.0 0.0 0.0 0.0 0.0 0.0 0.0 0.0 0.0 0.0 0.0 0.0 0.0 0.0 0.0 0.0 0.0 0.0 0.0 0.0 0.0 0.0 0.0 0.0 0.023918721 0.047197391 0.043197215 0.119943725 0.214398431 0.240068883 0.08435722 0.0 0.022285705 0.060069113
0.371235918 0.339892256 0.355608499 0.3361032 0.294399215 0.264872593 0.197910107 0.145443337 0.086709319 0.074506359 0.051989584 0.002851157 0.0 0.0 0.0 0.0 0.0 0.0 0.0 0.0 0.0 0.0 0.0 0.0 0.0 0.0 0.0 0.0 0.0 0.0 0.0 0.0 0.0 0.0 0.0 0.0 0.0 0.0 0.0 0.0 0.0 0.0 0.0 0.0 0.0 0.0 0.0 0.0 0.0 0.0 0.0 0.058634992 0.106583611 0.0 0.0 0.0 0.054270029
0.28186795 0.225916039 0.198992173 0.189987957 0.178415226 0.177617374 0.155775473 0.128853222 0.078702535 0.055006138 0.048820875 0.008558869 0.0 0.0 0.0 0.0 0.0 0.0 0.0 0.0 0.0 0.0 0.0 0.0 0.0 0.0 0.0 0.0 0.0 0.0 0.0 0.0 0.0 0.0 0.0 0.0 0.0 0.0 0.0 0.0 0.0 0.0 0.0 0.0 0.0 0.0 0.0 0.0 0.0 0.0 0.0 0.0 0.0 0.0 0.0 0.0 0.039448554
