Environmental Parameters/RCP 45/2100/Net_Primary_Production.asc
ncols 720
nrows 360
xllcorner -180.00
yllcorner -90.00
cellsize 0.5
NODATA_value -9999
[rows 250 to 274 of 360, columns 399 to 455 of 720]
13.58776656 13.79831834 13.22035142 16.22678107 18.61498458 19.95343016 15.93952812 14.4598186 14.19851836 14.2905903 14.50411393 14.77161841 14.6372267 13.79282819 12.55964814 11.51090721 10.91660815 10.23901533 9.606024716 9.122472256 8.647093317 8.453993592 8.389218245 8.537799818 8.589634672 8.435660275 7.990486221 7.355234819 6.745221093 6.314499537 6.004891358 5.836182041 5.609255517 5.409508944 5.225748057 5.232469179 5.230852636 5.205698078 5.135688698 5.035677925 4.916388541 4.815594526 4.875590326 4.932703217 4.957743222 5.056111142 5.082280375 5.021865014 4.994613118 4.972487455 4.934320925 5.013193237 5.086240824 5.035904935 5.053502508 5.032364046 5.082681309
10.87377663 11.11331582 12.7340355 14.90584272 16.23077039 14.98689782 12.66908925 12.49789074 12.75096415 12.9548728 12.97075208 12.87915814 12.57077721 11.9995838 11.38397562 10.89501451 10.56406763 10.01587929 9.408267215 8.896228625 8.580712834 8.446755121 8.558043279 8.716291515 8.645518683 8.41444009 8.096605306 7.615406765 7.147506112 6.838686531 6.503575714 6.219970062 5.868409295 5.610349821 5.431683501 5.391930928 5.443000467 5.518808495 5.614035763 5.623284495 5.618706346 5.574324634 5.575003568 5.567664746 5.581313511 5.64557733 5.630835891 5.520539358 5.511182128 5.462149624 5.423548166 5.489586154 5.67413331 5.801593186 5.807569483 5.763305584 5.708027165
10.69683465 12.12922204 12.98142876 13.77298264 14.0205822 12.32395275 11.772078 11.85079385 11.78643876 11.68486243 11.49514248 11.43057388 11.3402775 11.17820595 11.00553223 10.78440063 10.50711446 10.24919236 9.630902437 8.957292419 8.486747043 8.365693269 8.409341797 8.425503504 8.245850913 8.004671894 7.804471534 7.481315406 6.948256632 6.566327531 6.529829931 6.401811959 6.168806925 5.883803824 5.652363878 5.678978516 5.803846056 5.81791997 5.874076393 5.959454458 5.958779715 5.995111773 6.044417154 6.007733988 5.893469788 5.866813241 5.860328674 5.680834409 5.580794532 5.534325028 5.523338215 5.517965648 5.55833336 5.567563465 5.554320524 5.582738202 5.732592661
10.72156918 11.860959 12.55731378 12.52422063 11.97075797 11.42115891 11.2360362 11.09763561 10.80965996 10.56819153 10.52789576 10.66160761 10.8393305 11.06012031 11.37993135 11.37342234 11.1787247 10.84673125 10.07496612 9.105428588 8.676724741 8.528460748 8.47899029 8.505004924 8.465774124 8.271469967 8.033755701 7.684511133 7.117443252 6.502771052 6.198422983 6.160200341 6.129900226 6.111377152 6.005190779 5.99929411 6.104158703 6.149726221 6.003605668 5.721627269 5.613251589 5.765957525 5.916785449 5.994276144 5.927733378 5.89640392 5.729475059 5.666009383 5.676255561 5.60983154 5.559314042 5.445838673 5.361008458 5.319478223 5.339729134 5.407405086 5.650746636
10.68765111 11.04785036 11.28842635 11.23000123 11.02937805 10.80252416 10.54510963 10.16310346 9.801439941 9.762545815 10.02103952 10.47010045 10.8732644 11.21167117 11.51736011 11.65709249 11.48654777 11.13554579 10.41363436 9.539072169 9.224421345 9.176925058 9.24277422 9.402677417 9.155382169 8.981121471 8.705917746 8.09647562 7.388857659 6.750815315 6.248583086 6.155362818 6.28108019 6.2999113 6.318317261 6.32690778 6.287637167 6.245218217 6.221827818 5.996283609 5.738141015 5.555734504 5.575419869 5.721720168 5.78842219 5.857625511 5.875331815 5.718896631 5.726437084 5.739013664 5.801304942 5.794890923 5.775754573 5.747404182 5.691669881 5.566220498 5.613470916
9.748029523 9.987983387 10.12896956 10.26439318 10.13921946 9.884105064 9.698675247 9.514726233 9.482068475 9.642534889 10.05942654 10.60155034 10.77035279 10.61414648 10.61255625 10.78130957 10.96624811 10.93441085 10.64644568 10.26833523 9.822598659 9.60475672 9.691596031 9.714821586 9.528834838 9.344189893 8.999984479 8.476425195 7.951797452 7.247050991 6.708979374 6.606545765 6.676404038 6.867755437 7.021981059 7.090016967 7.119407179 7.067954866 6.980806589 6.793771638 6.429961184 5.971852923 5.629581632 5.666691111 5.801965017 5.993050756 6.076172926 5.896677263 5.832901923 5.796557758 5.869263317 5.904529011 5.922498647 5.822590319 5.731348414 5.649489816 5.634091562
9.200520581 9.243299253 9.523534914 9.597547119 9.539665189 9.303880623 9.300198872 9.326743893 9.422580712 9.670275962 10.16300358 10.30001789 10.07246785 9.777098894 9.44036711 9.157065768 9.429674596 9.952180553 10.32069046 10.20894875 9.746402502 9.568582522 9.692569496 9.77183762 9.821491782 9.653136134 9.254566859 8.851329796 8.415679447 7.79044861 7.101810072 6.827258971 6.911621429 7.289453177 7.445022231 7.490898948 7.586565102 7.641960867 7.726567332 7.656948175 7.076352835 6.465210114 5.955043249 5.763515597 5.853334675 6.128340494 6.345170317 6.207973696 6.136036012 5.978637841 5.957113812 6.012400612 6.036220351 5.864679813 5.684249103 5.636474583 5.635185167
8.804438869 8.722946513 8.770434186 9.125466924 9.340580553 9.176278021 9.047109168 9.206203744 9.263818618 9.43710003 9.635378607 9.327926673 8.864820469 8.219385985 7.554044947 7.08774291 7.517548744 8.397900965 9.372253437 9.76485922 9.59425699 9.411080275 9.511853103 9.722805582 9.830652969 9.666000027 9.167016484 8.757095318 8.644902613 8.335201535 7.696285844 7.293692324 7.382579381 7.753452519 7.856231416 8.002536371 8.183750557 8.169620531 8.192252833 8.26590322 8.074009791 7.522038184 6.856100634 6.248590071 6.220227573 6.380659994 6.518075708 6.465747487 6.451242138 6.471851142 6.450696848 6.475392496 6.234280299 5.915152375 5.67159988 5.609758198 5.881728139
8.446024265 8.649500087 8.627532981 8.864083327 9.226062335 9.339278564 9.423892945 9.564899839 9.505596943 9.503276087 9.173966944 8.646568749 7.94126885 7.247158792 6.455844734 5.808879621 5.893617868 6.853860803 8.127362933 9.021794889 9.190623648 9.260478429 9.629813489 9.869102621 9.888225468 9.505271912 8.830902167 8.199910168 7.833260112 7.611469831 7.345187012 7.121948525 7.171189878 7.448262069 7.831074763 8.235961199 8.580219466 8.67362693 8.562014904 8.389570285 8.398745209 8.205492515 7.649841253 7.233660668 6.964179222 6.769115105 6.468518637 6.286446936 6.283029448 6.60232082 6.930961972 7.019056007 6.756911986 6.296498701 6.008397322 5.881156772 5.900899414
7.916564588 8.356216364 8.970988449 9.123576339 9.05161351 9.135204833 9.383894503 9.430609178 9.358969517 9.181471542 8.75079399 8.397337515 7.921424694 7.647510618 7.226625457 6.396743469 5.842546932 6.074261852 6.941738538 7.941193413 8.78105266 9.34692123 9.754148545 9.97067662 9.721585549 9.142845403 8.456331678 7.877700496 7.500682492 6.993284449 6.763985381 6.69926824 6.769260857 7.142124232 7.620271295 8.108621463 8.445735089 8.324206341 7.794180419 7.639680058 7.803453133 7.938027848 7.801297586 7.332745939 7.227555849 7.192641497 6.958994083 6.609592121 6.451910827 6.673955824 7.055407856 7.203955203 7.00766826 6.714117248 6.507992279 6.409646012 6.347906776
7.739670575 8.742241655 9.454695974 9.901384357 9.845005814 9.599773679 9.548335802 9.260656312 8.932218887 8.472849615 8.007772733 7.626486477 7.165718824 7.483344059 7.416630629 6.89515518 6.269192323 5.976246204 6.505684927 7.843705826 8.77029635 9.582594037 10.34366339 10.42877929 9.689893108 8.895212784 8.20285175 7.797499653 7.639508694 7.280907594 6.890319288 6.535837892 6.612583995 6.997442804 7.452710997 8.026406635 8.35581962 8.026425261 7.49788573 7.223370485 7.361772936 7.449006662 7.542874664 7.21338857 7.197997998 7.337467745 7.311813068 7.143300492 6.936762016 7.013898809 7.156599313 7.30631128 7.271186914 7.226573303 7.186139002 6.882229354 6.620896049
9.403157979 9.824689943 9.531432763 9.585613385 9.96847637 9.796646889 9.102861397 8.337071165 7.436444517 6.492648274 5.45626739 4.420384765 4.250031896 4.924763925 6.128797308 6.707207765 6.81583304 7.168706972 8.003606927 9.312567767 10.72740043 11.45762764 11.20547438 9.651906323 8.649899624 8.058337029 7.905166131 7.929627784 7.918963674 7.96909444 7.88268866 7.609754335 7.405388169 7.622560486 7.992217317 8.324366529 8.407332469 8.309012279 7.831939496 7.336651906 7.134673651 6.842411123 7.083285134 7.040194236 7.01970933 7.308407687 7.267151494 7.090356667 7.134934887 7.201355882 7.05989683 6.98782457 7.119538728 7.424769923 7.612776477 7.301648613 6.853159051
9.332634974 9.294035379 9.075399954 8.829290513 8.424324449 8.196308278 7.682418451 6.800738163 5.492602941 4.266374744 3.182529006 2.594444901 2.769112587 3.947613761 5.382685456 6.818918977 7.781991269 8.569250349 9.365167934 10.29888354 10.61473461 9.286501911 8.059998043 7.090920117 6.544014439 6.562301889 7.117046043 7.559335791 7.667364553 7.741182577 7.757504471 7.388496306 7.226191927 7.239087019 7.30356155 7.006600033 6.821833551 7.080689538 6.851578131 6.010445766 5.688196048 5.770229734 5.865790416 5.963185802 6.061933469 6.267683581 6.711233407 6.879897788 6.809691899 6.88041281 6.867890246 6.889573764 7.043623365 7.338713855 7.538230158 7.316190284 6.578039844
8.340469562 8.643584792 7.898868527 6.878623739 6.655727979 6.403459702 5.995934363 5.137951113 3.881789278 2.866710071 2.419521566 2.298094332 2.637238242 3.106628545 4.028194584 5.689977203 7.819371298 9.006354958 9.489968885 9.44320811 8.047237061 6.624293979 6.141174585 5.753442179 5.387361161 5.70651656 6.568350829 7.301465608 7.585488725 7.47032417 6.839354057 6.187445018 6.102057174 6.26086304 6.235210225 5.47879329 5.241627339 5.579598714 5.362300202 4.930113908 4.866004456 5.31861186 5.402827635 5.383127369 5.620634183 6.075617392 6.758769508 7.249327376 7.091427222 7.041287143 7.073019166 7.256177254 7.509235293 7.922046352 8.139960002 7.757128682 6.690658163
8.100772742 7.863736246 7.235570811 6.484496873 5.933832377 5.765923765 5.621472839 4.925736226 3.96190118 4.037777428 4.352816381 4.380044062 4.407405388 4.412199371 3.813466989 5.128779449 7.379190065 8.273299783 8.139724843 7.106291596 5.821955856 4.713699222 4.905031063 5.162799265 4.963639658 5.239245947 6.128618959 6.97999727 6.976674311 6.592102349 5.745699164 5.303048529 5.536134355 6.168802269 5.955724511 4.985756241 4.672707524 4.717382137 4.613675177 4.337128252 4.179173149 4.52618394 5.011311732 5.641298369 6.313101389 7.441622671 8.008659817 8.004891686 7.814375684 7.837588433 7.732878439 8.000147529 8.545677643 8.943727706 8.888870012 8.402117062 7.539109793
8.056304418 8.312968072 7.715998217 7.262800355 6.507051643 6.005681586 5.861936603 5.660637282 6.175205577 6.644532084 6.581388414 6.688082591 6.728404202 6.276052911 5.979847629 6.274627056 7.333660033 7.876649499 7.613928057 5.666921381 4.192818888 4.196234979 4.209779669 4.840684123 5.080547184 5.306441803 6.073900498 6.829001475 6.781655364 6.543426774 6.326630712 6.252839696 6.703240331 7.214572281 7.099344395 6.165917031 4.835254978 4.601649474 4.324580077 3.839463461 3.723430913 3.846619744 4.341676831 5.185634829 6.416933611 7.634211332 8.156164084 7.796076126 7.219667081 7.063577417 7.484199014 7.999873254 8.519992698 8.76971148 8.79324181 8.509013802 7.805312518
5.850036629 6.381841842 6.86491048 6.842296105 6.229553372 5.602770485 5.293908529 5.366089754 5.987964571 6.239487324 6.184836384 7.011169102 6.963644177 7.314831484 7.557801437 7.794640027 7.524834014 7.312764414 6.91433996 5.502695218 3.984289244 4.075961653 3.829806577 4.351336509 5.130570848 5.701078102 6.539969705 7.320410572 7.649603765 7.145845331 6.714433432 6.51296135 6.815152243 6.87805051 6.487379782 5.402179901 4.264775198 3.816090059 4.14526742 4.104651045 4.044894129 4.04465897 4.457946867 5.237974692 6.003669929 6.539390888 6.465835031 6.028003059 6.083601154 6.518494338 7.068032399 7.545328233 7.709862664 7.64801586 7.289004512 6.778706331 6.067562848
4.127300344 3.870659508 3.792711999 4.305758514 5.376433488 5.451089237 5.412300117 5.367079284 5.215025507 4.869974684 4.311102442 4.20203805 5.123554729 7.249588612 7.584713865 8.367061615 8.200108539 7.755908649 6.300379056 4.825333133 4.931814969 4.39961208 3.470636904 4.192143213 5.190825555 5.714374129 6.558426656 7.248251233 7.170831319 6.742381491 6.644651759 7.352906745 7.678226102 7.267848123 6.368308794 5.29774325 4.575388972 4.329227842 4.475055262 4.534643143 4.475548398 4.682649858 5.214261357 5.37167117 5.303746089 5.14710322 4.86855628 5.04796207 5.59703121 6.600598339 7.140899543 7.400851231 7.427379489 6.88874349 5.763300229 4.391781986 3.738138359
2.956090029 3.040242009 3.01009696 3.363784403 4.021686967 4.42718016 4.747102968 4.545491654 3.843849525 3.273450769 3.110886086 2.91157607 4.48065158 6.463650148 8.155246731 8.655191399 6.719707046 3.527874593 0.957604498 1.968927216 5.837745033 4.384534433 3.634912428 3.780848812 4.730775952 5.083311815 5.274457391 4.423615057 4.16626595 4.342071712 4.744571168 6.403487176 7.415557746 7.258338388 6.501851603 5.705294665 5.27796708 4.38873563 3.702088725 3.480510786 3.618255723 4.252764862 6.017450709 5.800975487 4.834969994 4.479452036 4.740820266 5.464801565 6.559973117 7.443912327 7.853995776 7.622647565 6.994708674 5.925294245 5.344529171 5.148360506 4.08589025
3.266879357 3.035467817 3.085542936 3.22841946 3.143413924 3.167637391 3.27357417 3.062217962 2.655521501 2.451619599 2.453110181 2.636543941 3.238111269 5.943907425 8.654618636 7.504801732 4.428999498 1.257495489 0.261412933 1.456040423 3.127767704 4.118303303 3.930844832 4.131454276 4.184323829 3.577448661 2.715826966 1.47245382 0.610550633 1.035826281 2.227646066 4.364196211 5.418690154 5.855788011 5.90160396 5.978016416 5.810698261 5.252721719 4.618577659 3.897755407 3.353795502 3.65626649 4.956494085 5.49804233 5.603743484 5.800543819 5.943520227 5.850811489 5.175962113 5.034088623 5.301865516 5.263946019 5.198839353 5.101683782 4.596066661 4.231443396 3.639379516
4.091413924 3.618929302 3.286338877 3.064361867 2.859517466 2.58753635 2.315297956 1.992599107 1.952865394 2.412169939 2.808653982 2.785374178 2.466637641 3.845087485 6.145533407 6.12070458 4.042767687 2.174216323 1.622594893 1.966493903 2.558536595 3.594190814 4.335395526 4.422702128 3.721983405 2.589944052 1.560632605 0.61798282 0.086459331 0.450731022 1.56571134 2.776562469 3.450982273 3.66165163 3.793083364 4.260784946 4.730474204 4.766526632 4.510955652 3.965182696 3.666861216 4.054921912 5.137135275 5.888019921 6.128492998 5.868526176 4.767742241 3.310729051 3.158036852 3.75812361 4.255925771 4.197017755 3.66470078 2.968195593 2.404299797 2.304679481 3.024231875
3.609153675 3.317301394 3.224308835 3.154047532 2.918153303 2.357159276 2.026821021 1.834349474 2.219112124 2.90970807 2.991470974 2.82257935 2.553331433 2.266905969 3.465822665 4.23441967 3.294990165 2.173124114 1.672512852 1.874930225 2.258156659 2.801334718 4.084302811 4.218906397 3.393289167 2.289216034 1.479504164 0.843808521 0.704824924 0.808836659 1.268512104 1.988967415 2.423278522 2.253212035 2.405636944 3.021932207 3.739920678 4.258169793 4.205590347 3.952370025 4.029090516 4.847961711 5.822645267 6.127652479 5.475948332 4.442917882 3.863685997 3.269508015 3.056804184 3.197056009 3.583177458 3.516999073 2.916254336 2.224083757 2.177100163 2.575873863 3.089158796
3.38248536 3.287373111 3.303047968 3.123383038 2.663020277 2.276551211 2.367025707 2.68030772 3.002699465 3.012147034 2.937949263 2.759344643 2.625916619 2.521339571 2.486749319 2.454102272 2.334925346 2.157842973 1.684171148 1.535794931 1.8091565 2.434393158 3.80992936 3.904398764 3.510005074 2.936278703 2.35198508 2.080347389 2.142564394 2.177110408 2.288344083 2.579311607 2.554903505 1.901741372 1.659518341 2.215343062 3.42283654 4.214486573 4.064681474 3.976373235 4.321697867 4.888135009 5.051044747 4.933035234 4.880995955 4.816357978 4.800005816 3.902974306 3.638032591 3.720537061 3.857556731 3.664210439 3.067374928 2.412630944 2.290007425 2.59604305 2.969674068
3.272319445 2.988748485 2.765318379 2.396324882 2.258971566 2.423650585 2.801389666 3.099156311 3.128624288 3.024814418 2.859440399 2.687212545 2.59932573 2.658300567 2.736252034 2.669160254 2.517861081 2.331913682 1.896138536 1.512110466 1.600843389 2.781935502 3.750653705 3.807568224 3.619515337 3.138375236 2.847606083 2.936979989 3.128636163 3.18521075 3.177556209 3.086843994 2.720273333 2.146158135 1.743144123 1.994690392 2.959730802 3.71822319 3.980683628 4.455586197 4.983528983 5.066928221 5.070176208 5.112288287 5.170176039 5.14889881 5.048702471 4.661130486 4.393165233 4.205361241 3.956441302 3.46437213 2.875320148 2.523406176 2.533900551 2.729815198 2.9562579
2.942225663 2.521906514 2.328955336 2.310802462 2.438970841 2.746553393 3.021312645 3.102321178 3.112559207 3.060004674 2.713896334 2.482474549 2.417932497 2.496034373 2.571013058 2.493202686 2.333549317 2.15233746 1.833124552 1.670958241 1.899483614 2.715112409 3.707293654 3.446815768 3.136952408 2.96590128 3.027511761 3.215447767 3.225452732 3.055941081 2.887699287 2.805595519 2.633260097 2.3372469 2.047723858 1.920814393 2.165196696 2.5298486 2.878974192 3.45185888 4.439542769 4.841064569 5.047710147 5.242154468 5.327769788 5.230181618 4.706796492 3.99599364 3.547283122 3.397054505 3.126292955 2.802085364 2.59227748 2.57811835 2.697027521 2.894321457 3.009509295
