Environmental Parameters/RCP 45/2100/Net_Primary_Production.asc
ncols 720
nrows 360
xllcorner -180.00
yllcorner -90.00
cellsize 0.5
NODATA_value -9999
[rows 125 to 149 of 360, columns 171 to 227 of 720]
0.618071761 0.747379265 0.870311458 0.90283755 0.862267683 0.769385602 0.69760409 0.702496618 0.612869277 0.521529117 0.507081859 0.482852629 0.480469142 0.433712848 0.231984479 0.180198695 0.247103046 0.345031032 0.630031223 1.182216103 1.21781067 0.73234149 0.7143931 2.624970395 3.861243677 -9999.0 -9999.0 -9999.0 4.969029687 2.265283489 1.737639192 3.167594667 3.464393085 2.194247325 1.54130091 1.162119326 0.822012633 0.554905069 0.528100703 0.618889811 0.672930037 0.711103959 0.612517179 0.485972821 0.404205086 0.390229063 0.319059211 0.310637814 0.340467261 0.361928629 0.361410814 0.336450728 0.308927891 0.337931298 0.389421199 0.399667173 0.343865613
0.410467881 0.454883644 0.5083305 0.551787642 0.556722982 0.513821957 0.473977823 0.476178073 0.481583673 0.4094381 0.411931804 0.417919277 0.448518171 0.379318895 0.245513278 0.152133056 0.152085209 0.261424691 0.416745606 0.777521171 1.045799698 0.718264084 0.455621892 1.068036247 1.650653081 2.777151312 -9999.0 -9999.0 4.079554463 1.327043283 0.862476532 2.443227218 2.50743283 3.041838761 2.576610306 0.853461854 0.901654086 0.806165539 0.507189718 0.504975236 0.477771682 0.494435488 0.507677018 0.43908965 0.381766353 0.366275621 0.299972249 0.304504749 0.315277284 0.303268404 0.283719055 0.2619648 0.257480453 0.292069861 0.299075182 0.293696852 0.258308966
0.325947942 0.337622885 0.301131382 0.30732638 0.293671736 0.283609144 0.308731745 0.279019237 0.351941213 0.37540702 0.392965332 0.30606761 0.335998397 0.422036508 0.4249044 0.322890701 0.239708286 0.171237451 0.225621741 0.394921342 0.653422612 0.613162818 0.399646 0.484978693 1.327548263 1.92913608 -9999.0 -9999.0 3.941433039 2.146990155 0.806520402 0.764301862 0.735303329 1.130851335 1.316127717 0.43820971 0.666375272 0.825381896 0.706333041 0.533276441 0.439249299 0.442707111 0.459317715 0.442693097 0.398107921 0.367655448 0.312849588 0.310348521 0.30610917 0.29019767 0.259672073 0.247721822 0.234959371 0.225852011 0.241999522 0.227067147 0.200891118
0.18327008 0.174727727 0.197670583 0.221230512 0.24872784 0.245405943 0.196489622 0.136004237 0.139604555 0.268367352 0.285436923 0.211975566 0.366628112 0.506525394 0.523665105 0.463702134 0.423037447 0.44931093 0.452909677 0.338020211 0.290955591 0.421934703 0.353665353 0.338612066 0.589872943 1.822269842 1.896095491 -9999.0 5.487992195 0.803142495 1.612730324 1.799743332 1.147106756 0.910441973 0.368129608 0.347619032 0.463996723 0.619206141 0.687806678 0.585884336 0.465384204 0.417978445 0.445574624 0.438833478 0.384083862 0.358501813 0.335489138 0.315026249 0.298754254 0.280827633 0.258077736 0.248587785 0.234853273 0.22634882 0.228930556 0.208125755 0.212030682
0.143025798 0.138321964 0.191622938 0.175929032 0.148952866 0.137797761 0.161544842 0.15262673 0.232244231 0.184709206 0.131095352 0.213477382 0.373843359 0.457328977 0.485748227 0.546443393 0.632723444 0.583445712 0.644239073 0.631655857 0.388439337 0.309338327 0.328148832 0.267015304 0.424942875 0.905385532 1.031145628 0.853539212 0.611829455 0.386231695 0.768539961 1.145743707 0.937023782 0.221599592 0.279265601 0.471732463 0.351871277 0.361704268 0.599594721 0.667694985 0.548619559 0.406552041 0.491167222 0.5260096 0.488097648 0.437354 0.402328151 0.384304782 0.33406695 0.303738678 0.295823076 0.275486724 0.250777717 0.235541331 0.224841999 0.213697116 0.222336406
0.125762381 0.165142308 0.170925065 0.10496247 0.089071109 0.127738313 0.148907304 0.245677569 0.135560898 0.06571351 0.151531596 0.3046169 0.388316286 0.438629359 0.490660314 0.583536865 0.734971894 0.615210505 0.502011972 0.623354397 0.825603027 0.426788116 0.325989473 0.421867764 0.548621872 0.776665751 0.886319787 0.523726107 0.3585839 0.412324385 0.566267001 0.814574101 0.735518057 0.10246865 0.316311227 0.161181233 0.166552243 0.206282071 0.322296597 0.504719676 0.560192093 0.508067824 0.517355242 0.54800103 0.537067121 0.492455438 0.446369093 0.416489442 0.378170764 0.346005494 0.329187751 0.311560609 0.272749166 0.240568908 0.221007962 0.217391658 0.228431003
0.09443608 0.11908212 0.155786576 0.238716064 0.313003649 0.242784197 0.156609705 0.139252224 0.110391265 0.130546294 0.217714522 0.309438678 0.390013331 0.541837187 0.629798567 0.75543666 0.695875962 0.493279891 0.466999772 0.460715848 0.669896894 0.665695174 0.509783567 0.408918597 0.446823426 0.407902233 0.404418679 0.451825559 0.759636343 0.387482229 0.550000404 0.598055602 0.466938742 0.171080814 0.075083066 0.346470159 0.066094915 0.068992129 0.166914397 0.386024483 0.595117628 0.569673248 0.527919205 0.508803685 0.449645675 0.403975602 0.372608556 0.353062365 0.333517455 0.314761135 0.313120378 0.312221193 0.268345997 0.243692433 0.232717088 0.233472529 0.247866934
0.017491111 0.071983362 0.119463468 0.116849231 0.096587362 0.075404896 0.034961515 0.046093497 0.08011343 0.128047832 0.234988285 0.33571478 0.495764223 0.735057809 0.907604932 0.949657406 0.767101301 0.50039083 0.422291341 0.368629146 0.399738085 0.470193918 0.378821685 0.347308523 0.362029066 0.343957567 0.299660838 0.292801647 1.078627771 1.13699364 0.462276221 0.593494857 0.384741463 0.333617645 0.091281938 0.099274315 0.212183077 0.043031505 0.050726878 0.059337704 0.36523828 0.568234587 0.511165526 0.41877792 0.341960687 0.306350645 0.287170813 0.277973944 0.279430998 0.291965138 0.3063681 0.319169012 0.294774705 0.279546126 0.272127443 0.282631074 0.292650911
0.0 0.0 0.0 0.0 0.0 0.0 0.0 0.002830871 0.07500872 0.195271656 0.380687939 0.530630816 0.892894634 1.352769672 1.303746016 1.212988049 0.990279252 0.531442696 0.339195074 0.283906702 0.270760211 0.296190148 0.295140606 0.321597327 0.316159858 0.372126698 0.485323486 0.639986363 0.562656729 0.259401917 0.256962201 0.558275846 0.703336089 0.342486688 0.251681544 0.184357428 0.227696553 0.27060241 0.097069293 0.004942405 0.161982942 0.415969684 0.383015002 0.261678288 0.236508589 0.229827107 0.236377215 0.256053558 0.26633175 0.29307956 0.331868621 0.370224676 0.378297496 0.377093413 0.364608626 0.354845863 0.35936202
0.0 0.0 0.0 0.047121022 0.089207635 0.13591841 0.234346604 0.349991897 0.554379774 0.794017746 1.013038214 1.471994794 2.044199966 2.434891649 2.124625724 1.902529737 1.435020822 0.544466486 0.225708674 0.188975304 0.172489206 0.073741743 0.119120814 0.391710928 0.555272505 0.330906187 -9999.0 -9999.0 0.404205406 0.421589997 0.346064218 0.41772204 0.433983631 0.68337284 0.439118303 0.275035796 0.265599927 0.0 0.0 0.0 0.0 0.096800468 0.21738869 0.183940778 0.117534095 0.084048625 0.124632286 0.165939171 0.200299095 0.253057529 0.333038981 0.41112124 0.467598213 0.487941616 0.460553572 0.420745469 0.404311584
0.0 0.002747765 0.088310626 0.17324301 0.283112429 0.463253353 0.814835425 1.32001075 1.780667691 2.112148446 2.386938198 3.113101586 3.581039142 3.227200592 3.375662491 3.482408356 2.071463969 0.489661586 0.072598894 0.081400009 0.102167585 0.00365694 0.202449271 0.215430104 0.200944545 0.185111188 0.03885894 0.117123185 0.164603902 -9999.0 0.368860288 0.637431687 0.523126335 0.440844451 0.246300246 0.072893454 0.041963707 0.112506794 0.0 0.0 0.0 0.0 0.048268528 0.098496974 0.100965139 0.108631088 0.153323585 0.207722944 0.230972131 0.274026293 0.340009625 0.398395459 0.424472026 0.42930495 0.427795043 0.397832533 0.382704704
0.0 0.0 0.0 0.035753037 0.195371307 0.718242314 1.492018171 2.417729644 3.232831135 3.991066711 4.198740062 4.815364897 4.93505632 4.597790772 4.320402746 4.341953434 2.661668696 0.442149641 0.04906996 0.0 0.0 0.0 0.0 0.050380491 0.117599775 0.102574675 0.013192883 0.0 0.0 0.034701923 0.362608858 0.643461433 -9999.0 1.043257769 0.079143967 0.025676156 0.0 0.0 0.0 0.0 0.0 0.0 0.0 0.0 0.140715696 0.193241591 0.147073813 0.173437511 0.207741534 0.289248979 0.331264375 0.296715742 0.293500176 0.296671256 0.312748714 0.325809087 0.318041348
0.0 0.0 0.0 0.007957307 0.076448574 0.645571388 1.796064025 3.791502473 5.453302088 4.631128162 4.27491247 4.049161915 -9999.0 -9999.0 3.813167583 4.485589918 2.054641955 0.329018454 0.059943413 0.0 0.0 0.0 0.0 0.0 0.0 0.0 0.0 0.0 0.0 0.0 0.273604615 0.832253951 1.795882883 -9999.0 2.645490167 1.730618067 1.57112896 0.0 0.0 0.0 0.0 0.0 0.0 0.0 0.0 0.051140814 0.025751964 0.0586483 0.098492543 0.224674179 0.22106008 0.205548669 0.202254741 0.207249643 0.235781801 0.272608551 0.271166951
0.0 0.0 0.0 0.0 0.111328322 0.684831524 2.404865139 4.830375401 4.834595951 -9999.0 -9999.0 -9999.0 -9999.0 -9999.0 2.765318262 4.161604214 1.420025132 0.274371967 0.077924255 0.016242659 0.0 0.0 0.0 0.0 0.0 0.003712048 0.035260091 0.049667942 0.051603929 0.012349439 0.0 0.461912539 1.855957613 6.088779934 3.238475387 -9999.0 -9999.0 0.063525309 0.04223932 0.0 0.0 0.0 0.0 0.0 0.0 0.0 0.0 0.0 0.0 0.078954006 0.069920621 0.13369316 0.130556393 0.109193032 0.139440308 0.184534656 0.213115636
0.0 0.0 0.0 0.0 0.057290876 0.516088505 2.277267631 4.951821873 4.511012588 -9999.0 -9999.0 -9999.0 -9999.0 -9999.0 1.297855866 0.693241134 0.456213485 0.257633539 0.07721156 0.017968239 0.083025501 0.056381192 0.040483967 0.008918199 0.0 0.0 0.0 0.0 0.016396385 0.006520626 0.0 0.0 0.069166941 2.263542439 2.154844988 -9999.0 0.73782535 0.573220314 0.430158048 0.04929991 0.0 0.0 0.15212546 0.109958899 0.0 0.257166015 1.13507011 0.238336157 0.010996126 0.00942612 0.0 0.048750851 0.098744626 0.13323006 0.163449586 0.16434431 0.169762032
0.0 0.019850369 0.07892467 0.138414005 0.100774254 0.330621086 1.789732953 3.913844237 4.611134216 -9999.0 -9999.0 -9999.0 -9999.0 1.288023195 0.717495976 0.413428061 0.380135898 0.263714639 0.144370017 0.072534924 0.113337475 0.119720615 0.092756032 0.106185005 0.107758882 0.082123996 0.026054811 0.0 0.019509956 0.057547615 0.023677989 0.0 0.0 0.0 0.0 0.056632969 0.773900596 0.951641705 0.607373891 0.0 0.0 0.0 0.10347605 0.383305131 0.856854604 0.843513582 0.821730704 0.603415247 0.396747957 0.106269232 0.0 0.0 0.033508069 0.152653694 0.245593779 0.216585031 0.166894868
0.131976412 0.53686637 1.512051211 2.197528374 2.107874723 1.915574365 4.649595619 5.535486271 -9999.0 -9999.0 -9999.0 -9999.0 -9999.0 2.127618529 0.70501864 0.446961087 0.348216563 0.29203025 0.216521119 0.181049894 0.19260298 0.214103813 0.194831169 0.179792027 0.166729267 0.14532468 0.066374894 0.036943122 0.123570877 0.177714595 0.153903442 0.086146174 0.049888768 9.44E-5 0.0 0.0 0.0 0.0 0.0 0.0 0.0 0.0 0.196216832 0.279730593 -9999.0 -9999.0 -9999.0 -9999.0 -9999.0 1.816617791 3.919523791 0.12506271 0.0 0.183011725 0.3734169 0.321846484 0.223661074
0.63548953 2.773694112 16.1876753 18.5811714 7.61779421 9.092499182 7.734496292 -9999.0 -9999.0 -9999.0 -9999.0 -9999.0 6.263750722 1.772577234 0.644760963 0.328204391 0.330296753 0.304918736 0.283562054 0.269601354 0.262504444 0.265422044 0.270370394 0.283968868 0.285775925 0.283346104 0.286161259 0.32682548 0.355884142 0.360634993 0.33351552 0.252732978 0.224239135 0.145090598 0.044195622 0.0 0.022997818 0.09719361 0.181246374 0.115404371 0.066378634 0.0 0.243904593 0.19855483 0.59543112 0.782887699 -9999.0 -9999.0 -9999.0 -9999.0 -9999.0 0.539945904 0.325877743 0.359208847 0.467796752 0.377315009 0.276874169
5.043463956 11.53640891 15.03567334 15.25940426 -9999.0 11.22291869 -9999.0 -9999.0 -9999.0 -9999.0 -9999.0 -9999.0 4.503262229 1.473073266 0.238978915 0.258502521 0.292943412 0.289288524 0.276196282 0.266771822 0.265516224 0.288360752 0.333017437 0.351522467 0.388031825 0.412435038 0.438587158 0.461907533 0.469162653 0.47904352 0.493989442 0.48926624 0.38557779 0.301900203 0.208866666 0.167846621 0.122445505 0.237338332 0.3669617 0.275659637 0.24529628 0.400873309 0.573058554 0.60320535 0.619818107 0.756397552 0.737812021 0.951683673 1.577317424 1.172143966 0.370412017 0.433333218 0.451846514 0.470349565 0.463924196 0.377770397 0.362089893
-9999.0 -9999.0 -9999.0 -9999.0 -9999.0 -9999.0 -9999.0 -9999.0 -9999.0 -9999.0 -9999.0 -9999.0 3.226152272 0.274653576 0.103504921 0.155617949 0.219219102 0.248889235 0.230385427 0.232409162 0.252351165 0.296445913 0.334787066 0.367381959 0.409756554 0.455440488 0.493875821 0.506359385 0.515090127 0.511408492 0.540488632 0.573623169 0.433589739 0.284654438 0.378472992 0.146397186 0.219831971 0.41318353 0.472647895 0.469254795 0.398040167 0.40758244 0.514448853 0.514663639 0.443647674 0.421846751 0.326310401 0.335898716 0.351213152 0.41556661 0.475387147 0.515813765 0.520583766 0.485318247 0.461153279 0.477461319 0.484641118
-9999.0 -9999.0 -9999.0 -9999.0 -9999.0 -9999.0 -9999.0 -9999.0 -9999.0 -9999.0 -9999.0 -9999.0 1.616127323 0.038676386 0.040231753 0.055051001 0.095079653 0.124851533 0.127453444 0.139581098 0.154789654 0.176260801 0.216378132 0.254140643 0.304945162 0.401847588 0.513596868 0.5371343 0.537977088 0.545532443 0.549105927 0.722452765 0.466872763 0.30795997 0.28961309 0.375479518 0.486937992 0.575358514 0.585842063 0.559694832 0.521689362 0.493020169 0.494586711 0.487446436 0.453831453 0.430760556 0.418563548 0.382340804 0.426162151 0.477895082 0.496649183 0.494392472 0.488619087 0.482541276 0.512466824 0.496835914 0.520925911
-9999.0 -9999.0 -9999.0 -9999.0 -9999.0 -9999.0 -9999.0 -9999.0 -9999.0 -9999.0 -9999.0 -9999.0 2.320511965 0.0 0.0 0.0 0.0 0.0 0.001462817 0.041746476 0.081196195 0.083607971 0.091659604 0.138894247 0.182264746 0.267045398 0.483555719 0.60748274 0.560703571 0.554874307 0.567918702 0.539083732 0.494504871 0.467244769 0.485227501 0.59134519 0.67948224 0.714448106 0.71694568 0.683163933 0.619686441 0.544133189 0.516851549 0.536954205 0.559584645 0.590362644 0.562119123 0.54502592 0.538857304 0.539254223 0.525762443 0.472085783 0.468941987 0.507888442 0.560656539 0.551760837 0.557277817
26.0400991 27.18121931 -9999.0 -9999.0 -9999.0 -9999.0 -9999.0 -9999.0 -9999.0 -9999.0 -9999.0 0.517436609 0.732324203 0.0 0.0 0.0 0.0 0.0 0.0 0.044274522 0.981156132 0.687939348 0.588396622 0.382401573 0.183297845 0.1997441 0.460433715 0.705344079 0.628541922 0.553410791 0.581684348 0.613552693 0.627913512 0.655866868 0.698242802 0.766021898 0.818433356 0.847325544 0.89107384 0.891758944 0.831476937 0.758063805 0.743194949 0.764695054 0.789704791 0.76451886 0.717729679 0.661415164 0.615201483 0.564714486 0.52184175 0.499140413 0.514021551 0.557964027 0.5906187 0.577082625 0.594877056
26.93448029 31.3834534 30.18692695 -9999.0 -9999.0 -9999.0 -9999.0 -9999.0 -9999.0 -9999.0 -9999.0 6.630888631 0.08056112 3.64351162 5.525530898 6.511064828 6.483362318 5.851231632 5.246657063 5.205321359 7.00452755 7.019647164 1.72682156 0.794828578 0.660901016 0.446100079 0.444224221 0.603404071 0.638274942 0.593263714 0.659368467 0.713853107 0.786337187 0.851043267 0.88773726 0.943942461 1.00458716 1.060422859 1.106731128 1.116834581 1.091763144 1.106263604 1.099031069 1.078100642 1.024741679 0.947139342 0.84029336 0.754452427 0.681029516 0.611227646 0.578391133 0.570682867 0.577534141 0.599548453 0.619728817 0.632588868 0.653381809
18.47664267 25.93151107 33.33268175 30.39938165 -9999.0 -9999.0 -9999.0 -9999.0 -9999.0 -9999.0 -9999.0 -9999.0 -9999.0 -9999.0 -9999.0 -9999.0 -9999.0 -9999.0 -9999.0 -9999.0 7.362550634 7.626870385 3.524632455 1.37192267 0.747186044 0.606451824 0.475908804 0.591833901 0.64456946 0.651144539 0.76328055 0.850542565 0.908705289 0.945487292 0.959584839 0.999392592 1.072231913 1.170329284 1.238242257 1.285894774 1.279747812 1.266431878 1.242093043 1.223873114 1.19750516 1.134990598 1.049249899 0.952152652 0.864838832 0.737857074 0.658035162 0.635629054 0.636434648 0.655303826 0.686914311 0.707307481 0.747041777
