Environmental Parameters/RCP 45/2100/Net_Primary_Production.asc
ncols 720
nrows 360
xllcorner -180.00
yllcorner -90.00
cellsize 0.5
NODATA_value -9999
[rows 25 to 49 of 360, columns 285 to 341 of 720]
-9999.0 -9999.0 -9999.0 -9999.0 -9999.0 -9999.0 -9999.0 -9999.0 -9999.0 -9999.0 -9999.0 -9999.0 -9999.0 -9999.0 -9999.0 -9999.0 -9999.0 -9999.0 -9999.0 -9999.0 -9999.0 -9999.0 -9999.0 -9999.0 -9999.0 -9999.0 -9999.0 -9999.0 -9999.0 -9999.0 -9999.0 -9999.0 -9999.0 -9999.0 1.399922607 1.316870301 1.546642932 1.643488649 1.824080828 1.978333632 2.015540435 2.078889811 2.211770567 2.402934537 2.522492025 2.623096865 2.609167597 2.545717929 2.527763718 2.531960024 2.536405111 2.622597269 2.654914046 2.632890246 2.564075519 2.549737808 2.530981787
-9999.0 -9999.0 -9999.0 -9999.0 -9999.0 -9999.0 -9999.0 -9999.0 -9999.0 -9999.0 -9999.0 -9999.0 -9999.0 -9999.0 -9999.0 -9999.0 -9999.0 -9999.0 -9999.0 -9999.0 -9999.0 -9999.0 -9999.0 -9999.0 -9999.0 -9999.0 -9999.0 -9999.0 -9999.0 2.158226445 2.039452345 1.923694595 1.807253459 1.689750068 1.522199425 1.292675559 1.517474826 1.748162962 2.024552727 2.088500303 2.102077007 2.153691545 2.323053719 2.476633701 2.594844322 2.638665144 2.627735608 2.574987477 2.505805925 2.534246072 2.503345837 2.493308857 2.575379098 2.552824444 2.497837879 2.448036452 2.44082266
-9999.0 -9999.0 -9999.0 -9999.0 -9999.0 -9999.0 -9999.0 -9999.0 -9999.0 -9999.0 -9999.0 -9999.0 -9999.0 -9999.0 -9999.0 -9999.0 -9999.0 -9999.0 -9999.0 -9999.0 -9999.0 -9999.0 -9999.0 -9999.0 -9999.0 -9999.0 -9999.0 -9999.0 -9999.0 -9999.0 -9999.0 2.130409935 2.007126204 1.867580693 1.676948275 1.302006072 1.487299916 1.798947225 2.048768336 2.007878385 2.159784664 2.381196129 2.736160881 2.965231775 3.237333614 3.243205603 3.198258812 3.139961627 2.993123839 2.940345672 2.83080677 2.750121639 2.676630276 2.595799277 2.540340996 2.599209431 2.586419578
-9999.0 -9999.0 -9999.0 -9999.0 -9999.0 -9999.0 -9999.0 -9999.0 -9999.0 -9999.0 -9999.0 -9999.0 -9999.0 -9999.0 -9999.0 -9999.0 -9999.0 -9999.0 -9999.0 -9999.0 -9999.0 -9999.0 -9999.0 -9999.0 -9999.0 -9999.0 -9999.0 -9999.0 -9999.0 -9999.0 2.46297937 2.33492101 2.210709885 -9999.0 -9999.0 1.850401168 1.844068989 1.895568566 2.023452544 2.28546618 2.710402128 3.057119786 3.31277342 3.52131098 3.597357078 3.511517192 3.405334544 3.338474198 3.245917032 3.202912048 3.108200151 2.921366482 2.773098531 2.834245446 2.810989157 2.970576868 3.137896769
-9999.0 -9999.0 -9999.0 -9999.0 -9999.0 -9999.0 -9999.0 -9999.0 -9999.0 -9999.0 -9999.0 -9999.0 -9999.0 -9999.0 -9999.0 -9999.0 -9999.0 -9999.0 -9999.0 -9999.0 -9999.0 -9999.0 -9999.0 -9999.0 -9999.0 -9999.0 -9999.0 -9999.0 -9999.0 -9999.0 -9999.0 2.525804659 2.424136699 2.432491823 2.487634891 2.5083808 2.654814161 2.520838636 2.593965037 2.673519426 3.025104408 3.274760675 3.506428096 3.598211333 3.684445866 3.772714292 3.587342682 3.442874295 3.304545302 3.101351322 3.017543466 2.851709607 2.815415733 2.999110846 3.173177713 3.332992201 3.606898477
-9999.0 -9999.0 -9999.0 -9999.0 -9999.0 -9999.0 -9999.0 -9999.0 -9999.0 -9999.0 -9999.0 -9999.0 -9999.0 -9999.0 -9999.0 -9999.0 -9999.0 -9999.0 -9999.0 -9999.0 -9999.0 -9999.0 -9999.0 -9999.0 -9999.0 -9999.0 -9999.0 -9999.0 -9999.0 -9999.0 -9999.0 -9999.0 -9999.0 2.916391116 2.800297807 2.875620383 2.849929384 2.990252804 3.331729094 3.586527193 3.84029001 3.798253951 3.638304304 3.591091256 3.582047764 3.563892678 3.465069225 3.29314929 3.148504882 3.032652312 2.984780702 3.024236998 3.092211438 3.079082584 3.147344105 3.339683055 3.507275018
-9999.0 -9999.0 -9999.0 -9999.0 -9999.0 -9999.0 -9999.0 -9999.0 -9999.0 -9999.0 -9999.0 -9999.0 -9999.0 -9999.0 -9999.0 -9999.0 -9999.0 -9999.0 -9999.0 -9999.0 -9999.0 -9999.0 -9999.0 -9999.0 -9999.0 -9999.0 -9999.0 -9999.0 -9999.0 -9999.0 2.813694817 2.940879986 3.030606315 3.048404353 2.987066284 2.89314799 2.964278217 3.025486832 3.271527006 3.57704435 3.783360007 3.915828886 3.802735941 3.706432995 3.545820364 3.392730374 3.256044467 3.124091658 3.023261786 3.030887339 3.073677653 3.01621831 3.008105443 2.92092876 3.035006463 3.180896863 3.340238822
-9999.0 -9999.0 -9999.0 -9999.0 -9999.0 -9999.0 -9999.0 -9999.0 -9999.0 -9999.0 -9999.0 -9999.0 -9999.0 -9999.0 -9999.0 -9999.0 -9999.0 -9999.0 -9999.0 -9999.0 4.002236732 -9999.0 -9999.0 4.202402128 4.284897803 4.242487596 4.233813102 3.972339528 -9999.0 -9999.0 -9999.0 3.295255765 3.287339494 3.35237023 2.896536724 2.986805397 3.147078329 3.412084887 3.670003731 3.864015802 3.957565641 4.023163929 4.007162759 3.903520876 3.708742792 3.413197817 3.225858207 3.066820442 3.021886339 2.868789365 2.879124368 2.821317874 2.829898847 2.862249268 2.988634398 3.140679328 3.324904363
-9999.0 -9999.0 -9999.0 -9999.0 -9999.0 -9999.0 -9999.0 -9999.0 -9999.0 -9999.0 -9999.0 -9999.0 -9999.0 -9999.0 -9999.0 -9999.0 -9999.0 -9999.0 -9999.0 4.239389804 4.208414175 4.33623213 4.301319117 4.263217277 4.142450285 4.196308491 4.188217648 4.19279583 4.229353508 4.29635332 4.162004916 3.665155731 3.535249154 3.356503672 3.12893372 3.102435381 3.210073453 3.240908496 3.380126436 3.556866199 3.720980254 3.774157376 3.624231555 3.55130143 3.476074315 3.445292939 3.347103135 3.170519252 3.017319716 2.861039829 2.768829116 2.769897575 2.792889369 2.881606226 3.002748825 3.20520997 3.42085131
-9999.0 -9999.0 -9999.0 -9999.0 -9999.0 -9999.0 -9999.0 -9999.0 -9999.0 -9999.0 -9999.0 -9999.0 -9999.0 -9999.0 -9999.0 -9999.0 -9999.0 -9999.0 -9999.0 -9999.0 4.158521522 4.063294909 4.022215551 3.976313754 3.834677056 3.79773748 3.585441883 3.425015231 3.027486957 3.066003555 2.492748783 2.419301309 2.427269472 2.649342408 2.822735347 3.06542404 3.181531676 3.22644168 3.265609266 3.360788454 3.326277831 3.36916151 3.371171188 3.316038288 3.327751998 3.19258403 3.227280104 3.164852387 3.174187499 3.128488199 3.093978274 3.038535477 3.108055214 3.168229363 3.350576386 3.662194707 3.864633618
-9999.0 -9999.0 -9999.0 -9999.0 -9999.0 -9999.0 -9999.0 -9999.0 -9999.0 -9999.0 -9999.0 -9999.0 -9999.0 -9999.0 -9999.0 -9999.0 -9999.0 4.392923584 4.656641657 -9999.0 -9999.0 -9999.0 -9999.0 -9999.0 4.412704249 3.960845275 2.869535595 2.759455121 2.77145498 2.692791866 2.734074951 2.741201664 2.74558831 2.791316831 2.990396461 3.271134454 3.452299512 3.601205768 3.712649923 3.721924033 3.765997826 3.657378489 3.452034085 3.230064875 3.151764045 3.03127896 3.019536613 3.05046374 3.086061683 3.135943669 3.166478244 3.272359609 3.423063434 3.631010652 3.815797274 3.977293964 4.144902923
-9999.0 -9999.0 -9999.0 -9999.0 -9999.0 -9999.0 -9999.0 -9999.0 -9999.0 -9999.0 -9999.0 -9999.0 -9999.0 -9999.0 -9999.0 -9999.0 -9999.0 4.646318092 5.014216527 5.85354818 5.313944857 5.142874434 5.12782429 5.167403971 -9999.0 -9999.0 -9999.0 -9999.0 2.967878827 2.708134591 2.602830529 2.775151283 3.001042176 3.299583797 3.667860292 3.951064427 4.069851595 4.128323635 4.031753982 3.807818866 3.691184567 3.456339473 3.253850853 2.858533408 2.692108159 2.495684777 2.497489797 2.545984462 2.674678806 2.844649367 2.935778815 3.046284197 3.099427675 3.23977042 3.34325165 3.477410763 3.587823361
-9999.0 -9999.0 -9999.0 -9999.0 -9999.0 -9999.0 -9999.0 -9999.0 -9999.0 -9999.0 -9999.0 -9999.0 -9999.0 -9999.0 -9999.0 -9999.0 -9999.0 -9999.0 -9999.0 5.568887049 -9999.0 -9999.0 5.381875337 5.719910609 5.92491054 5.899910582 4.443166545 -9999.0 -9999.0 -9999.0 3.59458907 3.803863074 3.8826979 4.081789288 4.333655466 4.310724209 4.223837634 4.037451698 3.958709422 3.827727749 3.632881911 3.311535926 2.87101767 2.715339069 2.505936311 2.398729324 2.314643702 2.292785095 2.361219027 2.417846001 2.54369597 2.738440176 2.974553965 3.236397635 3.590366105 4.226411926 4.91676142
-9999.0 -9999.0 -9999.0 -9999.0 -9999.0 -9999.0 -9999.0 -9999.0 -9999.0 -9999.0 -9999.0 -9999.0 -9999.0 -9999.0 -9999.0 -9999.0 -9999.0 5.197496037 5.376794405 5.290848232 5.239377788 5.155778112 5.115495878 5.045284401 4.880987224 4.452856025 4.498990602 3.998509143 3.713393933 3.547304892 3.845040803 4.333522753 4.502727184 4.258573754 4.152464913 4.228115664 4.286484211 4.204726429 4.05384996 3.713551909 3.512396128 3.330945154 2.999860677 2.84942647 2.707661712 2.620138461 2.524097799 2.427451196 2.395102289 2.413973445 2.527096192 2.643446322 2.827668912 3.116988344 3.499311861 4.292597063 5.631052656
-9999.0 -9999.0 -9999.0 -9999.0 -9999.0 -9999.0 -9999.0 -9999.0 -9999.0 -9999.0 -9999.0 -9999.0 -9999.0 -9999.0 -9999.0 -9999.0 5.023862119 5.185814458 5.173592479 5.035286304 4.637386504 4.557245498 4.470224754 4.385284497 3.941883333 3.50814336 3.392688581 3.6880431 3.919233801 3.989763441 4.108080291 4.226215533 4.321810906 4.377992474 4.519242793 4.604502115 4.509039805 4.022838199 3.678429057 3.482310916 3.279063618 3.018908901 2.829757752 2.722334582 2.612578683 2.576586674 2.553142025 2.545980038 2.535005682 2.56962399 2.673808602 2.790554427 2.954473486 3.236675402 3.592254594 3.890328575 4.164673737
-9999.0 -9999.0 -9999.0 -9999.0 -9999.0 -9999.0 -9999.0 -9999.0 -9999.0 -9999.0 -9999.0 -9999.0 -9999.0 -9999.0 -9999.0 -9999.0 -9999.0 -9999.0 -9999.0 -9999.0 -9999.0 -9999.0 -9999.0 -9999.0 -9999.0 -9999.0 3.998856409 4.020910361 4.39239759 4.359461134 4.256547429 4.258293658 4.336207989 4.484490026 4.609284457 4.701070138 4.666966852 4.020178458 3.461638931 3.205730929 2.926223795 2.791489242 2.601940068 2.405662322 2.33212579 2.311363234 2.335417666 2.297702013 2.293449943 2.304343856 2.419254277 2.568580792 2.792956424 3.018857795 3.370214021 3.651589388 3.929898026
-9999.0 -9999.0 -9999.0 -9999.0 -9999.0 -9999.0 -9999.0 -9999.0 -9999.0 -9999.0 -9999.0 -9999.0 -9999.0 -9999.0 -9999.0 -9999.0 -9999.0 -9999.0 -9999.0 -9999.0 -9999.0 -9999.0 -9999.0 -9999.0 5.282373168 5.208967137 4.712025402 4.449600587 4.362274311 4.483496537 4.568096949 4.578516702 4.639744875 4.709694302 4.976076772 4.974246724 4.469605396 3.869449254 3.338759765 2.981115016 2.643618733 2.536567859 2.381586819 2.290562843 2.306148759 2.271083766 2.225099015 2.110099769 2.095881035 2.179244766 2.43123679 2.663069987 2.874607104 3.101043054 3.339674673 3.653689753 4.095166456
-9999.0 -9999.0 -9999.0 -9999.0 -9999.0 -9999.0 -9999.0 -9999.0 -9999.0 4.211885913 4.050452961 -9999.0 -9999.0 -9999.0 -9999.0 -9999.0 -9999.0 -9999.0 -9999.0 4.743373487 4.736264877 4.799339396 4.948953865 4.9067582 4.730737186 4.545314936 4.61033266 4.766329424 4.879561253 4.895234946 4.902825225 4.799042363 4.852243233 4.778871546 4.69523971 4.392304225 4.066320835 3.703342052 3.493297612 3.299551667 3.092327039 2.794659464 2.591804019 2.489980077 2.377672936 2.368691843 2.309430623 2.253877698 2.357774414 2.497556852 2.583821886 2.696869778 2.848663367 3.111859318 3.574647475 3.809028538 4.229966318
-9999.0 -9999.0 -9999.0 -9999.0 -9999.0 -9999.0 -9999.0 -9999.0 -9999.0 4.038546351 3.867082181 3.976665612 4.220025381 4.464343423 4.781938274 4.923135508 4.808406113 4.650163348 4.75416868 4.721270641 4.774668138 4.662736785 4.672809737 4.5503726 4.545349977 4.677963909 4.889656557 5.079232156 5.052840104 4.868150689 4.634960322 4.461079137 4.405021435 4.295352381 4.207388265 4.032063531 3.857432865 3.81573895 3.638203372 3.579027019 3.367152764 3.244679072 3.195686033 3.241156228 3.281568061 3.080948722 2.974803443 2.821121481 2.790163271 2.81190325 2.895073034 2.951426548 3.087886609 3.246893175 3.474258701 3.695134772 3.925272031
-9999.0 -9999.0 -9999.0 -9999.0 -9999.0 -9999.0 -9999.0 -9999.0 4.246940021 3.68367706 3.700871952 3.852958442 4.251325387 4.41967207 4.48716816 4.573505605 4.546275944 4.537781584 4.373014555 4.313882906 4.453178728 4.477016162 4.445287865 4.499360686 4.58907173 4.677671241 4.72895056 4.790059058 4.848794313 4.96463757 4.939226899 4.838738823 4.625827307 4.487509606 4.334736383 4.288689001 4.450734705 4.674973898 4.800157622 4.670515889 4.725211766 4.898899235 5.286410684 5.449163262 4.807169549 4.293138161 3.898694762 3.604110214 3.400273155 3.303411766 3.296048846 3.392025479 3.462510766 3.647964913 3.790040268 3.986529307 4.162322264
-9999.0 -9999.0 -9999.0 -9999.0 -9999.0 -9999.0 -9999.0 4.294630839 3.685210482 3.793817712 4.236317123 5.088185426 5.549304886 5.573843373 5.242300453 4.918829072 4.846523283 4.682001425 4.606279312 4.758391296 4.827370401 4.922416527 4.926206544 4.993621958 5.023592385 5.133793922 5.320569733 5.752262427 6.010205951 6.149116205 6.125737447 5.789732793 5.663573509 5.443778122 5.301499274 5.250736373 5.454963539 6.156621268 6.622184766 7.290022215 7.504970301 7.557369303 8.130378788 8.417808916 8.520439616 8.153042407 7.275303709 6.225245423 5.389772588 4.884023219 4.682660336 4.50748438 4.43537673 4.323901027 4.291996243 4.480508156 4.594952334
-9999.0 -9999.0 -9999.0 -9999.0 -9999.0 -9999.0 5.134541309 4.753322573 4.81693435 5.081592244 5.244390224 5.755725084 5.997579545 5.969644291 5.819951417 5.401123781 5.21549792 5.276141223 5.451385397 5.638904404 5.659556482 5.921886768 6.394597469 7.397124311 7.95547734 8.899069158 9.062060621 9.744338924 10.57453593 11.16402354 10.67003771 9.361792356 8.400375023 7.766745053 7.9431755 7.812681608 7.813855773 8.762674639 9.486690862 9.539478924 10.03754791 10.36543143 10.2151545 9.699415648 8.908905438 8.379996638 8.126159664 8.293405408 8.334585233 7.801705971 7.165963529 6.219042465 5.574560259 5.036366172 4.684953252 4.537988454 4.605871858
7.111581916 -9999.0 6.615847815 6.350618438 6.242259522 5.822780309 5.456121056 5.497823353 5.547096487 5.545606138 5.641221767 5.880049197 6.353878183 6.622219458 6.699764868 6.468323991 6.249209633 6.508728024 7.151875645 7.508642273 7.958612405 8.700675098 9.517380036 10.34568343 11.88572799 13.61466968 14.49008915 16.1667699 17.7546721 17.33794739 12.96422654 12.67917152 11.05631329 11.53143845 12.13091193 11.93560334 12.85176212 13.18640029 14.41447041 14.34232842 13.86419218 13.77810235 12.97723479 12.28853152 11.70846843 10.15852951 8.136341232 7.490665885 7.238500868 7.38210429 7.495584548 7.18369009 6.412649993 5.824076943 5.195214879 4.744338105 4.411919974
6.99087698 6.680527003 6.4401282 6.173296599 6.37273374 6.252908148 6.271101534 6.071584299 6.226129597 6.432034308 7.196331164 7.691699779 8.176449453 8.27333238 7.976585999 7.958020084 7.857755525 7.546791574 7.073119516 7.368983701 7.968805498 9.056921117 9.968669852 11.21493638 12.50798162 14.73638252 15.93293552 16.53027115 16.90171948 15.77405196 14.15800839 12.939365 13.25507846 14.06207879 15.00349375 15.09687724 15.36033349 -9999.0 15.424698 -9999.0 -9999.0 -9999.0 -9999.0 -9999.0 -9999.0 13.85510061 12.63677888 9.221919929 8.025116753 7.311163936 6.915697362 6.710102316 6.315305131 5.873770453 5.511691328 5.033788038 4.674197175
7.193112047 7.105125114 6.706652232 6.714983843 6.864208495 7.278428413 7.734929444 8.14428064 8.514157962 8.245404111 7.457973901 7.255772594 7.369288243 7.416305831 6.342640147 4.925789544 4.055613303 3.812595154 3.832995309 4.596082261 6.102938438 8.216553601 9.747300763 10.83545131 12.20619353 13.91349034 13.98701663 14.02831171 14.54043419 14.74849955 14.84914834 14.72444358 14.57654992 15.5137582 -9999.0 -9999.0 -9999.0 -9999.0 -9999.0 -9999.0 -9999.0 -9999.0 -9999.0 -9999.0 -9999.0 -9999.0 -9999.0 9.790678741 9.513945086 8.749594446 7.585036336 7.292748895 6.950482028 6.40456751 6.110214861 5.382095696 5.018504802
