Environmental Parameters/RCP 45/2100/Sea-surface_temperature.asc
ncols 720
nrows 360
xllcorner -180.00
yllcorner -90.00
cellsize 0.5
NODATA_value -9999
[rows 275 to 299 of 360, columns 0 to 55 of 720]
9.971498489 9.77340889 9.715408325 9.861310959 10.14802265 10.58504009 11.13485336 11.640172 11.97699261 12.1379385 12.14554882 12.14064026 12.13712502 12.10360336 12.03962135 11.96646976 11.90496159 11.84247589 11.79999733 11.78012085 11.81260967 11.92171478 12.06846237 12.20808601 12.26656628 12.26795101 12.19709492 12.02753067 11.85455036 11.6765995 11.5433445 11.52556896 11.61470604 11.74450302 11.86432362 11.94264698 11.95139122 11.87244701 11.75563812 11.66985416 11.56519508 11.46253967 11.36924171 11.30972385 11.28384018 11.28824711 11.30198193 11.30356598 11.28493309 11.24870586 11.22546482 11.21423531 11.21991062 11.22395515 11.19994831 11.12235165
9.489345551 9.097898483 8.990333557 9.156344414 9.468855858 9.89195919 10.45307827 11.10400867 11.71603584 12.07259941 12.24535179 12.32963753 12.34404564 12.32101917 12.25929737 12.14993382 12.00830269 11.85353661 11.68974876 11.54657078 11.47470856 11.5407896 11.67041492 11.81479645 11.91170979 11.93833923 11.92741299 11.82009125 11.63304901 11.42882919 11.24905777 11.19622517 11.22957516 11.31657887 11.43002033 11.53567982 11.59485817 11.58952618 11.56774712 11.54173946 11.49186802 11.41454601 11.32255173 11.24699974 11.19937706 11.19156647 11.17771721 11.15923119 11.13470173 11.0925169 11.06897545 11.06773186 11.06490517 11.053092 11.0286665 10.97266102
8.90467453 8.68706131 8.766109467 9.102174759 9.467378616 9.810029984 10.20257187 10.70560837 11.26106834 11.71061516 12.00274467 12.1955986 12.33577919 12.42862511 12.4174242 12.32745266 12.13364601 11.90683556 11.63989353 11.39210701 11.25341415 11.24551296 11.32024574 11.505229 11.64765739 11.70203114 11.70201111 11.64064693 11.49183083 11.29749489 11.1148119 10.99649048 10.94198513 10.92817593 10.99511337 11.09986973 11.19508362 11.25205326 11.30549812 11.37431526 11.40859699 11.36684608 11.28511715 11.20877171 11.13486671 11.07261467 11.02492332 10.98010349 10.93258858 10.86689854 10.81972027 10.83854294 10.83633423 10.82128048 10.79249382 10.75582409
8.410701275 8.429697514 8.634865284 9.02401495 9.455870152 9.794349194 10.02728796 10.27338648 10.61910963 10.99559641 11.37076044 11.68214178 11.90684557 12.09303617 12.17005491 12.11773729 11.93707752 11.62857437 11.32131481 11.03201962 10.87171841 10.8603363 10.93189621 11.05091095 11.18928719 11.30154037 11.39537144 11.35598755 11.23519802 11.07227707 10.89006329 10.68637848 10.55348587 10.46402168 10.42623615 10.47149563 10.55883789 10.66221523 10.80197239 10.98368359 11.13658428 11.21112251 11.21428204 11.17602062 11.10494137 11.03624344 10.96337414 10.88940811 10.80278683 10.70152092 10.62140846 10.59016037 10.56656361 10.54911327 10.51687431 10.49140072
8.271655083 8.412677765 8.627451897 8.970081329 9.401222229 9.74813509 9.918646336 10.03018522 10.18031836 10.40235472 10.70181608 11.04054308 11.25231695 11.39546347 11.45809317 11.35697317 11.14288759 10.91042852 10.59478807 10.34332609 10.2008214 10.21558332 10.30993605 10.47363853 10.65566158 10.77911758 10.82920647 10.79839993 10.70797825 10.61458302 10.49309158 10.33497334 10.14550972 9.960001945 9.812937737 9.73094368 9.713779449 9.824391365 10.09115124 10.35715008 10.63156796 10.85237312 10.98725891 11.04607773 11.04576015 11.00889587 10.94064713 10.82040787 10.68842697 10.55030155 10.43897152 10.37356567 10.32885551 10.29191971 10.24988937 10.21303272
8.327712059 8.474640846 8.65041256 8.91731739 9.278363228 9.583422661 9.736846924 9.817608833 9.896048546 10.02984333 10.23293018 10.45098114 10.60882664 10.70544386 10.65788412 10.50307226 10.23656988 9.998865604 9.787213802 9.642981052 9.582816124 9.596769333 9.696209908 9.848164082 10.00078249 10.13366461 10.23134279 10.25467634 10.21579409 10.18412542 10.13156366 9.967700481 9.722351551 9.473985195 9.224482536 9.073097229 9.020536423 9.107098579 9.319525719 9.602239609 9.985632896 10.29451847 10.54205418 10.70369148 10.77841473 10.79828548 10.74897671 10.63197517 10.47320461 10.31615162 10.21419716 10.14901638 10.10374832 10.09226799 10.06989193 10.03470898
8.318950653 8.456917763 8.620790482 8.815785408 9.032671928 9.238195419 9.380101204 9.432487488 9.48143959 9.620931625 9.810765266 9.949225426 10.00725937 9.994369507 9.862706184 9.711548805 9.502552986 9.314893723 9.167910576 9.071017265 9.020611763 9.026249886 9.118156433 9.259450912 9.39081192 9.517695427 9.640956879 9.721343994 9.756967545 9.765986443 9.714537621 9.537757874 9.254447937 8.979211807 8.764159203 8.622224808 8.562019348 8.618646622 8.791543961 9.023001671 9.301193237 9.609910011 9.926481247 10.12761974 10.25577927 10.29490137 10.25418425 10.15310431 10.02082491 9.915539265 9.850792408 9.871701717 9.885317326 9.933664799 9.953848362 9.936414242
8.183307648 8.297527313 8.434932709 8.597190857 8.753091812 8.89239502 8.982679367 9.030016899 9.085981369 9.217601776 9.395817757 9.517051697 9.534357071 9.448375702 9.294567108 9.117670059 8.954099655 8.82837677 8.753142357 8.690085411 8.641396523 8.611246109 8.628966331 8.711763382 8.834483147 8.978438377 9.139234543 9.28055954 9.335043907 9.298847198 9.173658371 8.969808578 8.74433136 8.549527168 8.418207169 8.359164238 8.325510025 8.376131058 8.516760826 8.681704044 8.859028339 9.040290356 9.230515003 9.394051075 9.514079571 9.587520123 9.56885004 9.508902073 9.465365887 9.449934483 9.484814167 9.606650829 9.675078869 9.785552502 9.856584072 9.861183643
8.147817135 8.221663475 8.319972992 8.436502457 8.559900284 8.66053772 8.726932526 8.777666092 8.842452049 8.922598839 9.049817085 9.158243179 9.138140678 9.009781837 8.854839325 8.731939316 8.62635231 8.539740562 8.494270325 8.502966881 8.516555786 8.444199562 8.353588104 8.339449883 8.43174839 8.585221291 8.760002136 8.906152725 8.934002876 8.839556694 8.672872543 8.50055027 8.347994804 8.21586132 8.13974905 8.14484024 8.20452404 8.277154922 8.34961319 8.439144135 8.513195038 8.584393501 8.670755386 8.741496086 8.783719063 8.795495987 8.805528641 8.82920742 8.896743774 8.9893713 9.104192734 9.291398048 9.394478798 9.534871101 9.660806656 9.718717575
8.163618088 8.238162994 8.33615303 8.433382988 8.532481194 8.615655899 8.692839622 8.737155914 8.765990257 8.810227394 8.873690605 8.899795532 8.842897415 8.722141266 8.575797081 8.451981544 8.404759407 8.376423836 8.37577343 8.395734787 8.383511543 8.316048622 8.201258659 8.1220994 8.184071064 8.314783096 8.453792572 8.551056862 8.570636749 8.49400425 8.331670761 8.165539742 8.049981117 7.963745594 7.905119419 7.899929047 7.973371029 8.063306332 8.123809814 8.153626442 8.161782265 8.17352581 8.175716877 8.152068138 8.120930195 8.079201698 8.058750153 8.086555004 8.175485611 8.315966606 8.526801586 8.80500412 8.930951118 9.094611168 9.221442223 9.300293922
8.092684746 8.212739468 8.340304375 8.429382324 8.478895187 8.512001038 8.526848793 8.52898407 8.527099609 8.57797718 8.642460823 8.676960945 8.677336693 8.634510994 8.553333282 8.426487923 8.295307159 8.253053665 8.263365746 8.300961494 8.283252716 8.189631939 8.068203449 7.908326149 7.868543625 7.950798035 8.048172474 8.103649616 8.123424053 8.073123455 7.944649696 7.83978653 7.761114597 7.696491718 7.636515141 7.604454517 7.654575348 7.74464035 7.813633919 7.830405712 7.809458256 7.75606823 7.689594746 7.607234478 7.525958538 7.408542156 7.31443119 7.304193497 7.384774685 7.537904739 7.733455658 8.027690887 8.176965714 8.408727169 8.550445557 8.629615784
7.924175739 8.089857578 8.23840332 8.313493729 8.307935715 8.253930092 8.172904968 8.080352783 8.042784691 8.100527763 8.248427391 8.370985031 8.452310562 8.477547646 8.468914986 8.382780075 8.274457932 8.193327904 8.163850784 8.207764626 8.130661964 7.965019703 7.752545357 7.559461594 7.466923714 7.467320919 7.502529621 7.512763023 7.488137722 7.487977028 7.441181183 7.394750118 7.382036209 7.361457825 7.326061249 7.290727615 7.309624195 7.346470356 7.389110565 7.372666359 7.303307056 7.203774452 7.146986485 7.074246883 6.975244045 6.867504597 6.78831768 6.779672623 6.830497265 6.923089981 7.04069519 7.245286465 7.347777843 7.506031036 7.627484322 7.722443581
7.639436245 7.845864296 8.084086895 8.21699667 8.198801994 8.08725071 7.941196442 7.781657696 7.668259621 7.675442696 7.776187897 7.907797813 8.022660732 8.097119331 8.129443169 8.122414589 8.076726913 8.052843094 7.977511883 7.84015274 7.637593746 7.363612175 7.130583286 6.9801054 6.924847603 6.918901443 6.901345253 6.910299778 6.940665722 6.986794472 6.983072758 6.944558144 6.908759594 6.900091648 6.907479763 6.91877985 6.921359539 6.923294067 6.892411232 6.773419857 6.681788921 6.616585732 6.570605278 6.522753239 6.481340885 6.446914673 6.443154812 6.468437672 6.501312256 6.533025265 6.545108318 6.562852859 6.557905197 6.594131947 6.624495029 6.651952267
7.446002483 7.596936226 7.808904171 7.955795765 7.976812363 7.859580517 7.686317444 7.510477066 7.38926506 7.369755268 7.423082352 7.484939575 7.533427238 7.56376791 7.575343132 7.561367035 7.485286236 7.393136024 7.263273716 7.050213337 6.804693222 6.598926544 6.470478058 6.389672279 6.451027393 6.482058525 6.483122349 6.483365536 6.508666992 6.528522968 6.509093285 6.458948135 6.384674072 6.360431194 6.367745399 6.402112007 6.42762661 6.400643826 6.304149628 6.173383236 6.074645996 6.061706066 6.058051586 6.022326946 6.006707668 6.02714777 6.07186079 6.126785278 6.162881851 6.140641212 6.04621315 5.971841812 5.89978838 5.833590508 5.78618145 5.765263081
7.290649414 7.362464905 7.480427265 7.539333344 7.520247459 7.417556286 7.258644581 7.104435921 7.037405014 7.095485687 7.163715363 7.158847809 7.09743309 7.013401985 6.906177044 6.790452957 6.675750732 6.546696186 6.401103973 6.201390266 6.013446331 5.834955215 5.827664375 5.903508186 6.015618324 6.09590435 6.132090092 6.148807049 6.122205257 6.069674015 5.969991684 5.841727257 5.725038528 5.661973953 5.670528412 5.730872631 5.812518597 5.813135624 5.726868153 5.635924339 5.585997105 5.583817959 5.592047215 5.587859154 5.609526634 5.654417038 5.690014362 5.691473484 5.634993553 5.523889065 5.394824028 5.287322998 5.226383209 5.216854811 5.275209665 5.288932085
6.990168571 6.992162228 7.013229847 6.991783142 6.915863991 6.81012392 6.719811916 6.690852642 6.735750675 6.803566456 6.857341766 6.802506924 6.667390347 6.50087595 6.333708763 6.177741528 6.016666412 5.850789547 5.672199249 5.432615757 5.33460331 5.325993061 5.400570393 5.549477577 5.70235014 5.805823326 5.848335266 5.818968773 5.737947464 5.579739571 5.38008213 5.176168919 5.01787138 4.935519695 4.922036171 4.979964733 5.057877064 5.111338615 5.099925041 5.084637165 5.084159851 5.122121811 5.173392296 5.213108063 5.243459225 5.27231884 5.268652439 5.181773186 5.010946751 4.796345711 4.605235577 4.498669147 4.486323118 4.591709137 4.754208565 4.870346785
6.633966446 6.608106136 6.565766335 6.523137093 6.477182865 6.408730984 6.357916355 6.357297421 6.377767086 6.386554718 6.347630024 6.269670963 6.157476902 6.034670353 5.890786171 5.735010147 5.514557838 5.296093464 5.11339426 4.983939171 4.937770844 4.975769997 5.11037302 5.270071983 5.430112839 5.578239918 5.615252495 5.556508064 5.410042763 5.184626102 4.914892197 4.677372456 4.482496262 4.343851566 4.309635162 4.332830906 4.382236481 4.42191267 4.45115757 4.484862804 4.506343842 4.568567276 4.660355568 4.751712322 4.792608738 4.803349495 4.748048306 4.613118649 4.406621456 4.140165806 3.899828434 3.717487335 3.735813379 3.837167501 3.974382401 4.077479839
6.180911541 6.189950466 6.199398041 6.172150135 6.137495041 6.069478512 6.005344868 5.942476749 5.884909153 5.827686787 5.766448975 5.695388794 5.609105587 5.519219875 5.432805538 5.32322073 5.181883335 4.998657703 4.807456017 4.674668312 4.652659893 4.713356495 4.848206997 4.973689556 5.095016479 5.229786396 5.272026539 5.200423717 5.025887012 4.806669712 4.584406853 4.384923935 4.184956551 4.012301445 3.914926529 3.871446609 3.864128828 3.868224144 3.883453846 3.906306744 3.950001001 4.019171238 4.106860876 4.205000639 4.233271837 4.206834793 4.110778809 3.962008476 3.775026083 3.546750307 3.332369566 3.122835636 3.120323181 3.153939247 3.216343164 3.314886808
5.560840607 5.63861084 5.709858894 5.7075634 5.658115387 5.589465618 5.525754929 5.472256184 5.413905621 5.344526768 5.28390789 5.244152069 5.204251289 5.154872417 5.102191925 5.027113914 4.926640511 4.821667194 4.673404694 4.454389095 4.378232956 4.373397827 4.428997993 4.507290363 4.577822208 4.639033794 4.664874077 4.617088318 4.478438854 4.345910549 4.229631901 4.129972935 4.002344608 3.841421843 3.680804014 3.561986446 3.489581108 3.468828201 3.455012321 3.454758406 3.487628222 3.551573038 3.617205858 3.641355515 3.618286133 3.539948702 3.41759634 3.309334517 3.17095232 3.020379782 2.843589306 2.660686016 2.623223305 2.630141854 2.612573624 2.689467311
5.145872593 5.183805466 5.206924915 5.189237118 5.142182827 5.088076591 5.048710823 5.024841309 5.008775949 5.00601697 4.998263359 4.974339724 4.933269262 4.871375799 4.79823184 4.719961882 4.653264761 4.598319054 4.483368158 4.28920579 4.04940486 3.923665285 3.867787123 3.865801811 3.877373695 3.899250507 3.908267736 3.869198561 3.830610514 3.807456255 3.80682683 3.826845407 3.798244715 3.684778452 3.521358252 3.368634462 3.254438639 3.170482874 3.119464397 3.068151712 3.048653364 3.054830074 3.05607295 3.026113749 2.956570864 2.830426931 2.727709293 2.65004158 2.5682199 2.479932785 2.367528081 2.269845605 2.254720092 2.235892296 2.196227908 2.095004082
4.805334568 4.77485323 4.754977226 4.741060257 4.729980707 4.704618692 4.699170351 4.703382969 4.712749004 4.735846519 4.753128529 4.733041286 4.651968002 4.530226231 4.400453091 4.332465172 4.299534798 4.259461403 4.16153717 3.981436729 3.751621962 3.521060228 3.327925205 3.23495245 3.210027933 3.239484787 3.28471446 3.34502387 3.401305676 3.446317196 3.476051092 3.486990929 3.499991655 3.446581841 3.32013011 3.186885118 3.05336237 2.942812443 2.85324192 2.755421638 2.641539097 2.566776276 2.497698545 2.411193013 2.320609212 2.231985688 2.151151896 2.074014068 2.008785129 1.966409087 1.939717889 1.968930364 1.958870888 1.874715269 1.724935532 1.593786895
4.457904816 4.378519535 4.333159924 4.33664608 4.358155727 4.387904644 4.423027515 4.449031353 4.464532375 4.482774258 4.484558582 4.436830997 4.318292618 4.170679569 4.020460129 3.896053791 3.825118542 3.79776907 3.740765333 3.581665277 3.366386414 3.103186846 2.90005374 2.769713163 2.712917328 2.711354971 2.758551121 2.896995544 3.009015083 3.076317072 3.120146513 3.088150978 3.032556772 2.972838402 2.90891242 2.845414639 2.782467842 2.68727541 2.60107398 2.481623173 2.335343122 2.191340089 2.080626369 1.981046677 1.876720071 1.776254773 1.656291962 1.510273099 1.440178394 1.428672671 1.447806299 1.469152093 1.4667207 1.400982082 1.297358364 1.197150528
4.140830517 4.026709795 3.930811644 3.88501358 3.880306482 3.908041477 3.964606285 4.017251968 4.058784485 4.099785328 4.119344234 4.077472687 3.943619967 3.761669159 3.586240768 3.465444803 3.390151501 3.338231564 3.261206865 3.134588242 2.973812819 2.787601948 2.639960051 2.515411854 2.428237438 2.388716459 2.419556141 2.481229305 2.551562786 2.580762386 2.547437191 2.476310492 2.405823469 2.366325378 2.344313383 2.330400229 2.325287342 2.279133558 2.22256732 2.129477501 1.987241864 1.835358977 1.73709023 1.649711013 1.544166565 1.432925105 1.297187626 1.129168212 0.992657721 0.960847616 0.988378584 1.018675536 0.991046578 0.884311989 0.773337126 0.68374376
3.793685675 3.620926619 3.449237108 3.347563505 3.320786238 3.34376359 3.386312962 3.42711401 3.492845774 3.563827753 3.613665104 3.605850697 3.492760181 3.351180792 3.223597288 3.130500317 3.06253314 2.990279436 2.892540216 2.769828796 2.645177364 2.520065069 2.433820486 2.355101347 2.276080608 2.216528654 2.229404211 2.231579542 2.216303349 2.144735098 2.011590719 1.860904455 1.738442183 1.682299733 1.678812623 1.69576478 1.733039737 1.757931471 1.766590357 1.740350008 1.636198044 1.532747507 1.480930209 1.445507884 1.409327388 1.310986459 1.15535301 0.95820111 0.796802789 0.698284537 0.657981247 0.613651891 0.524580605 0.337344363 0.206674516 0.096743226
3.341260433 3.130227804 2.952487469 2.859970808 2.845389128 2.871387959 2.886209965 2.912232876 2.958090305 3.010109425 3.045956135 3.052845955 3.017049789 2.956145525 2.896611929 2.834853649 2.77520442 2.697569609 2.599865437 2.480531931 2.369759798 2.294743299 2.245896578 2.215541601 2.179894209 2.163149834 2.154219151 2.10974884 1.99417305 1.792185783 1.532297134 1.283195734 1.079929948 1.0191046 1.081349134 1.156759858 1.2393471 1.31575191 1.355678678 1.329366088 1.281361818 1.247069001 1.248300076 1.25257653 1.210169435 1.124442518 0.969035029 0.787653416 0.620857507 0.490746163 0.346223705 0.206098735 0.084788561 -0.007127255 -0.090049326 -0.164852768
