Environmental Parameters/RCP 45/2100/Sea-surface_salinity.asc
ncols 720
nrows 360
xllcorner -180.00
yllcorner -90.00
cellsize 0.5
NODATA_value -9999
[rows 150 to 174 of 360, columns 112 to 167 of 720]
33.57478333 33.5502243 33.51338196 33.48077011 33.47047424 33.46165085 33.45031738 33.44120026 33.4323616 33.43920898 33.436306 33.43058777 33.42641449 33.42166138 33.41073608 33.40869904 33.39149475 33.38464737 33.38957214 33.39907074 33.39585114 33.39400101 33.38841629 33.37639236 33.36965179 33.37796021 33.3932991 33.41419601 33.44101715 33.43875122 33.42645645 33.42630768 33.42163086 33.42484665 33.43190384 33.43973923 33.43716049 33.41215134 33.40257645 33.4143219 33.435112 33.43671799 33.4234581 33.40619278 33.39979172 33.39331055 33.38453293 33.37928772 33.37030792 33.36412048 33.3426857 33.30207825 33.27956009 33.28248978 33.30674362 33.33226395
33.51039886 33.49493027 33.46563339 33.42718506 33.39925385 33.39390945 33.39022827 33.38641739 33.39642715 33.40899658 33.40329742 33.39512634 33.3882103 33.38051224 33.37413788 33.36683655 33.34254456 33.33140182 33.33761597 33.34552002 33.35644531 33.35769272 33.34486389 33.32938766 33.31171417 33.30569077 33.31740189 33.34106445 33.36882019 33.38193893 33.38489532 33.38679123 33.37944412 33.37927246 33.38716507 33.37930298 33.37128067 33.35481262 33.35186005 33.37141037 33.39315033 33.39520264 33.39622879 33.38790131 33.37092209 33.35651398 33.35108948 33.35800552 33.3590126 33.3538475 33.33794022 33.32532501 33.32393646 33.33157349 33.33692169 33.35812759
33.45711899 33.44560242 33.42329788 33.38415527 33.34945297 33.33949661 33.33655548 33.33811188 33.35303497 33.36312866 33.35725403 33.35177231 33.33937073 33.32548904 33.32239914 33.31866455 33.31694794 33.31635284 33.30877304 33.3003006 33.30377197 33.30375671 33.30057907 33.29312897 33.27064514 33.25782776 33.26362228 33.28538513 33.31393433 33.3340683 33.34641647 33.35172272 33.35866165 33.35816193 33.36092758 33.35378647 33.35261536 33.35224533 33.34297562 33.34996414 33.36477661 33.37558746 33.38282013 33.3837471 33.37238693 33.35828781 33.35137939 33.34340286 33.33246231 33.33007813 33.34181595 33.35670471 33.36777115 33.38343048 33.38742065 33.39899826
33.43442535 33.41998672 33.38801193 33.35291672 33.32026291 33.30679703 33.30290222 33.30482101 33.30646896 33.31343842 33.31412125 33.31048965 33.30744934 33.29558945 33.28015137 33.27617264 33.27984238 33.28281021 33.26320648 33.24530411 33.24195099 33.24106979 33.24797821 33.24958801 33.23075485 33.21505356 33.22092438 33.24474335 33.26945496 33.29456711 33.31859207 33.33272934 33.35234833 33.35684586 33.35105896 33.34899521 33.35297012 33.34405136 33.33815384 33.34207916 33.34913635 33.35657501 33.36088181 33.36483383 33.370121 33.35460663 33.33650208 33.32036591 33.30921173 33.31573105 33.34808731 33.37965393 33.40306473 33.42207336 33.42952347 33.43628311
33.40934372 33.39528656 33.37942123 33.34774017 33.30592346 33.2893486 33.28596878 33.27796555 33.27088928 33.26351166 33.26875687 33.26947784 33.2662468 33.26215363 33.25447464 33.24869537 33.24168396 33.23786926 33.22418976 33.2033577 33.19638824 33.19219208 33.19731522 33.20096588 33.1902771 33.1846962 33.19108963 33.21034241 33.22946167 33.24834442 33.27443695 33.30016708 33.32542038 33.33740616 33.33737564 33.34313965 33.35426331 33.34498596 33.33539963 33.33150482 33.33366394 33.33454895 33.34087753 33.34016037 33.34831619 33.34101868 33.32314682 33.31189346 33.30395126 33.31349564 33.34794998 33.38694763 33.41388702 33.44098663 33.455616 33.44967651
33.40211105 33.38698959 33.37009811 33.34806442 33.31689072 33.28829193 33.26676941 33.24232101 33.22203064 33.21086502 33.21482468 33.22027969 33.21520996 33.21681595 33.21855164 33.21475983 33.20823288 33.1954422 33.1865921 33.1702919 33.15962219 33.15085602 33.14379501 33.1489563 33.14601898 33.15010452 33.15996552 33.17509842 33.1906395 33.21045685 33.23071671 33.2518959 33.27752686 33.3048172 33.3188591 33.3353157 33.34577942 33.34395218 33.33151627 33.32161713 33.3185463 33.32142258 33.32854843 33.32452011 33.32553482 33.32724762 33.32125092 33.30931091 33.30333328 33.30805588 33.32753754 33.37201691 33.39869308 33.43704987 33.44925308 33.43933868
33.41410828 33.39243317 33.36736679 33.33869934 33.31250763 33.28758621 33.25780106 33.22029495 33.17990112 33.15895081 33.1579361 33.16231537 33.15791321 33.15724182 33.16376877 33.17349625 33.16982651 33.15377045 33.1404686 33.12686157 33.11570358 33.10322189 33.08800507 33.08052826 33.08358383 33.10203934 33.12408447 33.14094925 33.15713882 33.18318176 33.20257568 33.22340012 33.24160767 33.26115036 33.27475739 33.29527664 33.31287766 33.31677246 33.31433105 33.31380844 33.31422043 33.31706238 33.32872009 33.32980728 33.32838821 33.32814026 33.33011246 33.3143959 33.29940414 33.29499435 33.30799866 33.33886337 33.37306595 33.40882874 33.42829895 33.4161911
33.41775513 33.39286423 33.375 33.34452057 33.31009293 33.27626419 33.23975372 33.20485687 33.16633224 33.13427353 33.11464691 33.10651779 33.10313416 33.10685349 33.11610031 33.12569809 33.11949921 33.10307312 33.09200668 33.08152771 33.06433105 33.04914856 33.03522873 33.01933289 33.01684189 33.03964996 33.07915878 33.11190796 33.12333298 33.14900208 33.17430496 33.19412231 33.20520782 33.22189331 33.22929764 33.24450302 33.2728653 33.28937531 33.29813385 33.29950714 33.30068588 33.30984497 33.31734085 33.32161331 33.32118607 33.31327057 33.31404114 33.308815 33.30106354 33.29846191 33.31092072 33.33965683 33.36262894 33.38090134 33.40371704 33.40343857
33.40132523 33.37926865 33.3572998 33.33690643 33.31045151 33.27175903 33.22662735 33.1854248 33.15318298 33.13368988 33.11392593 33.0997467 33.08590317 33.07578278 33.07348251 33.07398605 33.06555939 33.05042648 33.03837967 33.0325737 33.01485825 32.99480057 32.98261261 32.9723587 32.97076035 32.99164581 33.02238464 33.05886078 33.08330536 33.1084404 33.13693619 33.16255188 33.1762886 33.18698883 33.19169998 33.20695496 33.23641968 33.26413345 33.27811813 33.28230667 33.28665543 33.28581619 33.28568649 33.28466797 33.28062057 33.28637695 33.29179764 33.28894043 33.27991104 33.281353 33.30104446 33.3298645 33.34287262 33.35079956 33.36527252 33.37417603
33.37459183 33.36396027 33.34776306 33.3302803 33.30708694 33.27497482 33.24057388 33.19963837 33.16671753 33.14811325 33.13563156 33.12758255 33.1072464 33.08158875 33.06086731 33.04441833 33.02761459 33.01538467 33.0022049 32.99688339 32.98786545 32.9654007 32.949646 32.94586182 32.94714355 32.95228195 32.9737587 33.00294495 33.03459549 33.05603409 33.08280945 33.11613464 33.14026642 33.15792465 33.16722488 33.18689346 33.21029663 33.22994614 33.24065781 33.24679565 33.25373077 33.25278854 33.25482178 33.253479 33.24980927 33.24999619 33.25934219 33.26255035 33.25585175 33.25860596 33.2752533 33.29898834 33.3098259 33.31891251 33.33164215 33.34176254
33.39439774 33.37971497 33.36884689 33.35716248 33.33570099 33.30341721 33.26977539 33.23421097 33.19800186 33.17807388 33.16734314 33.15707397 33.13780594 33.114254 33.08752441 33.06113052 33.04095459 33.01759338 33.00092697 32.998909 32.99462128 32.9724884 32.95427322 32.94268417 32.94388962 32.94965363 32.96073151 32.97650909 32.99532318 33.00842667 33.03304291 33.06096268 33.08659363 33.11536026 33.14206696 33.17034149 33.18732452 33.19385147 33.20226669 33.2055397 33.21205521 33.2195816 33.23044586 33.23535538 33.23155975 33.22710037 33.23462296 33.24507904 33.24013138 33.23952103 33.24913406 33.27116776 33.28819656 33.30086517 33.31800842 33.33363724
33.46736908 33.437603 33.41472626 33.40488434 33.39076614 33.36356735 33.33306122 33.29872894 33.26425934 33.23960876 33.22576141 33.21328354 33.1868515 33.16025925 33.14046478 33.1101532 33.08208084 33.0583725 33.04198074 33.03626251 33.02717972 33.01032257 32.98941803 32.96584702 32.95475006 32.96074677 32.97206879 32.98301315 32.99429703 32.99777985 33.00922394 33.03162003 33.05794525 33.08548737 33.11172104 33.13311386 33.15898132 33.17092133 33.18196869 33.18864441 33.2006073 33.21270752 33.21971512 33.22349167 33.22457123 33.22670746 33.23467636 33.24808884 33.24492645 33.24263 33.24604797 33.2508812 33.26442719 33.28458786 33.30925751 33.32801819
33.56056213 33.53195572 33.50218582 33.48632431 33.47388458 33.45449066 33.42292023 33.3849411 33.35090637 33.32852936 33.31507492 33.30190659 33.27953339 33.2462883 33.21899414 33.19078827 33.16114044 33.13724899 33.11564636 33.09718323 33.08430099 33.06513596 33.04177856 33.01338196 32.98964691 32.98047256 32.98952866 33.00374222 33.01888657 33.02597809 33.02606964 33.03684235 33.05498123 33.07478714 33.08980942 33.10028839 33.12448502 33.14883423 33.16094971 33.1732254 33.1878891 33.20620346 33.21438217 33.21812057 33.21735764 33.22530365 33.24079895 33.25788498 33.25766754 33.25652695 33.25626373 33.24817276 33.24720001 33.26610565 33.29751205 33.32200241
33.65572739 33.62916565 33.60276794 33.58622742 33.57258224 33.55701065 33.53337479 33.50331116 33.46963501 33.43840408 33.41494751 33.39297485 33.36345673 33.34053421 33.32019806 33.29559708 33.27438354 33.25399017 33.22536087 33.19693756 33.1699295 33.15238571 33.12853622 33.10334396 33.08054352 33.05882263 33.05042648 33.05447769 33.06030273 33.0764389 33.08347702 33.08767319 33.09688568 33.10791016 33.1191864 33.12444305 33.13077927 33.14600754 33.16052246 33.18124008 33.20457458 33.21572876 33.22345734 33.22489166 33.22185898 33.22677231 33.24349594 33.26617432 33.27158356 33.27595139 33.27133179 33.25937271 33.24814987 33.24990463 33.27615356 33.30778885
33.76513672 33.73523331 33.71215439 33.69709396 33.68385696 33.67404938 33.65405655 33.63074112 33.60241699 33.56424713 33.5279541 33.49629593 33.4643631 33.44670486 33.4368248 33.42331696 33.40782547 33.39066315 33.36741638 33.3477211 33.30940628 33.2661171 33.23406219 33.21210098 33.19610214 33.1846962 33.17015457 33.16191864 33.17018509 33.17748642 33.18180466 33.17533112 33.1677742 33.16790771 33.17649841 33.18402481 33.1872406 33.19091034 33.19808197 33.20399094 33.21916199 33.22827148 33.23187256 33.23442841 33.2359848 33.24264908 33.25839615 33.28307724 33.28869247 33.27932739 33.26732254 33.25780106 33.25012589 33.2402153 33.24680328 33.26376343
33.88630295 33.85924149 33.83867264 33.82266617 33.80567932 33.7973938 33.78279495 33.76289368 33.73886108 33.71020889 33.67425919 33.63840103 33.60098267 33.57221603 33.55998993 33.54976273 33.53914642 33.52851105 33.51343536 33.49953079 33.47280502 33.43290329 33.39360809 33.36471558 33.34513474 33.33256531 33.32792664 33.31903839 33.31162643 33.30961609 33.30752182 33.29370117 33.27901459 33.26247787 33.26628113 33.26927567 33.27048874 33.26494217 33.26328278 33.25682831 33.25597382 33.26411819 33.26893616 33.27513504 33.27465439 33.2765274 33.27269745 33.27722168 33.28679276 33.27814102 33.25627136 33.24304199 33.23820114 33.23270416 33.22914886 33.23073578
34.00880432 33.97960663 33.95799637 33.94402313 33.93449402 33.92528152 33.91246033 33.8967514 33.87643051 33.85842896 33.83435822 33.80487442 33.76701355 33.73091888 33.71090698 33.69242096 33.66896439 33.65801239 33.65242386 33.64294434 33.62325287 33.59046936 33.56299591 33.53461838 33.51039124 33.49220276 33.47842789 33.47120285 33.45776749 33.45172119 33.43989182 33.42210388 33.40414047 33.38816452 33.37656021 33.36767578 33.36267853 33.34798813 33.33730698 33.33298874 33.32365799 33.32122803 33.32342148 33.33114243 33.33112335 33.32695007 33.3149147 33.29829025 33.28483963 33.27409744 33.25653076 33.23540878 33.22138214 33.21028137 33.19954681 33.19210052
34.13945389 34.10816574 34.07402039 34.05277634 34.03828812 34.03593826 34.02516937 34.0148468 34.00463867 33.99280167 33.97060013 33.940979 33.90356445 33.87586212 33.85607147 33.83551788 33.81344604 33.80104446 33.79440308 33.78447342 33.76714325 33.73477936 33.70576096 33.68136215 33.66243362 33.64237976 33.61725235 33.60459518 33.59594727 33.58258438 33.56876755 33.55371094 33.53840256 33.52205658 33.50912857 33.48984528 33.47245026 33.46072388 33.44425201 33.43336868 33.42157364 33.41112518 33.40203094 33.39713287 33.39023972 33.38031769 33.36846924 33.34571838 33.32160187 33.30091476 33.28445435 33.26361084 33.23864365 33.21794128 33.19856644 33.17971039
34.23340225 34.21097183 34.18385696 34.16478729 34.15721512 34.16447449 34.15533066 34.15403366 34.1413002 34.1215477 34.09916687 34.07391739 34.04800797 34.0256958 34.01885986 33.99341583 33.9600296 33.9413681 33.92243958 33.89854813 33.88458252 33.86310196 33.83731461 33.80965042 33.79939651 33.78361893 33.7639389 33.75352097 33.73384476 33.71564102 33.70001984 33.69530106 33.69031906 33.67771149 33.66091537 33.63834 33.61193085 33.59030151 33.57659531 33.56231689 33.54797363 33.53139496 33.50502777 33.49107361 33.47021103 33.45343781 33.43639755 33.40862274 33.37526703 33.34712219 33.33279419 33.31555557 33.29992294 33.27729797 33.2426796 33.20271683
34.31846237 34.30248642 34.28533173 34.27510452 34.26810837 34.25777054 34.24637985 34.24814606 34.24958801 34.24583817 34.22320175 34.20760345 34.18152618 34.16231918 34.14203644 34.11430359 34.08965302 34.06712723 34.0402832 34.00667191 33.99719238 33.9850235 33.9644165 33.93810654 33.92181778 33.91522598 33.89946747 33.8790741 33.85234833 33.83513641 33.82495117 33.82569504 33.82348633 33.81060791 33.79084015 33.77212524 33.75684738 33.73975372 33.72796249 33.70809174 33.68379211 33.65673447 33.62742233 33.60067749 33.57324219 33.54356384 33.5124321 33.48398209 33.45153809 33.42250061 33.40271378 33.38551331 33.37064362 33.34468842 33.30976486 33.26067734
34.39972305 34.38008881 34.36863708 34.34708786 34.34005737 34.33070374 34.32023239 34.31811905 34.31877136 34.31227112 34.30029678 34.27716827 34.24884415 34.22540283 34.20196152 34.17658615 34.15475082 34.13809204 34.12136841 34.10710526 34.08167267 34.06629562 34.05272675 34.0333519 34.0163765 34.00614166 33.99132919 33.97164154 33.95568085 33.93810654 33.93495941 33.93817139 33.93725586 33.92900848 33.9209671 33.91183472 33.89817429 33.88382721 33.8603363 33.83094406 33.80083084 33.76802826 33.73419571 33.70212936 33.67279816 33.64919281 33.61981964 33.58779907 33.554039 33.52438736 33.49956894 33.4718399 33.4384079 33.40418625 33.36954498 33.32804108
34.45185089 34.43726349 34.4210968 34.4077301 34.39374542 34.38471222 34.39614868 34.38838577 34.38176346 34.3640976 34.34252548 34.31997681 34.29029846 34.26132965 34.23493195 34.21673203 34.20576859 34.19926453 34.18916321 34.17124939 34.14955902 34.13217545 34.12004089 34.10609436 34.08822632 34.06925964 34.05764008 34.04825592 34.03952026 34.03241348 34.03125763 34.03787231 34.03890991 34.02861404 34.01951981 34.00502014 33.98786163 33.96971893 33.94523239 33.91518784 33.88620377 33.85528183 33.82847977 33.80885696 33.79310608 33.77548981 33.74741745 33.71080399 33.67148209 33.63507462 33.59034348 33.55208588 33.51954269 33.47945404 33.43867493 33.39208221
34.51330948 34.49150085 34.47587967 34.46156693 34.44625473 34.43424606 34.42911911 34.42474365 34.41604614 34.39945221 34.37418365 34.35309219 34.32833099 34.30254745 34.28259277 34.27283859 34.26356125 34.25166702 34.23718643 34.22401047 34.21826935 34.20862961 34.19734955 34.18598938 34.17172241 34.15211487 34.13253021 34.11457443 34.10397339 34.10989761 34.11160278 34.10641861 34.09912109 34.09186935 34.07765579 34.05953217 34.04115677 34.02194595 33.99966812 33.977108 33.95087814 33.92877197 33.91412354 33.9088707 33.89889908 33.8787117 33.84149551 33.79280472 33.75098038 33.71110153 33.6716156 33.62784195 33.58226776 33.53588867 33.4874649 33.43748093
34.5674324 34.55631256 34.53594971 34.52120209 34.50436783 34.48775101 34.47498322 34.46231461 34.45064163 34.43608093 34.41881943 34.39626694 34.37753296 34.35946274 34.34442902 34.33162689 34.31949997 34.30587387 34.29145432 34.28379059 34.27719498 34.27210999 34.26107025 34.24792862 34.23205566 34.21153641 34.19077301 34.17471695 34.17288971 34.1733017 34.16937637 34.1605835 34.15114212 34.14173508 34.1283493 34.10982895 34.09168243 34.07410812 34.05186462 34.031147 34.00861359 33.98941803 33.97622299 33.96318436 33.94193649 33.91071701 33.86883545 33.82361221 33.78123474 33.73846436 33.69477844 33.64548111 33.59887695 33.55595779 33.51234818 33.46111298
34.61631393 34.60796356 34.59463882 34.57846451 34.56230545 34.54166794 34.52438354 34.51067734 34.4955368 34.48019028 34.46426392 34.44739151 34.42985153 34.41558838 34.39737701 34.38443375 34.37890625 34.36795425 34.35691071 34.34925842 34.34459686 34.33793259 34.32720947 34.31162643 34.295681 34.28429031 34.26977158 34.2568779 34.24843597 34.24100876 34.23337936 34.22504807 34.21006393 34.19097137 34.16802216 34.14277649 34.11982346 34.09929276 34.07946396 34.05901718 34.03728485 34.01354218 33.99246216 33.96859741 33.94070053 33.90919876 33.87345505 33.83192444 33.78788376 33.74218369 33.69636917 33.65345001 33.61510849 33.5811882 33.54995728 33.51690292
