Environmental Parameters/RCP 45/2100/Sea-surface_temperature.asc
ncols 720
nrows 360
xllcorner -180.00
yllcorner -90.00
cellsize 0.5
NODATA_value -9999
[rows 175 to 199 of 360, columns 616 to 671 of 720]
30.25600052 30.42972755 30.45876694 30.45179749 30.44453812 30.44003296 30.42313576 30.41008377 30.41448021 30.43086052 30.44145012 30.4502697 30.45657539 30.46327782 30.4753952 30.48753548 30.4991436 30.49837685 30.49751091 30.49528313 30.49072266 30.4814167 30.48382759 30.49442863 30.50805473 30.51292419 30.52222633 30.5346756 30.5606823 30.57325745 30.58288193 30.58445549 30.59158134 30.60269737 30.60319138 30.60502052 30.61203575 30.63375282 30.64514351 30.66314888 30.66945076 30.66444397 30.65646935 30.65995979 30.65853882 30.66847801 30.66912651 30.66892624 30.66693497 30.6634655 30.6581192 30.64994431 30.64496231 30.64145851 30.62070656 30.59860992
30.38898087 30.44646263 30.4726429 30.47597504 30.47556686 30.48675537 30.48604393 30.48323631 30.48379898 30.49217796 30.50102425 30.50113487 30.50658417 30.51123238 30.51457787 30.51308632 30.5158577 30.51885605 30.51569939 30.51355934 30.50959778 30.50080109 30.50022125 30.51116753 30.51783752 30.52651405 30.53924751 30.54508018 30.56162834 30.57529831 30.585886 30.58894539 30.59885597 30.61602211 30.61931801 30.61810112 30.6201992 30.6314373 30.64476013 30.66213608 30.67416382 30.67436981 30.67505074 30.68391991 30.67731476 30.68128586 30.69556427 30.68598366 30.6764946 30.67327881 30.66398811 30.65921021 30.65807343 30.64645386 30.62574577 30.60517693
30.40259361 30.42911148 30.4682045 30.4988308 30.50507736 30.51784515 30.53645515 30.55361366 30.55557251 30.55953217 30.55642128 30.55744171 30.56352043 30.55361176 30.54339409 30.53742599 30.53534317 30.53372383 30.54041672 30.53841782 30.53154755 30.51998138 30.51560783 30.52869415 30.5343647 30.54434395 30.5531044 30.56095886 30.57160187 30.58572769 30.59786797 30.60716057 30.62050438 30.63660622 30.64824104 30.65753365 30.65044403 30.64539909 30.65431786 30.66387367 30.67915344 30.68347549 30.68839455 30.6926136 30.68622017 30.69574928 30.71103096 30.69762039 30.69005013 30.6913662 30.67793274 30.66592026 30.65857315 30.65151978 30.63679314 30.61891365
30.50123978 30.37454033 30.39886665 30.45170593 30.50592995 30.54045296 30.5649128 30.59332275 30.60944366 30.61522484 30.61148834 30.60773087 30.60728264 30.58735466 30.57094383 30.56748581 30.55604362 30.55286217 30.54982567 30.55117607 30.54580307 30.54024887 30.54507828 30.5557785 30.5583725 30.56447029 30.57634735 30.58111191 30.59297562 30.60461044 30.61959648 30.62949944 30.64829063 30.66511536 30.67275238 30.68009377 30.67231178 30.67181587 30.67849541 30.67924118 30.68267059 30.68810081 30.69213104 30.70138168 30.70040131 30.71180153 30.71077538 30.70450592 30.70529366 30.6981678 30.68170357 30.66809464 30.66242218 30.65907478 30.65830612 30.64328575
30.37443352 30.33329201 30.28849983 30.28530312 30.37316132 30.48964119 30.51879311 30.55558968 30.59540176 30.61127472 30.62398911 30.62733269 30.62311554 30.60027885 30.57907677 30.57122612 30.56800652 30.56381798 30.55827332 30.55345535 30.55362511 30.56255341 30.57292366 30.56891441 30.57248306 30.58319283 30.59437943 30.60317802 30.61419296 30.62727356 30.64128685 30.64582443 30.65331268 30.6709919 30.69175339 30.69935417 30.69165993 30.69139481 30.69707298 30.69445992 30.69118309 30.69480515 30.70206261 30.71523666 30.7213707 30.73176193 30.73170662 30.72520638 30.71884537 30.70870972 30.69816017 30.68470192 30.67625046 30.66475487 30.6590271 30.6453495
30.30357361 30.32689285 30.2315464 30.12236977 30.14385796 30.31050491 30.39937782 30.4677639 30.53745079 30.56213379 30.5628643 30.57183838 30.59414482 30.5721302 30.52865028 30.5110302 30.51458931 30.52692986 30.53231239 30.52115631 30.52755928 30.5443325 30.55680847 30.56274605 30.57450676 30.57698822 30.58480453 30.59266472 30.60362816 30.61705208 30.62762642 30.63815498 30.64588165 30.66771698 30.69155121 30.69411659 30.6865139 30.67985153 30.69178772 30.69293785 30.68550491 30.68987846 30.71170998 30.72670746 30.73062325 30.73641396 30.73558426 30.73687744 30.72747612 30.72401237 30.71941948 30.70641708 30.69869041 30.69044113 30.67109299 30.65277481
30.17686653 30.27467537 30.17560959 30.01762199 29.97693253 30.16862106 30.32940292 30.39774132 30.43408585 -9999.0 30.49410629 30.50613403 30.50020981 30.46595955 30.44014359 30.41923904 30.37865829 30.39773369 30.40043068 30.3728447 30.39391899 30.43470764 30.4721508 30.51082802 30.52742004 30.53020477 30.54013634 30.54398346 30.55579758 30.57379723 30.58382416 30.59305191 30.60222244 30.62901306 30.64754486 30.65870667 30.65878677 30.6583004 30.66444588 30.66803932 30.66870117 30.68192863 30.70819473 30.72157288 30.73601532 30.74117279 30.74086189 30.74049759 30.73451614 30.7328167 30.73710823 30.72899437 30.72873306 30.72309303 30.70467758 30.67990303
30.13476372 30.1932106 30.11090279 29.95435524 29.89761353 30.06553841 30.26014519 30.36222649 -9999.0 -9999.0 -9999.0 -9999.0 30.36249161 30.36694527 30.34941673 30.32159233 30.29611588 30.28741264 30.25107765 30.14937782 30.1833992 30.23465729 30.30144501 30.35975838 30.40452194 30.43586922 30.4544487 30.48030472 30.49315071 30.51277351 30.51147461 30.51044273 30.51847076 30.55263901 30.58475113 30.6155014 30.62783241 30.62828636 30.64593697 30.64696693 30.65205002 30.66328239 30.67656898 30.69537163 30.74206543 30.75983429 30.75292778 30.74793434 30.74942207 30.75444603 30.75804138 30.75692749 30.75720406 30.7525177 30.73862648 30.71888351
30.13917923 30.18120003 30.06737137 29.89702606 29.89775467 29.97984314 30.17090225 30.2723217 30.2393837 -9999.0 -9999.0 -9999.0 30.32177353 30.35315132 30.3566761 30.34046745 30.3228054 30.32467461 30.20849419 30.12960434 30.08780479 30.08855247 30.10414886 30.16326332 30.22978401 30.27897835 30.32525635 30.36818123 30.40263557 30.42235947 30.43318176 30.44599533 30.47343445 30.50657463 30.53601074 30.56863594 30.57272148 30.57146454 30.58312798 30.60066795 30.6350975 30.65818405 30.68493843 30.69909286 30.73741531 30.7675705 30.76644897 30.76239777 30.76578522 30.76329803 30.75808525 30.76919174 30.77285576 30.77915573 30.77150726 30.76771736
30.16113472 30.17391014 30.07828903 29.96234322 29.87374687 29.87492752 29.98162651 30.10606575 30.21824646 30.31763077 30.32860506 30.26384437 30.3030014 30.35325623 30.35268784 30.32135773 30.32515717 30.16221261 30.04750156 -9999.0 -9999.0 -9999.0 29.98542786 30.02929497 30.04514694 30.04566383 30.10369301 30.16557503 30.22218704 30.27287292 30.31938362 30.35223198 30.386343 30.42907143 30.4614048 30.49793434 30.49481583 30.49490356 30.52080345 30.56088257 30.61670685 30.65699196 30.70787048 30.72121239 30.71595573 30.73360825 30.75344467 30.74418449 30.74752808 30.75324821 30.764328 30.77393532 30.78720474 30.80098724 30.80465508 30.80854225
29.97721481 30.03053856 30.02974319 29.98304367 29.89792824 29.79710579 29.80824852 29.86969376 29.98153687 30.13453794 30.00194168 29.97308177 30.09171897 30.37064362 30.33374023 30.25414276 30.08575249 -9999.0 -9999.0 -9999.0 -9999.0 -9999.0 -9999.0 -9999.0 -9999.0 29.91009521 29.93252373 29.97839928 29.99669647 30.04183006 30.08163452 30.13902092 30.19836044 30.2674942 30.32508659 30.39509583 30.43855476 30.47062302 30.50922012 30.55204391 30.59621811 30.64279938 30.71151733 30.74543381 30.75009155 30.74579048 30.73893738 30.69768524 30.67489433 30.68457031 30.73504448 30.76484108 30.78575706 30.80186844 30.826931 30.83921623
29.41190147 29.4116497 29.55085945 29.46349525 29.58088684 29.64078712 29.65964127 29.68719101 29.67455101 29.69087791 -9999.0 29.62043005 -9999.0 29.97339249 30.2848053 30.02160835 -9999.0 -9999.0 -9999.0 -9999.0 -9999.0 -9999.0 -9999.0 -9999.0 -9999.0 -9999.0 -9999.0 -9999.0 29.85844803 29.88822174 29.88500404 29.90046692 29.95670128 30.04552269 30.17284203 30.2766037 30.35146523 30.41096497 30.46704292 30.52171326 30.56690979 30.62628937 30.70606804 30.78463936 30.84462166 30.85326195 30.79222488 30.67561722 30.61738968 30.62852859 30.65822601 30.71447945 30.72160149 30.73771858 30.82270622 30.86651802
29.33170128 29.40462685 29.44397926 29.41736603 29.38533211 29.42593765 29.47743988 29.53346062 29.52573967 29.46330833 29.3037014 29.20739555 29.30573243 29.42341983 -9999.0 -9999.0 -9999.0 -9999.0 -9999.0 -9999.0 -9999.0 -9999.0 -9999.0 -9999.0 -9999.0 -9999.0 -9999.0 -9999.0 -9999.0 -9999.0 -9999.0 29.79727554 29.78940964 29.82959366 29.99730873 30.15227509 30.26878357 30.33485031 30.39129448 30.4526577 30.51693344 30.59184456 30.68325615 30.77919579 30.87296486 30.91955185 30.82448959 30.64491463 30.51789093 30.57370186 30.60845757 30.66527939 30.71540642 30.75824547 30.82633591 30.86797333
29.43480492 29.47515869 29.49125099 29.45414352 29.41266441 29.35520172 29.30871773 29.36118889 29.33502007 29.17760468 29.03272057 28.93778419 28.82398796 28.74095917 29.14452446 29.24712789 -9999.0 -9999.0 -9999.0 -9999.0 -9999.0 -9999.0 -9999.0 -9999.0 -9999.0 -9999.0 -9999.0 -9999.0 -9999.0 -9999.0 -9999.0 -9999.0 -9999.0 29.7198658 29.84048653 29.93616867 30.11841202 30.24545097 30.29484177 30.3584137 30.45163155 30.51904488 30.59664345 30.71027565 30.79966354 30.82944679 30.75428391 30.57129097 30.35393143 30.46087456 30.56141472 30.62387848 30.674757 30.75738144 30.81695557 30.83517456
29.45985794 29.45598221 29.43953514 29.41374779 29.3873024 29.33949471 29.2686348 29.25384521 29.25476074 29.1656189 29.04031563 28.95323563 28.85130119 28.78792763 28.81249809 28.82935524 28.82044411 28.83530617 29.00789642 29.06014466 -9999.0 -9999.0 -9999.0 -9999.0 -9999.0 -9999.0 -9999.0 -9999.0 -9999.0 -9999.0 -9999.0 -9999.0 -9999.0 -9999.0 -9999.0 29.75891685 29.92608833 30.09874535 30.17433167 30.25585747 30.35483551 30.39684105 30.44832611 30.55290985 30.64401627 30.67064285 30.63538551 30.40956056 30.25034142 30.31848907 30.52334023 30.64698029 30.64770126 30.69692802 30.77215195 30.78836441
29.43599129 29.40592194 29.38010597 29.36311531 29.33813667 29.30740356 29.25180435 29.19499969 29.17164612 29.14656258 29.07687569 29.0008812 28.84960365 28.85833359 28.92675781 28.93997955 28.91559982 28.90350533 28.91435623 28.9249115 28.96857822 -9999.0 -9999.0 -9999.0 -9999.0 -9999.0 -9999.0 -9999.0 -9999.0 -9999.0 -9999.0 -9999.0 -9999.0 -9999.0 -9999.0 29.61181068 29.69187164 29.79698944 29.84771919 29.93248558 30.07642174 30.25184822 30.34118462 30.42631149 30.49622345 30.50024414 30.36651039 30.16629601 30.05486488 30.30206871 30.51546288 30.65222168 30.63492393 30.61841583 30.67378616 30.73287582
29.40308189 29.3706913 29.34905815 29.32288551 29.30193901 29.27293015 29.21174049 29.11961365 29.03278923 29.04518318 29.09015465 28.99354935 28.84490585 28.95803452 28.95581436 28.94445992 28.92235947 28.92967987 28.966959 28.89089012 28.80706048 -9999.0 -9999.0 -9999.0 -9999.0 -9999.0 -9999.0 -9999.0 -9999.0 -9999.0 -9999.0 -9999.0 -9999.0 -9999.0 -9999.0 -9999.0 29.54322433 29.59337807 29.57720375 29.56631088 29.56702805 29.84941864 29.96944046 -9999.0 -9999.0 30.23999441 30.19003677 30.01314354 30.11988258 30.29037285 30.46221733 30.61099052 30.62697792 30.62034798 30.61980629 30.65064621
29.38682938 29.36390495 29.34022522 29.2992897 29.28825569 29.26720047 29.1868 29.0915947 29.02422714 29.02957726 29.05765915 28.93917656 28.91576004 29.00715828 28.94905663 28.91049004 28.8848381 28.90219688 28.99768639 28.99238968 28.9762001 28.92176569 -9999.0 -9999.0 -9999.0 -9999.0 -9999.0 -9999.0 -9999.0 -9999.0 -9999.0 -9999.0 -9999.0 -9999.0 -9999.0 -9999.0 -9999.0 -9999.0 -9999.0 29.57938385 29.53496361 29.61589813 29.68654633 29.7539196 29.88210106 29.99443817 30.08368683 30.15475273 30.21617699 30.28917885 30.40283012 30.5470562 30.61263466 30.58376694 30.55524445 30.51880074
29.39198875 29.37127495 29.35711098 29.33116341 29.32236481 29.28944016 29.16544533 29.06285667 29.06151962 29.02960396 28.95278358 28.81632042 28.88246346 28.95890999 28.89089584 28.86739159 28.88850594 28.9335022 29.0286026 29.04943085 29.01148224 28.90311998 28.90088677 -9999.0 -9999.0 -9999.0 -9999.0 -9999.0 -9999.0 -9999.0 -9999.0 -9999.0 -9999.0 -9999.0 -9999.0 -9999.0 -9999.0 29.56258535 29.78683472 29.66259193 29.65765572 29.74258423 29.79899788 29.86463547 29.94900131 30.0475502 30.13994598 30.1925869 30.250494 30.30658913 30.37435722 30.4607048 30.53188133 30.52761078 30.46059608 30.31634903
29.39252853 29.38185501 29.39373207 29.36501503 29.36030769 29.30213737 29.18170547 29.10252571 29.08696175 28.99465942 28.85991287 28.7335968 28.74872208 28.84729958 28.84577179 28.82711983 28.82940483 28.92504311 29.06314659 29.06624794 28.99253654 28.79433668 28.83656764 -9999.0 -9999.0 -9999.0 -9999.0 -9999.0 -9999.0 -9999.0 -9999.0 28.69626248 -9999.0 28.80719006 -9999.0 -9999.0 -9999.0 -9999.0 29.80211067 29.73610687 29.72260857 29.78969955 29.83381462 29.8866806 29.93026733 29.99759865 30.1039238 30.17546272 30.22868538 30.27554321 30.31261253 30.34332275 30.37939453 30.40863991 30.38729286 30.33678246
29.43783569 29.42167664 29.41517639 29.35817909 29.34199333 29.25748062 29.20888138 29.16625214 29.12669945 29.03024673 28.91706276 28.84604263 28.83706665 28.86849403 28.86855125 28.82942963 28.80693245 28.9217968 29.06394386 29.06627274 28.93696362 28.80587626 28.76139146 -9999.0 -9999.0 -9999.0 -9999.0 -9999.0 -9999.0 -9999.0 28.52687269 28.51655006 28.56895447 28.63299561 28.78315353 28.98500067 -9999.0 -9999.0 29.59052277 29.76120949 29.71099854 29.74432373 29.78529358 29.79696083 29.79051208 29.80850029 29.92510605 30.06377792 30.13638687 30.17279243 30.18868446 30.20544815 30.23698807 30.29321098 30.32442665 30.34500694
29.46427155 29.44953156 29.44498444 29.39889908 29.34090424 29.23285103 29.21919441 29.22065544 29.18802834 29.13352203 29.07845116 29.03892899 29.00037003 28.95960808 28.92228127 28.87026596 28.84212303 28.92844009 28.96487427 28.95687675 28.88099861 28.77904701 28.68498993 28.69995689 28.68848228 -9999.0 -9999.0 -9999.0 28.49618417 28.42676091 28.3317337 28.47506332 28.61580086 28.67030334 28.7485199 28.86685181 29.06721306 -9999.0 -9999.0 -9999.0 29.68942261 29.688797 29.66781998 29.63830376 29.54603195 29.51762962 29.61185646 29.84275627 29.97523689 30.01398468 30.02960205 30.03786278 30.08145523 30.14278603 30.19632339 30.25192261
29.58019638 29.54034424 29.5109005 29.45505714 29.39220238 29.34181404 29.32414818 29.29780388 29.26408577 29.23411179 29.19437027 29.14958382 29.08765793 29.01113319 28.92930031 28.86296463 28.85054779 28.89657784 28.90723419 28.86699677 28.82890511 28.7836647 28.75203323 28.72850227 28.68645859 28.59690285 -9999.0 -9999.0 -9999.0 -9999.0 28.38779449 28.46051216 28.52225494 28.5416069 28.61495399 28.70976067 28.81493759 28.94493294 -9999.0 -9999.0 29.41904449 29.66568375 29.50698471 29.46162605 29.35419655 29.25370026 29.32864189 29.54749489 29.7014389 29.75988388 29.8075695 29.85601997 29.93149567 30.01316261 30.06651878 30.12649345
29.64855957 29.59492111 29.54912949 29.51049995 29.47638512 29.44095039 29.39126587 29.34289169 29.30537796 29.28316307 29.24550819 29.18428612 29.11569023 29.03100014 28.93675613 28.85728836 28.83102798 28.84666824 28.87245941 28.89183426 28.8819294 28.84748077 28.80303192 28.76057816 28.68278503 28.56034851 28.49228096 28.48206902 28.42593575 28.38510323 28.42232704 28.37149429 28.29800415 28.35025787 28.43528938 28.50232315 28.56940842 28.49303818 28.65147644 -9999.0 -9999.0 29.21070945 29.42095566 29.36318207 29.24440193 29.17397118 29.22204208 29.36009598 29.44152832 29.50277328 29.59938431 29.70156097 29.81238937 29.90641212 29.96442604 30.01170731
29.71403503 29.64564514 29.58156776 29.54738426 29.52764893 29.49695587 29.44098282 29.37133408 29.32152557 29.28353119 29.2442112 29.1914196 29.12099648 29.03667259 28.9484005 28.87141037 28.828228 28.81258011 28.81602097 28.84250832 28.85510063 28.84845161 28.82298851 28.7639637 28.68779182 28.59407806 28.52273941 28.47814941 28.37581062 28.34836769 28.33664894 28.15505981 28.05510712 28.17860985 28.28388405 28.35850906 28.40284157 28.33711243 28.21217918 28.43631363 -9999.0 -9999.0 28.86810303 29.19157028 29.10495949 29.0729847 29.11736679 29.24656487 29.36535835 29.45072556 29.54407692 29.61046028 29.70357895 29.78858757 29.86350441 29.92007828
