Environmental Parameters/RCP 45/2100/Sea-bottom_salinity.asc
ncols 720
nrows 360
xllcorner -180.00
yllcorner -90.00
cellsize 0.5
NODATA_value -9999
[rows 25 to 49 of 360, columns 57 to 113 of 720]
33.44750404 33.44805717 33.44489288 33.44662666 33.44680977 33.44629669 33.45180893 33.4515419 33.44821358 33.44730186 33.44564247 33.44399071 33.44063187 33.44368935 33.43735504 33.4368763 33.43413734 33.43286705 33.43165398 33.43145752 33.43686867 33.43893814 33.46285057 33.46638298 33.46969032 33.48332596 33.48673248 33.50016785 33.50589752 33.51844215 33.52230072 33.52902412 33.53125572 33.54238892 33.54471397 33.55508995 33.55872345 33.56193733 33.57857704 33.58446693 33.60284233 33.60586929 33.63326836 33.65273666 33.68287659 33.68878937 33.69723511 33.69968796 33.72568512 33.7329998 33.73338699 33.72280312 33.69598007 33.72284317 33.73013878 33.75600243 33.64231682
33.49264336 33.49040413 33.48575211 33.48258781 33.48125648 33.47756577 33.48112488 33.47753143 33.47679138 33.47064018 33.46771812 33.465662 33.45846748 33.45557404 33.44554329 33.44321823 33.43559837 33.44963646 33.44488716 33.44550514 33.44626617 33.44785881 33.44712257 33.44924927 33.45978546 33.46103477 33.47019577 33.47507286 33.48859024 33.49907684 33.51336861 33.51933098 33.542099 33.54647446 33.57602882 33.58481026 33.62456131 33.63407898 33.67572975 33.68867683 33.69348335 33.75231552 33.77796555 33.80373764 33.78266525 33.82140732 33.83158684 33.86892319 33.87043953 33.89793396 33.88446426 33.92825699 33.92915344 33.97691917 33.84506226 33.93280602 33.69794464
33.52763557 33.51827621 33.51546669 33.50436211 33.50009537 33.49061203 33.48490715 33.47602844 33.47576714 33.46591568 33.46208954 33.45153618 33.44086456 33.42857361 33.42653847 33.41526604 33.41219521 33.40206528 33.41823578 33.4149704 33.41338921 33.4009037 33.40386009 33.40454674 33.41197014 33.4205265 33.4253521 33.44177437 33.44843102 33.48016167 33.49218178 33.53294182 33.54332161 33.59635353 33.61060524 33.67040253 33.70842552 33.78074837 33.81060219 33.87000465 33.88144684 33.91212845 33.92695999 33.96909714 33.97319603 34.00343323 34.02088547 34.04982376 34.03966331 34.05863953 34.01659966 33.85176659 33.62125778 33.4645443 32.65357018 32.31685257 31.24820518
33.53010941 33.52446938 33.50551224 33.50132179 33.48728561 33.48413849 33.45925903 33.44071198 33.43588066 33.42321205 33.41900635 33.40572166 33.38889313 33.37244987 33.37128067 33.36044502 33.35902214 33.34991455 33.36454201 33.35947418 33.34759521 33.34577942 33.34684372 33.35289192 33.35680199 33.37020493 33.37772369 33.40201569 33.42589188 33.46529198 33.48327446 33.5509491 33.63207626 33.68832779 33.77060318 33.78746033 33.86619377 33.90170288 33.97140503 33.97325325 34.04333115 34.0512085 34.09564972 34.1036129 34.1463604 34.13386726 34.13663483 34.07841682 34.12221336 34.13823128 34.18856049 34.18869781 34.24168968 34.26481438 34.32576942 34.28256226 34.35528183
33.5579052 33.56730461 33.52472878 33.52062035 33.49913979 33.48958397 33.46627426 33.43727493 33.41499329 33.3985157 33.39181328 33.37046623 33.36735916 33.34297752 33.34200096 33.34959984 33.34457207 33.33416176 33.33223152 33.33171082 33.34471512 33.34333229 33.35347176 33.34714127 33.37330627 33.38033104 33.41884613 33.42995834 33.5021534 33.52132034 33.66109276 33.69055367 33.7922802 33.8889637 33.91434479 34.00934601 34.03687668 34.13121986 34.16885185 34.28082466 34.29128075 34.39321899 34.40019798 34.49393654 34.46934509 34.48838234 34.50797272 34.60140419 34.66992378 34.67551804 34.75997162 34.74868584 34.8186264 34.80534363 34.88043404 34.63954735 34.9131012
33.70306396 33.73241997 33.70876312 33.67201805 33.63684464 33.61698914 33.61145973 33.59682083 33.54031181 33.51163673 33.49712563 33.46111298 33.49037361 33.447752 33.44801331 33.45530319 33.44332123 33.43806458 33.43168259 33.48272324 33.49509621 33.49210548 33.51506233 33.51193619 33.55745506 33.56147003 33.61825371 33.68750954 33.71041107 33.86825752 33.88396072 33.96883392 33.99015808 34.08396721 34.11535454 34.20052338 34.31477547 34.35501671 34.48371887 34.51664352 34.65354919 34.69535255 34.80573273 34.89724541 34.90350151 34.93509865 34.96444893 35.047369 35.067276 35.12836456 35.12781906 35.13986206 35.13541031 34.90836716 34.87767601 34.86413765 34.82661057
33.91431046 33.94062996 33.9351635 33.90387154 33.87137413 33.85378647 33.86867523 33.86212921 33.81924438 33.78217697 33.77765846 33.73967171 33.79936981 33.75369644 33.74681282 33.73078346 33.72061729 33.71980858 33.71329117 33.79067993 33.81098557 33.81741905 33.83657265 33.8849144 33.89216232 33.94036674 33.96357727 34.07661819 34.14072418 34.14531326 34.20903969 34.21985435 34.28883553 34.30905342 34.37531471 34.46157455 34.50040817 34.61525917 34.66757011 34.7726078 34.8069706 34.90482712 34.98967743 34.9945488 35.04206085 35.02033043 35.10451698 35.11569023 34.97370338 34.96290016 34.95056915 34.92058372 33.38002396 26.21245575 30.2418251 31.21432686 32.2422123
34.06246376 34.06593323 34.09469032 34.08246803 34.07004929 34.0629921 34.09082222 34.09593391 34.09329987 34.0910511 34.08090782 34.07605171 34.1353817 34.12831879 34.1179409 34.10267448 34.10027122 34.11427116 34.17471886 34.19192123 34.17922592 34.19743156 34.17695427 34.21143913 34.20804214 34.23635292 34.29776764 34.30894661 34.33466721 34.34311104 34.36679649 34.38654327 34.39646912 34.42435646 34.44229317 34.4881382 34.56199455 34.58973694 34.72408867 34.76701546 34.90949059 35.04394913 35.08382607 35.15382004 35.12685776 35.11157799 34.97013664 34.37159538 33.48061943 32.76356125 32.2619648 31.68875504 30.42731857 29.13417053 27.29237366 29.86884689 -9999.0
34.16337204 34.16536522 34.1926899 34.18238068 34.18224716 34.18059731 34.19771385 34.21911621 34.2209053 34.23663712 34.24361992 34.27247238 34.30605125 34.33348846 34.35442162 34.36068344 34.39572716 34.40834999 34.46298027 34.46761131 34.46196938 34.46954346 34.45572853 34.44944954 34.43210793 34.46487236 34.44262123 34.42794418 34.41458893 34.38393784 34.37448692 34.36455536 34.3588562 34.35883522 34.38793755 34.40021896 34.47105408 34.62119865 34.67274857 34.852211 34.9186554 35.08416176 35.18855667 35.17990494 35.21341896 35.18886566 35.00424194 34.40797424 33.53365898 33.12754822 32.76609993 32.28783607 30.48788261 29.41991997 28.97872543 -9999.0 -9999.0
34.29580498 34.29384232 34.34052658 34.32461739 34.32147217 34.31688881 34.30901337 34.35001564 34.34165955 34.35052681 34.34970856 34.35606766 34.39846802 34.40869331 34.44402313 34.45537949 34.49370193 34.53512955 34.56435776 34.59154892 34.59941292 34.61371231 34.59908104 34.58925819 34.57899857 34.55017662 34.52407265 34.474123 34.44924545 34.3976059 34.36794472 34.35715485 34.34289742 34.36264801 34.39751816 34.46800041 34.55627823 34.6245575 34.76716423 34.82538986 34.97730637 35.09229088 35.13952065 35.22198105 35.18356514 34.76707458 34.44413567 34.47304916 33.59516525 32.3475399 30.75583839 29.94768333 28.12716293 29.97040749 -9999.0 -9999.0 -9999.0
34.4764061 34.47953796 34.48137856 34.51275444 34.51703453 34.51968193 34.51931 34.56627083 34.55637932 34.54538918 34.53432274 34.5148468 34.54590988 34.52198601 34.52511406 34.52339745 34.53082657 34.57017517 34.58130074 34.61631966 34.6398201 34.64460373 34.64231873 34.62561798 34.6169529 34.57837105 34.54080963 34.51877785 34.47859001 34.4603653 34.44486618 34.44372749 34.48608398 34.51352119 34.56934166 34.58738327 34.68287277 34.79163361 34.84262848 34.97700882 35.11586761 35.16162872 35.24104118 35.21548653 35.20291519 35.20078087 35.17941475 34.84667778 31.8120842 30.98062134 30.40185547 28.74651718 30.47838974 -9999.0 -9999.0 -9999.0 -9999.0
34.66081047 34.6540451 34.65596581 34.70004845 34.70911598 34.71317291 34.71203995 34.74351883 34.72985268 34.71487617 34.70161247 34.67474556 34.68501663 34.65760422 34.63919449 34.62809563 34.62011528 34.63409424 34.63591194 34.64736748 34.6586628 34.65493393 34.6614151 34.65725136 34.65423393 34.64135933 34.62981224 34.6273632 34.64016724 34.63269806 34.62599945 34.64785957 34.63214874 34.63392639 34.67787552 34.78520775 34.85622597 35.04630089 35.25686264 35.29245949 35.38159561 35.37555695 35.18503189 35.20665359 35.1963253 35.28192711 35.25641251 35.2113533 35.17017365 35.13810539 34.8013401 34.78430557 34.49157333 32.18451118 32.83060265 32.31585503 -9999.0
31.90926361 34.25240135 34.72816658 34.73869896 34.74695396 34.76768112 34.80920029 34.82475471 34.8436718 34.83612251 34.82854843 34.81119728 34.8307476 34.81361008 34.77197838 34.73491859 34.73666 34.7133522 34.69636154 34.68512917 34.65216637 34.64273262 34.64258766 34.62038803 34.62416267 34.63741684 34.62677574 34.62690163 34.62426758 34.59906006 34.50882339 34.50495911 34.5329361 34.64364433 34.72666931 34.97132874 35.27281952 35.50051308 35.23822594 34.94744492 33.69098854 32.87932587 32.08260918 31.99404716 32.01802254 32.05912781 32.64929008 33.93648338 35.13240814 35.19736671 35.18920517 35.15116692 35.00703812 34.8154583 34.76155853 34.72417641 32.96329152
29.99993134 29.94789696 29.87798119 29.82171249 30.28822517 30.26875305 30.24728012 30.69287872 31.34416771 31.36581993 31.42314529 32.49724579 33.99928665 34.87302589 34.87748528 34.85402679 34.84570885 34.85091782 34.77861786 34.75175667 34.6465168 34.59126854 34.55289841 34.52402306 34.5111084 34.50085831 34.48978043 34.44129753 34.38769341 34.34046936 34.31766319 34.4031086 32.50973129 32.03400421 32.46846771 32.79024887 32.20246315 32.33436012 32.32859802 32.33831978 32.12545204 31.5032959 31.50671196 31.46517944 31.51706123 31.56723213 32.01929665 33.94523811 34.64668274 35.09063721 35.03765106 35.0884552 34.98734665 35.00016212 34.63328934 34.5349102 34.46471977
25.9084301 -9999.0 27.10937881 -9999.0 -9999.0 26.93306732 26.38086319 25.43329811 29.03092575 29.00419426 30.03537369 30.6471138 30.67062378 30.67604637 30.69914055 31.63574219 31.64135361 31.63687134 31.50447845 32.1555748 32.36262321 32.25332069 34.40760994 34.4816494 34.46629143 34.45343781 34.40627098 32.1418438 31.7006073 31.16730499 31.1546154 31.41389275 31.74712181 31.97662926 32.07465744 32.12916756 31.56704903 31.48561668 31.43519211 31.38338089 31.36481476 29.19660187 29.61608505 29.84274483 30.01910591 30.08120346 30.08769417 29.95465279 29.10516357 34.85049057 34.75417709 34.42154694 32.92381668 32.90124893 33.55065536 34.668293 34.68323135
-9999.0 -9999.0 -9999.0 -9999.0 -9999.0 -9999.0 -9999.0 -9999.0 -9999.0 -9999.0 -9999.0 -9999.0 -9999.0 -9999.0 -9999.0 -9999.0 -9999.0 -9999.0 29.23696327 28.34747887 30.70986748 30.56856728 30.47154427 30.53645706 31.37487602 33.86828232 33.09887886 32.10016441 31.63171577 30.75200462 30.8752594 28.18093491 28.31619835 28.23743439 26.84885788 28.32336235 28.35416031 28.33056068 28.406147 27.63262367 26.87911987 27.189917 27.51051947 27.82784843 28.01434708 28.11850739 28.783427 -9999.0 -9999.0 30.4883194 33.70842552 32.30955505 29.33932877 30.62946701 31.81919289 32.58545685 32.87950516
-9999.0 -9999.0 -9999.0 -9999.0 -9999.0 -9999.0 -9999.0 -9999.0 -9999.0 -9999.0 -9999.0 -9999.0 -9999.0 -9999.0 -9999.0 -9999.0 -9999.0 -9999.0 -9999.0 -9999.0 -9999.0 -9999.0 -9999.0 -9999.0 -9999.0 24.73113823 31.21597862 31.26089287 29.7407093 25.38434219 25.43629265 25.4046936 25.36959648 25.97571373 25.96448407 25.90256542 26.10524967 26.51241246 -9999.0 -9999.0 -9999.0 27.45608532 -9999.0 -9999.0 -9999.0 -9999.0 -9999.0 -9999.0 -9999.0 -9999.0 31.00311781 31.31106186 31.50102997 -9999.0 31.28299713 31.12809753 30.9017711
-9999.0 -9999.0 -9999.0 -9999.0 -9999.0 -9999.0 -9999.0 -9999.0 -9999.0 -9999.0 -9999.0 -9999.0 -9999.0 -9999.0 -9999.0 -9999.0 -9999.0 -9999.0 -9999.0 -9999.0 -9999.0 -9999.0 -9999.0 -9999.0 -9999.0 -9999.0 -9999.0 -9999.0 28.00867105 27.65731211 26.70645441 25.53920542 25.75428647 -9999.0 -9999.0 -9999.0 -9999.0 -9999.0 -9999.0 -9999.0 -9999.0 -9999.0 -9999.0 -9999.0 -9999.0 -9999.0 -9999.0 -9999.0 -9999.0 -9999.0 -9999.0 -9999.0 -9999.0 -9999.0 -9999.0 -9999.0 -9999.0
-9999.0 -9999.0 -9999.0 -9999.0 -9999.0 -9999.0 -9999.0 -9999.0 -9999.0 -9999.0 -9999.0 -9999.0 -9999.0 -9999.0 -9999.0 -9999.0 -9999.0 -9999.0 -9999.0 -9999.0 -9999.0 -9999.0 -9999.0 -9999.0 -9999.0 -9999.0 -9999.0 -9999.0 -9999.0 -9999.0 -9999.0 -9999.0 -9999.0 -9999.0 -9999.0 -9999.0 -9999.0 -9999.0 -9999.0 -9999.0 -9999.0 -9999.0 -9999.0 -9999.0 -9999.0 -9999.0 -9999.0 -9999.0 -9999.0 -9999.0 -9999.0 -9999.0 -9999.0 -9999.0 -9999.0 -9999.0 -9999.0
-9999.0 -9999.0 -9999.0 -9999.0 -9999.0 -9999.0 -9999.0 -9999.0 -9999.0 -9999.0 -9999.0 -9999.0 -9999.0 -9999.0 -9999.0 -9999.0 -9999.0 -9999.0 -9999.0 -9999.0 -9999.0 -9999.0 -9999.0 -9999.0 -9999.0 -9999.0 -9999.0 -9999.0 -9999.0 -9999.0 -9999.0 -9999.0 -9999.0 -9999.0 -9999.0 -9999.0 -9999.0 -9999.0 -9999.0 -9999.0 -9999.0 -9999.0 -9999.0 -9999.0 -9999.0 -9999.0 -9999.0 -9999.0 -9999.0 -9999.0 -9999.0 -9999.0 -9999.0 -9999.0 -9999.0 -9999.0 -9999.0
-9999.0 -9999.0 -9999.0 -9999.0 -9999.0 -9999.0 -9999.0 -9999.0 -9999.0 -9999.0 -9999.0 -9999.0 -9999.0 -9999.0 -9999.0 -9999.0 -9999.0 -9999.0 -9999.0 -9999.0 -9999.0 -9999.0 -9999.0 -9999.0 -9999.0 -9999.0 -9999.0 -9999.0 -9999.0 -9999.0 -9999.0 -9999.0 -9999.0 -9999.0 -9999.0 -9999.0 -9999.0 -9999.0 -9999.0 -9999.0 -9999.0 -9999.0 -9999.0 -9999.0 -9999.0 -9999.0 -9999.0 -9999.0 -9999.0 -9999.0 -9999.0 -9999.0 -9999.0 -9999.0 -9999.0 -9999.0 -9999.0
-9999.0 -9999.0 -9999.0 -9999.0 -9999.0 -9999.0 -9999.0 -9999.0 -9999.0 -9999.0 -9999.0 -9999.0 -9999.0 -9999.0 -9999.0 -9999.0 -9999.0 -9999.0 -9999.0 -9999.0 -9999.0 -9999.0 -9999.0 -9999.0 -9999.0 -9999.0 -9999.0 -9999.0 -9999.0 -9999.0 -9999.0 -9999.0 -9999.0 -9999.0 -9999.0 -9999.0 -9999.0 -9999.0 -9999.0 -9999.0 -9999.0 -9999.0 -9999.0 -9999.0 -9999.0 -9999.0 -9999.0 -9999.0 -9999.0 -9999.0 -9999.0 -9999.0 -9999.0 -9999.0 -9999.0 -9999.0 -9999.0
-9999.0 -9999.0 -9999.0 -9999.0 -9999.0 -9999.0 -9999.0 -9999.0 -9999.0 -9999.0 -9999.0 -9999.0 -9999.0 -9999.0 -9999.0 -9999.0 -9999.0 -9999.0 -9999.0 -9999.0 -9999.0 -9999.0 -9999.0 -9999.0 -9999.0 -9999.0 -9999.0 -9999.0 -9999.0 -9999.0 -9999.0 -9999.0 -9999.0 -9999.0 -9999.0 -9999.0 -9999.0 -9999.0 -9999.0 -9999.0 -9999.0 -9999.0 -9999.0 -9999.0 -9999.0 -9999.0 -9999.0 -9999.0 -9999.0 -9999.0 -9999.0 -9999.0 -9999.0 -9999.0 -9999.0 -9999.0 -9999.0
-9999.0 -9999.0 -9999.0 -9999.0 -9999.0 -9999.0 -9999.0 -9999.0 -9999.0 -9999.0 -9999.0 -9999.0 -9999.0 -9999.0 -9999.0 -9999.0 -9999.0 -9999.0 -9999.0 -9999.0 -9999.0 -9999.0 -9999.0 -9999.0 -9999.0 -9999.0 -9999.0 -9999.0 -9999.0 -9999.0 -9999.0 -9999.0 -9999.0 -9999.0 -9999.0 -9999.0 -9999.0 -9999.0 -9999.0 -9999.0 -9999.0 -9999.0 -9999.0 -9999.0 -9999.0 -9999.0 -9999.0 -9999.0 -9999.0 -9999.0 -9999.0 -9999.0 -9999.0 -9999.0 -9999.0 -9999.0 -9999.0
-9999.0 -9999.0 -9999.0 -9999.0 -9999.0 -9999.0 -9999.0 -9999.0 -9999.0 -9999.0 -9999.0 -9999.0 -9999.0 -9999.0 -9999.0 -9999.0 -9999.0 -9999.0 -9999.0 -9999.0 -9999.0 -9999.0 -9999.0 -9999.0 -9999.0 -9999.0 -9999.0 -9999.0 -9999.0 -9999.0 -9999.0 -9999.0 -9999.0 -9999.0 -9999.0 -9999.0 -9999.0 -9999.0 -9999.0 -9999.0 -9999.0 -9999.0 -9999.0 -9999.0 -9999.0 -9999.0 -9999.0 -9999.0 -9999.0 -9999.0 -9999.0 -9999.0 -9999.0 -9999.0 -9999.0 -9999.0 -9999.0
