Environmental Parameters/RCP 45/2100/Sea-bottom_temperature.asc
ncols 720
nrows 360
xllcorner -180.00
yllcorner -90.00
cellsize 0.5
NODATA_value -9999
[rows 175 to 199 of 360, columns 280 to 335 of 720]
1.270576239 1.127245307 1.106678009 1.084920764 1.032525122 1.194877744 1.186617017 1.169687986 1.114793062 1.041879058 2.065677643 2.163079977 2.167696953 2.135111094 2.275068521 2.24388504 2.441116333 2.428587675 2.375287533 2.443205357 2.365738869 2.211032867 2.501946688 2.214018106 2.062693596 2.065214634 2.067766905 2.068477631 2.025148034 2.066972256 2.220474958 2.226370335 1.973415852 1.938506961 1.965207934 1.921369195 1.931317925 1.941506863 1.932079911 1.934850574 1.929793954 1.930937767 1.930064321 1.928060532 1.925517678 1.927984595 1.966473579 1.958487988 1.919483423 1.917439222 1.914748192 1.911360741 1.911360741 1.909803152 1.927523971 1.928799868
1.264256835 1.124399781 1.077349722 1.75977242 2.061443925 0.880420983 1.121553302 1.81103313 1.84713006 1.834679127 2.164662838 2.232934713 2.228718042 2.294845819 2.362416029 2.168097258 2.328876257 2.439860582 2.301066637 2.896015406 2.621682882 2.152204037 2.372472525 2.282299757 2.142617702 2.21265173 2.134789944 2.025322914 2.135297537 2.13560462 2.217851162 2.503729105 2.234844685 2.017937422 2.014276147 2.027107835 1.967385173 1.93733716 1.936645627 0.449466795 1.932965159 1.20946312 1.941822886 1.940935254 1.929366469 1.96864152 1.942925572 1.964297414 1.962087512 1.92103827 1.918477774 1.916616201 1.910835981 1.90907836 1.910755515 1.922327757
1.108309984 2.448048115 1.01722008 2.217780828 1.733072996 1.714728713 1.753233433 2.051290393 2.046460032 2.047618508 2.05978632 2.072294474 2.072737932 2.204773903 2.26514864 2.24469471 2.156733513 2.435601473 2.907159328 2.890635014 2.358154058 2.228760242 2.217129946 2.214324236 2.27034831 1.983565211 2.21394968 2.067453861 2.134910345 2.270353079 2.140452147 2.230654716 2.181157351 1.944570422 2.018265605 2.032623887 2.119512558 2.040869951 1.933577895 1.853990555 1.937837124 1.94395256 1.950167537 1.948767662 1.896651626 1.934890151 2.000533462 2.000065804 1.999076724 1.925828576 1.930354953 1.923493743 1.913811326 1.916651726 1.948767304 1.912189603
1.854067445 1.092271328 0.934530854 0.868349969 1.290520549 0.866928995 0.863725662 0.86204803 0.862854779 0.862058699 0.862911105 0.986181498 1.720525742 2.195687532 2.439485073 0.866739571 2.148269892 2.075538397 2.227735281 2.142284155 2.223292112 2.336519718 2.10080266 2.127538443 2.204764843 2.206887245 2.391187191 0.583052158 2.063467503 2.377066135 2.065702915 1.748859525 2.090342283 2.107530355 2.236225605 2.173621655 2.115384579 2.03828001 1.990135789 1.86451447 1.89563787 1.887902141 1.867760539 1.866173387 1.944700599 1.802873611 2.133516073 2.400109053 2.807312489 2.804402828 1.932188272 1.926643968 1.971080422 1.916983843 1.988043308 2.108257532
1.182510853 1.078903317 1.292840362 0.868503749 0.869945884 0.868666947 0.864830434 0.864633918 0.863504112 0.864816248 0.866604686 0.868510485 0.747635663 1.713588476 0.871231854 0.86107856 1.048339784 1.029045045 1.057366073 1.036663413 1.007688224 1.728554606 2.215209723 1.695718288 2.175757885 2.158561945 2.154934645 2.231926203 2.245800257 2.22753787 2.742782116 2.156431198 2.21953845 2.153455496 2.115696669 2.158920288 1.861702204 1.550864458 1.541935802 1.658496857 1.728494525 2.194285393 2.134268999 2.248354673 2.645747185 1.868758798 1.845315814 2.374058723 2.177051306 2.195647955 1.908187151 1.939653993 1.926903963 1.902899861 1.911107898 1.928564548
1.762611508 1.732490301 1.063473642 1.029286027 0.870952249 0.874414802 0.873839915 0.872877121 0.874883831 0.876440465 0.87782234 0.948235393 0.955088139 0.874326348 0.867432714 0.819494188 1.05896765 0.620034814 1.708146811 1.041668057 1.740613699 2.076359749 2.063226223 2.060440063 2.212461233 2.166162968 2.158994436 2.093049288 2.219669342 2.412161589 2.31759119 2.266901493 2.229938507 1.804568648 0.723180592 0.600543737 2.114254713 2.240515709 1.832095265 2.216305494 1.721684456 1.847705483 1.229150534 1.670922637 2.246749163 2.313697815 2.314603806 2.136367559 2.249887228 2.451305866 2.111660719 1.920506477 2.10610795 2.118686914 1.961547971 1.965168595
1.718844056 2.073689699 1.06577456 1.047596395 0.869854748 1.023047209 0.87691319 0.879568577 0.881575167 0.979364395 0.966565311 0.887492359 0.880592883 0.746865034 0.819033384 0.76795131 0.683135331 1.055357635 0.615720809 2.115137339 1.727144957 2.054986477 2.138393164 2.138492346 2.139150143 2.143022299 2.221534967 2.158374786 2.45591712 2.658494473 2.45016408 2.114273787 2.354988098 2.355360985 2.324104548 2.116791248 0.588016182 0.438734442 0.684235752 2.33334136 1.044218481 1.326583147 1.611467481 1.611341953 1.578906417 1.571015 2.233919621 2.748600721 2.965132475 2.168757439 2.210028648 2.209570169 2.160321474 1.888029218 2.164775848 2.107699633
2.164465427 2.168206453 2.849807501 2.596253395 2.868482351 0.873709142 0.875643671 1.045361042 0.878543973 0.881429136 1.0077582 0.883873701 0.864794433 0.930166245 0.774423063 1.697333574 1.716001868 1.04621923 2.150494456 1.023008049 1.019553542 2.724503279 2.591900349 2.252270699 2.327862978 2.14025414 1.681244016 0.997804224 0.565215915 0.565392613 0.935460746 0.953049779 0.562376231 0.695310712 1.604018331 0.461259127 0.459960014 0.495691448 0.59792617 0.594470769 0.587915272 1.000086427 1.018795252 1.586561084 1.585112095 2.24258709 2.322067022 2.502866983 2.46492815 1.155391097 1.804840565 2.154555082 2.198470831 2.59624958 2.59185338 2.181339979
2.316297054 2.232112169 2.533255577 2.272222757 2.313503742 2.572571039 1.547716618 2.466179132 2.367494583 1.490120888 1.51942873 1.004417241 0.987019062 0.96574533 0.774536371 0.713252366 0.759338915 0.579937726 0.523185521 0.523353338 0.525775611 0.525464416 0.520307958 0.485625148 0.483291447 0.48189652 0.470010966 0.469849676 0.47817716 0.477274686 0.696683228 0.704753339 0.558127105 0.563042819 0.515613288 0.522769153 0.576260984 0.533675849 0.533739865 0.572559088 0.679229796 1.594836116 2.246526957 1.615188241 1.606411457 0.617550164 0.710694849 2.043802738 0.694380641 1.677424192 2.150008678 2.190287113 2.258263111 2.590337276 2.952332735 2.327634096
27.38134193 3.224066973 2.491548777 3.669568777 2.158206224 2.16886282 2.185755968 2.013986945 2.003028989 1.989593983 1.494734764 1.015856624 0.987717092 2.055306792 0.959284723 1.539094329 0.733303249 0.655121803 0.571577311 0.566200465 0.524260908 0.525148869 0.51854986 0.509531081 0.506744117 0.481154919 0.564761013 0.506981403 0.475332677 0.468525082 0.478255063 0.548544139 0.688218713 1.58985579 0.55277127 0.667050421 0.560314655 0.671374679 0.559469044 0.500173092 0.461017072 0.667677522 2.997516632 0.98242867 0.557815164 0.920626342 1.590000749 1.602783203 2.03185153 2.002890944 1.665651798 2.15047121 2.120452166 2.38912344 2.267068386 2.179260015
28.46297264 27.63552666 3.496631145 3.125234127 2.520991564 2.361713171 2.289031029 2.181986094 2.181245804 1.962994814 1.431785941 1.414723992 1.440315604 1.43023479 0.976819456 0.965999961 0.932916701 0.651333034 0.567594171 0.518687099 0.520752043 0.518975437 0.513477415 0.477853805 0.463538617 0.473710895 0.465047359 0.465428948 0.466852397 0.465631098 0.452287018 0.559750974 0.659389079 0.516472727 0.501254827 0.502342016 0.465497702 0.445154279 0.500663042 0.515146047 0.516091704 0.557378292 1.170947075 0.865344942 0.570310205 0.966300845 1.360934377 1.007724345 1.042877734 0.559489787 1.014593065 2.153639793 2.11599493 2.176664352 2.176751852 2.255703211
28.81570983 28.80099297 28.4359684 21.05431175 4.486016273 2.557367563 2.996112585 3.176718712 2.286144257 2.282196283 1.917088747 1.898498774 1.387328148 1.379051566 0.992062926 0.965602279 0.938157618 0.645996571 0.519625455 0.517628521 0.517827839 0.515681505 0.485856473 0.475820601 0.473997504 0.464447528 0.459515393 0.461161107 0.462900609 0.465885729 0.470045626 0.486444652 0.518688768 0.654136539 0.516697854 0.50209409 0.502085537 0.5009197 0.500676543 0.513818979 0.501951277 0.939362466 0.925683856 0.563028693 0.570503205 0.693395317 0.974388242 1.579002976 1.601532698 0.717824817 1.995225668 2.182080746 1.960588217 2.112525463 2.175569534 2.2254951
-9999.0 -9999.0 28.7929554 28.34704399 20.2308197 3.314198732 2.627342939 2.577178478 3.195326805 3.342168808 4.234416962 1.846482158 5.539897442 4.209088802 2.290959597 2.224117517 1.442991734 0.552711368 0.579319835 0.565738052 0.515437931 0.512996316 0.475012153 0.472010761 0.459755152 0.460735232 0.455959409 0.45828253 0.462736547 0.453494221 0.471886694 0.489230663 0.490886927 0.981779039 0.499898165 0.49938491 0.5050129 0.455587894 0.512262493 0.517652959 0.519706845 0.56329602 0.562450141 0.681646824 1.149633169 0.692492545 1.576992035 1.01186204 2.040446281 1.99106431 1.974836349 1.975242734 2.177360535 2.17888093 2.322916031 2.852617264
-9999.0 -9999.0 -9999.0 28.7936821 28.35593605 25.93094254 3.252881527 3.286632538 2.805036783 2.424192905 2.158748627 1.37555933 1.352588654 6.690616608 0.944777608 0.949830055 0.679686725 0.710671306 0.581546426 0.566726506 0.512856126 0.480138123 0.471707493 0.455736667 0.447705716 0.468724221 0.471886486 0.474131435 0.469935596 0.466402858 0.48624146 0.557248265 0.518605232 0.46823743 0.499020815 0.51563713 0.491337895 0.508913904 0.515883297 0.504973799 0.556846589 0.566702366 0.927402914 0.916307509 0.913358927 1.570564747 1.006824672 1.563982368 0.988400877 2.121359825 1.578320742 1.982988954 1.97924459 2.115816355 2.650458097 2.829207182
-9999.0 -9999.0 -9999.0 -9999.0 28.7915802 28.18267632 28.08347893 10.68433571 28.02791405 26.4530468 2.270115376 1.799634337 0.939765334 0.681366503 0.690436304 0.673962057 0.697245479 0.729091346 2.00741148 0.522963852 0.511963576 0.474952847 0.456113249 0.454951316 0.453115642 0.442753226 0.447208345 0.469491571 0.470393986 0.469819814 0.462281287 0.459399998 0.476668924 0.46014294 0.520119876 0.466684312 0.51217708 0.523251951 0.549411714 0.506342649 0.52357924 0.522076637 0.554397762 0.686926782 1.00620681 1.010563731 0.989227474 2.003209114 2.005481839 2.194715261 2.023409724 2.182200909 2.113035202 2.397803068 3.175891638 3.395378113
-9999.0 -9999.0 -9999.0 -9999.0 -9999.0 -9999.0 27.5947445 25.99987388 24.81695092 28.18836784 2.900518656 1.74695456 0.95284754 0.674762309 0.686803937 0.683245301 0.674451768 0.529239058 0.495849609 0.491866976 0.483317554 0.458749354 0.450244993 0.447958976 0.446505606 0.442610174 0.446336865 0.504459709 0.454171896 0.453389764 0.481278867 0.466795832 0.471915454 0.476774305 0.479062408 0.509182781 0.512689292 0.514573306 0.554316342 0.525473326 0.525916368 0.544361889 0.682822049 1.543944836 1.035400271 2.146303415 2.132251263 1.633091807 2.029980779 2.094830751 2.131689548 2.25199914 2.251222372 2.178339005 2.178899527 2.407750845
-9999.0 -9999.0 -9999.0 -9999.0 -9999.0 -9999.0 -9999.0 -9999.0 -9999.0 28.18257523 2.61995244 1.298398256 0.691489458 0.679620206 0.688459039 0.589650661 0.52523309 0.49632293 0.499285877 0.493480116 0.469270945 0.457384408 0.452060908 0.444062591 0.441488028 0.439937145 0.440448076 0.445967317 0.455719501 0.440231055 0.458141327 0.451504111 0.467337549 0.493971437 0.502249926 0.519319177 0.512310326 0.489881933 0.524195939 0.525980979 0.527104557 0.653190196 0.670104086 0.676598132 1.075082242 2.02426219 2.018190742 2.133338928 2.128786325 2.043578148 2.132409096 2.112587452 2.177367449 2.252019882 2.251745701 2.236816645
-9999.0 -9999.0 -9999.0 -9999.0 -9999.0 -9999.0 -9999.0 -9999.0 -9999.0 27.08553505 3.959727526 2.740918398 0.983183324 0.701337755 0.603961289 0.587364823 0.525768369 0.496263921 0.496851563 0.566890329 0.472799003 0.46145758 0.454056054 0.445639729 0.443358362 0.438465029 0.436805606 0.438537419 0.434339345 0.435349852 0.448262066 0.474365383 0.53093034 0.45074895 0.516262829 0.539187253 0.51824218 1.015394866 0.526603639 0.528491765 0.529749304 2.03274107 1.52589488 1.539136291 1.094518602 0.692376733 1.130787253 2.057739973 1.627646208 2.124620438 2.053842187 2.054921865 2.24260664 2.244433165 2.247580528 2.320792198
-9999.0 -9999.0 -9999.0 -9999.0 -9999.0 -9999.0 -9999.0 -9999.0 -9999.0 -9999.0 28.02405357 2.802583933 2.3285079 0.730618715 0.74843514 0.531122625 0.488150716 0.475414544 0.475613236 0.473183662 0.461884737 0.466950893 0.478025764 0.448118299 0.443327039 0.439331353 0.436778605 0.435106307 0.435620755 0.434554964 0.43573007 0.435918063 0.459906787 0.451741934 0.478626132 0.516867667 0.52041176 0.527385384 0.481571317 0.483108133 0.512969345 0.523824036 0.675231636 1.080319524 1.556056142 1.595785022 1.617519259 2.040344 2.208863974 2.12315464 2.278708458 2.098707914 2.23837781 2.29645586 2.168391466 2.290545464
-9999.0 -9999.0 -9999.0 -9999.0 -9999.0 -9999.0 -9999.0 -9999.0 -9999.0 -9999.0 28.21907234 2.385703564 1.708913922 0.745656073 0.55464083 0.536580235 0.495982856 0.475957811 0.474651158 0.46223104 0.459847152 0.458932072 0.728725493 0.454462945 0.448514163 0.44431293 0.442562819 0.439135671 0.437036514 0.437769383 0.438846201 0.441501439 0.449882895 0.47224915 0.495649308 0.500448793 0.480663836 0.545973361 0.55084604 0.51378122 0.667620361 0.652603328 1.040235758 1.091118693 1.113309622 1.124223709 1.613171935 1.103776097 2.217276096 2.140022516 2.063438535 2.098307133 2.238003254 2.385437965 2.168415546 2.215770721
-9999.0 -9999.0 -9999.0 -9999.0 -9999.0 -9999.0 -9999.0 -9999.0 -9999.0 -9999.0 28.07398415 3.477086782 0.790661991 1.429263353 0.569047898 0.550319731 0.497271836 0.477215171 0.476025999 0.462924033 0.460740954 0.453490645 0.460427821 0.457285076 0.455083698 0.450738341 0.445793688 0.441882223 0.439358711 0.437901258 0.439599335 0.441007555 0.454988688 0.453951538 0.474719197 0.497204185 0.480408877 0.502578706 0.531512499 0.558849245 0.532771587 0.991635978 0.676537335 1.082259774 2.042117 1.59942472 1.099537492 1.096017957 2.222789049 2.142404795 2.225362539 2.423974037 2.592236996 2.600297451 2.18887949 2.238686085
-9999.0 -9999.0 -9999.0 -9999.0 -9999.0 -9999.0 -9999.0 -9999.0 -9999.0 -9999.0 27.99033546 4.442301273 1.38567996 0.593487471 0.580985069 0.565783858 0.500855625 0.479407877 0.479804218 0.464825034 0.462664276 0.571938246 0.462969899 0.461502135 0.458196998 0.459794879 0.44658336 0.444884062 0.438655645 0.440565705 0.436960965 0.437289029 0.440459341 0.445374072 0.452085912 0.452909887 0.452819347 0.4529109 0.481738895 0.476387531 1.011161685 2.04159236 1.04766494 1.581541538 1.566683531 2.131912231 2.227491856 2.22007513 2.146924734 2.183098316 2.254901886 2.362621546 2.815903902 2.953430176 2.431935549 2.324916601
-9999.0 -9999.0 -9999.0 -9999.0 -9999.0 -9999.0 -9999.0 -9999.0 -9999.0 27.15355301 4.26840353 2.984041929 1.404025197 1.084513366 0.585190326 0.519887686 0.515022546 2.166132689 0.483354688 0.481303066 0.476721615 0.464091033 0.46438694 0.462639511 0.456857085 0.453032166 0.448828161 0.446244806 0.442995161 0.444634259 0.445236117 0.442310691 0.464224607 0.495859683 0.456577599 0.501713127 0.548299074 0.666422963 0.569599569 0.523673624 0.575864285 2.031596422 1.057070374 1.583216429 2.016089201 2.13008976 2.10417223 2.007533312 2.209656239 2.18236804 2.261584759 2.471190929 2.887065411 2.900719643 2.438290834 2.336321354
-9999.0 -9999.0 -9999.0 -9999.0 -9999.0 -9999.0 -9999.0 -9999.0 27.95998096 27.92005348 3.527705669 1.305985689 0.817037821 0.671041727 0.585235327 0.522549301 0.562093645 0.607534796 0.485917151 0.483680725 0.467311651 0.465251148 0.46569258 0.464564234 0.459089577 0.456355423 0.452573329 0.448525935 0.443605393 0.439895421 0.438634694 0.449528188 0.47421962 0.458851606 0.481817514 0.505692124 0.525860369 0.673312306 0.577041984 2.02156496 0.680873156 1.537463307 1.580985427 1.614596963 2.12981987 2.233344316 0.738238633 1.988771796 1.988941908 2.259184837 2.618070364 2.472437859 2.817766666 2.694838524 2.646374702 2.423633337
-9999.0 -9999.0 -9999.0 -9999.0 -9999.0 -9999.0 -9999.0 -9999.0 27.72960091 2.773337603 2.271156073 2.356750727 0.678072214 0.587370068 0.571934223 0.559184849 0.516783893 0.485723734 0.485660523 0.498806268 0.495488316 0.490566045 0.488945663 0.46804285 0.463134766 0.460206091 0.45593819 0.452828199 0.448619753 0.449116707 0.451333851 0.491979033 0.478108346 0.482887864 0.484874308 0.52515325 1.050421357 0.522390544 0.575321078 0.697370946 0.69758606 0.696086168 1.557104349 1.999009848 1.987306476 1.600287318 1.980548859 2.218975067 2.105044842 2.096546173 2.356987953 2.439238787 2.389487028 3.129812241 3.14058423 3.067925215
