Environmental Parameters/RCP 45/2100/Sea-bottom_dissolved_oxygen.asc
ncols 720
nrows 360
xllcorner -180.00
yllcorner -90.00
cellsize 0.5
NODATA_value -9999
[rows 275 to 299 of 360, columns 560 to 615 of 720]
208.1195374 208.8538208 208.2198029 207.8220825 208.9036865 208.5777435 207.6895294 208.8993683 209.0706177 209.5120087 209.8362579 210.6641541 210.254837 211.0422211 211.5051575 211.6267548 212.0433807 212.4968109 212.1681671 212.6908417 212.8585968 212.901947 213.1968994 213.4317474 213.6639252 213.8554382 213.8959045 214.001236 213.9609222 214.096817 214.103241 214.1381836 214.1218567 214.3052826 214.2838135 214.4647522 214.4194946 214.4203491 214.0626373 214.4655609 214.1066895 214.7679138 214.4825287 215.2662964 211.4432526 215.5256195 215.5768738 215.6204834 215.7927399 215.9721832 214.6708984 215.7152405 215.9970093 215.0494843 215.0123749 213.12883
209.3623505 210.2487183 210.3780975 210.1594086 209.8414917 208.734436 209.087265 209.0297241 208.775238 209.9018707 210.0490265 210.7563171 210.7420197 211.0791168 211.1324158 211.6154785 212.2551422 212.4850616 212.4358215 211.8097992 212.3873596 212.6009979 212.9820099 213.3409576 213.6157837 213.8304291 213.9205322 213.947113 213.9181671 213.9557953 213.7323914 214.0845032 212.9379883 212.9607849 214.3115234 214.3749695 214.3599854 214.3382263 214.3608246 214.3703918 214.4349365 214.6419373 214.9628601 215.273941 215.4478607 215.537674 215.6579895 215.7700958 215.8808289 215.4527893 216.3144989 216.4745178 215.2794342 215.2991028 214.3077545 214.2516327
210.5588379 209.9350281 212.315567 212.0931396 211.7278595 209.2319794 209.1557312 209.6496277 211.0061188 208.8372803 209.7633972 210.9640656 210.4317322 210.972641 211.3973541 211.7739716 212.6381989 210.03685 211.6665955 212.0406342 211.5100708 212.0860443 212.7361298 212.9015198 213.3259277 213.6123047 213.6555634 213.7342834 213.8600616 213.4891357 214.1601105 213.9160156 214.4227905 214.2213287 213.2444916 214.2971802 214.3326111 214.0615997 214.406662 214.2212372 214.3451843 214.3438416 214.7515259 215.945343 215.4788055 215.6270599 215.7826385 215.5692291 211.1379242 208.3419189 216.1517792 216.8183441 214.2220459 213.6046448 213.5853577 213.2026215
211.1129303 212.3451843 210.3910675 211.1019287 210.6643066 209.6839752 210.0889587 209.5744781 210.2436218 210.7670441 210.5761719 211.9664001 211.5513763 209.7219238 211.8550262 211.9599457 211.7778778 212.2062836 211.8102722 211.5508728 211.6500854 211.8942108 211.4538879 211.8762207 212.9399109 213.3179779 213.4677734 213.1972656 213.3794708 213.1084137 213.9931335 213.5900574 214.3055115 214.1666718 213.499649 214.1884155 214.1989594 213.9721527 214.3050385 214.3305969 214.3128967 215.0887604 211.7460022 214.7528992 215.1454163 215.4736481 213.9163055 219.2989502 218.9130554 215.4315796 217.8715973 217.5284729 216.8626251 216.6486206 215.8331146 214.5023499
212.6416473 211.8585052 210.5348663 212.5305176 212.4046478 210.1494141 210.6749268 210.0627136 210.3520508 211.5530548 211.874649 213.1420593 212.1658478 212.6490173 213.0061646 212.8900757 213.157196 212.1528473 211.9204102 211.9673767 212.1497345 212.332016 211.9468842 211.9344482 211.9467468 212.2257385 212.3755646 212.0698395 210.9992523 212.4898987 213.8371887 214.177948 215.0894928 214.0904999 214.2022705 214.0804749 213.1175385 213.0691376 213.607132 214.2106323 216.8565826 214.3502808 215.4095306 218.8410492 213.5668945 217.8245239 218.365097 215.5074463 218.5828247 216.7022247 218.5551758 216.9433441 216.6529083 217.2440643 218.3517609 213.9307098
213.2644501 213.3964233 213.4523468 214.0151215 213.7567749 211.7004395 210.6928101 212.4068451 211.9293976 212.7291565 212.8308716 212.6678314 211.8449707 212.958725 213.0946198 210.5341034 213.6895599 213.6234894 213.8901215 212.4695282 213.4343109 213.6214294 213.6837158 213.5078125 212.359726 211.8354645 212.5075378 212.2880402 212.9879456 213.360672 213.5581055 214.3925323 214.375 213.8691711 214.1935883 214.1788025 212.6865845 213.213913 212.7989044 213.5144806 213.6456146 213.5110626 212.8408508 212.9575653 214.1457977 214.5360413 217.0728455 218.1361847 217.970993 215.4143677 217.3013763 219.5942688 216.5148926 218.6360168 210.7085876 211.9842224
214.8397827 214.8359528 214.0805817 213.9451904 213.571991 212.5012054 212.3685455 213.0233917 213.1611023 213.2280884 212.9865875 213.1884155 214.1182404 212.5582733 214.423645 214.4220886 214.2966766 214.3948822 214.0319214 214.4717865 214.4106903 214.5919647 213.8285828 214.4199219 214.1364441 213.6230316 213.6523438 213.5426025 213.4349365 213.5901794 213.8593445 213.8200989 214.4514465 214.3957672 216.0325165 214.0456085 214.1189575 213.1673279 213.2035675 215.1450043 215.2565308 214.5714417 214.9308167 217.5955658 215.3170929 217.9505615 218.1750031 218.0670471 216.6135254 218.4411926 216.044754 216.2550049 219.8448029 213.6727142 210.6374359 212.0759888
215.9282227 215.187027 215.1869049 213.9445801 215.9047089 213.6958466 213.6256104 216.2295532 214.2174377 216.3516846 214.8273773 217.464035 220.4472504 220.4394379 217.2159119 216.4285889 215.5292053 215.3473511 215.9879456 215.2011414 215.5146332 217.0789948 217.0484772 216.3922577 217.0403748 216.0651398 213.7853699 214.3161621 214.769989 217.2475739 214.7635651 214.5904236 214.5524139 215.6519012 219.4006958 216.5000153 214.4951477 214.5610962 213.7195435 214.6087952 214.030014 216.7731323 216.500061 218.2302856 218.8248444 218.6307068 221.2284698 218.2836609 217.2389374 216.4446564 217.54216 217.9867401 222.6170807 213.8742523 213.2475891 212.6331482
216.4944763 215.7736664 217.7201843 216.6013947 215.7288513 215.5295715 215.3260803 215.2912445 215.4139404 216.7531128 216.6423187 217.5944824 216.6820374 217.4352722 220.8177643 216.8474579 216.2397614 216.4329529 216.382309 216.0654449 216.2669983 216.4335785 217.284317 217.3132935 217.6652679 218.0851288 217.8945312 215.2339783 216.2059326 214.3054962 219.6112823 214.8397827 216.1688843 216.3999481 214.431366 219.464859 215.1737518 217.2341309 215.6030426 221.140213 214.7350464 218.5705261 218.4019623 218.432724 215.9447937 218.6354065 220.977005 224.5491486 219.0818634 219.3920898 222.4877777 218.998642 221.6322174 218.4843597 217.3054199 215.7505646
216.4520569 217.3140411 217.8311615 216.1620941 216.2886047 216.2900085 216.2197723 219.6069031 219.0994263 215.2492676 217.1147614 217.1033783 217.215683 217.4260864 217.4595184 217.6329498 217.6174469 215.5978699 216.4360199 216.8379364 216.7099915 216.8555756 217.4971924 217.6997986 217.7447968 218.7133789 218.5268707 216.8863373 216.5581512 216.867569 216.1847076 215.7644043 215.6613464 215.6551514 215.9357758 220.8151093 219.6172943 220.6083069 218.3030853 218.1039429 221.123703 220.1269989 219.5980072 218.7983398 218.7298584 218.4248962 217.1561737 218.507309 219.833847 220.0056152 224.2940063 221.2119141 219.9330444 218.6947937 217.1976471 217.3533783
216.6119537 216.9520111 216.0008545 214.8724518 217.4124298 217.7388153 218.2073059 220.7614136 219.1665192 217.0741882 217.6746368 218.4041901 218.3130035 217.7906036 218.0273743 217.8621368 217.7552948 217.2870483 218.5754242 219.1634979 217.5893707 217.3946381 219.365097 218.5239868 219.1011353 219.0032959 218.8851776 218.7588654 219.3533173 220.7072754 217.4628296 218.3113251 218.2467499 219.9085083 219.726532 219.6690674 219.0697632 220.6013184 221.0348511 220.5070953 221.1636658 221.0484161 220.923584 220.146759 220.2078247 219.0895996 220.3844757 220.5351868 221.984375 224.3490601 221.6993713 221.4205933 224.2572784 220.5046082 220.6679382 217.7916565
215.9661102 216.5016937 216.0626373 217.7756958 223.940033 220.4494629 219.4038239 220.0926666 217.4924774 220.3973541 218.0782471 218.0806122 218.1576996 218.1310425 217.9545593 217.7782745 217.740509 217.8164673 219.3049316 218.1246796 217.7207642 218.636673 218.9811859 221.524826 219.6090393 219.4555206 219.3466644 219.3360901 219.8244171 223.5286102 219.0780182 220.374115 222.8737946 222.1587067 219.8861084 219.9048462 221.6223145 221.2318726 223.2416687 219.3716125 220.4755249 221.0014648 221.0992737 221.4522858 221.7752991 222.0724335 222.5767975 222.5328827 222.5634155 224.4855804 222.3204956 222.1096344 224.4129333 221.0256653 218.6660461 218.6550903
216.2715607 217.063446 217.7159882 219.6898041 219.4591217 219.8318176 219.8064423 217.5419006 218.3567352 220.4693604 218.7505951 218.888916 218.497818 220.9719391 218.4824524 218.4035492 221.4209747 217.8774414 219.8205109 220.0989685 219.0001984 219.8791199 219.9427185 220.0457916 220.0830078 221.1971588 219.9034424 220.7094116 220.5962677 221.3292084 220.0952911 221.1286469 219.8671722 220.3573608 220.3458405 218.6925659 221.4503632 220.8551025 219.9172974 221.3667145 220.9737244 226.8310089 220.7692566 221.7623749 222.0389404 221.2140808 223.1356812 222.8630066 222.8626404 222.750061 221.2046204 222.8300323 225.0103607 222.0940094 220.7764893 220.8079376
216.7531891 217.8921051 218.7837677 219.6896667 220.4793091 220.3536072 219.8970795 219.8246613 219.7824707 222.9315796 219.4937134 219.4486542 219.5322418 219.4606018 219.5963898 218.9883881 220.1169128 220.2970276 220.3556976 220.3079529 220.339798 220.3281708 219.8852692 222.079483 221.7649841 221.571701 221.5098267 222.6821594 222.3544006 222.0928497 225.9206848 221.8987885 223.2076569 221.3959808 220.4400787 221.6899719 220.6658783 223.4854279 222.8166809 223.0550079 225.0222168 222.5065155 221.65979 222.7651825 223.6429291 223.0687561 223.3214417 224.1625061 223.5819092 224.3124695 224.1731567 224.0639496 225.4056549 223.0070953 223.1110992 224.3181305
217.6304626 216.8400574 218.4138031 220.0679626 220.6928101 220.4162445 220.4509583 221.1178284 221.3000641 221.2662354 220.4121399 219.4137268 222.6174164 220.1946411 220.1985321 222.7321625 222.8259583 220.6270752 220.955719 223.9750977 221.9102631 220.8154144 221.095459 222.2016907 223.4295959 223.5483551 223.2247162 224.2306366 223.0336456 225.4187927 223.8142242 223.7577057 223.5678406 223.4094696 221.4389191 222.682785 225.6045685 227.5527496 223.7900085 226.3554535 224.136734 224.0693207 224.0802765 225.1502228 224.0601044 225.1498718 224.0965424 224.191864 226.1486969 222.6773376 225.198822 224.0304718 225.444458 224.3796844 224.2258606 224.2749023
217.2086182 217.8177795 221.3138733 220.7003632 221.0608368 220.181778 220.2971497 222.2901459 223.1721649 223.1500854 224.8321991 221.5633545 220.666687 219.7392578 221.5491638 221.6026459 220.7057953 221.7179413 221.7935028 221.7667236 221.1278534 221.112442 222.155365 225.1339874 223.9536896 224.2636261 223.4426422 225.7494507 223.6798096 223.8955536 224.717926 224.7476501 223.9313812 221.7672119 221.8053436 223.9754944 224.2188873 224.2617035 224.5215912 226.3675232 226.2626648 227.2657471 225.8784637 224.8766937 225.4695892 224.6261902 225.3961487 225.4636383 225.5935974 226.2119293 225.9444275 224.3421478 224.9500427 224.3809357 224.2629089 223.5703125
217.8580322 217.8108063 219.1268616 223.9288025 220.7490387 221.6029816 222.9783173 222.9366455 222.921936 224.0153961 222.1238708 222.0486298 223.4052124 222.7147064 224.5650635 222.4413147 220.6821747 220.7479095 220.8668518 221.6841431 223.925827 222.5737 222.1982422 222.2569885 222.8201752 222.8420563 223.2342834 222.8274384 223.2243347 223.3539886 223.6837769 223.3219604 223.878891 222.7852478 223.850296 224.0950775 225.8561859 223.5315094 224.8462677 226.1303253 226.1803284 226.5096893 225.0790405 225.78479 226.2403259 225.6830292 225.6937408 225.7019653 225.8673401 226.3138123 226.0328217 222.1428833 225.6255188 224.5971375 224.2765656 225.3998413
217.5083771 217.5576019 218.121109 218.0450134 219.1249237 220.1531677 222.6566925 222.276825 222.8181 222.8478699 221.9667053 222.1153717 222.200119 222.1880493 219.2686462 221.4849091 218.1196747 222.7697449 221.2613373 221.5616455 221.1607666 221.7701263 221.5442047 221.6060333 222.3296967 222.3078308 223.3696747 221.8518982 221.8010254 222.3106232 222.45784 222.0641632 222.1427765 222.8220978 224.2130127 223.648407 223.9248505 225.4235687 225.2330627 225.2733307 225.24823 225.1764984 225.5149994 225.0963135 225.3742218 225.4012604 225.1052094 225.7203522 225.971344 226.0713348 221.6946106 226.0623779 225.6726532 225.3551636 225.107132 225.2334137
217.2751007 217.2440338 217.5154419 218.3361511 219.275589 221.2969208 221.0363312 221.4435272 221.5127563 222.1026001 222.3900757 221.5990601 221.5649414 221.6053162 222.927002 221.3118744 221.8490753 220.7974548 220.7205353 221.0995636 221.0066681 221.183197 222.1028748 222.2173309 222.3460236 222.3905182 222.3079681 222.24617 222.1775208 222.1011047 222.1201477 221.6750946 224.2227325 222.2060852 223.1291351 223.528656 224.0628662 224.3751526 225.1396942 225.0149384 224.7024231 224.978714 224.69841 224.6222992 225.0364227 225.0970612 225.16716 225.3099518 225.5045166 225.7067413 225.8625336 225.9191132 225.7872772 225.7031403 225.643219 225.5009766
218.6385651 219.4238892 221.1307068 222.7069092 222.6197815 222.2155457 221.5901794 221.7332458 221.5950012 221.5351715 221.3156128 221.7557526 221.2043304 222.0093536 221.3130035 221.9963226 221.0061188 220.9048767 220.8503723 220.9523315 221.2225647 221.1268768 222.582901 222.9088593 223.2056274 223.0749054 222.8403473 222.6094208 222.3525696 223.4022369 223.4103546 223.5290375 222.5535583 223.0461578 223.5378876 223.780365 224.0171661 224.2838745 224.4867859 224.6332245 224.7262421 224.7823792 224.7668762 225.1035767 225.0145264 224.9622955 224.9523315 225.0518646 225.2752075 225.61203 225.9611359 226.0728607 226.0603638 226.0635529 225.9836426 225.911026
221.6552582 222.445282 223.6643829 222.420166 222.1425476 221.8862305 221.6929779 221.4218445 221.4604034 221.6822205 221.5037384 221.2862244 221.2262878 221.2968597 220.4742279 220.4101105 220.7382507 220.3766022 220.8957367 221.5397034 221.2019196 222.2259674 222.4493866 222.7863922 222.9834747 223.0284729 223.3678284 223.1259918 222.8869019 222.7762604 223.6833801 222.2731171 223.2148285 223.5119019 223.7789459 224.0366364 224.3040009 224.5332947 224.6611481 224.9827271 225.282608 225.4299469 225.2862244 225.3883362 225.2123718 225.1101379 225.0706329 225.1174164 225.3830109 225.7992859 226.0515594 226.1190186 226.1542969 226.312912 226.3617096 226.3214111
223.1493988 223.2485962 222.8017578 221.9197845 220.9580688 220.8918304 220.7352753 220.9573059 221.627182 221.7331543 221.6849365 221.3700256 221.1178894 221.0747681 220.7332916 220.7578735 220.8320313 221.4413452 220.9255676 221.3222656 221.5669098 221.7967682 221.8963623 222.2309723 222.4737396 222.7575073 223.3773956 223.3918457 223.3853607 223.387207 223.3398743 223.9567719 223.649231 223.8820343 224.2915497 224.6374054 224.8834534 225.0541992 225.2623138 225.6190338 226.0031586 226.2054291 226.1851654 225.8630676 225.579483 225.3418732 225.216217 225.2480927 225.5000916 225.8205566 226.2266693 226.4493866 226.5977783 226.6365204 226.6029205 226.5247803
222.8689423 224.1907043 223.9890442 222.7719727 221.2087555 219.8525391 219.976059 220.0087891 220.7176514 221.2550201 221.3015289 221.1248169 220.5293884 220.8215179 220.8187408 220.9351807 221.0741272 221.9333344 221.3252563 221.0751495 221.4525452 221.4197845 221.7781982 222.4273682 222.1828613 222.4306946 222.7003479 223.4960022 223.638443 223.6628113 223.6322784 223.5130005 223.4082489 223.4276581 223.696106 224.0571899 224.3629913 224.6845551 225.0460968 225.5232086 226.0178986 226.3248901 226.4111633 226.3542175 226.1713867 225.8944092 225.2970886 225.9071198 226.0697327 226.2836914 226.5442657 226.877182 226.9876556 226.9191437 226.8239746 226.7576141
220.2202911 222.633667 224.1403809 223.8921814 223.0063324 221.3533173 220.2437439 219.629776 220.0111694 220.6076965 220.8607483 220.9663696 220.8938599 220.7463379 220.320694 220.7261658 220.6529694 220.8125305 220.9499817 221.2744598 221.666214 221.9741516 222.2722321 222.4418793 222.5478058 222.6025543 222.6790161 223.2027435 223.3215637 223.5090332 223.4053802 223.2937469 223.1415405 223.0208588 222.9774323 223.072113 223.2001648 223.5827942 224.5773621 225.2009583 225.7283783 226.0745239 226.0857239 226.0379639 225.941925 225.8820953 225.8900146 226.1355438 226.3560028 226.6112671 226.8277283 226.8200836 226.6867523 226.619873 226.5359039 226.6879883
219.1087646 220.2261047 221.3656006 222.3712769 223.6631622 223.530014 217.5590363 220.2275696 220.3870087 220.9294586 221.7872009 222.1204376 221.8890686 221.5162506 220.0049438 220.6876831 220.7999573 220.6129456 221.2806854 221.6640472 222.0868835 222.3329315 222.4160156 222.5993652 222.5905762 222.457901 222.2978973 222.214325 222.532074 222.6664124 222.7536469 222.7862549 222.7934723 222.4772034 221.6766052 222.2032471 221.9676666 223.0554657 223.9759064 224.8266296 225.3551788 225.7998505 225.8799591 225.8718719 225.8395386 225.8122406 225.8839417 225.9763336 226.0930176 226.1885986 226.3861237 226.3766022 225.9978485 225.9908142 226.0682373 226.1563721
