Environmental Parameters/RCP 45/2100/Sea-bottom_salinity.asc
ncols 720
nrows 360
xllcorner -180.00
yllcorner -90.00
cellsize 0.5
NODATA_value -9999
[rows 200 to 224 of 360, columns 570 to 626 of 720]
34.50327682 34.49751282 34.46747589 34.45290756 34.43592453 34.42953491 34.42211151 34.4172554 34.41414642 34.40940094 34.40396118 34.39338303 34.39686203 34.38814545 34.38085556 34.38177109 34.27816391 34.39467239 34.40019989 34.40238571 34.3984108 34.38637161 34.37063599 34.34856796 34.34096146 34.34522629 34.34486771 34.35229111 34.34063721 34.20226669 33.78181076 34.08451462 34.18838501 34.19213486 34.2600708 34.28033829 33.88733673 34.176548 34.28742599 34.39659119 34.402565 34.39471054 34.37037659 34.3147049 34.28042221 34.17910004 34.20474625 34.170784 34.15935135 34.346035 34.48800659 34.37676239 34.3603096 34.43095779 34.47266006 34.48534775 34.50426483
34.4831543 34.46389008 34.44143677 34.42299271 34.41819 34.41568375 34.41427231 34.41485596 34.43727112 34.41004562 34.40232468 34.39166641 34.38936615 34.38030243 34.37383652 34.36743164 34.37056351 34.38467789 34.39474106 34.40794754 34.39768219 34.39055634 34.37308502 34.36055374 34.35679626 34.35790634 34.35767365 34.34135056 34.34118271 34.30702209 34.22184372 34.20468521 34.13724899 34.23131561 34.25279236 33.8775444 34.21987152 34.33534622 34.35331726 34.37581635 34.3578186 34.30328751 34.15078735 34.18989182 34.20088196 34.19966888 34.471035 34.34348679 34.32717133 34.20943069 34.27519226 34.37286377 34.39031219 34.41777039 34.43164444 34.48690033 34.57098389
34.4663353 34.44554138 34.42512894 34.41555023 34.41339111 34.41511917 34.41791153 34.41879654 34.41836166 34.41498566 34.40795898 34.40071869 34.39894485 34.38734436 34.37639618 34.37152481 34.37789154 34.38852692 34.39714432 34.40320206 34.40151215 34.38965988 34.37482834 34.36488342 34.36239243 34.35978699 34.35683823 34.35201645 34.3446312 34.33851624 34.34969711 34.34791565 34.36192322 34.36919403 34.31428909 34.34647751 34.27968216 34.28876495 34.30346298 34.289505 34.30134583 34.14071274 34.16992187 34.17946243 34.18743134 34.3862648 34.35194778 34.35800552 34.41474915 34.3200531 34.43877792 34.44046402 34.3780632 34.39789963 34.46528625 34.51116562 34.49684143
34.45381165 34.43938828 34.4256897 34.41973495 34.42039871 34.42271805 34.42482758 34.42566299 34.42968369 34.42815781 34.42209244 34.41466141 34.40488815 34.39281082 34.38396835 34.38118744 34.38442993 34.39556503 34.40134811 34.40618515 34.40172195 34.38684845 34.37393951 34.36557388 34.36414719 34.36150742 34.35879135 34.35583878 34.35353088 34.36655807 34.34773254 34.35848618 34.35441589 34.3421402 34.29962158 34.23434448 34.12842941 34.23864746 34.22993469 34.29443359 34.15835953 34.17602158 34.30784607 34.24069214 34.3120079 34.38079834 34.53192902 34.58336258 34.54062653 34.4889946 34.48632813 34.70059204 34.95064926 34.92892075 34.99799347 34.81710434 34.59868622
34.44287872 34.4353714 34.42814636 34.42597198 34.42724228 34.43218994 34.4320488 34.4305687 34.43079758 34.42514801 34.4202919 34.41083527 34.40261078 34.40066528 34.37985992 34.39384842 34.38365555 34.38793564 34.39498138 34.39523315 34.38681793 34.36923981 34.35878372 34.3481369 34.34150696 34.33615112 34.32850266 34.32062149 34.3166008 34.33008575 34.33155441 34.32791901 34.33904266 34.3575058 34.30466461 34.23670578 34.22901535 34.16875076 34.17947769 34.24277496 34.24106979 34.33088684 34.39793396 34.45664215 34.39495468 34.34791183 34.49341202 34.52828598 34.72069931 34.73429108 34.76988983 34.85157776 34.88423538 34.93096161 34.9636879 34.89579648 -9999.0
34.44173431 34.43466949 34.43419266 34.4329567 34.43547821 34.43449783 34.43797302 34.4304924 34.42247391 34.41127777 34.40256119 34.39289856 34.3838501 34.3792572 34.3730011 34.37614822 34.37397766 34.38055038 34.38364029 34.38493729 34.37167358 34.36159134 34.35250854 34.3456459 34.34004211 34.3355484 34.32931519 34.32350922 34.31671906 34.33099365 34.33763885 34.32967758 34.35855865 34.34586716 34.30767822 34.2634201 34.26876068 34.27779007 34.28741074 34.28589249 34.30680847 34.32187653 34.48843002 34.52014542 34.68488312 34.56337738 34.60823441 34.63181305 34.78267288 34.82316589 34.96207047 34.9977684 35.00627264 -9999.0 -9999.0 -9999.0 -9999.0
34.45594025 34.43536377 34.43529892 34.43283463 34.43843842 34.43928528 34.44321442 34.42579651 34.42986298 34.39897537 34.3863945 34.38133621 34.37571716 34.36951447 34.36953354 34.36941147 34.37358475 34.37229156 34.36856842 34.3623848 34.35373306 34.34926224 34.34515762 34.33933258 34.33692932 34.33683777 34.33649063 34.33726501 34.33333206 34.35261917 34.35331726 34.34628296 34.36226273 34.32519913 34.27727127 34.29255676 34.31616974 34.32632828 34.32123947 34.33410263 34.44426727 34.49074936 34.56552505 34.58368301 34.60219193 34.73752975 34.7858696 34.81422806 35.00734711 35.07601929 35.11106873 -9999.0 -9999.0 -9999.0 -9999.0 -9999.0 -9999.0
34.43875885 34.43777466 34.43551636 34.43176651 34.43154907 34.43134308 34.42692947 34.43655014 34.41274261 34.40113449 34.38863754 34.38515854 34.38616943 34.3809433 34.37413406 34.38003922 34.37454987 34.37080002 34.36270523 34.35941315 34.35534286 34.35499573 34.3549881 34.35703659 34.3559494 34.35618591 34.35622787 34.34988022 34.36125183 34.37125015 34.3809433 34.39016724 34.40732956 34.30301666 34.31088257 34.33250809 34.34746552 34.36751938 34.33321381 34.41424942 34.45549774 34.59147644 34.63657761 34.92488861 34.95937729 34.78902435 35.20581055 35.21921158 35.34465408 35.29853821 -9999.0 -9999.0 -9999.0 -9999.0 -9999.0 -9999.0 -9999.0
34.44757843 34.44784927 34.44352722 34.43883896 34.43582535 34.43505478 34.43154526 34.43751907 34.42627335 34.40803528 34.40029907 34.39323425 34.39313126 34.39770508 34.39504242 34.39138031 34.38620377 34.37984848 34.37408066 34.37298965 34.37223053 34.37823105 34.3805809 34.37943649 34.37904358 34.378582 34.37606049 34.3741684 34.37776184 34.40094757 34.42030334 34.4379921 34.44279099 34.35890198 34.37594604 34.37929535 34.34238815 34.36756134 34.40344238 34.50186539 34.57189941 34.66904068 34.84111962 35.00172046 35.15935865 35.35865402 35.38792419 35.49564362 35.45313644 35.4662223 -9999.0 -9999.0 -9999.0 -9999.0 -9999.0 -9999.0 -9999.0
34.4572525 34.45544052 34.45051193 34.4432869 34.44125366 34.44026947 34.43766785 34.43353271 34.42534256 34.41791534 34.41121674 34.40843964 34.40664673 34.41331482 34.41207886 34.40190125 34.39593506 34.38744354 34.39230347 34.37664413 34.38077927 34.38817596 34.39173126 34.39328384 34.39813614 34.40040207 34.39852524 34.39743042 34.40877151 34.43623734 34.42733765 34.34970093 34.36614227 34.43053818 34.35519791 34.37982178 34.41135406 34.48277664 34.49999619 34.50600433 34.69846344 34.83351086 -9999.0 -9999.0 -9999.0 35.38258341 35.50654602 35.55582428 35.50696182 35.61815655 -9999.0 -9999.0 -9999.0 -9999.0 -9999.0 -9999.0 -9999.0
34.46046448 34.45705032 34.45419693 34.45210648 34.45038223 34.44753647 34.44377136 34.43656921 34.43374634 34.42814255 34.42556 34.42515182 34.4263649 34.43185043 34.42362213 34.40148926 34.39279556 34.3788147 34.37675858 34.37992096 34.3883934 34.40032959 34.40774918 34.41545105 34.4224205 34.43003845 34.43669891 34.4360733 34.45402908 34.47068405 34.43828201 34.38235092 34.49463654 34.3702774 34.46918869 34.44612503 34.55395508 34.56919098 34.5790863 34.74079132 34.82190347 -9999.0 -9999.0 -9999.0 -9999.0 -9999.0 35.42994031 -9999.0 35.53467682 35.5531797 -9999.0 -9999.0 -9999.0 -9999.0 -9999.0 -9999.0 -9999.0
34.45457077 34.45383453 34.45767975 34.46096039 34.4616127 34.45675659 34.45112228 34.44877625 34.44771576 34.44515228 34.4425087 34.44139481 34.44592285 34.4377594 34.42457581 34.40765381 34.39440918 34.38421631 34.38293839 34.38674545 34.39759064 34.40806198 34.42649078 34.44640732 34.46540451 34.47439575 34.47605896 34.48278809 34.50205231 34.51338959 34.41716766 34.55223465 34.44194031 34.45554352 34.49091721 34.51094055 34.56932068 34.59228134 34.67874527 34.79709977 -9999.0 -9999.0 -9999.0 -9999.0 -9999.0 -9999.0 -9999.0 -9999.0 -9999.0 -9999.0 -9999.0 -9999.0 -9999.0 -9999.0 -9999.0 -9999.0 -9999.0
34.44537735 34.44818497 34.45969391 34.47070313 34.47143555 34.46366119 34.45355225 34.44805908 34.44589615 34.44501877 34.44515228 34.44820404 34.44665527 34.44261551 34.43041992 34.42716217 34.41981125 34.41205597 34.40169907 34.40535355 34.40419006 34.42786789 34.44549561 34.45983505 34.47050095 34.48116684 34.49026489 34.51706696 34.44808578 34.42389679 34.44216537 34.60298538 34.50341797 34.50876999 34.52786636 34.57668304 34.64600754 34.84742355 34.73967743 34.92037044 -9999.0 -9999.0 -9999.0 -9999.0 -9999.0 -9999.0 -9999.0 -9999.0 -9999.0 -9999.0 -9999.0 -9999.0 -9999.0 -9999.0 -9999.0 -9999.0 -9999.0
34.44389343 34.44764709 34.4560585 34.46463776 34.46773529 34.45988083 34.44834518 34.43869019 34.43185806 34.42732239 34.4178009 34.42286301 34.42655945 34.43117523 34.42602158 34.43400955 34.42569351 34.42762756 34.42829514 34.41333008 34.42259598 34.46144867 34.4742012 34.47283554 34.46855164 34.47647476 34.48316193 34.43955231 34.40834045 34.45915985 34.48310089 34.62397766 34.54584503 34.61741257 34.62913895 34.65256882 34.76272202 34.88918304 -9999.0 -9999.0 -9999.0 -9999.0 -9999.0 -9999.0 -9999.0 -9999.0 -9999.0 -9999.0 -9999.0 -9999.0 -9999.0 -9999.0 -9999.0 -9999.0 -9999.0 -9999.0 -9999.0
34.4520874 34.44885635 34.45314407 34.4593544 34.45886993 34.45279694 34.43766403 34.42115402 34.40752029 34.39513016 34.38799667 34.38865662 34.40015411 34.40871429 34.41265869 34.43480301 34.44665146 34.45411682 34.47234344 34.47930145 34.48666382 34.49501038 34.50232697 34.49531937 34.49234009 34.48793793 34.44524002 34.39907837 34.58921432 34.54110718 34.60170364 34.59813309 34.59166336 34.70584488 34.77109909 -9999.0 34.9431839 34.97185764 -9999.0 -9999.0 -9999.0 -9999.0 -9999.0 -9999.0 -9999.0 -9999.0 -9999.0 -9999.0 -9999.0 -9999.0 -9999.0 -9999.0 -9999.0 -9999.0 -9999.0 -9999.0 -9999.0
34.46696091 34.46151352 34.46095276 34.45625305 34.44857025 34.43824005 34.42361832 34.40810776 34.39632797 34.38616943 34.37799072 34.3739624 34.38429642 34.39432144 34.41388321 34.44054031 34.46733856 34.48340225 34.4959259 34.50930405 34.5174675 34.46796036 34.46688843 34.49472809 34.50941467 34.48587799 34.40895462 34.64531708 34.62239075 34.63129044 34.61523438 34.62548828 34.6517601 34.72826767 34.86929321 -9999.0 -9999.0 35.04453728 -9999.0 -9999.0 -9999.0 -9999.0 -9999.0 -9999.0 -9999.0 -9999.0 -9999.0 -9999.0 -9999.0 -9999.0 -9999.0 -9999.0 -9999.0 -9999.0 -9999.0 -9999.0 -9999.0
34.47011566 34.46417618 34.45822525 34.44845963 34.43798447 34.42726898 34.41392899 34.406147 34.40192032 34.39599228 34.38889694 34.39189529 34.40016937 34.41684341 34.44279861 34.48784637 34.44708633 34.45433044 34.45926666 34.49612427 34.50143433 34.46660614 34.43763733 34.42023849 34.43935776 34.45386124 34.7495842 34.61924744 34.62256622 34.60079193 34.64107132 34.72240829 34.7669487 34.87854004 34.98148346 -9999.0 -9999.0 -9999.0 -9999.0 -9999.0 -9999.0 -9999.0 -9999.0 -9999.0 -9999.0 -9999.0 -9999.0 -9999.0 -9999.0 -9999.0 -9999.0 -9999.0 -9999.0 -9999.0 -9999.0 -9999.0 -9999.0
34.49720383 34.50274277 34.50902939 34.50582504 34.49897003 34.49066544 34.46556091 34.457798 34.46746063 34.45174026 34.4458046 34.43981552 34.44847488 34.44780731 34.47583389 34.49326706 34.4430275 34.47457886 34.48688126 34.52368927 34.52087021 34.44361115 34.46437073 34.62334061 34.79852295 34.74014282 34.68463898 34.67036819 34.67492676 34.68100739 34.73292542 34.81887436 34.90758514 35.07217407 -9999.0 -9999.0 -9999.0 -9999.0 -9999.0 -9999.0 -9999.0 -9999.0 -9999.0 -9999.0 -9999.0 -9999.0 -9999.0 -9999.0 -9999.0 -9999.0 -9999.0 -9999.0 -9999.0 -9999.0 -9999.0 -9999.0 -9999.0
34.56750107 34.55889893 34.56518936 34.55513382 34.5569725 34.55013657 34.54728317 34.5490799 34.54699707 34.54681396 34.52462769 34.53156662 34.5192337 34.50531387 34.50253296 34.46970367 34.44885635 34.46894073 34.48633194 34.51174927 34.49855042 34.99032974 34.85988998 34.81002426 34.81913757 34.79561996 34.81721115 34.83042526 34.85199356 34.90752411 34.86898804 35.01702881 35.15073776 35.12088625 -9999.0 -9999.0 -9999.0 -9999.0 -9999.0 -9999.0 -9999.0 -9999.0 -9999.0 -9999.0 -9999.0 -9999.0 -9999.0 -9999.0 -9999.0 -9999.0 -9999.0 -9999.0 -9999.0 -9999.0 -9999.0 -9999.0 -9999.0
34.63121033 34.6304245 34.62452316 34.62408829 34.60978699 34.59995651 34.59360886 34.59558868 34.6056633 34.61483002 34.61943436 34.61228561 34.56419754 34.53287506 34.48209381 34.46626282 34.4625206 34.48489761 34.50327301 34.53508377 35.08131409 34.83315659 34.82413864 34.83282471 34.84780121 34.90427399 34.94283295 35.02040863 35.08836746 35.09473419 35.1316452 35.1537323 35.15898088 -9999.0 -9999.0 -9999.0 -9999.0 -9999.0 -9999.0 -9999.0 -9999.0 -9999.0 -9999.0 -9999.0 -9999.0 -9999.0 -9999.0 -9999.0 -9999.0 -9999.0 -9999.0 -9999.0 -9999.0 -9999.0 -9999.0 -9999.0 -9999.0
34.69169617 34.69589996 34.70675278 34.70244217 34.67451477 34.65851593 34.64624023 34.64029694 34.6517601 34.674366 34.68405151 34.69200134 34.5166626 34.51716614 34.46895981 34.46138382 34.48126602 34.5016098 34.51503372 34.50502396 34.85890198 34.88692474 34.89807129 34.92830276 34.94715118 34.99160385 35.02491379 35.14390182 35.15712738 35.1594159 -9999.0 -9999.0 -9999.0 -9999.0 -9999.0 -9999.0 -9999.0 -9999.0 -9999.0 -9999.0 -9999.0 -9999.0 -9999.0 -9999.0 -9999.0 -9999.0 -9999.0 -9999.0 -9999.0 -9999.0 -9999.0 -9999.0 -9999.0 -9999.0 -9999.0 -9999.0 -9999.0
34.71173859 34.71128464 34.71126175 34.71129227 34.7115593 34.7141304 34.7141304 34.7141037 34.71380615 34.71356201 34.71351624 34.71352005 34.71291733 34.6041832 34.53175354 34.49925613 34.51802063 34.52574539 34.5279808 35.04354095 34.893013 34.98377228 35.03487778 35.05793762 35.08940887 35.13098526 -9999.0 -9999.0 -9999.0 -9999.0 -9999.0 -9999.0 -9999.0 -9999.0 -9999.0 -9999.0 -9999.0 -9999.0 -9999.0 -9999.0 -9999.0 -9999.0 -9999.0 -9999.0 -9999.0 -9999.0 -9999.0 -9999.0 -9999.0 -9999.0 -9999.0 -9999.0 -9999.0 -9999.0 -9999.0 -9999.0 -9999.0
34.71105576 34.7112999 34.71816254 34.71401596 34.71602249 34.71498108 34.71416092 34.71403885 34.71393204 34.71374893 34.71936798 34.71367264 34.71377563 34.70097733 34.66346359 34.63362885 34.5530014 34.53937531 35.47743225 34.91078949 34.91185379 35.04705811 -9999.0 -9999.0 -9999.0 -9999.0 -9999.0 -9999.0 -9999.0 -9999.0 -9999.0 -9999.0 -9999.0 -9999.0 -9999.0 -9999.0 -9999.0 -9999.0 -9999.0 -9999.0 -9999.0 -9999.0 -9999.0 -9999.0 -9999.0 -9999.0 -9999.0 -9999.0 -9999.0 -9999.0 -9999.0 -9999.0 -9999.0 -9999.0 -9999.0 -9999.0 -9999.0
34.70233917 34.69812393 34.70858765 34.70914078 34.71840286 34.71755981 34.71414185 34.71400833 34.71398926 34.71392441 34.71390533 34.71380615 34.71380234 34.71377945 34.69102859 34.65532303 34.57353592 34.50096893 34.93774414 34.98628616 35.03907394 -9999.0 -9999.0 -9999.0 -9999.0 -9999.0 -9999.0 -9999.0 -9999.0 -9999.0 -9999.0 -9999.0 -9999.0 -9999.0 -9999.0 -9999.0 -9999.0 -9999.0 -9999.0 -9999.0 -9999.0 -9999.0 -9999.0 -9999.0 -9999.0 -9999.0 -9999.0 -9999.0 -9999.0 -9999.0 -9999.0 -9999.0 -9999.0 -9999.0 -9999.0 -9999.0 -9999.0
34.67996597 34.68605423 34.69086075 34.69115829 34.69462967 34.70423508 34.70430374 34.71400833 34.71401596 34.71151733 34.71394348 34.71388245 34.71379471 34.71377945 34.70388412 34.67414474 34.57723999 34.9727211 34.94551849 35.04053497 -9999.0 -9999.0 -9999.0 -9999.0 -9999.0 -9999.0 -9999.0 -9999.0 -9999.0 -9999.0 -9999.0 -9999.0 -9999.0 -9999.0 -9999.0 -9999.0 -9999.0 -9999.0 -9999.0 -9999.0 -9999.0 -9999.0 -9999.0 -9999.0 -9999.0 -9999.0 -9999.0 -9999.0 -9999.0 -9999.0 -9999.0 -9999.0 -9999.0 -9999.0 -9999.0 -9999.0 -9999.0
