Environmental Parameters/RCP 45/2100/Sea-surface_temperature.asc
ncols 720
nrows 360
xllcorner -180.00
yllcorner -90.00
cellsize 0.5
NODATA_value -9999
[rows 0 to 24 of 360, columns 504 to 559 of 720]
-1.676408768 -1.676309705 -1.676108241 -1.675966263 -1.675864697 -1.675836682 -1.675849199 -1.67865026 -1.678676724 -1.678690672 -1.678661704 -1.678575158 -1.67854619 -1.678589225 -1.678615689 -1.678671718 -1.678684235 -1.678670168 -1.6786412 -1.678568602 -1.678497672 -1.678454638 -1.678396106 -1.678367138 -1.678339124 -1.678251624 -1.678194642 -1.67815268 -1.67813611 -1.678221107 -1.678292155 -1.678332567 -1.678332567 -1.678304553 -1.678274035 -1.678245068 -1.678186536 -1.676390052 -1.676349521 -1.676250577 -1.676136613 -1.676051617 -1.675980568 -1.675994515 -1.676065564 -1.676136613 -1.676221609 -1.676363587 -1.676477551 -1.676579118 -1.676622033 -1.676607132 -1.676607132 -1.676622033 -1.676607132 -1.676551104
-1.667627811 -1.667664289 -1.667686701 -1.667723179 -1.66774714 -1.667683601 -1.667679548 -1.670664668 -1.670912266 -1.671218276 -1.671523809 -1.671829939 -1.672093987 -1.672256589 -1.672435641 -1.67261219 -1.672848225 -1.67312634 -1.673359871 -1.673652887 -1.673945069 -1.674193621 -1.674456596 -1.674662232 -1.674968243 -1.675290346 -1.675566912 -1.675858974 -1.676035523 -1.676271558 -1.676549673 -1.676726222 -1.676919222 -1.677095771 -1.677260876 -1.677453995 -1.677687526 -1.678288817 -1.678534865 -1.678823829 -1.679099441 -1.679316401 -1.679477453 -1.679710984 -1.679972649 -1.680207133 -1.680452228 -1.68081522 -1.681120753 -1.681510329 -1.681814909 -1.681916475 -1.681923866 -1.682312489 -1.682529569 -1.68276155
-1.663233399 -1.663414836 -1.663483739 -1.663595319 -1.663747787 -1.663746238 -1.663902283 -1.664074779 -1.664147735 -1.664375305 -1.66452229 -1.664666772 -1.664824367 -1.665026426 -1.665284872 -1.665586352 -1.667016029 -1.667439222 -1.667720795 -1.667972326 -1.668268442 -1.668549061 -1.668946147 -1.6692698 -1.66966486 -1.670015454 -1.670342565 -1.670679092 -1.671057701 -1.674640179 -1.674795628 -1.674989581 -1.675126553 -1.675237536 -1.675420046 -1.675542951 -1.675724387 -1.675896406 -1.675979972 -1.676080465 -1.676082015 -1.676144004 -1.67624557 -1.676464081 -1.6766541 -1.676828146 -1.676988125 -1.677078247 -1.67715323 -1.677242279 -1.677346349 -1.67737937 -1.677366853 -1.677438378 -1.678372264 -1.678724408
-1.663737535 -1.663911462 -1.664120913 -1.664261937 -1.66444695 -1.66464591 -1.664801478 -1.665068507 -1.665325403 -1.665650964 -1.666020989 -1.666361928 -1.666729927 -1.667028904 -1.667381406 -1.667793393 -1.668236971 -1.668676972 -1.668919921 -1.669158936 -1.669355989 -1.67181778 -1.67232585 -1.676508188 -1.676638126 -1.676720142 -1.676747084 -1.676777124 -1.676820159 -1.677057147 -1.677288175 -1.677589178 -1.677914143 -1.678098202 -1.678340673 -1.678498626 -1.678655624 -1.67884016 -1.678968191 -1.679041147 -1.67912674 -1.679139733 -1.67912674 -1.67923975 -1.67943871 -1.679681659 -1.682953954 -1.68333292 -1.683626056 -1.684231758 -1.684464812 -1.684640288 -1.684828401 -1.685029864 -1.685190916 -1.685497522
-1.654167891 -1.654732108 -1.655250192 -1.65591085 -1.656525016 -1.65705061 -1.657832384 -1.658223987 -1.658628464 -1.659142017 -1.659746647 -1.660268188 -1.660861611 -1.661253572 -1.661520004 -1.661767483 -1.661871433 -1.66196394 -1.662113309 -1.662393332 -1.667154312 -1.667884946 -1.668513536 -1.66915226 -1.669726849 -1.669445038 -1.669950604 -1.670472741 -1.671065807 -1.671710491 -1.672320008 -1.672838092 -1.673161149 -1.673427105 -1.67365849 -1.673877954 -1.67412138 -1.674241781 -1.677260399 -1.677455306 -1.677668333 -1.677912354 -1.678224325 -1.678634405 -1.679108858 -1.679637909 -1.678340912 -1.678882599 -1.67942369 -1.680007458 -1.680718184 -1.681298256 -1.681278586 -1.682846308 -1.683348417 -1.683772445
-1.635517597 -1.636188269 -1.636891365 -1.637499452 -1.638220191 -1.638998389 -1.639740229 -1.640651464 -1.641617656 -1.642613888 -1.643636107 -1.647019267 -1.647396564 -1.647636294 -1.648032665 -1.648977876 -1.649931073 -1.650874734 -1.650939941 -1.651613951 -1.652317643 -1.653021693 -1.653784752 -1.654588819 -1.655398369 -1.656089425 -1.656819105 -1.658719897 -1.658926129 -1.659096479 -1.659629464 -1.660492182 -1.661222935 -1.661798596 -1.661407709 -1.661868691 -1.662319779 -1.662728906 -1.663129926 -1.663532019 -1.663915515 -1.666504741 -1.666763663 -1.667118073 -1.667468071 -1.667837501 -1.66831255 -1.6686517 -1.669102311 -1.669556975 -1.670031071 -1.670589566 -1.669883013 -1.670222998 -1.670334339 -1.670805931
-1.618228436 -1.618635416 -1.619084358 -1.619587302 -1.620150805 -1.620756269 -1.621372819 -1.622036815 -1.621173024 -1.621892095 -1.628082871 -1.628403664 -1.62866354 -1.628936291 -1.629345179 -1.629875064 -1.630617023 -1.631424665 -1.632334352 -1.63332355 -1.633364677 -1.634529471 -1.635574818 -1.63650763 -1.643186212 -1.643315673 -1.643426418 -1.643545389 -1.643804312 -1.644085884 -1.644461989 -1.64490664 -1.645278215 -1.645828843 -1.644144177 -1.644810796 -1.645430923 -1.650495052 -1.650828004 -1.65111053 -1.651449442 -1.651761055 -1.652145147 -1.652619243 -1.653092742 -1.653715372 -1.654287457 -1.654919982 -1.657221437 -1.657729864 -1.658434272 -1.659245729 -1.66002667 -1.66084218 -1.66163516 -1.662903428
-1.606859207 -1.606607556 -1.60751307 -1.608419657 -1.609217167 -1.609826088 -1.610329509 -1.610682368 -1.610885859 -1.611094713 -1.614464045 -1.612434745 -1.612652302 -1.61278379 -1.612900853 -1.612974763 -1.613063812 -1.613154769 -1.613265753 -1.613344193 -1.613649726 -1.613997221 -1.620428681 -1.621007204 -1.621449709 -1.621849179 -1.622325301 -1.622695804 -1.623182774 -1.623616815 -1.624025226 -1.624501228 -1.624837756 -1.630864978 -1.631394029 -1.631992102 -1.632775664 -1.633573771 -1.634374857 -1.635143876 -1.6357584 -1.636201382 -1.636570334 -1.638712287 -1.639390826 -1.640502572 -1.641331196 -1.642284393 -1.643614054 -1.646234512 -1.647870183 -1.649443388 -1.650518775 -1.651560783 -1.652577281 -1.653468847
-1.597456217 -1.597875834 -1.598239422 -1.595775843 -1.596888185 -1.597168565 -1.599018693 -1.599590182 -1.599051356 -1.598847151 -1.605117679 -1.606131315 -1.606952071 -1.607685685 -1.606103063 -1.606862783 -1.607705116 -1.607970595 -1.607823372 -1.607688069 -1.612993836 -1.613947153 -1.614929438 -1.616113186 -1.616432428 -1.617546201 -1.618724465 -1.619701028 -1.620438814 -1.621000051 -1.625402093 -1.626593232 -1.627713442 -1.628835678 -1.629916906 -1.630515337 -1.631633162 -1.632492781 -1.632497072 -1.632440329 -1.633405685 -1.635455012 -1.636308193 -1.637080789 -1.637631774 -1.637966275 -1.637479782 -1.637608767 -1.638084888 -1.638563991 -1.64088726 -1.641409397 -1.641777396 -1.642083526 -1.642464042 -1.642981648
-1.552963018 -1.553009987 -1.553156495 -1.553477645 -1.555204868 -1.561544657 -1.561015844 -1.560358405 -1.560257673 -1.562002897 -1.564978242 -1.565292478 -1.568380833 -1.571429253 -1.57428658 -1.585211635 -1.584852338 -1.584294438 -1.586271405 -1.588717341 -1.589551806 -1.591623068 -1.593617797 -1.595515609 -1.597219348 -1.602571726 -1.60167861 -1.602860093 -1.604665875 -1.605260849 -1.606873989 -1.608663559 -1.610450268 -1.617468357 -1.617511988 -1.617584229 -1.618341923 -1.619535327 -1.620662689 -1.620616317 -1.621478915 -1.622469783 -1.623391509 -1.624291182 -1.625094771 -1.628498316 -1.62947154 -1.630321145 -1.631171823 -1.632042527 -1.632937193 -1.633811355 -1.634759545 -1.637212634 -1.639433622 -1.640094757
-1.516382217 -1.523945689 -1.525683761 -1.52679038 -1.528220654 -1.52988863 -1.529700637 -1.530159473 -1.530667782 -1.531203508 -1.532073855 -1.53330636 -1.534650922 -1.532937884 -1.534680843 -1.548613906 -1.548633933 -1.54855752 -1.54893887 -1.549720168 -1.550471067 -1.551588297 -1.553375602 -1.568877578 -1.568266869 -1.567915559 -1.568190098 -1.568928242 -1.570107102 -1.571367383 -1.573152781 -1.585651517 -1.58630836 -1.586957335 -1.587806463 -1.588888049 -1.589970231 -1.591000915 -1.597696781 -1.601429939 -1.602891684 -1.604498625 -1.606076479 -1.609794497 -1.610809088 -1.611681223 -1.612444878 -1.613333106 -1.614322066 -1.618356228 -1.619111061 -1.62025702 -1.620824218 -1.621614456 -1.62250638 -1.628199458
-1.471094251 -1.473482132 -1.475776076 -1.480297208 -1.479639411 -1.480851173 -1.48285687 -1.48765254 -1.487889051 -1.489575386 -1.490926147 -1.491464496 -1.491431475 -1.491371036 -1.50305438 -1.497723103 -1.498199821 -1.498487473 -1.498447537 -1.497909427 -1.49725759 -1.496903419 -1.520219326 -1.521297812 -1.522102594 -1.522990942 -1.523629904 -1.523957729 -1.524376988 -1.545825362 -1.545826793 -1.547698379 -1.549632549 -1.551262379 -1.551742196 -1.551854253 -1.560117841 -1.566288948 -1.568350554 -1.570852518 -1.575815916 -1.578713655 -1.579955816 -1.581455231 -1.581416726 -1.588611484 -1.590148449 -1.59154129 -1.593509078 -1.59459579 -1.598959565 -1.600217581 -1.601145506 -1.601847768 -1.602325559 -1.602656364
-1.417789936 -1.42085278 -1.423622966 -1.42478013 -1.426939487 -1.430686712 -1.437306404 -1.440547943 -1.441865683 -1.444712758 -1.448206186 -1.450036764 -1.450429201 -1.449693084 -1.456285238 -1.457921624 -1.459404945 -1.462196589 -1.462319732 -1.462263227 -1.462382078 -1.472226262 -1.475933313 -1.47969842 -1.484649777 -1.486112714 -1.48633647 -1.493440151 -1.496152759 -1.498764038 -1.501297235 -1.502690792 -1.504821777 -1.503127575 -1.508448362 -1.510996938 -1.523234129 -1.527077556 -1.529587865 -1.533735871 -1.534597874 -1.545303941 -1.548391938 -1.551279187 -1.553892612 -1.554116845 -1.559265614 -1.564960837 -1.56629169 -1.567456484 -1.568356752 -1.569215536 -1.570042372 -1.573239565 -1.573519111 -1.571743131
-1.356889606 -1.361044288 -1.366364002 -1.371616006 -1.375884771 -1.378533006 -1.393429756 -1.394458652 -1.39663136 -1.399095535 -1.406021357 -1.412668943 -1.411070585 -1.411496282 -1.413319111 -1.414697886 -1.417462945 -1.428634882 -1.426896453 -1.427216291 -1.429985642 -1.427966833 -1.429518461 -1.431142688 -1.438506007 -1.43751657 -1.44152689 -1.442177176 -1.445809603 -1.449326515 -1.459576964 -1.459098816 -1.460730553 -1.462625384 -1.463896036 -1.468322992 -1.470284104 -1.471527696 -1.476299047 -1.486320376 -1.488948941 -1.491677999 -1.494575381 -1.497405171 -1.511531472 -1.513391733 -1.515339017 -1.517580152 -1.520263553 -1.531141639 -1.533297181 -1.536280632 -1.537005424 -1.537807345 -1.543708682 -1.540813446
-1.311115623 -1.315321445 -1.323523045 -1.333624125 -1.33850348 -1.342593789 -1.346092939 -1.352725267 -1.360107064 -1.361676097 -1.366042614 -1.369051218 -1.36870718 -1.368571043 -1.369031072 -1.370070577 -1.359423876 -1.360324383 -1.360250354 -1.360598564 -1.361598492 -1.362387419 -1.329960465 -1.337260365 -1.334580302 -1.335019946 -1.338890076 -1.34278512 -1.360844612 -1.360497713 -1.360351682 -1.362330079 -1.365078092 -1.366848588 -1.36774075 -1.402176619 -1.403266907 -1.413198471 -1.416375041 -1.42052114 -1.42620194 -1.43388319 -1.454470158 -1.461616397 -1.463326216 -1.457681417 -1.474941015 -1.478247285 -1.483281612 -1.483118892 -1.482145309 -1.49573648 -1.496742845 -1.497298956 -1.498126268 -1.503742695
-1.186000705 -1.11875093 -1.129117608 -1.128661394 -1.118617058 -1.043531537 -1.05102241 -1.130184174 -1.150411129 -1.138931036 -1.144093513 -1.18993628 -1.156139135 -1.168848872 -1.16819489 -1.15836668 -1.269442797 -1.196000218 -1.204895854 -1.210710526 -1.209670186 -1.207110405 -1.150392652 -1.155902028 -1.161552787 -1.161565304 -1.1566149 -1.196622849 -1.072783351 -1.083703279 -1.091462135 -1.086086392 -1.124383688 -1.129673481 -1.131127596 -1.158663988 -1.167521954 -1.171011209 -1.141922235 -1.21724093 -1.223349929 -1.229602814 -1.240063906 -1.248131514 -1.303387523 -1.268500686 -1.273356318 -1.283177137 -1.33096993 -1.340391159 -1.346459746 -1.353137136 -1.362853408 -1.375892997 -1.376943231 -1.378288388
-0.670296788 -0.608900785 -0.528559208 -0.274855971 -0.183741689 -0.174031258 -0.323810339 -0.184781432 -0.168343067 -0.13909626 -0.14854002 -0.181438684 -0.245815516 -0.275980949 -0.305931091 -0.29744029 -0.429602265 -0.482270598 -0.525451899 -0.558669686 -0.549027443 -0.588033557 -0.582560658 -0.527425647 -0.542312503 -0.533420444 -0.555004597 -0.54946208 -0.541287661 -0.535885096 -0.531332731 -0.538542628 -0.561822772 -0.571301937 -0.609598637 -0.629078388 -0.663295746 -0.743452311 -0.718839645 -0.72566092 -0.753801107 -0.840349078 -0.871087551 -0.890408158 -0.906575918 -0.937754273 -0.959371805 -0.973504543 -0.985487342 -1.004221082 -1.077936411 -1.079611421 -1.08032608 -1.016480565 -1.091654539 -1.092227459
0.37280941 0.522599578 0.535741925 0.533810258 0.522951007 0.398833871 0.359198093 0.300081015 0.236243844 0.135131717 0.045247555 0.010739088 -0.027323127 -0.09061408 -0.123957634 -0.132958531 -0.181834459 -0.215622783 -0.247879148 -0.291026592 -0.295305848 -0.343520999 -0.373352885 -0.41734314 -0.424829364 -0.409728885 -0.488064766 -0.514196157 -0.544431806 -0.546642303 -0.525975585 -0.572371006 -0.61231792 -0.637550473 -0.671112299 -0.638884664 -0.628680587 -0.622922659 -0.619056463 -0.629122615 -0.640981555 -0.653876662 -0.663999438 -0.669766188 -0.687963128 -0.705784917 -0.725266814 -0.721862078 -0.734103203 -0.74188149 -0.752231479 -0.770439506 -0.774321914 -0.778275013 -0.790535808 -0.810693026
0.874938607 0.925898194 0.913315058 0.832835674 0.764557719 0.689381599 0.495840907 0.381298423 0.304434896 0.234282851 0.184717536 0.02328229 -0.003137469 -0.088647366 -0.102199316 -0.12147367 -0.148967385 -0.214869738 -0.266329288 -0.268023491 -0.268861532 -0.268639684 -0.348388672 -0.411464214 -0.406914949 -0.404528499 -0.42729342 -0.472986698 -0.465219975 -0.457796931 -0.450924993 -0.498914242 -0.509295225 -0.543588042 -0.58446157 -0.597987533 -0.615873337 -0.63481462 -0.671260238 -0.672599435 -0.676079988 -0.713972569 -0.730746269 -9999.0 -9999.0 -9999.0 -9999.0 -9999.0 -9999.0 -0.86491251 -0.87764287 -0.879583597 -0.856027365 -0.847338796 -0.843794227 -0.838708282
1.056821227 1.202700973 1.255506992 1.208722591 1.121939778 0.909727693 0.816511393 0.692946553 0.621140242 0.551896811 0.476676702 0.278529882 0.237735748 0.185217381 0.109899282 0.083123446 0.066910267 0.054597616 -0.108474016 -0.121049762 -0.128142357 -0.132025361 -0.293162346 -0.298976183 -0.301772714 -0.298956633 -0.375293016 -0.415597558 -0.408949971 -0.401905537 -0.414571524 -0.432325721 -0.434657693 -0.469948411 -0.481171846 -0.49159801 -0.528885722 -0.544703603 -0.544879675 -0.564802289 -0.594058871 -0.610202551 -0.659533262 -0.676341653 -0.697918594 -0.728037596 -0.774053872 -0.821908832 -0.835301161 -0.85313338 -0.910270214 -0.97117579 -0.968343854 -0.936488152 -0.952111602 -0.948202014
1.28233701 1.334732056 1.373054504 1.415394783 1.363296151 1.246722937 1.148164868 1.003678679 0.906911969 0.846091866 0.6749084 0.63726449 0.577330947 0.489546418 0.39780724 0.324651718 0.299926162 0.215287566 0.143199325 0.004036546 -0.007106066 -0.087239981 -0.1531775 -0.310950875 -0.304606915 -0.330540299 -0.366585732 -0.44017303 -0.434773803 -0.428103447 -0.417117596 -0.410766125 -0.412212491 -0.41813612 -0.451407552 -0.465214252 -0.488511205 -0.506014943 -0.524459958 -0.554510593 -0.576241136 -0.610710621 -0.616450787 -0.619607687 -0.64357841 -0.665881991 -9999.0 -9999.0 -9999.0 -9999.0 -9999.0 -0.871237397 -0.931537509 -0.917938828 -9999.0 -0.886174202
1.36724323 1.475748301 1.509030402 1.528800249 1.529719651 1.426404595 1.344682574 1.249649167 1.123941779 0.932136118 0.824163616 0.664590836 0.592869282 0.445117593 0.323962808 0.250982642 0.184569001 0.078969598 -0.015563846 -0.13249135 -0.164750814 -0.255348206 -0.318697095 -0.404898763 -0.408123374 -0.417146683 -0.419293284 -0.420437217 -0.415621996 -0.398958802 -0.376425505 -0.351938963 -0.33450973 -0.334138274 -0.334015846 -0.32891798 -0.380839825 -0.407039404 -0.429079652 -0.445509911 -0.48051703 -0.482476234 -0.480187654 -0.488152027 -0.508297086 -0.564982414 -0.619904637 -0.633944392 -0.644323468 -0.655516624 -9999.0 -9999.0 -9999.0 -9999.0 -0.902668118 -0.889497399
1.57757771 1.653823316 1.711921573 1.744402051 1.743321359 1.710793495 1.564712942 1.472549379 1.37335211 1.08665812 0.98906523 0.86958158 0.756141961 0.469255209 0.368471801 0.169356108 0.120519996 0.094398141 -0.057898164 -0.145579815 -0.17842555 -0.191446185 -0.254681826 -0.29324162 -0.300479889 -0.30231607 -0.336904168 -0.337130427 -0.339389086 -0.302319884 -0.28076148 -0.238246918 -0.213855863 -0.193008184 -0.182389379 -0.169820428 -0.179238915 -0.191013098 -0.226651073 -0.23603189 -0.25708735 -0.319086313 -0.34502995 -0.381049514 -0.459210873 -0.472751498 -0.506796598 -0.540043473 -0.547742009 -0.545270205 -0.520107627 -0.524907351 -0.525829911 -0.517052174 -0.518491387 -0.519009352
2.044360995 2.04752475 2.110365689 2.051741004 2.000142306 1.854272962 1.762241721 1.611639321 1.499074042 1.349671006 1.123833776 1.012120306 0.906720281 0.640053928 0.56496942 0.395199835 0.361853242 0.330658495 0.296233118 0.158136189 0.136769772 0.113942087 0.053073406 0.043278933 0.025556564 0.005687833 -0.054096341 -0.050534725 -0.035189629 -0.037852407 -0.019754767 0.012151361 0.017455101 0.016738534 0.012111783 -1.29938E-4 -0.028569698 -0.069649816 -0.107355237 -0.135541558 -0.185738921 -0.216490746 -0.237392068 -0.283048153 -0.308808684 -0.344474792 -0.361102104 -0.373026371 -0.384248376 -0.408683062 -0.372787952 -0.39151597 -0.391494989 -0.393085718 -0.423536897 -0.386372924
2.34069261 2.304754734 2.268500477 2.185058892 2.085965544 2.011852324 1.851702422 1.734719902 1.604581535 1.250270933 1.078988999 1.025679648 0.876476467 0.849359334 0.771979988 0.73321259 0.659652412 0.622876406 0.574971616 0.496391654 0.485519648 0.469924212 0.39329356 0.394164026 0.387389481 0.350134313 0.261781931 0.267257631 0.259257674 0.238726318 0.196905911 0.181334257 0.159831166 0.142659426 0.113765359 0.073624849 0.050203562 0.025979519 -0.021496177 -0.057745814 -0.088037133 -0.109431863 -0.120711088 -0.127660632 -0.129871607 -0.130856276 -0.131822824 -0.153122425 -0.162346721 -0.184343219 -0.192923427 -0.193396091 -0.187237501 -0.177294254 -0.162300467 -0.166264057
