Environmental Parameters/RCP 45/2100/Sea-surface_salinity.asc
ncols 720
nrows 360
xllcorner -180.00
yllcorner -90.00
cellsize 0.5
NODATA_value -9999
[rows 50 to 74 of 360, columns 168 to 223 of 720]
-9999.0 -9999.0 -9999.0 -9999.0 -9999.0 -9999.0 -9999.0 -9999.0 -9999.0 -9999.0 -9999.0 -9999.0 -9999.0 -9999.0 -9999.0 -9999.0 30.83994293 30.81944275 30.85359192 30.89643478 -9999.0 -9999.0 -9999.0 -9999.0 -9999.0 30.39512253 30.3549099 30.42109489 30.59197617 30.7904892 30.91862297 30.909832 30.8204422 30.71585464 30.60220718 30.56799507 -9999.0 -9999.0 -9999.0 -9999.0 30.29100397 30.7420336 32.68413833 31.24250156 30.95451012 30.66660354 -9999.0 -9999.0 -9999.0 -9999.0 -9999.0 -9999.0 -9999.0 -9999.0 -9999.0 -9999.0
-9999.0 -9999.0 -9999.0 -9999.0 25.62317824 27.31270897 -9999.0 -9999.0 -9999.0 -9999.0 -9999.0 30.8418079 30.89877415 30.93997997 30.96285194 31.01738358 30.98769188 31.01264 31.08934212 31.00455666 -9999.0 -9999.0 -9999.0 -9999.0 30.63749194 30.63342083 30.61277103 -9999.0 30.63750648 30.7105732 30.83084106 30.94164848 30.98807716 30.99647331 30.97994614 30.97086716 31.09891891 31.36424446 31.70787048 31.78177643 31.844944 31.8955555 31.97116089 32.12230492 32.19309044 32.061203 31.30831245 -9999.0 -9999.0 -9999.0 -9999.0 -9999.0 -9999.0 -9999.0 -9999.0 -9999.0
-9999.0 -9999.0 -9999.0 -9999.0 26.96059918 28.86633909 30.97243643 30.83636045 30.83199024 30.84771782 30.87249321 30.90205383 31.04677773 31.10243416 31.07493973 31.15969467 31.21788979 31.16377258 31.18315315 31.16537857 31.06375313 -9999.0 -9999.0 30.78244209 30.90288734 30.88613129 30.87593079 30.66069984 30.58353233 30.6400013 30.75202751 31.06305504 31.00974083 30.96750832 30.82619476 30.78971863 30.87342453 31.03767586 31.15783691 31.09376144 30.94023132 30.85371208 30.87726212 30.88635635 31.02886391 31.20117569 31.34912109 31.36741868 31.35276181 31.08488399 -9999.0 -9999.0 -9999.0 -9999.0 31.06278354 31.04555756
-9999.0 -9999.0 -9999.0 -9999.0 -9999.0 -9999.0 -9999.0 -9999.0 -9999.0 30.91557312 30.90237617 31.00450706 31.03214455 31.04139328 31.08255386 31.13117218 31.21451759 31.2861824 31.28077316 31.25777054 31.25680923 31.06111908 30.91945457 30.87537003 30.72440147 30.57269287 30.47359657 30.4236393 30.44163513 30.5020237 30.46833611 30.23589325 29.92492485 29.76403236 29.87785339 30.06991577 30.25984001 30.90985489 30.79208946 30.6814518 30.30084801 30.10508537 30.12146568 30.23044395 30.32248497 30.38498878 30.5044899 30.69511604 30.89264107 31.01182365 31.06055385 -9999.0 -9999.0 -9999.0 -9999.0 31.28281182
-9999.0 -9999.0 -9999.0 -9999.0 -9999.0 -9999.0 31.4588269 31.23282295 30.96518898 30.88993263 31.03524971 31.06520462 31.00735092 30.95543289 30.9224987 30.96409225 31.03817558 31.09270859 31.07825661 31.05226326 30.99943161 30.91636848 30.77749252 30.66161728 30.61555099 30.40028572 30.25229836 30.17428207 30.04334259 29.96727562 29.83857918 29.68869209 29.51928902 29.29857635 29.08657646 29.04121208 29.14475632 29.2561512 29.33673668 29.3854332 29.36923599 29.38682556 29.47102356 29.56780243 29.6841774 29.87917709 29.99547768 30.10053062 30.34318161 30.68240356 30.82860184 31.00835037 31.22694016 31.14783216 -9999.0 -9999.0
-9999.0 -9999.0 -9999.0 -9999.0 -9999.0 31.70307928 31.75870132 31.28163719 31.0460968 31.07209778 31.16238213 31.07035637 30.95182228 30.8946228 30.83778381 30.79389 30.75393867 30.71885872 30.67864418 30.62982368 30.57339668 30.51506233 30.44621658 30.45353889 30.36485481 30.25623894 30.09934044 29.94059753 29.7584877 29.6684761 29.65034676 29.70407486 29.30386162 28.94102669 28.65746117 28.67687225 28.85454556 -9999.0 29.0372982 29.12435296 29.21713066 29.28257561 29.35287666 29.44236755 29.54001361 29.63792086 29.6880722 29.79130936 29.96379662 30.22112274 30.51225281 30.72665596 30.92036247 31.03356743 31.07929611 31.01811028
-9999.0 -9999.0 -9999.0 -9999.0 31.96647644 31.79051018 31.24859428 31.03980827 31.09481621 31.17608452 31.13938332 31.03861237 30.94508743 30.8591938 30.75222778 30.65400696 30.54741287 30.47504997 30.38272858 30.29397964 30.20697403 30.13834572 30.09848022 30.08207893 30.06592369 30.03839302 29.97275162 29.91065598 29.82200813 29.64400291 29.46886826 29.3911438 29.06637955 28.69444656 28.49168968 28.511549 28.57442665 28.65180355 -9999.0 -9999.0 -9999.0 -9999.0 -9999.0 -9999.0 -9999.0 -9999.0 29.51484674 29.72194672 29.74260712 29.91035461 30.24560165 30.48322868 30.5950489 30.65922356 30.69784927 30.84521294
-9999.0 -9999.0 -9999.0 30.28484917 31.32162857 31.06194305 31.0428791 31.12560463 31.1506424 31.14640045 31.10552788 31.00367355 30.91228676 30.82626915 30.72070694 30.64550972 30.63009071 30.62392807 30.58321953 30.4878521 30.3853302 30.31001854 30.29177666 30.27898216 30.25077057 30.21160889 30.18316078 30.08453369 29.9103756 29.64016914 29.29461479 28.99578094 28.74602699 28.51719475 28.32313347 28.32486916 28.26860619 -9999.0 -9999.0 -9999.0 -9999.0 -9999.0 -9999.0 -9999.0 -9999.0 -9999.0 -9999.0 -9999.0 29.4239434 29.50638008 29.64616394 29.62355423 29.66880798 29.75971794 29.80743027 29.95403481
-9999.0 -9999.0 29.29030991 30.62956619 30.82379913 30.88443375 31.06398392 31.23235512 31.25375366 31.22580147 31.15843391 31.04250145 30.91143608 30.81835747 30.75428772 30.75056839 30.80847549 30.87344742 30.91602135 30.90877724 30.87124443 30.79463959 30.71389008 30.6496048 30.52491951 30.39929008 30.24650574 30.09694862 29.92521667 29.70867348 29.39417458 29.0539608 28.68146515 28.30776024 28.09592438 28.08947182 27.96623802 27.86906582 -9999.0 -9999.0 -9999.0 -9999.0 -9999.0 -9999.0 -9999.0 -9999.0 -9999.0 -9999.0 -9999.0 -9999.0 -9999.0 27.59318835 27.68592453 28.34168053 28.70314789 29.10989189
-9999.0 -9999.0 29.38276482 30.22151756 30.70318604 30.89344788 31.12462616 31.29717827 31.33065033 31.27383232 31.19411087 31.116539 31.04778099 30.94273949 30.89089966 30.91059494 31.03875732 31.16550446 31.23147392 31.22391701 31.18872261 31.11704254 30.98941612 30.83566093 30.64232063 30.39334488 30.10088921 29.88276672 29.79457092 29.67894745 29.40296555 28.98779297 28.62194252 28.34513474 28.05160141 27.77012253 27.48386955 27.41306546 -9999.0 -9999.0 -9999.0 -9999.0 -9999.0 -9999.0 -9999.0 -9999.0 -9999.0 -9999.0 -9999.0 -9999.0 26.76499617 26.25087303 25.2308445 26.1425209 28.02082634 28.84441376
-9999.0 -9999.0 28.77903366 30.28435135 30.8432045 31.23478317 31.41364288 31.33758354 31.32399368 31.31750298 31.26018715 31.26172638 31.26835632 31.17592239 31.10618591 31.13632202 31.26504517 31.36216545 31.42255402 31.44888687 31.39234161 31.26752472 31.07601929 30.82268715 30.59437752 30.34931374 29.98965645 29.67939758 29.55405045 29.47309685 29.32866096 29.05770111 28.64731407 28.25094604 27.85344887 27.30344582 26.72297478 26.98529384 -9999.0 -9999.0 -9999.0 -9999.0 -9999.0 -9999.0 -9999.0 -9999.0 -9999.0 -9999.0 -9999.0 -9999.0 -9999.0 -9999.0 24.73309898 25.12198067 27.24097443 28.09088707
-9999.0 -9999.0 26.33500099 29.114254 30.12922287 30.54410934 30.84192848 31.07901382 31.30256653 31.56624222 31.6170845 31.62967873 31.52248573 31.40032387 31.29253578 31.26779938 31.36289024 31.46772575 31.51377487 31.54640961 31.5268631 31.37113762 31.12024689 30.80287933 30.47649002 30.1939373 29.86184692 29.57260513 29.3069191 29.10628319 28.96140099 28.73513412 28.34037781 27.70375443 27.19524956 26.75158119 26.44039726 -9999.0 -9999.0 -9999.0 -9999.0 -9999.0 -9999.0 -9999.0 -9999.0 -9999.0 -9999.0 -9999.0 -9999.0 -9999.0 -9999.0 -9999.0 24.21131724 25.41917229 26.22226715 26.8337574
-9999.0 -9999.0 26.19805145 27.92419434 28.87682915 28.97305107 29.4709816 30.14079666 30.70503616 31.2743969 31.61008072 31.66256523 31.60040665 31.48877144 31.38054466 31.3391304 31.41384506 31.48140144 31.51282501 31.54178429 31.48455811 31.29400444 31.01616859 30.71156311 30.4163456 30.19025993 29.96137428 29.67406273 29.35519218 29.00450516 28.72966003 28.36780167 27.74969673 26.92183685 26.3679409 26.34194183 -9999.0 -9999.0 -9999.0 -9999.0 -9999.0 -9999.0 -9999.0 -9999.0 -9999.0 -9999.0 -9999.0 -9999.0 -9999.0 -9999.0 -9999.0 23.44566822 23.1799221 23.51237661 23.88408279 24.2718544
-9999.0 -9999.0 -9999.0 25.28479832 -9999.0 26.72174227 27.73739052 28.6337471 29.52402878 30.34632111 30.93299866 31.04121971 31.18354988 31.27661896 31.34323311 31.31824112 31.32480049 31.4067173 31.45119286 31.44306374 31.31867599 31.08175659 30.80071259 30.56838417 30.41332436 30.32120895 30.14089775 29.92713547 29.63090706 29.18889427 28.72596931 28.34136772 27.89902687 27.21504784 26.56460571 26.01050186 25.83533096 25.88688949 -9999.0 -9999.0 -9999.0 -9999.0 -9999.0 -9999.0 -9999.0 -9999.0 -9999.0 -9999.0 -9999.0 -9999.0 -9999.0 -9999.0 -9999.0 -9999.0 22.86131316 22.66912651
-9999.0 -9999.0 -9999.0 -9999.0 -9999.0 -9999.0 24.7182579 24.4938488 26.57300186 28.12596893 28.93619156 29.7563076 30.36226845 30.75767708 31.03541756 31.19999504 31.29359627 31.31653404 31.32725143 31.2940979 31.15044403 30.91963577 30.65395164 30.53800774 30.50911522 30.48646545 30.31222725 29.95041084 29.43230247 29.01529121 28.70676994 28.27236748 27.8586731 27.53350449 27.0680294 26.46884727 25.93176079 25.49094772 25.68140221 -9999.0 -9999.0 -9999.0 -9999.0 -9999.0 -9999.0 -9999.0 -9999.0 -9999.0 -9999.0 -9999.0 -9999.0 -9999.0 -9999.0 -9999.0 -9999.0 -9999.0
-9999.0 -9999.0 -9999.0 -9999.0 -9999.0 -9999.0 20.66039085 18.31596565 19.62687683 21.60430145 25.40755463 26.79847527 28.17268181 28.98012161 29.57037926 30.24356842 30.73382568 30.91069603 31.03037453 31.18995094 31.15323448 30.95244408 30.69775581 30.60488892 30.5685215 30.53423309 30.39642715 30.05542564 29.50943375 28.93749428 28.34800148 27.85264206 27.53723717 27.24041939 26.8882122 26.47649574 26.06320381 25.60224724 25.34080696 -9999.0 -9999.0 -9999.0 -9999.0 -9999.0 -9999.0 -9999.0 -9999.0 -9999.0 -9999.0 -9999.0 -9999.0 -9999.0 -9999.0 -9999.0 -9999.0 -9999.0
-9999.0 -9999.0 -9999.0 -9999.0 -9999.0 -9999.0 21.81382519 -9999.0 -9999.0 -9999.0 -9999.0 -9999.0 23.37265986 24.59442705 26.15311432 26.63587952 28.54923058 29.79107475 30.41644669 30.87543106 31.02158737 30.87887955 30.73109436 30.61423111 30.46673203 30.30336571 30.18308258 30.13908768 29.91212654 29.31588364 28.19017029 27.51195145 27.17167091 26.86208344 26.62265968 26.28479576 25.89898682 25.36419868 24.38021469 24.41001636 -9999.0 -9999.0 -9999.0 -9999.0 -9999.0 -9999.0 -9999.0 -9999.0 -9999.0 -9999.0 -9999.0 -9999.0 -9999.0 -9999.0 -9999.0 -9999.0
-9999.0 -9999.0 -9999.0 -9999.0 -9999.0 -9999.0 -9999.0 -9999.0 -9999.0 -9999.0 -9999.0 -9999.0 -9999.0 -9999.0 -9999.0 -9999.0 25.30568886 27.16594505 28.81817436 29.82099342 30.40574455 30.53465271 30.42633629 30.24266624 30.04380226 29.93201828 30.02066612 30.11691666 29.94657707 29.25764465 27.99361038 27.17117691 27.03851128 26.57052994 26.31944847 26.11328125 25.85851479 25.24367142 24.01265335 -9999.0 -9999.0 -9999.0 -9999.0 -9999.0 -9999.0 -9999.0 -9999.0 -9999.0 -9999.0 -9999.0 -9999.0 -9999.0 -9999.0 -9999.0 -9999.0 -9999.0
-9999.0 -9999.0 -9999.0 -9999.0 -9999.0 -9999.0 -9999.0 -9999.0 -9999.0 -9999.0 -9999.0 -9999.0 -9999.0 -9999.0 -9999.0 -9999.0 -9999.0 25.11852828 26.03874585 27.57348633 27.965765 28.74972725 29.24907684 29.34404373 29.31285286 29.19792557 29.29084969 29.60829353 29.76678658 29.19322586 27.77860832 26.56802559 26.36115646 26.17696953 25.95493126 25.6389904 25.37528801 25.08707619 23.34179878 -9999.0 -9999.0 -9999.0 -9999.0 -9999.0 -9999.0 -9999.0 -9999.0 -9999.0 -9999.0 -9999.0 -9999.0 -9999.0 -9999.0 -9999.0 -9999.0 -9999.0
-9999.0 -9999.0 -9999.0 -9999.0 -9999.0 -9999.0 -9999.0 -9999.0 -9999.0 -9999.0 -9999.0 -9999.0 -9999.0 -9999.0 -9999.0 -9999.0 -9999.0 -9999.0 -9999.0 -9999.0 -9999.0 27.20849609 27.29518127 27.35805321 27.94645309 27.80131531 27.73881912 27.87040329 28.48788643 28.4068985 27.05932808 25.74078178 25.41462708 25.41392708 25.24995422 25.0592041 23.89933586 22.5335401 -9999.0 -9999.0 -9999.0 -9999.0 -9999.0 -9999.0 -9999.0 -9999.0 -9999.0 -9999.0 -9999.0 -9999.0 -9999.0 -9999.0 -9999.0 -9999.0 -9999.0 -9999.0
-9999.0 -9999.0 -9999.0 -9999.0 -9999.0 -9999.0 -9999.0 -9999.0 -9999.0 -9999.0 -9999.0 -9999.0 -9999.0 -9999.0 -9999.0 -9999.0 -9999.0 -9999.0 -9999.0 -9999.0 -9999.0 -9999.0 -9999.0 -9999.0 -9999.0 -9999.0 -9999.0 26.42313194 27.02589417 27.47406006 26.63847923 25.44442749 23.99503517 24.47178078 23.75450706 -9999.0 -9999.0 -9999.0 -9999.0 -9999.0 -9999.0 -9999.0 -9999.0 -9999.0 -9999.0 -9999.0 -9999.0 -9999.0 -9999.0 -9999.0 -9999.0 -9999.0 -9999.0 -9999.0 -9999.0 -9999.0
-9999.0 -9999.0 -9999.0 -9999.0 -9999.0 -9999.0 -9999.0 -9999.0 -9999.0 -9999.0 -9999.0 -9999.0 -9999.0 -9999.0 -9999.0 -9999.0 -9999.0 -9999.0 -9999.0 -9999.0 -9999.0 -9999.0 -9999.0 -9999.0 -9999.0 -9999.0 -9999.0 25.13115311 25.99079895 26.87918663 26.8979454 25.52659607 22.90277863 22.58560371 21.67885876 -9999.0 -9999.0 -9999.0 -9999.0 -9999.0 -9999.0 -9999.0 -9999.0 -9999.0 -9999.0 -9999.0 -9999.0 -9999.0 -9999.0 -9999.0 -9999.0 -9999.0 -9999.0 -9999.0 -9999.0 -9999.0
-9999.0 -9999.0 -9999.0 -9999.0 -9999.0 -9999.0 -9999.0 -9999.0 -9999.0 -9999.0 -9999.0 -9999.0 -9999.0 -9999.0 -9999.0 -9999.0 -9999.0 -9999.0 -9999.0 -9999.0 -9999.0 -9999.0 -9999.0 -9999.0 -9999.0 -9999.0 -9999.0 24.17210007 24.65430069 24.7881279 24.82504654 24.41580772 22.66376877 20.76033592 19.521947 -9999.0 -9999.0 -9999.0 -9999.0 -9999.0 -9999.0 -9999.0 -9999.0 -9999.0 -9999.0 -9999.0 -9999.0 -9999.0 -9999.0 -9999.0 -9999.0 -9999.0 -9999.0 -9999.0 -9999.0 -9999.0
-9999.0 -9999.0 -9999.0 -9999.0 -9999.0 -9999.0 -9999.0 -9999.0 -9999.0 -9999.0 -9999.0 -9999.0 -9999.0 -9999.0 -9999.0 -9999.0 -9999.0 -9999.0 -9999.0 -9999.0 -9999.0 -9999.0 -9999.0 -9999.0 -9999.0 -9999.0 -9999.0 22.13196945 22.82663918 22.13467789 21.51739693 22.26542091 22.17001915 19.96209526 17.2826252 -9999.0 -9999.0 -9999.0 -9999.0 -9999.0 -9999.0 -9999.0 -9999.0 -9999.0 -9999.0 -9999.0 -9999.0 -9999.0 -9999.0 -9999.0 -9999.0 -9999.0 -9999.0 -9999.0 -9999.0 -9999.0
-9999.0 -9999.0 -9999.0 -9999.0 -9999.0 -9999.0 -9999.0 -9999.0 -9999.0 -9999.0 -9999.0 -9999.0 -9999.0 -9999.0 -9999.0 -9999.0 -9999.0 -9999.0 -9999.0 -9999.0 -9999.0 -9999.0 -9999.0 -9999.0 -9999.0 -9999.0 -9999.0 17.0267601 12.06169701 13.19615269 16.98801041 19.74673271 20.41914749 17.54249191 14.85835361 -9999.0 -9999.0 -9999.0 -9999.0 -9999.0 -9999.0 -9999.0 -9999.0 -9999.0 -9999.0 -9999.0 -9999.0 -9999.0 -9999.0 -9999.0 -9999.0 -9999.0 -9999.0 -9999.0 -9999.0 -9999.0
