Environmental Parameters/RCP 45/2100/Sea-bottom_dissolved_oxygen.asc
ncols 720
nrows 360
xllcorner -180.00
yllcorner -90.00
cellsize 0.5
NODATA_value -9999
[rows 300 to 324 of 360, columns 56 to 111 of 720]
222.1903687 221.6716309 221.6157227 222.6011658 222.6953125 220.8069611 218.489975 217.9735107 218.1608734 219.6244507 218.9068451 218.0964661 216.8095245 216.2200317 216.4694061 214.470993 219.0981293 218.717392 219.0388184 220.9135284 220.4955902 220.7150116 220.7619171 220.6225433 221.4277191 223.4963226 220.9441681 224.4928589 221.7800293 219.4029083 221.4899292 225.9611816 222.4756927 221.3907318 224.0164337 221.4399109 221.026474 220.7377777 222.2590179 219.1663513 219.3006592 222.8222656 218.5130463 221.899826 222.672226 219.6277313 219.2367249 219.8456879 219.8120575 219.4988251 220.0210419 219.9502716 220.99646 217.1345825 219.4264221 217.750351
221.6915131 221.4246216 222.0942383 222.5486298 222.516983 219.5844116 219.1179657 220.5763855 220.5457916 219.828186 221.7482452 221.3798523 221.2770081 221.4681244 221.4672394 221.3465424 223.4164734 222.805603 221.9849854 225.8017578 221.7002563 220.8635101 221.9943695 223.5037231 230.2520142 227.691864 225.5804596 221.4728088 221.287735 222.333252 221.719635 221.8153076 222.369812 222.3641357 223.4068909 222.7346344 218.7078247 220.2885437 219.8811188 219.529129 221.0896301 223.1665802 222.9486542 223.2965851 217.6368866 223.3532562 222.4630585 218.5603333 221.4406281 218.9840698 220.0556335 220.453476 221.100296 221.157959 220.815155 219.7232513
222.42453 221.5880737 221.7519684 222.7929993 222.8382263 221.7900696 221.6399536 222.2063446 221.3145447 222.2555847 223.0389862 223.1302643 220.2647095 224.9026489 223.6663666 223.717804 224.5234833 222.9655914 222.5597992 225.2521667 225.2163849 224.5414429 223.5916595 225.6344452 224.6676331 220.4242554 222.4909821 220.5959473 220.499939 221.0326385 219.1692352 221.1042786 221.0358429 225.4549255 220.4807587 220.8044281 220.171875 217.554306 220.0682373 219.1470032 219.5704041 220.5850983 221.2914124 221.9644623 221.2108307 222.8657684 220.9632721 222.9127502 222.4384613 223.614975 222.5765991 222.4279327 221.2967377 220.8347321 220.5858612 220.3766174
223.6083374 223.31073 220.40625 222.3753967 222.7818756 222.5170135 222.7645874 226.9173279 223.1909637 222.2860565 223.115921 223.9719086 223.8483582 223.1510773 223.1506195 223.2043915 224.6764984 226.3609924 223.5491638 224.3788757 224.0816193 224.6316223 223.1885834 226.1857147 223.3977661 222.603714 223.1346436 222.4740143 220.703537 218.6928711 219.9519043 220.996109 222.6529083 223.8743439 223.934845 220.8568573 220.5267487 217.9718475 218.9959869 220.0158081 219.2934113 219.6537628 220.8132172 220.0068054 221.405426 223.065094 222.6128235 223.3416138 223.2110443 223.5536194 223.1178131 222.1218719 221.0022888 219.975174 219.078949 218.9936218
226.8248901 225.1652679 222.7624969 223.6737213 223.1626587 223.6098633 222.8998718 222.9349365 223.3014374 223.6212463 224.3188171 224.5697021 228.0275574 223.5285187 222.563446 224.2745361 223.708847 224.2280884 224.127243 224.0312805 223.940094 223.624588 222.5506592 222.6566315 222.6286011 221.7161255 222.0991821 221.27005 221.267868 222.6078491 222.7746735 222.7690887 222.7101898 223.4863892 223.7487183 220.5717316 221.0597076 220.6674347 220.133728 218.6269226 221.677536 220.2391968 220.6985931 220.3292999 221.0804596 221.1671906 221.260376 219.9388275 222.7155151 221.7453461 220.1019135 220.5627594 219.1682587 218.2489471 218.0622864 217.0445099
231.3360748 230.5181732 228.9417114 221.1595001 227.7790985 226.5126038 228.6657562 224.5833282 224.290451 224.9542236 228.8995056 224.1356964 226.8416443 223.7733765 223.4610138 223.2793579 223.2795563 226.6076965 225.3568726 224.4913788 225.192276 224.4953918 224.3759308 224.0684357 224.2442169 223.9109497 222.4633789 223.5653229 224.0418091 223.2584381 223.1027222 223.09552 223.9462433 222.6730042 225.147171 220.8372803 222.3200684 223.8200836 223.3713531 220.7297058 220.1828766 220.4733582 220.4132538 220.2640686 220.5600739 219.946991 220.9430389 220.9338226 219.8407288 219.7237854 219.5172729 219.2688751 218.5590973 218.3581696 217.956192 216.7968445
231.6786041 228.9442902 230.8437958 229.3673859 226.8577881 228.4156494 229.9635925 227.8483429 229.2422791 228.7750397 227.890976 225.2610931 225.4893188 224.6274567 225.0526733 225.2637329 225.7084961 225.7340851 226.4019165 226.6961823 225.387207 223.3890991 224.8808441 224.6191559 225.1125031 225.6528015 225.6394043 226.1469116 225.8404388 224.8877258 224.6091156 225.3009796 225.709137 225.9372559 226.0191803 224.5124664 223.385437 224.1287842 222.2852478 220.4793091 220.7618256 221.3518219 220.4940186 218.6377258 220.4495087 220.5178528 220.003067 219.7249451 218.532074 219.3205566 218.782074 218.98526 218.5550079 218.5658722 218.7537994 218.5032959
232.7752228 232.4685669 231.149765 231.151001 230.0272522 226.4208832 230.2520752 238.2856903 228.7550812 228.1265411 227.2232056 226.0371399 226.3437042 226.2958527 225.9576416 226.8533325 226.6384277 227.4174805 227.3943481 224.773468 226.0286865 224.1903229 225.5127106 224.731842 224.7217865 225.9627686 226.3805389 224.7518616 226.7342529 227.2733154 227.4744873 225.9480896 226.8878784 221.5451508 226.527832 225.9467468 225.3972473 224.4354095 223.853653 223.8209991 219.38974 221.3175659 220.8847046 220.5104523 220.5860291 220.2371979 218.0222015 219.6847687 218.3000336 218.4218445 218.4707031 218.6305542 219.2509003 219.1053467 219.36409 219.5271912
234.1518555 233.6610718 233.0484467 232.4356689 232.2236481 231.1427612 229.390274 232.9956665 237.52211 229.1081238 228.6839752 228.2258911 229.8074799 237.9615784 229.3523102 229.1119537 226.4467621 226.6099243 226.8489838 226.8612671 223.8462067 226.0556183 225.8241577 226.4913635 226.7305603 226.5569458 224.9024963 226.1773987 224.4706421 225.102066 218.547348 226.131546 226.5490417 227.0786896 227.0794525 226.6653137 225.7136078 225.4938812 224.9299164 224.3761139 223.3712006 222.6460114 222.6040192 221.9248962 221.4343262 215.834198 219.7147675 220.4210968 219.7177887 220.7091522 220.4404449 220.202179 220.0371246 219.9561157 219.4175262 219.835083
240.2807465 237.9003448 234.8429108 234.4556274 233.8433838 233.9906921 235.18013 233.7087402 232.4008789 231.9293518 231.5177917 229.9221039 230.3332825 228.9212952 229.3404999 228.386795 236.5718842 231.0614014 227.7865143 225.6493988 226.0012817 225.8938141 226.0028992 225.8882294 225.462738 224.2300415 223.4898987 224.1754608 223.6042786 223.2830353 221.8637848 223.1204834 222.9267883 222.1676483 224.7637329 225.3230743 224.4651184 224.8786926 224.2704468 223.4024658 223.5879669 222.417572 221.983078 221.4878693 220.8625793 219.8199158 219.6800079 220.2613983 220.8706055 221.1543427 220.8430176 220.9064789 220.0660095 219.69841 219.9560089 219.5948486
237.6829987 238.04216 191.3291168 238.9160461 235.7160492 235.9141846 237.9616547 234.561554 234.6530457 237.0045776 234.4736176 232.5622559 232.4766846 231.5648956 233.8256683 232.09021 236.1670837 229.0652618 230.6453857 228.4688568 227.6004639 227.2060699 226.2468414 225.5436859 225.2440491 224.9941711 224.4242706 223.686615 224.9066162 225.1838989 225.1262207 224.5406647 222.6501465 221.3745117 223.2637787 222.2746582 224.0754852 223.8891296 223.6114349 222.9283447 222.2813721 221.7237396 221.3592529 221.2920074 220.3196411 220.3522949 220.0280762 219.9625244 220.1495361 220.2795868 220.4380341 220.3062286 220.0918884 219.5087891 218.3403931 217.4981689
240.5789948 240.0532227 238.2029877 237.907196 221.6145477 237.0553741 236.7645416 236.3229828 236.451828 235.8255463 190.774704 236.915451 224.2230225 200.4035339 235.0634766 234.7215424 233.114563 234.4797821 229.041214 231.6676331 229.3028412 228.9908447 227.9106445 227.0128326 226.3840485 225.934845 225.8915863 225.2944183 225.2884674 226.69487 226.8132324 225.3625031 224.417923 224.0630951 223.792099 224.3941498 224.0069275 223.6871185 223.0792999 222.6140137 222.2516785 220.7952881 221.8522339 221.5682983 221.0828552 220.6088867 220.2853394 219.9741516 219.0862732 218.6758118 218.5355682 217.8070221 217.0478363 216.2667999 215.522522 214.9513092
223.6956482 240.3538208 239.9479218 238.8881836 239.4341736 239.0332336 238.4337158 230.3071747 237.3721008 229.8564148 236.984787 236.7029724 235.1356506 236.6539001 235.8453064 235.3440094 234.7562408 232.6337891 232.7874146 233.4578247 231.1814575 230.4279022 229.5093994 227.9449921 227.7170868 226.7478333 226.5438843 227.2482147 227.9552765 228.0238647 227.5264587 225.1254272 224.1338806 223.8558044 224.4163666 221.355957 224.6335297 224.0410156 223.4874573 223.0226746 222.845459 222.603775 222.149765 221.3872375 220.4066315 219.0248413 218.307663 217.7863617 217.1951599 216.4595642 215.6985321 215.0402985 213.6538391 213.061142 213.4593506 212.236908
240.24823 240.014267 239.8123779 239.7761841 239.6226349 239.9042053 239.6814423 239.1725616 238.8209229 238.539566 237.9288788 237.3871155 237.4052124 237.3497162 225.2514496 236.2104187 236.3041077 235.969696 235.663208 233.9023895 232.3054657 230.2640076 230.9972992 230.425827 230.0814667 229.378067 228.5315704 226.0713196 228.7055359 228.0284424 228.3501129 225.5928497 222.8856812 222.4606628 222.7750854 223.2834015 223.6896973 223.4282532 222.9142761 222.0607452 221.8496704 221.0110016 219.896759 219.2522888 217.4264374 216.6380463 216.1410675 215.758255 215.5823364 215.2964172 215.0923615 214.8658142 213.959671 214.1936188 213.9334259 213.6378937
240.1540833 239.9442596 239.739502 239.7742462 240.0492706 240.2063751 239.9702301 239.8818512 239.4209442 239.1669769 238.3660583 238.4834137 231.3027344 232.8581696 237.8361053 236.984787 236.4954376 236.4736786 235.7801819 234.9456635 234.7451477 233.3721924 232.3886719 232.0713196 231.4155121 231.3346405 231.4794006 231.5587921 231.3383789 231.536499 230.6179352 227.6715393 224.0251617 221.3569946 220.540802 220.5494537 220.5977936 220.8208923 220.5859375 220.335968 219.8779755 219.1954193 217.5360413 216.9822083 216.8674316 216.8239441 217.0247192 217.269455 217.481369 216.852951 216.6055908 216.5295715 216.0673218 215.539505 214.9578857 214.0864105
240.2874603 240.5963593 240.6513824 240.9819031 241.1102753 240.3279114 240.3699188 239.8412933 239.2020416 238.9864655 238.3003693 237.9773865 237.7467651 237.844696 237.1413727 237.0464325 236.3604279 236.498764 236.2781525 235.7282867 234.4218903 233.9260254 233.0365906 232.7716064 232.6663818 230.8607025 231.6619415 232.2059784 231.7915344 232.1013031 231.9533081 228.6696167 224.9440765 222.1917725 220.7863922 220.4256744 220.5164337 220.3692627 219.9878235 219.8209381 219.8670044 220.0174408 219.7639008 218.7931976 219.0075378 218.8349762 218.7882385 218.8525848 218.8376617 218.6413422 218.0229645 215.9029999 215.0763092 214.204422 213.4305725 212.9429626
241.021759 241.1731262 241.213974 241.3541412 241.3442383 241.1796722 240.7406006 240.4372253 239.8492737 239.0955505 238.6306 238.217453 237.6856995 237.304184 237.0336151 237.0856934 236.567215 237.0655518 236.5422821 236.246994 236.3234711 234.7583771 233.6240234 230.035965 233.3117218 233.0328064 233.446991 232.8422241 233.0319977 233.3192291 233.2247467 230.8400421 226.4335022 223.1721039 221.7601471 221.9554749 221.9528503 222.1349945 221.7690735 221.5419617 221.2887421 220.8772888 220.5211487 220.1930695 217.3220062 216.7883453 214.2924042 214.2675171 215.9656982 215.472641 214.6564636 213.7165375 212.6046143 211.853653 211.1238708 210.9743958
240.6751099 240.2453308 240.2121277 239.949646 239.6488342 239.463562 232.9759827 239.5530853 239.375351 239.0292511 238.5328522 238.0795288 237.141571 236.3742371 235.7627411 235.8595886 235.8018799 235.9541321 236.1539612 237.0572968 236.2161102 235.3086548 234.2824554 234.2502136 234.2711029 234.3685455 234.2481842 233.7560272 233.476593 234.6688843 236.0081787 234.1147003 229.5604248 225.0768585 224.5215149 224.5198975 224.0812073 223.8667908 223.2081757 222.2914124 221.5351105 220.4577789 218.2738037 216.9953918 215.2657318 210.7910919 207.9185028 207.5337524 207.8986664 208.704895 208.5340424 208.3554993 209.7129669 206.9484863 206.5267334 206.4752502
239.4182587 238.4102173 237.8084717 237.6342316 237.0757294 237.2088318 237.0366821 236.970993 236.8785858 236.7820587 236.3418427 236.0595703 235.8535767 235.2741241 234.9012299 234.7563934 235.0962067 235.6366272 236.0051422 236.1628265 234.865799 234.0502625 233.9936523 234.0314484 233.98349 234.0283051 233.9232941 233.6296844 233.4753418 233.597702 234.8976593 236.3933105 234.2173309 229.9684753 227.6674347 226.6332092 225.8890076 224.229538 224.2868958 221.6998901 219.7175751 213.4134827 215.3220062 213.8556366 211.3671112 207.1762238 204.3490906 203.1793671 202.7115936 202.62323 202.5332031 202.0404205 201.8735809 200.8591156 200.3243256 200.3873596
237.4659424 236.6496429 235.7635803 235.5477448 234.6896057 234.7854462 235.0538483 235.3063049 235.3972168 235.3160095 235.1500702 235.024231 234.7511139 234.2307587 233.8204041 233.9669189 234.0534668 234.4407806 235.0327911 234.2624359 234.3181458 234.1779175 233.9083405 233.5979309 233.2696686 233.0999756 232.7883911 232.4414673 232.3423462 232.4919891 233.0009918 234.8104401 236.4928284 235.6112671 233.9630585 232.9495544 230.8226013 228.7459717 225.5011292 222.750885 220.2621613 217.2713623 217.8227081 215.5097351 213.3861237 207.5466003 203.2155914 202.7826538 202.2370453 197.3943939 190.0341187 191.1743927 196.7828827 194.507019 190.1496124 191.1464844
235.2380676 234.2849274 234.4813843 233.0426025 233.2675629 233.518158 233.6951904 233.836731 233.8343201 233.7335968 233.5340118 233.2986145 232.9886475 232.5574493 232.166687 231.7618561 231.6896362 231.6676025 231.7760925 232.5331879 232.6347198 232.4729309 232.166748 231.7108612 231.713974 231.486969 231.3482513 231.157074 230.9529724 230.9645844 231.5056305 232.6905365 234.1187744 235.4003448 236.5848083 237.0059509 236.1871643 235.4137268 231.5222473 228.3552246 223.4092255 221.6434021 219.1589813 218.4216003 216.5705109 212.4004211 208.8940735 205.2797852 204.1044769 202.6251678 201.5252991 200.4341278 198.1955261 196.1018066 195.6228333 192.9815369
233.1623383 232.549408 232.2455444 232.2274933 232.3617401 232.3106689 232.1719971 231.9156189 231.6303711 231.3450012 231.3191223 231.3878937 231.4782867 231.3260651 231.1310883 231.2015533 231.1707153 231.019165 230.7904663 230.5592194 230.3414307 230.5273285 231.1002197 231.7561798 232.302597 232.2590332 232.0765076 231.8670502 231.9997559 231.0641022 230.9400787 231.0990295 232.3498077 232.8516541 233.5952606 234.6937408 234.3259888 234.5224762 232.5581512 230.0083466 225.1537628 222.0064545 221.3898773 215.5496979 212.5795135 209.8216705 209.0772705 202.5408173 203.5984344 202.7586212 203.1687012 202.7007751 200.500473 199.466095 196.4156799 195.8314514
233.2979126 232.7652435 232.6395111 232.6407776 232.6126862 232.2332916 231.7388306 231.2268066 230.6446381 230.1700287 230.0077209 230.2701721 230.6243744 230.9279785 231.0102997 231.1648712 231.2672577 230.9274139 230.3176422 230.1251526 230.5742493 231.5700836 231.8779297 232.2701263 232.20578 232.0780029 231.9802094 231.5866547 231.3635101 230.9711609 230.6358948 230.4370422 230.4096985 231.1035004 230.7667694 231.0879364 231.4608459 231.0567932 227.5906982 224.5892792 221.4671021 217.910965 213.5348511 208.4520264 207.3136444 207.164917 206.9654541 205.6877899 202.468689 201.3181915 200.8984375 200.999115 198.5633698 198.9776001 196.6099854 193.986618
233.9504089 233.6142578 233.2130432 233.037674 232.4674988 231.9142303 230.8805389 230.6460876 230.0959167 229.679306 229.5573273 229.7537994 230.1213989 230.2588806 230.1408234 229.9408417 229.6954956 229.4751892 229.4192505 229.6420593 230.1247864 230.9041901 231.3479309 231.6346588 231.8102875 231.7476196 231.5608673 231.0404205 230.7919312 230.3516998 230.3678436 230.5681 231.3366394 231.3516998 229.8705292 228.342041 227.1606445 223.8618774 217.7884216 212.9794006 208.9642334 207.0544739 206.0001831 203.3706512 203.0615387 202.1752167 204.4354706 200.8721771 199.4412079 198.4112091 195.1503143 192.799057 192.553772 192.0461273 190.7240143 189.0036469
233.3381805 232.8141937 232.4920807 232.385788 231.9899902 231.9489594 231.0269623 230.2354431 229.7059784 229.3950806 229.1880646 229.0821838 228.6756439 227.8790283 227.8993683 228.4460907 228.5451508 228.8672028 229.3519135 229.0932159 232.2041321 232.3717346 231.7440033 232.0443573 230.2695007 229.4004974 228.4620056 227.6447144 226.9692993 223.9767609 222.9780273 221.0500946 221.6810303 218.8786621 216.6564331 212.8737488 209.0765381 205.5892487 205.3910217 202.6412354 202.4673462 202.3825684 201.8784637 201.2922821 201.7204285 202.7239532 207.7923889 209.811554 210.8939667 208.4154816 203.2943726 199.8713531 199.7319946 198.9708099 198.7103424 199.6335754
