Environmental Parameters/RCP 45/2100/Sea-surface_salinity.asc
ncols 720
nrows 360
xllcorner -180.00
yllcorner -90.00
cellsize 0.5
NODATA_value -9999
[rows 100 to 124 of 360, columns 56 to 111 of 720]
33.29523468 33.2792778 33.28231049 33.28352737 33.27380371 33.25091171 33.22012329 33.20413971 33.18208313 33.1496582 33.11649704 33.08803558 33.06811905 33.06206894 33.0535965 33.04048157 33.0246315 33.00140762 32.99114227 32.99197006 33.00056076 32.99232101 32.99424744 32.99370193 32.97654343 32.95248413 32.92035294 32.88074112 32.85414886 32.82925034 32.81071091 32.79956436 32.79062653 32.78891373 32.77371216 32.74905396 32.71212769 32.68496704 32.66660309 32.65394211 32.63000298 32.59608841 32.55418968 32.51363564 32.47640419 32.41824532 32.33108139 32.24616051 32.2562027 32.33529663 32.42575836 32.46031189 32.48034286 32.50811386 32.56820679 32.70545959
33.37552643 33.36353683 33.35894012 33.35917282 33.35721588 33.34142685 33.32554245 33.31053925 33.27682114 33.24754333 33.21721649 33.19515228 33.18360138 33.16498947 33.15143967 33.13495255 33.11404419 33.09415054 33.08513641 33.08018494 33.09407425 33.10410309 33.1038208 33.09228897 33.07180786 33.036129 32.98709488 32.9432373 32.91215897 32.88390732 32.86957169 32.85453796 32.83574677 32.82899094 32.82154083 32.80329514 32.77603149 32.74642181 32.71759415 32.69612503 32.66871452 32.63448143 32.59124184 32.52767944 32.4641304 32.39893723 32.33236313 32.30197334 32.32976532 32.3852272 32.45066071 32.46342087 32.48713684 32.52641296 32.6051178 32.76506042
33.43768311 33.4247551 33.41585159 33.41269684 33.41444397 33.40935135 33.40029526 33.38758469 33.36818695 33.34344101 33.3167305 33.29795837 33.28154373 33.27100372 33.25912476 33.23854065 33.21063995 33.18722153 33.17181015 33.16830063 33.17744064 33.18648148 33.18588257 33.17051697 33.14512634 33.11015701 33.05888367 33.01527405 32.98101425 32.95598602 32.93738556 32.91781998 32.89472198 32.8833847 32.88130569 32.87047577 32.8417244 32.80612183 32.76647186 32.7384758 32.70520782 32.67400742 32.63527489 32.5682354 32.49261475 32.43379211 32.38138008 32.36055946 32.40925217 32.43878555 32.44684982 32.47018051 32.51385117 32.57049179 32.66921616 32.78804016
33.48286819 33.47839737 33.46798706 33.46401215 33.46697998 33.46318054 33.4466629 33.4342041 33.42641068 33.39739227 33.37745667 33.36073685 33.34712601 33.34107208 33.34084702 33.32820892 33.29699707 33.26225662 33.23680115 33.24121475 33.24319077 33.24175644 33.23307419 33.22163391 33.20389175 33.17582321 33.13110352 33.09610748 33.07435989 33.04920197 33.02871323 33.00826263 32.98911285 32.96878433 32.94949341 32.9283371 32.89208603 32.85320663 32.81260681 32.77967834 32.74768448 32.71689796 32.67774391 32.61624718 32.54919052 32.49341393 32.4517231 32.4301796 32.44062424 32.45552444 32.46286774 32.491642 32.53526306 32.5850296 32.66992187 32.758461
33.52568436 33.51751709 33.51235199 33.50360107 33.49980545 33.49646759 33.48090744 33.45463943 33.43284607 33.40949249 33.3866806 33.3957634 33.38900757 33.39549255 33.40429306 33.40424347 33.38478088 33.34860992 33.31430817 33.29057693 33.286026 33.29036713 33.29226685 33.27418518 33.25474548 33.22881699 33.20923615 33.18864059 33.16707993 33.15174484 33.12641907 33.10186768 33.07412338 33.04904556 33.02017593 32.98070908 32.94135666 32.90485382 32.86751175 32.83331299 32.79642868 32.75821304 32.71399879 32.65822411 32.60583878 32.56856537 32.53335953 32.50257492 32.4902935 32.47766113 32.48853683 32.51877594 32.55664825 32.59609222 32.6640892 32.74938965
33.59475327 33.58982849 33.58969498 33.58292389 33.56844711 33.54840088 33.53755951 33.5182457 33.49272537 33.47392273 33.45874786 33.45623016 33.46324539 33.47451019 33.49290848 33.49195099 33.47383881 33.44342804 33.40663528 33.36240768 33.35205841 33.36214066 33.3624649 33.35572433 33.33575058 33.31629562 33.29361725 33.27915955 33.26615143 33.24746323 33.21440887 33.17816544 33.14528656 33.11849213 33.08084106 33.04060364 32.998909 32.9573555 32.91327286 32.87080383 32.84370804 32.80872726 32.76442719 32.70697975 32.63798141 32.58442307 32.55787659 32.53655815 32.52336502 32.52278328 32.53593826 32.5581131 32.58930206 32.62230682 32.67906952 32.75101852
33.70291519 33.70171356 33.69953537 33.69014359 33.664814 33.63712692 33.62791824 33.61819458 33.59837723 33.58082581 33.56349945 33.56001282 33.57381058 33.58979797 33.59096909 33.58491135 33.56586838 33.53923416 33.49698257 33.46466827 33.44382477 33.43836975 33.44982147 33.45864868 33.44863129 33.41926956 33.39313507 33.38648605 33.36819839 33.32812881 33.27762604 33.23528671 33.19850922 33.16184998 33.12703705 33.08782196 33.03295898 32.97802734 32.93517303 32.89739609 32.86322403 32.82553864 32.78155518 32.72730255 32.66547775 32.59688187 32.56343842 32.56283188 32.56594467 32.57603455 32.58400345 32.58358002 32.58418274 32.60988617 32.69061661 32.75602722
33.80545425 33.80865097 33.79947281 33.77930069 33.74723816 33.72478485 33.72279358 33.72468185 33.72646332 33.71989059 33.7050972 33.68980026 33.68788147 33.69929504 33.68669891 33.67623138 33.66176224 33.63562012 33.5986824 33.56268692 33.54447937 33.53712463 33.53234482 33.52727509 33.51448441 33.48442459 33.46450043 33.46194458 33.45014954 33.40441513 33.3373642 33.28674316 33.24547958 33.21086502 33.17512131 33.12413025 33.05976486 32.99908829 32.95733261 32.93173218 32.89889145 32.852211 32.80706406 32.74918365 32.69890594 32.64463043 32.61983871 32.61742592 32.61966324 32.63376808 32.63555527 32.6223793 32.59434128 32.61045456 32.68572235 32.772686
33.93114853 33.91815186 33.89948273 33.86687088 33.82486725 33.79616165 33.79202652 33.80091476 33.82884216 33.83699417 33.81887054 33.7967186 33.78167725 33.76559448 33.72780609 33.71687317 33.71644974 33.70474625 33.68241119 33.64263153 33.60403442 33.57791519 33.56411743 33.56690979 33.55175018 33.52039719 33.50498581 33.5098381 33.49940872 33.45703125 33.3906517 33.34027481 33.30266953 33.26151276 33.2170105 33.16243744 33.09807968 33.03991318 32.99642563 32.95751572 32.91249466 32.8626976 32.82148743 32.77235794 32.74126434 32.72227478 32.71325684 32.70849991 32.69706917 32.69499207 32.68901443 32.67686844 32.65077591 32.65656662 32.70006561 32.76557922
34.04457855 34.0234108 33.99792862 33.96282959 33.9056778 33.87074661 33.86075974 33.86934662 33.89458847 33.91003799 33.88503647 33.86762619 33.84902954 33.82645035 33.7840271 33.75896835 33.75688553 33.75692368 33.75614929 33.72772598 33.67620087 33.64800644 33.63889694 33.63512421 33.62601471 33.5974617 33.57109451 33.55728912 33.52682877 33.4899025 33.44661713 33.40486526 33.36556244 33.31410599 33.25970078 33.20307159 33.14209366 33.08877182 33.04124069 32.99269485 32.93776321 32.87863159 32.83858871 32.80804443 32.80442047 32.80371857 32.80944061 32.796875 32.77973557 32.76501465 32.75204849 32.73820877 32.71813583 32.72152328 32.73269272 32.77661133
34.15486145 34.12770844 34.10426712 34.07782364 34.02684021 33.98225784 33.96414185 33.97413254 33.99731064 34.00146484 33.97612 33.95177078 33.93566895 33.91066742 33.86738205 33.83204269 33.81009293 33.81039047 33.82406998 33.81288147 33.7807045 33.75867844 33.75548935 33.75422668 33.73783112 33.71569443 33.68264008 33.6447525 33.59891891 33.555336 33.51567841 33.47779465 33.43338776 33.38523483 33.33966446 33.28680801 33.2303772 33.17976379 33.12750244 33.08430099 33.04132843 32.97529984 32.90338516 32.87098312 32.86697006 32.87740326 32.88602829 32.89228439 32.87284851 32.83038712 32.8154335 32.80376434 32.78001022 32.77684021 32.79692078 32.84431458
34.27752686 34.24639511 34.22439575 34.18800735 34.14957428 34.10696411 34.08474731 34.09308624 34.11135483 34.10616684 34.09503174 34.05693817 34.03794861 34.01421738 33.9771843 33.93750381 33.90344238 33.90382767 33.9115181 33.92845154 33.91504288 33.8970871 33.89561844 33.89296722 33.87131882 33.84519958 33.81575012 33.77484894 33.73547363 33.68423462 33.64286041 33.61209106 33.57606125 33.5209198 33.4679985 33.40591431 33.35471344 33.3032074 33.25066757 33.21081161 33.16310501 33.09827042 33.02754974 32.98119354 32.95738983 32.95427704 32.9549408 32.95077515 32.92474747 32.90157318 32.8873024 32.86500931 32.83204269 32.8273735 32.84967041 32.89620972
34.41927338 34.38141632 34.35036087 34.32234573 34.29482269 34.26908875 34.22468948 34.2057991 34.21771622 34.22122955 34.2183075 34.19945526 34.1615181 34.14113998 34.12632751 34.09832764 34.08408737 34.06423569 34.07490158 34.08638 34.07594299 34.05533218 34.03551483 34.02716064 34.00722504 33.96986771 33.93961716 33.92764664 33.88973999 33.83590698 33.78511429 33.74477386 33.69955444 33.64227676 33.57460022 33.4986763 33.44062042 33.37874985 33.32515717 33.29476929 33.24542618 33.17580032 33.10626221 33.05041504 33.01821518 33.00259399 32.99080276 32.97919083 32.94468307 32.92182922 32.91242981 32.88357925 32.87382889 32.87026596 32.88845825 32.92751694
34.53783798 34.48366928 34.45021439 34.42669296 34.41022491 34.39017105 34.35177612 34.3327179 34.34045792 34.34215546 34.33107758 34.3119545 34.2828331 34.25373459 34.24445343 34.24153519 34.25630569 34.25723267 34.23939514 34.2325325 34.22380829 34.21072769 34.18705368 34.14526749 34.11223221 34.07401276 34.05194473 34.04109573 34.015728 33.9707489 33.91353226 33.86175537 33.80420303 33.73739243 33.65093231 33.5653038 33.48445129 33.41358566 33.37270355 33.34251404 33.28913498 33.22013855 33.15713501 33.10311127 33.05346298 33.02252197 32.99621964 32.98560715 32.96327972 32.9489212 32.93251038 32.90497208 32.89577866 32.89668274 32.91064453 32.93820953
34.62197113 34.57785797 34.55877304 34.53071594 34.50630188 34.48969269 34.47436905 34.47741318 34.47626114 34.47275543 34.45663834 34.43989944 34.41260147 34.38196945 34.36016464 34.3659668 34.3979454 34.40763855 34.39029312 34.37506104 34.3628273 34.33898926 34.31987 34.27796173 34.21356201 34.15367889 34.11596298 34.09557724 34.06624985 34.030159 33.97604752 33.93191147 33.87895584 33.81045914 33.72355652 33.63078308 33.54890823 33.48344803 33.43147278 33.39987564 33.35665131 33.28464127 33.21374893 33.14777756 33.09577179 33.05368805 33.02015686 33.0086937 32.99445343 32.97234344 32.95769119 32.94607544 32.94432449 32.94814682 32.95640945 32.96876907
34.67293167 34.65261841 34.64169693 34.62252808 34.61388016 34.60432816 34.59664917 34.59938431 34.5904541 34.57765961 34.5621376 34.54415894 34.51440811 34.47097015 34.43635559 34.46132278 34.48031616 34.47867584 34.46355057 34.45757294 34.44089127 34.41661835 34.39453125 34.35224915 34.298069 34.24713898 34.21415329 34.2000618 34.16691971 34.11306763 34.05718994 34.02006912 33.96839905 33.9010849 33.81689072 33.72467041 33.65036774 33.5975647 33.55542374 33.50808334 33.46399689 33.39299393 33.30049515 33.22634888 33.18270874 33.1412735 33.10413742 33.07631302 33.05823135 33.04578781 33.03417587 33.02510452 33.0115242 33.01325607 33.01395416 33.00262451
34.73190689 34.72163391 34.71215439 34.70628357 34.70966721 34.71647263 34.72452164 34.72494507 34.70703125 34.67435074 34.67052078 34.63831329 34.59701538 34.54912567 34.51211166 34.48115921 34.46782303 34.44927216 34.45393753 34.44375992 34.43252563 34.4249649 34.4152565 34.38418198 34.35559464 34.33340836 34.31965256 34.29524994 34.25469971 34.19917297 34.15209961 34.11877441 34.05707932 33.97171783 33.86981583 33.78466415 33.75053024 33.7166748 33.68320465 33.64382553 33.59466934 33.51333237 33.41718292 33.34997177 33.31577301 33.268013 33.22134781 33.17864227 33.17158127 33.15294266 33.14177704 33.11812973 33.09583664 33.08192444 33.06880569 33.0473671
34.73819733 34.7616806 34.7505722 34.741745 34.75074005 34.77788544 34.78092194 34.78295517 34.75810623 34.71573639 34.67451477 34.64758682 34.60110092 34.58513641 34.55598831 34.51424026 34.48479462 34.46812057 34.46591568 34.4563942 34.45835495 34.45689392 34.45709229 34.44820404 34.43547058 34.42001724 34.38985443 34.34305573 34.30037689 34.26210403 34.22350693 34.17685699 34.10203552 34.01823044 33.92972183 33.86075592 33.84197998 33.82572174 33.79678345 33.74933243 33.701828 33.65071869 33.58502197 33.51464081 33.47654343 33.43054199 33.38233185 33.33280563 33.30986023 33.29399872 33.27538681 33.23635101 33.18438721 33.13653183 33.1014328 33.08140564
34.77814102 34.77330017 34.7609024 34.75145721 34.75278854 34.75302124 34.78512955 34.7673111 34.74102402 34.70863724 34.67577362 34.63788986 34.60332108 34.57659912 34.56481171 34.55343246 34.54733276 34.54826355 34.54994965 34.54221725 34.55054474 34.56908798 34.57540894 34.55504227 34.53603745 34.5002861 34.44571304 34.38775635 34.33261871 34.28530502 34.24931717 34.199646 34.14086914 34.08475876 34.01805115 33.95922089 33.93904114 33.93635178 33.92594147 33.88137054 33.81826782 33.79198837 33.75457001 33.70069885 33.64879608 33.58821869 33.53357697 33.47804642 33.42964172 33.39028931 33.35969543 33.31241226 33.24894333 33.20535278 33.1603775 33.12753296
34.82364273 34.81243896 34.80558014 34.79556656 34.78613663 34.77780914 34.76765442 34.73143768 34.70880508 34.69219589 34.68177414 34.67329025 34.66784668 34.66347122 34.67071533 34.67272568 34.66465759 34.65753174 34.66929626 34.67288971 34.66620636 34.66701889 34.66469574 34.62458801 34.58578491 34.55701065 34.51423264 34.45571136 34.40057755 34.35222626 34.30091095 34.2504921 34.21985245 34.2054863 34.17995834 34.14134216 34.0977211 34.09111023 34.07925034 34.03518295 33.97976303 33.94032669 33.91419983 33.85976028 33.79981232 33.72859955 33.64250946 33.55314636 33.48384094 33.42952347 33.38369751 33.32277298 33.26399612 33.23003387 33.21770096 33.21444321
34.85810089 34.84914017 34.84315491 34.83555222 34.82537842 34.81220627 34.79241943 34.77235031 34.75678635 34.74517822 34.73788071 34.7348175 34.73254776 34.73639297 34.75153351 34.76153946 34.76532364 34.76166534 34.76280212 34.76265335 34.74000168 34.72107315 34.69883347 34.67019272 34.6466217 34.62363434 34.59267426 34.55234909 34.51245117 34.46767807 34.41464233 34.37085342 34.35180283 34.32614899 34.30617142 34.27813721 34.23944855 34.20895004 34.18861771 34.13617706 34.07853699 34.03022766 33.99802399 33.9538765 33.89290619 33.82321548 33.72641373 33.62494659 33.55023956 33.4871521 33.43650055 33.37987518 33.33171082 33.29808044 33.28596497 33.27743149
34.90509033 34.89982605 34.90970612 34.92056656 34.91699982 34.89670944 34.88744736 34.87533569 34.85108566 34.84515762 34.82099152 34.81010437 34.80252457 34.80635071 34.81164551 34.81241989 34.82899475 34.83729553 34.8591156 34.86715317 34.85462189 34.83062744 34.78328705 34.75623322 34.73602295 34.71599579 34.68684006 34.65542221 34.64023972 34.61021805 34.56687927 34.52675629 34.5056076 34.47586823 34.41671371 34.38140488 34.32811737 34.27827835 34.2447052 34.19295502 34.12321472 34.0594635 33.99457169 33.92393875 33.8853035 33.84292984 33.78033066 33.71508026 33.66155624 33.59725571 33.53472519 33.47873306 33.42803192 33.40169144 33.39043045 33.38370132
34.99279785 34.996315 35.0124588 35.01567459 35.01209259 34.99868393 34.9933548 34.98289871 34.97779846 34.97393417 34.9500618 34.91665268 34.9044075 34.90521622 34.91422272 34.91658783 34.91905212 34.92568588 34.93027115 34.93762207 34.93848038 34.92939377 34.91630173 34.90061951 34.87511063 34.83900833 34.79759216 34.77619553 34.75837708 34.72480011 34.67959213 34.63849258 34.60596848 34.56954575 34.53128433 34.49598694 34.45210648 34.39772797 34.33934402 34.28395462 34.22982407 34.16930389 34.08660507 34.00785446 33.95401764 33.92989349 33.89046478 33.84495163 33.80476379 33.74996185 33.68946075 33.61642456 33.56051254 33.52039337 33.50241089 33.50218964
35.08132935 35.09663773 35.1137886 35.11360931 35.11333847 35.08735657 35.07855606 35.06493378 35.05064774 35.04772949 35.05214691 35.04853821 35.0508461 35.04861069 35.05078506 35.05834198 35.05595779 35.05519104 35.05010605 35.02305603 35.02825165 35.02177048 35.0093689 35.00444412 34.98296356 34.94852448 34.89871597 34.86971664 34.84123611 34.81360626 34.78876114 34.75180435 34.71226501 34.67108536 34.62240219 34.5838356 34.54961014 34.49469757 34.43307877 34.39186478 34.34901428 34.30878067 34.2419014 34.1584549 34.10121155 34.06336975 34.02870941 33.97737503 33.92181396 33.87142181 33.80779648 33.74139786 33.7015419 33.66004181 33.62861252 33.61188889
35.16246796 35.18572998 35.20245361 35.20335388 35.19384766 35.16017914 35.15118408 35.14768982 35.13447189 35.1282196 35.13033676 35.13684845 35.14102936 35.1328392 35.12325668 35.13358307 35.13672256 35.12965775 35.12437057 35.12015533 35.12647629 35.12807465 35.11417389 35.10006332 35.0898819 35.07892609 35.06690598 35.01202774 34.98350906 34.9508934 34.91545868 34.87024307 34.81233978 34.75126266 34.70667267 34.6608963 34.62187195 34.58345795 34.54026413 34.48968506 34.43452072 34.37680817 34.31806183 34.25684357 34.20801544 34.16841888 34.12066269 34.05773544 33.99844742 33.94072342 33.87348557 33.81787109 33.78571701 33.75514221 33.72232437 33.69064331
