Environmental Parameters/RCP 45/2100/Sea-bottom_temperature.asc
ncols 720
nrows 360
xllcorner -180.00
yllcorner -90.00
cellsize 0.5
NODATA_value -9999
[rows 150 to 174 of 360, columns 112 to 167 of 720]
1.038591504 1.04007411 1.041924715 1.043120623 1.076317549 1.081281185 1.08450079 1.115257025 1.12038517 1.090624213 1.09072578 1.131990433 1.135748386 1.137372732 1.139565349 1.180320263 1.140567064 1.195520997 1.200790524 1.203922272 1.206479192 1.209823489 1.270192623 1.212328076 1.261979461 1.3379426 1.473888159 1.412725687 1.280383706 1.284843445 1.286714673 1.288612127 1.297701359 1.301815033 1.291968942 1.332955122 1.408199787 1.510103822 1.545067668 1.591753244 1.589521408 1.57383132 1.559154034 1.559690118 1.561789274 1.536052227 1.563088775 1.561734557 1.556479335 1.549364924 1.537141323 1.545982361 1.53672874 1.510849237 1.505905271 1.476118326
1.032335758 1.037021875 1.039939761 1.040614009 1.101750612 1.104192257 1.344702005 1.09886694 1.112464428 1.116195917 1.120855808 1.1241225 1.097792625 1.129272819 1.132441282 1.135178566 1.139116049 1.142414808 1.180853248 1.184385538 1.188898921 1.192480683 1.197224855 1.310413003 1.256334424 1.215529561 1.266769409 1.267654657 1.274998665 1.285108089 1.368622541 1.291062951 1.29851079 1.301578403 1.370457411 1.331776023 1.406482816 1.5114007 1.525231004 1.587722659 1.586825013 1.588690042 1.574648619 1.573092341 1.564343572 1.564781904 1.564407945 1.563654542 1.558579803 1.552342892 1.536572576 1.547189355 1.537445068 1.512334943 1.485063791 1.50089097
1.026735783 1.033896089 1.036894083 1.099276662 1.077571273 1.085467815 1.74759233 1.111849427 1.098417997 1.097801924 1.119923234 1.122708678 1.123845458 1.125355721 1.127781749 1.092021942 1.136164546 1.141826868 1.143557429 1.173918128 1.178078055 1.180834413 1.18432188 1.148468614 1.319690943 1.252442122 1.320139289 1.466641188 1.271606684 1.276730418 1.365846276 1.293571949 1.307108402 1.303891301 1.30594635 1.331705451 1.413917184 1.426130414 1.530870914 1.588839769 1.578089237 1.592545033 1.59091258 1.575031281 1.565495014 1.570839882 1.56559217 1.56119895 1.553043723 1.538527727 1.519523144 1.53282547 1.523074746 1.474214554 1.499744058 1.462129474
1.006755471 1.026915908 1.032806396 1.034389496 1.036893129 1.078119993 1.107635379 1.044548154 1.093806505 1.093910933 1.154711008 1.094161868 1.12127614 1.123566389 1.124435902 1.126718044 1.132126451 1.163247705 1.140895844 1.14184916 1.143850684 1.145120263 1.174349785 1.148209929 1.238939762 1.243245125 1.233669877 1.499952912 1.276887059 1.474721909 1.287659049 1.304221988 1.51923883 1.464182734 1.326212168 1.38666141 1.418202519 1.431874633 1.544277549 1.592739105 1.593993068 1.595563293 1.602253437 1.5807482 1.574927688 1.564751506 1.563976049 1.555511951 1.534222364 1.519454002 1.499710321 1.51880312 1.471770167 1.472021461 1.463861704 1.450976729
1.015372396 1.006366014 1.027160406 1.030579209 1.059581757 1.0386976 1.042382598 1.081898928 1.0866431 1.090125322 1.091281533 1.09124434 1.090809703 1.090702295 1.089765191 1.124302387 1.157083631 1.132518172 1.090792775 1.090491056 1.138270974 1.141803503 1.14589572 1.146790385 1.157470942 1.232545733 1.239440799 1.220760942 1.290795088 1.278685689 1.283798575 1.279109478 1.284681439 1.303416848 1.304725528 1.387939811 1.424877882 1.437144756 1.555584788 1.565340519 1.597626209 1.5972929 1.596177578 1.580174685 1.576395273 1.571830511 1.560930014 1.549435019 1.537000895 1.503631592 1.499019504 1.490909576 1.482525229 1.463768482 1.463860035 1.433523893
1.014993191 1.020176411 1.005951643 1.030405998 1.034152985 1.061149001 1.067204595 1.044164538 1.218386292 1.044920564 1.087943435 1.088965893 1.150178909 1.118011117 1.119713187 1.122184277 1.124760151 1.091434598 1.150492907 1.21805346 1.133464694 1.155778408 1.141970277 1.166844249 1.173080683 1.318191886 1.200895905 1.285936952 1.253411531 1.273110867 1.281065106 1.265884519 1.277335405 1.299997449 1.301557779 1.336308002 1.422903061 1.550015092 1.570664287 1.576673508 1.590653419 1.595044613 1.594271541 1.592001319 1.587979198 1.566429973 1.55581212 1.500517011 1.499921322 1.497864842 1.494536161 1.486641526 1.464070678 1.433717251 1.432516336 1.465141773
1.004678726 1.005116761 1.025399804 1.029728651 1.033350825 1.03707087 1.062101126 1.068536997 1.073939204 1.07945168 1.082787156 1.106547832 1.109404206 1.087635636 1.089034915 1.089958906 1.122031331 1.125643253 1.147074819 1.131634116 1.133480668 1.135188222 1.164472699 1.211570144 1.144298673 1.161175847 1.226239324 1.24054718 1.253721952 1.26925087 1.27651298 1.287180185 1.373164535 1.302214026 1.33336246 1.337168097 1.425091147 1.442717075 1.57828033 1.585303545 1.603561878 1.593880773 1.592615724 1.590545297 1.586262703 1.556205153 1.54483676 1.530105114 1.488330007 1.489517212 1.485144854 1.445495844 1.464216352 1.432243824 1.46449995 1.427369833
1.016838193 1.020492315 1.024392247 1.029798865 1.033325553 1.054455876 1.059135199 1.064224958 1.068096042 1.043216348 1.075961351 1.081465721 1.102294803 1.086416602 1.108871937 1.091538429 1.120873213 1.126014233 1.129703045 1.13088274 1.132317662 1.132732391 1.137722254 1.140722394 1.222351074 1.186455488 1.197109103 1.244194627 1.329832077 1.338898778 1.355457783 1.361253142 1.298077226 1.341201663 1.338173151 1.341442466 1.429327607 1.441751242 1.581763029 1.606192112 1.632874846 1.606266379 1.587170839 1.538529158 1.541031837 1.534973145 1.527013063 1.517886162 1.481998444 1.45445168 1.455620766 1.440421343 1.430464387 1.429541826 1.426960826 1.425490975
1.01908648 1.023544073 1.027385116 1.030658245 1.033946872 1.053562999 1.041850567 1.042922616 1.064794421 1.043775082 1.072261453 1.076892853 1.082207561 1.085524201 1.087797403 1.089953423 1.12182951 1.126709819 1.129474998 1.152768612 1.156594396 1.163087964 1.218346596 1.183004618 1.184049487 1.186552405 1.190423369 1.197898388 1.254514813 1.281010628 1.219242811 1.370571852 1.363825798 1.35006845 1.34533608 1.345670104 1.423193693 1.565304279 1.579872131 1.590722084 1.605536461 1.608704209 1.529169679 1.52451992 1.570263624 1.453549027 1.453364968 1.50975132 1.436501384 1.437258124 1.479060292 1.436061859 1.42904985 1.431165814 1.426516771 1.425326467
1.020183086 1.026121259 1.032002211 1.035591483 1.03756988 1.055101156 1.058253288 1.047859907 1.048895597 1.066841483 1.070219874 1.073963523 1.097670674 1.101062894 1.105087519 1.110271454 1.11909461 1.143782616 1.151363969 1.12897253 1.162271023 1.2100209 1.216833472 1.224172711 1.379573107 1.187349319 1.192677379 1.539666176 1.818959117 1.956625938 1.469679236 1.634249806 1.964284897 1.269049525 1.263751984 1.201976538 1.248895645 1.430419087 1.575325966 1.582545161 1.519224048 1.521598577 1.483836293 1.513021469 1.478500128 1.474813581 1.469412565 1.44974196 1.435173869 1.435320973 1.429409266 1.464312792 1.464201808 1.427050829 1.426630139 1.42690742
1.022114158 1.029033065 1.036708117 1.042050719 1.057391644 1.050521135 1.061665535 1.064553499 1.053598523 1.070241809 1.052201033 1.075919747 1.079467535 1.08440876 1.08966732 1.053786755 1.014482319 1.267636538 1.147997856 1.270152807 1.200009346 1.203489184 1.136170983 1.171854138 1.223299623 1.384454727 1.319550872 1.395816326 1.233251452 1.321618319 1.324427605 1.39212513 1.223934412 1.381620407 1.226513267 1.347898006 1.415752172 1.556552291 1.602772832 1.628488302 1.56242013 1.519965529 1.516290069 1.478871107 1.477486253 1.472116232 1.465541244 1.449344873 1.445857882 1.44125402 1.431817532 1.463676214 1.428810954 1.426576853 1.42751658 1.428550363
1.027274013 1.033433795 1.040626049 1.047023654 1.061151981 1.063668847 1.065869689 1.068950415 1.070022821 1.072514176 1.074975848 1.104042768 1.078953147 1.08551383 1.130313158 1.114222407 1.127940178 1.121373892 1.141825318 1.18886435 1.191829562 1.194172144 1.166713715 1.139801264 1.206569314 1.212156177 1.213667393 1.360576391 1.21938014 1.299915552 1.296919346 1.293638706 1.368845463 1.368467569 1.309246659 1.400476813 1.411146283 1.54710114 1.560439587 1.659398079 1.556974649 1.552554727 1.51255548 1.504876852 1.475956082 1.472040296 1.465846896 1.459588289 1.452615976 1.432365537 1.430557132 1.433657289 1.42805469 1.427718282 1.428457499 1.428432822
1.035334945 1.038640618 1.057391763 1.007104039 1.055325031 1.067195773 1.068946481 1.060800433 1.060545683 1.133579016 1.074973941 1.130307436 1.128854036 1.127808571 1.182128906 1.126879215 1.116822124 1.119281292 1.133869648 1.139787078 1.121780157 1.151935339 1.132710218 1.160329223 1.163530827 1.170433283 1.204481483 1.183164597 1.186215401 1.29774034 1.277910948 1.273406982 1.281406522 1.352026582 1.263037801 1.379112482 1.387179613 1.52937901 1.533368349 1.661697507 1.547783971 1.503748059 1.511775374 1.50569582 1.45186615 1.469204307 1.534864902 1.484188437 1.454258323 1.437478185 1.430046797 1.429346085 1.43319726 1.431397676 1.429137588 1.421376705
1.055462956 1.009868443 1.076093674 1.1339252 1.063424826 1.066666603 1.082144737 1.088822722 1.095088005 1.103291512 1.106931925 1.127016902 1.125540853 1.125599265 1.110707283 1.110472441 1.113441825 1.334122062 1.116719723 1.116342545 1.120201826 1.127464294 1.135409236 1.139086127 1.187997341 1.168801188 1.193958402 1.181633592 1.198535681 1.185176373 1.201825857 1.198840737 1.181611776 1.253005147 1.182029843 1.240998507 1.34782052 1.335627675 1.498929858 1.576084137 1.57536912 1.574193239 1.574522734 1.533913851 1.494335175 1.487642288 1.526018739 1.456308365 1.539416552 1.449343443 1.446166515 1.437521815 1.435134292 1.435315371 1.422846556 1.432047963
1.048036695 1.049696684 1.052200437 1.010974526 1.011885226 1.064891934 1.080929279 1.085935235 1.121324182 1.12496376 1.10423708 1.076104283 1.124500513 1.125158668 1.081222177 1.107792139 1.107770443 1.110880375 1.112606168 1.11409533 1.11579752 1.146802902 1.184060335 1.139879942 1.08514154 1.14178896 1.189258575 1.179489136 1.140148759 1.184934139 1.277330518 1.194846988 1.18087256 1.180441141 1.19782722 1.235355258 1.204529047 1.237856746 1.239543796 1.332453609 1.510573983 1.52575624 1.567181706 1.52681458 1.52249229 1.478628993 1.47189045 1.468479395 1.447657824 1.464059353 1.436282635 1.464192033 1.42736268 1.423866749 1.413661838 1.446795821
1.056045175 1.0584203 1.052717447 1.055203915 1.061469674 1.058301926 1.058271885 1.115015149 1.065651536 1.185593605 1.098240852 1.123787284 1.12463975 1.103150368 1.076739788 1.101252556 1.103177428 1.079497576 1.079925776 1.080408692 1.112944365 1.145410776 1.149379849 1.14087522 1.141081572 1.140846372 1.172502995 1.195441484 1.182415485 1.196997643 1.181937099 1.181482792 1.180955768 1.180059552 1.180135131 1.201505184 1.204761505 1.208225846 1.241258979 1.240659118 1.328210235 1.511631727 1.626474738 1.522314072 1.472113371 1.512001514 1.462952375 1.455339432 1.449813724 1.426588178 1.443485856 1.441914797 1.411765456 1.408596754 1.402049661 1.399202347
1.0469172 1.010688007 1.115793347 1.061271071 1.062015772 1.073954463 1.077653766 1.115085602 1.116648555 1.119057417 1.093815088 1.098258018 1.128048897 1.097963333 1.081046343 1.095885873 1.098832488 1.102246404 1.106526852 1.110360503 1.112291574 1.079858541 1.144069791 1.13858676 1.139443636 1.082198501 1.138599157 1.196465611 1.289380193 1.177175879 1.178174496 1.178114057 1.178535104 1.179613709 1.179515958 1.199923754 1.208540797 1.180396676 1.241615653 1.297914147 1.31267333 1.495431781 1.56984663 1.512542009 1.508787751 1.505636096 1.449470878 1.440461159 1.624230504 1.406270504 1.405066729 1.423849225 1.401137471 1.399109721 1.394493103 1.395347476
1.056338906 1.058830738 1.061324954 1.062131405 1.075673223 1.075013638 1.057161689 1.062794209 1.065748811 1.12359798 1.125673294 1.093095779 1.080600858 1.090541363 1.080926299 1.080572605 1.095715046 1.100664973 1.079669356 1.110213637 1.112123013 1.119950414 1.127948642 1.140290141 1.134648919 1.135414124 1.155917287 1.191318274 1.193183541 1.225792885 1.170610905 1.187744021 1.188384652 1.177052736 1.19216013 1.200453401 1.209309816 1.238842726 1.216393113 1.292712688 1.300372839 1.302362442 1.49166584 1.499069929 1.495452046 1.43932128 1.43170476 1.400552392 1.418292046 1.399137735 1.426090121 1.396809459 1.401943922 1.39812994 1.394491553 1.435884714
1.055554271 1.058202624 1.081402659 1.078775644 1.076905251 1.077035308 1.079165459 1.063119173 1.083834291 1.072277904 1.077030063 1.086016536 1.079928875 1.080547929 1.080708861 1.080442786 1.079846621 1.099583149 1.105699062 1.109380126 1.128074169 1.121342421 1.132420659 1.130989552 1.13190937 1.132487059 1.13270998 1.14986372 1.153912544 1.158447504 1.184308171 1.172707319 1.270317316 1.189702868 1.19299221 1.201659083 1.210881472 1.214998484 1.216740727 1.242858768 1.628942609 1.288168192 1.465504408 1.480615258 1.421828389 1.420616865 1.413567305 1.414119601 1.399469614 1.398482203 1.397250414 1.396778345 1.397011042 1.398113847 1.398853898 1.391834021
1.053945422 1.119003773 1.077740788 1.075236678 1.057533145 1.059068799 1.062081814 1.126280308 1.068614244 1.072296262 1.188670516 1.082859516 1.083239913 1.078696847 1.079418302 1.079508305 1.079447269 1.122888684 1.105336547 1.126721859 1.126387715 1.120363593 1.128705144 1.130939007 1.13116765 1.138107181 1.131997108 1.132723451 1.152389288 1.133324862 1.163401484 1.168040395 1.173535824 1.189063311 1.19370234 1.202414513 1.210737109 1.213045239 1.237105608 1.273905396 1.272209764 1.28015697 1.290007591 1.452180743 1.411601663 1.40654707 1.40143311 1.405072689 1.398478866 1.398340106 1.397688389 1.397384524 1.394464374 1.399811149 1.392169714 1.400776267
1.069579482 1.053934216 1.045635104 1.045807719 1.056132913 1.058183551 1.047023177 1.047290325 1.047344089 1.069737315 1.073869586 1.047225475 1.075891376 1.077036381 1.078329802 1.085758805 1.090997219 1.098432541 1.103271484 1.105427623 1.127536774 1.126515627 1.127578139 1.13028264 1.134001613 1.138175011 1.142617345 1.146426797 1.174574375 1.154963374 1.160553813 1.16597271 1.171719074 1.173049092 1.193303347 1.197980523 1.177948117 1.209835291 1.211876154 1.241243482 1.244819045 1.273652911 1.396258831 1.415789485 1.396868348 1.396176934 1.39793396 1.399729013 1.397920609 1.397685051 1.39677608 1.409631491 1.399471998 1.392322302 1.404456854 1.404905558
1.043495297 1.050626278 1.04508996 1.045326471 1.045950651 1.056349277 1.059127569 1.071478367 1.072236657 1.074495554 1.072494984 1.074104428 1.074965477 1.080432296 1.081945777 1.085633159 1.092302203 1.096503019 1.10156703 1.133706093 1.131843925 1.128806353 1.128633261 1.13157022 1.136057496 1.140636802 1.146223187 1.14989233 1.151491404 1.154183865 1.159124732 1.164003015 1.167470336 1.187219977 1.1743294 1.197601557 1.203831911 1.207065701 1.210694313 1.2456218 1.249185443 1.289138198 1.300126433 1.336199999 1.382556081 1.390697002 1.392449975 1.398904562 1.399029493 1.404443026 1.576177955 1.513635755 1.413923979 1.40517664 1.40900445 1.408718467
1.042607427 1.043578982 1.044808507 1.045399547 1.053575635 1.057074308 1.059471607 1.061419249 1.062773466 1.065581083 1.069000363 1.072126389 1.080929518 1.081466913 1.083161354 1.08817935 1.12664628 1.096222162 1.138617992 1.14042902 1.13606751 1.132063389 1.13186419 1.135087609 1.138858557 1.144881368 1.13112545 1.153563976 1.172503948 1.156301856 1.159239173 1.162678957 1.165453911 1.190134048 1.195990801 1.20173502 1.205379605 1.209048152 1.209820628 1.253041387 1.257733226 1.310889959 1.319154739 1.375259042 1.384296417 1.393069983 1.395042658 1.399193764 1.401838303 1.410755992 1.402329683 1.402111292 1.417847753 1.407675028 1.421845913 1.410788417
1.041134 1.042306066 1.043444514 1.044100523 1.053033113 1.055187225 1.057515383 1.059915185 1.061414361 1.062785029 1.076604724 1.079906344 1.08260107 1.083505034 1.085586071 1.077620506 1.093934417 1.096161842 1.145874739 1.171257615 1.141098499 1.134972811 1.136466742 1.139634013 1.142553568 1.14701128 1.151943088 1.155754089 1.156564474 1.158801675 1.178746939 1.18189919 1.187510133 1.195945263 1.202177882 1.204452395 1.207898378 1.210500836 1.210543871 1.263358116 1.32506609 1.332457185 1.391821265 1.49616313 1.397112966 1.398011923 1.401149392 1.408131361 1.410930037 1.402697086 1.497712612 1.443970203 1.495701075 1.495877504 1.435271382 1.423332334
1.040232778 1.0410707 1.042143106 1.042792678 1.043628693 1.044134736 1.044422865 1.056658506 1.059964776 1.061326027 1.06176722 1.063843489 1.084317088 1.08605814 1.087889552 1.09150362 1.094048142 1.144449472 1.150156856 1.150993228 1.171471119 1.13687551 1.139864802 1.142491102 1.146019816 1.180927753 1.181765318 1.182408571 1.182502747 1.183730602 1.161996007 1.163825274 1.195365071 1.204467416 1.208393335 1.261774063 1.261917233 1.262246013 1.264685273 1.210909009 1.276504993 1.276195407 1.354576349 1.380711913 1.399484277 1.370956302 1.405643702 1.241879106 1.413965344 1.404862046 1.446529031 1.44819355 1.49812901 1.496920466 1.448197365 1.499948859
