Environmental Parameters/RCP 45/2100/Sea-bottom_salinity.asc
ncols 720
nrows 360
xllcorner -180.00
yllcorner -90.00
cellsize 0.5
NODATA_value -9999
[rows 200 to 224 of 360, columns 342 to 398 of 720]
34.89556122 34.89345169 34.88566208 34.88657761 34.8887291 34.89424896 34.89429092 34.8882103 34.88827515 34.89083099 34.89118195 34.88829041 34.89125443 34.88821793 34.88771439 34.88352966 34.883358 34.88311386 34.88268661 34.8821373 34.88182449 34.88166046 34.88142014 34.88105392 34.87308121 34.81121063 34.78023148 34.74043274 34.70195007 34.68384171 34.67188644 34.63249588 34.59840393 34.56541061 34.59300232 34.63945007 34.63661957 34.60273743 34.63183975 34.70147705 34.81796265 34.96226501 34.93914413 34.32762146 35.19960213 34.99979782 -9999.0 -9999.0 -9999.0 -9999.0 -9999.0 -9999.0 -9999.0 -9999.0 -9999.0 -9999.0 -9999.0
34.89483261 34.89398956 34.88692474 34.8924408 34.89294434 34.89084244 34.89088821 34.88833618 34.88824463 34.88803101 34.89100266 34.88801575 34.88785934 34.88758469 34.88645935 34.88368607 34.8833847 34.88315582 34.88284683 34.88241959 34.88228989 34.8821106 34.88190842 34.88156509 34.88117218 34.82167816 34.78235626 34.74570084 34.70976257 34.69112015 34.6843338 34.67059708 34.65090179 34.66084671 34.67610168 34.6770668 34.66386795 34.65365982 34.70449829 34.8053894 34.94242859 35.07499695 35.05880737 34.69158173 34.54057312 35.07149506 -9999.0 -9999.0 -9999.0 -9999.0 -9999.0 -9999.0 -9999.0 -9999.0 -9999.0 -9999.0 -9999.0
34.88784027 34.88803482 34.88842392 34.88917923 34.8935051 34.89094925 34.89096832 34.89097595 34.90024948 34.88812256 34.88505173 34.88794708 34.88783646 34.88774109 34.88693237 34.8917923 34.89393234 34.88319016 34.88311005 34.88285828 34.88269043 34.88241577 34.88209915 34.88145065 34.88121033 34.84942245 34.7923317 34.75957489 34.73023224 34.71635818 34.70694351 34.70234299 34.7183609 34.73513412 34.74956894 34.73839188 34.70569611 34.6918335 34.74107361 34.85889816 35.02502441 35.18953323 35.20755768 34.98121452 34.41499329 35.22158432 -9999.0 -9999.0 -9999.0 -9999.0 -9999.0 -9999.0 -9999.0 -9999.0 -9999.0 -9999.0 -9999.0
34.88831711 34.88902664 34.89374542 34.89335251 34.89421844 34.90001297 34.89101791 34.8946991 34.89470291 34.89122772 34.88822937 34.89110184 34.8877449 34.8847847 34.88761139 34.88673401 34.88404846 34.88356781 34.88325119 34.88314438 34.88302612 34.88277435 34.8821907 34.88130951 34.88093567 34.88079453 34.84735489 34.78860855 34.76005554 34.75197983 34.74487686 34.74350357 34.76301193 34.7861557 34.80921173 34.80584717 34.77235794 34.73957062 34.76400375 34.85506439 34.99066544 35.12078476 35.20300293 35.1262207 34.51023102 35.28754616 -9999.0 -9999.0 -9999.0 -9999.0 -9999.0 -9999.0 -9999.0 -9999.0 -9999.0 -9999.0 -9999.0
34.88933182 34.89508057 34.89413452 34.89339828 34.89920044 34.89440155 34.89038086 34.89168549 34.8887825 34.88837051 34.89135742 34.88816833 34.88782883 34.88474655 34.8844986 34.88425827 34.88641357 34.88352585 34.88331604 34.88327408 34.88322067 34.88302231 34.88228607 34.88127518 34.88066483 34.88059616 34.87642288 34.82112122 34.78983688 34.78553772 34.78765488 34.79171753 34.80104446 34.8223114 34.83395767 34.82915115 34.80624008 34.78636169 34.79344177 34.86462784 34.94209671 35.01755142 35.03577423 34.92985916 34.54398155 35.26158142 -9999.0 -9999.0 -9999.0 -9999.0 -9999.0 -9999.0 -9999.0 -9999.0 -9999.0 -9999.0 -9999.0
34.89596176 34.8953743 34.89442825 34.89373016 34.89927673 34.87403107 34.91771317 34.89493942 34.89536285 34.89136124 34.88834381 34.88822937 34.87543869 34.88779449 34.88733673 34.88415909 34.88380051 34.88356781 34.88343811 34.88337708 34.88327408 34.88300323 34.88220596 34.88114929 34.88056183 34.88051224 34.88058472 34.85993958 34.82579422 34.81732559 34.82456589 34.82843781 34.83324432 34.84199905 34.84392929 34.83945465 34.82590103 34.81915665 34.84877396 34.9215889 34.96068192 34.96802902 34.95206833 34.5721302 35.21365166 -9999.0 -9999.0 -9999.0 -9999.0 -9999.0 -9999.0 -9999.0 -9999.0 -9999.0 -9999.0 -9999.0 -9999.0
34.8978653 34.89824677 34.90149307 34.89172363 34.89630127 34.89583588 34.89536285 34.89621353 34.8887558 34.89136124 34.89466858 34.89133072 34.88798141 34.88449478 34.88439178 34.88420868 34.88379669 34.88638687 34.8836174 34.88349915 34.88327408 34.88285065 34.88196945 34.88112259 34.88061905 34.88057327 34.8805542 34.88049698 34.88067245 34.86295319 34.85425568 34.8612175 34.8569603 34.86344528 34.87688828 34.86482239 34.85992432 34.86365128 34.91342926 34.9797554 35.02196884 35.01046371 34.93764496 35.08263397 -9999.0 -9999.0 -9999.0 -9999.0 -9999.0 -9999.0 -9999.0 -9999.0 -9999.0 -9999.0 -9999.0 -9999.0 -9999.0
34.90104294 34.90165329 34.9016304 34.8981514 34.90139389 34.89649582 34.90084076 34.89064407 34.89629364 34.89170456 34.89167023 34.89417267 34.88771439 34.88749695 34.88456726 34.88447571 34.88408661 34.88394165 34.88395309 34.88368225 34.88316727 34.88269806 34.88198471 34.88121033 34.88072205 34.88070679 34.8805809 34.88031769 34.88056946 34.88191986 34.88339615 34.88127899 34.87556076 34.88183594 34.9029541 34.91754532 34.91347122 34.92830276 34.96921539 35.01490784 35.03666687 35.02906799 34.54157257 35.27971649 -9999.0 -9999.0 -9999.0 -9999.0 -9999.0 -9999.0 -9999.0 -9999.0 -9999.0 -9999.0 -9999.0 -9999.0 -9999.0
34.89785004 34.8979187 34.90079117 34.8913765 34.89660263 34.89587784 34.88996887 34.89632034 34.90180969 34.8888092 34.89163589 34.8914299 34.88771439 34.88771439 34.88775635 34.88781357 34.88456345 34.88735962 34.88425446 34.88384628 34.88325882 34.88275146 34.8820076 34.88143921 34.88099289 34.88103867 34.88090134 34.88058853 34.88083267 34.88204193 34.88309479 34.89061737 34.89219666 34.91305923 34.94407654 34.93550491 34.91647339 34.93410492 34.96764374 34.98395157 35.01127625 35.01676559 35.5161972 -9999.0 -9999.0 -9999.0 -9999.0 -9999.0 -9999.0 -9999.0 -9999.0 -9999.0 -9999.0 -9999.0 -9999.0 -9999.0 -9999.0
34.89649963 34.89653397 34.89634323 34.89588928 34.88962173 34.89445496 34.89408112 34.89335251 34.8936348 34.89494705 34.89159012 34.88837433 34.89175797 34.88451767 34.88464737 34.88486481 34.88477707 34.88766098 34.8875618 34.88414764 34.88346481 34.88269424 34.88192749 34.88145065 34.8812294 34.88125229 34.88133621 34.88093567 34.88101959 34.8820343 34.88299561 34.89089584 34.89266205 34.89273453 34.91289902 34.94827271 34.92410278 34.9262352 34.94029617 34.95278931 34.99371338 35.03441238 35.57327652 -9999.0 -9999.0 -9999.0 -9999.0 -9999.0 -9999.0 -9999.0 -9999.0 -9999.0 -9999.0 -9999.0 -9999.0 -9999.0 -9999.0
34.89535904 34.89791489 34.88869858 34.8940506 34.8879509 34.89286804 34.89261627 34.88829422 34.88828278 34.88603592 34.89163208 34.88835907 34.89176178 34.89236069 34.89267731 34.88761902 34.88772202 34.88463593 34.88460922 34.88734818 34.88355255 34.88566208 34.88192749 34.88152695 34.88140869 34.88135147 34.88155365 34.88150406 34.88129425 34.88179779 34.8828125 34.89102936 34.89212418 34.89320374 34.89329147 34.89830399 34.9339447 34.9434166 34.95201111 34.9778862 35.02885818 34.66732788 35.61711502 -9999.0 -9999.0 -9999.0 -9999.0 -9999.0 -9999.0 -9999.0 -9999.0 -9999.0 -9999.0 -9999.0 -9999.0 -9999.0 -9999.0
34.89440918 34.894207 34.88788986 34.88756561 34.89214325 34.89145279 34.91577911 34.89067078 34.88732529 34.88505554 34.88420868 34.88397598 34.8854332 34.89226532 34.88776398 34.88763046 34.88461685 34.884552 34.8874855 34.88435364 34.8836937 34.88566589 34.88208771 34.88179779 34.88168716 34.88167572 34.88183594 34.88190079 34.88189697 34.88198471 34.88920593 34.89116287 34.88428879 34.89350891 34.89801407 34.89855194 34.89831543 34.95642853 35.01350403 35.04201508 35.01263809 35.94691086 35.65259588 -9999.0 -9999.0 -9999.0 -9999.0 -9999.0 -9999.0 -9999.0 -9999.0 -9999.0 -9999.0 -9999.0 -9999.0 -9999.0 -9999.0
34.8937645 34.89339066 34.89611435 34.89624786 34.88713455 34.88673401 34.88946915 34.88628769 34.88628769 34.88451385 34.88418198 34.88323212 34.88661575 34.88204575 34.88796997 34.88544083 34.88699722 34.88454437 34.88442612 34.8842926 34.88368607 34.88575363 34.88223267 34.88201523 34.88184738 34.88187408 34.88205338 34.8821907 34.88232422 34.88245773 34.88317108 34.89105606 34.89200974 34.89375687 34.89381409 34.89835739 34.89803696 34.95108032 35.10085297 35.10964203 35.09742355 35.94699478 -9999.0 -9999.0 -9999.0 -9999.0 -9999.0 -9999.0 -9999.0 -9999.0 -9999.0 -9999.0 -9999.0 -9999.0 -9999.0 -9999.0 -9999.0
34.89293671 34.89274216 34.89235306 34.89518356 34.89024734 34.8889122 34.88811111 34.88787842 34.88326263 34.88349533 34.88362885 34.88359833 34.88798141 34.8864975 34.88589478 34.88142395 34.883461 34.88552475 34.88725662 34.8843689 34.88382721 34.8833046 34.88267899 34.882164 34.88196182 34.88188553 34.88199615 34.88218307 34.88238907 34.88257599 34.88953781 34.89101791 34.89196396 34.89373779 34.89383316 34.89736938 34.89752197 34.98921967 35.1595192 35.13834 34.72907257 35.9017067 -9999.0 -9999.0 -9999.0 -9999.0 -9999.0 -9999.0 -9999.0 -9999.0 -9999.0 -9999.0 -9999.0 -9999.0 -9999.0 -9999.0 -9999.0
34.89193726 34.8919754 34.88739395 34.89025879 34.88931274 34.88835144 34.88438034 34.88381958 34.8837204 34.88308334 34.88473129 34.8834343 34.88630295 34.88605499 34.88162231 34.88170624 34.88222504 34.87978363 34.88083649 34.88299179 34.88446426 34.88435364 34.88348389 34.88259125 34.88221359 34.88195801 34.88202667 34.88209152 34.88222122 34.88244629 34.88937759 34.8907814 34.89163971 34.89375305 34.89392471 34.89658737 34.89668274 35.03083038 35.14690399 35.11144257 34.80743408 35.77441406 -9999.0 -9999.0 -9999.0 -9999.0 -9999.0 -9999.0 -9999.0 -9999.0 -9999.0 -9999.0 -9999.0 -9999.0 -9999.0 -9999.0 -9999.0
34.88969803 34.890522 34.89054871 34.89003754 34.88946533 34.88544846 34.88453293 34.8851738 34.88476562 34.88036346 34.88402939 34.88389969 34.88357925 34.88277817 34.88272476 34.88604736 34.88581467 34.87907791 34.88219833 34.87995148 34.88279724 34.88489151 34.88439941 34.88350677 34.8830719 34.88277435 34.8824501 34.88241577 34.88241196 34.88246155 34.88908768 34.89050293 34.89178848 34.89390182 34.89401627 34.89611053 34.89580917 34.99005127 35.043396 35.06713867 34.66649628 35.77796936 -9999.0 -9999.0 -9999.0 -9999.0 -9999.0 -9999.0 -9999.0 -9999.0 -9999.0 -9999.0 -9999.0 -9999.0 -9999.0 -9999.0 -9999.0
34.88695145 34.88780212 34.88516998 34.8856926 34.88611984 34.88605881 34.88529205 34.88459778 34.88524246 34.88475037 34.88464737 34.88599777 34.88466263 34.88711929 34.88475418 34.88408661 34.8809433 34.88228607 34.88175583 34.88212204 34.88070679 34.88238525 34.88404465 34.88459396 34.88409805 34.88376999 34.88323975 34.88292694 34.88284302 34.88271332 34.88271332 34.88300705 34.89195633 34.89409256 34.89408875 34.89385986 34.89489746 34.89674377 34.95638275 35.02932358 34.68431091 35.52212524 35.66718745 -9999.0 -9999.0 -9999.0 -9999.0 -9999.0 -9999.0 -9999.0 -9999.0 -9999.0 -9999.0 -9999.0 -9999.0 -9999.0 -9999.0
34.88441849 34.88554001 34.88534927 34.8874855 34.88500214 34.88581467 34.88600159 34.8856926 34.8861084 34.88284302 34.88269043 34.88467026 34.88527298 34.88791656 34.88585281 34.8852272 34.88380051 34.88587189 34.88114166 34.87892914 34.87994766 34.88166809 34.88333893 34.88419724 34.8836937 34.88274765 34.88198853 34.88181305 34.88235092 34.88306808 34.89030075 34.8829422 34.89210892 34.8927803 34.89376068 34.89369202 34.89447784 34.89089584 34.92020416 35.02993011 34.70455933 35.11414337 35.68302536 35.56037965 -9999.0 -9999.0 -9999.0 -9999.0 -9999.0 -9999.0 -9999.0 -9999.0 -9999.0 -9999.0 -9999.0 -9999.0 -9999.0
34.87958145 34.88074875 34.8791275 34.88167572 34.8854866 34.88527298 34.88732147 34.88586044 34.88615417 34.88528061 34.88432693 34.8839035 34.88471603 34.88547134 34.88580704 34.88420486 34.88254166 34.88108826 34.87936783 34.87850189 34.87740326 34.87965775 34.8816185 34.88250732 34.88259888 34.88199234 34.88080978 34.88091278 34.88768768 34.88217926 34.89053726 34.8914566 34.89196777 34.8927803 34.89331818 34.89346695 34.89437866 34.90917587 34.81466293 34.85571289 34.64197159 34.95102692 35.4895134 35.53911209 -9999.0 -9999.0 -9999.0 -9999.0 -9999.0 -9999.0 -9999.0 -9999.0 -9999.0 -9999.0 -9999.0 -9999.0 -9999.0
34.87595749 34.8793335 34.88073349 34.88237 34.88419724 34.88389969 34.88607025 34.88507462 34.88539124 34.88463211 34.88402939 34.88338852 34.88489151 34.8834343 34.88383484 34.88290024 34.88145828 34.87842941 34.87669373 34.87704086 34.87591553 34.87644958 34.87757492 34.87928772 34.87963867 34.87990952 34.88015366 34.88037491 34.88640213 34.88734055 34.88012695 34.8788147 34.888237 34.88760757 34.88980103 34.90424728 34.90393448 34.89365768 34.80539703 34.68212128 34.54298401 34.73525238 35.32139969 35.50310898 35.47414982 -9999.0 -9999.0 -9999.0 -9999.0 -9999.0 -9999.0 -9999.0 -9999.0 -9999.0 -9999.0 -9999.0 -9999.0
34.87661362 34.878685 34.87792587 34.87871552 34.8801918 34.88294601 34.88286209 34.8838501 34.8836937 34.88312531 34.8823967 34.88251114 34.88299179 34.88319397 34.87995148 34.87924576 34.87741852 34.8764267 34.8756752 34.87519073 34.87496948 34.87491608 34.87532425 34.87584305 34.87725067 34.87815475 34.87904739 34.88264465 34.8842392 34.88853836 34.88833618 34.88716125 34.88526154 34.87866974 34.88009644 34.87870789 34.82653046 34.89682388 34.79408646 34.79547501 34.66960144 34.48575592 34.89043808 35.39270401 35.43813324 -9999.0 -9999.0 -9999.0 -9999.0 -9999.0 -9999.0 -9999.0 -9999.0 -9999.0 -9999.0 -9999.0 -9999.0
34.87791443 34.87818146 34.87852859 34.87826157 34.88141632 34.87897873 34.87953949 34.87978745 34.87996674 34.87992859 34.87687683 34.87963486 34.87637329 34.87823486 34.87883759 34.87476349 34.87451935 34.87388229 34.87343216 34.87387466 34.87301636 34.87337112 34.87377548 34.87437057 34.8754921 34.87647247 34.87813187 34.88275909 34.88249588 34.88537216 34.88496017 34.88381958 34.8729744 34.88910675 34.87668991 34.54560852 34.86449432 34.89364243 34.89175034 34.86252213 34.88587189 34.66326141 34.58261108 34.9774704 35.42491913 35.42468262 -9999.0 -9999.0 -9999.0 -9999.0 -9999.0 -9999.0 -9999.0 -9999.0 -9999.0 -9999.0 -9999.0
34.87546539 34.87599945 34.87678528 34.87734222 34.87673187 34.87376022 34.87871933 34.87657166 34.87702942 34.87732697 34.87763214 34.87786484 34.87448883 34.87729645 34.87647629 34.87744522 34.87311935 34.8722496 34.87149429 34.87125015 34.87142563 34.87171555 34.87251663 34.87352371 34.87283325 34.87415695 34.88153839 34.88028717 34.87952042 34.87864685 34.88198853 34.87190247 34.87643051 34.87372971 34.79018784 34.77856064 34.77595901 34.86345673 34.8602562 34.87723923 34.89252853 34.82345963 34.50424576 34.85282898 35.21867371 35.3362999 -9999.0 -9999.0 -9999.0 -9999.0 -9999.0 -9999.0 -9999.0 -9999.0 -9999.0 -9999.0 -9999.0
34.87541199 34.87806702 34.87736893 34.87680435 34.8800621 34.87924957 34.87553787 34.87178421 34.87678528 34.87612152 34.87239838 34.87252426 34.87241364 34.87221146 34.8751564 34.87257385 34.87252045 34.87185669 34.87122726 34.87101364 34.87131119 34.87163544 34.87184143 34.87248611 34.87168121 34.87215805 34.87294388 34.87944794 34.87761307 34.87442017 34.87254333 34.87438583 34.87239838 34.88116074 34.7951889 34.79491043 34.77862167 34.77602768 34.86064148 34.85871124 34.89117813 34.85840607 34.72819138 34.82248306 35.09941864 35.29432297 35.34380341 -9999.0 -9999.0 -9999.0 -9999.0 -9999.0 -9999.0 -9999.0 -9999.0 -9999.0 -9999.0
34.88021851 34.87942886 34.87874985 34.88244247 34.88159943 34.8732605 34.87999344 34.87557983 34.87825775 34.8769989 34.87591553 34.8752327 34.87046814 34.870224 34.87574387 34.87359238 34.87316895 34.87218475 34.87086487 34.87076569 34.87102509 34.87126923 34.87084961 34.87063599 34.86902618 34.8696785 34.87002945 34.87690735 34.87094879 34.87740326 34.87870407 34.87018204 34.86901855 34.87761688 34.74079132 34.74087143 34.74069977 34.77973557 34.77610779 34.85915756 34.87670898 34.89067459 34.80680847 34.64777374 35.0099144 35.19510269 35.24107742 -9999.0 -9999.0 -9999.0 -9999.0 -9999.0 -9999.0 -9999.0 -9999.0 -9999.0 -9999.0
