Environmental Parameters/RCP 45/2100/Sea-bottom_salinity.asc
ncols 720
nrows 360
xllcorner -180.00
yllcorner -90.00
cellsize 0.5
NODATA_value -9999
[rows 300 to 324 of 360, columns 456 to 512 of 720]
34.62895966 34.62742996 34.62549973 34.62171936 34.6228981 34.61804199 34.61558533 34.61196136 34.60621643 34.602108 34.60204697 34.60374451 34.60483932 34.60562515 34.60663223 34.60787201 34.60950851 34.61133575 34.61382675 34.6159668 34.61638641 34.61375809 34.61056137 34.60743713 34.60618973 34.604599 34.60325241 34.59555435 34.59403229 34.59335709 34.60018158 34.59382629 34.59148407 34.59046173 34.5904007 34.59091568 34.59071732 34.58996201 34.59020996 34.59006882 34.58971405 34.59002686 34.58872604 34.58641434 34.58282852 34.58146286 34.57987213 34.57642365 34.57078171 34.56230927 34.55833817 34.55722427 34.57685089 34.57611465 34.57590485 34.57722092 34.59679794
34.62760162 34.62797928 34.62874603 34.62789917 34.62194824 34.61682129 34.61193085 34.61301422 34.60791397 34.60241318 34.59964752 34.60039902 34.60256195 34.60534668 34.60759735 34.61026764 34.61363602 34.61728287 34.61980438 34.62025833 34.61854172 34.61566162 34.61224365 34.61069489 34.60144806 34.59926987 34.59736633 34.59495163 34.59288025 34.59383011 34.59732437 34.59942245 34.5972023 34.59441376 34.59191513 34.59006882 34.58803558 34.58744431 34.58844757 34.5895462 34.58842087 34.58735275 34.58435059 34.57117844 34.56617737 34.56270218 34.55984116 34.55735779 34.56438828 34.5650444 34.567276 34.56672668 34.56142426 34.55596161 34.56135178 34.55615234 34.54598236
34.62458801 34.62798691 34.63111877 34.63124847 34.62773895 34.62284851 34.61863708 34.61476135 34.60894012 34.60300827 34.60045624 34.60055161 34.60294724 34.60607529 34.60946655 34.61322784 34.6170578 34.62037659 34.62195969 34.62024307 34.61577225 34.61233902 34.61193466 34.60458374 34.6038208 34.60171509 34.5977478 34.59350204 34.59386063 34.59865189 34.60541153 34.60964966 34.60899734 34.60461807 34.59944153 34.59130096 34.58656693 34.58621979 34.58788681 34.58812714 34.58683014 34.58575439 34.58181 34.56787491 34.56128693 34.56629181 34.56492615 34.55181885 34.55446243 34.55984116 34.56525803 34.58060837 34.57148361 34.56681061 34.56372452 34.57976913 34.56263733
34.61019135 34.61503983 34.62021637 34.62310028 34.62023926 34.61446381 34.61079407 34.60557556 34.60143661 34.59950256 34.59949875 34.60127258 34.60503769 34.60900497 34.61326981 34.61576462 34.61863708 34.62170029 34.62221146 34.61823654 34.61092377 34.60425186 34.59777069 34.60338974 34.60390854 34.60078049 34.60671997 34.59538269 34.59763718 34.60454178 34.61349869 34.61962891 34.62145615 34.6166153 34.60903549 34.60093307 34.59466553 34.59155655 34.5913887 34.59033585 34.58630753 34.58128738 34.56993103 34.56216812 34.5557518 34.55218124 34.55214691 34.55615997 34.5638237 34.572052 34.58093262 34.58551788 34.58827972 34.58580399 34.58054733 34.57397079 34.5668335
34.60279846 34.60757446 34.61156082 34.61331558 34.61230087 34.60995483 34.60674667 34.60195923 34.5992775 34.5978508 34.59771729 34.60100174 34.60715866 34.61257172 34.61559296 34.61745071 34.62077332 34.62399673 34.62119293 34.61346054 34.59745026 34.59457397 34.59802628 34.60276031 34.60353088 34.60082626 34.59949875 34.60185623 34.61001587 34.61880493 34.62510681 34.63080978 34.63430023 34.63277054 34.62584305 34.61481094 34.60619354 34.5999527 34.59850693 34.59588623 34.59128952 34.58198929 34.57278442 34.56480408 34.56053925 34.56221771 34.56776047 34.57554245 34.58315659 34.58933258 34.5962944 34.60482025 34.61068344 34.60659409 34.59840393 34.58781052 34.5795784
34.59949875 34.60197067 34.60398102 34.60317993 34.60350418 34.60598373 34.60719299 34.60745621 34.60703659 34.60582733 34.60390854 34.60349655 34.6050415 34.60915756 34.61412811 34.61697769 34.62062836 34.62174606 34.61851501 34.60429764 34.59986115 34.60041046 34.60386658 34.60557556 34.60615921 34.6075058 34.61208344 34.62039566 34.63043976 34.63757706 34.64318085 34.64596176 34.65192032 34.65040207 34.64361191 34.63288498 34.62347031 34.61750031 34.61417007 34.61349487 34.61078262 34.60682297 34.5946312 34.58922958 34.58796692 34.59035492 34.59501648 34.59996796 34.61040878 34.6143074 34.62150955 34.63261032 34.6379776 34.63583374 34.62767792 34.61766052 34.61133957
34.59814453 34.59801102 34.59891891 34.59961319 34.60113525 34.60410309 34.6072731 34.61067963 34.61133194 34.60961533 34.60351181 34.60110092 34.60198593 34.60614014 34.61156464 34.61617279 34.61885452 34.60974503 34.60489655 34.6003685 34.60149765 34.60599899 34.6120224 34.6175766 34.6223526 34.63598633 34.64580536 34.65441513 34.65751648 34.66151047 34.65942001 34.66062927 34.66559219 34.66799545 34.65764236 34.65081787 34.64299393 34.63559723 34.63319778 34.63169861 34.63137054 34.63332748 34.63679886 34.64838409 34.65193176 34.65410233 34.64804077 34.64746857 34.64644241 34.64676285 34.6510582 34.66059113 34.67718506 34.67926025 34.67499161 34.65668106 34.64567566
34.62242126 34.62276459 34.62281799 34.62737656 34.62872696 34.6300087 34.62946701 34.63289261 34.63510513 34.63393402 34.63074875 34.62936401 34.62427139 34.61858749 34.61868668 34.61027145 34.6085701 34.60720444 34.60800934 34.60925293 34.61509705 34.62167358 34.62974167 34.63708115 34.64384842 34.65225601 34.65896988 34.66352081 34.65739441 34.64937592 34.64757919 34.6506691 34.65620041 34.6603775 34.65664291 34.65150833 34.64679718 34.64440155 34.64574814 34.65166092 34.65937805 34.66913986 34.67774963 34.68473434 34.68803406 34.68746948 34.68477249 34.68296051 34.6814537 34.67584229 34.68688583 34.68598175 34.7016716 34.69417191 34.70088196 34.69301224 34.6839447
34.66318893 34.66236496 34.65784454 34.66729355 34.66712189 34.66646957 34.65860367 34.65789032 34.65913391 34.66073227 34.6547966 34.65190887 34.65164948 34.64549637 34.63506317 34.63061523 34.62971115 34.63441086 34.64291 34.6439209 34.63993835 34.63962173 34.64109039 34.64230347 34.64720535 34.65224075 34.65768433 34.65192795 34.64441299 34.64059448 34.63893127 34.63959885 34.64216232 34.64408875 34.64328384 34.64240265 34.6413765 34.64403534 34.65116119 34.66252899 34.67503357 34.68392563 34.68608475 34.68446732 34.68157578 34.67862701 34.6778183 34.68079376 34.68535233 34.69154358 34.69803619 34.70175934 34.69982529 34.69335556 34.68369675 34.67492676 34.67123413
34.66714478 34.65892029 34.66390991 34.66007996 34.65428543 34.64795303 34.64947128 34.65519714 34.65028 34.65118408 34.65236282 34.64886856 34.64868927 34.65157318 34.65437698 34.65708923 34.66054916 34.66231537 34.66486359 34.67035675 34.67243195 34.67022705 34.66536713 34.66098785 34.65871429 34.65399933 34.64956284 34.64118195 34.63813019 34.63970184 34.64676666 34.64559174 34.64789581 34.64981842 34.64853287 34.64863586 34.64977646 34.65993881 34.67448807 34.6815834 34.68296051 34.67987442 34.67483139 34.67237854 34.67298508 34.67529297 34.67216873 34.67676163 34.68236542 34.68600464 34.68508148 34.68000412 34.67281723 34.66291428 34.65456009 34.64332199 34.64346695
34.65722275 34.64834213 34.63408661 34.63230896 34.62962723 34.62360001 34.62162399 34.64302444 34.62440491 34.6283226 34.66985703 34.64883804 34.64133072 34.63923264 34.63315582 34.64339066 34.65004349 34.6534462 34.65134048 34.65439987 34.6582489 34.67098236 34.67455673 34.67050552 34.66835785 34.66266251 34.65413666 34.64756393 34.64883804 34.66048431 34.66534424 34.67013931 34.67116547 34.67237854 34.6671524 34.66410446 34.66786957 34.67432404 34.68284607 34.68336868 34.67421722 34.6628685 34.66147614 34.66365814 34.66619492 34.66665268 34.66518021 34.66365814 34.66379929 34.66767502 34.66314316 34.65946579 34.64346695 34.64278793 34.63450623 34.6216774 34.63127518
34.6902504 34.64508057 34.64170074 34.66513824 34.68640518 34.6901474 34.67965698 34.66800308 34.59472656 34.61115265 34.58280945 34.61294937 34.55157852 34.5695076 34.55512238 34.68188477 34.67317581 34.67095184 34.64371872 34.63079071 34.63135529 34.64310455 34.64737701 34.65256119 34.65539932 34.65810776 34.66225052 34.67133331 34.68384933 34.69391632 34.69672775 34.69075775 34.68005753 34.66841125 34.66320801 34.66610718 34.67087173 34.66865921 34.66629791 34.65892029 34.65060425 34.64586639 34.64861679 34.65473175 34.66227722 34.65988541 34.65431976 34.64674759 34.6446991 34.64644623 34.64444351 34.6409874 34.63484573 34.62641525 34.61886978 34.61669922 34.61738968
34.69980621 34.68843079 34.69488144 34.5028038 34.49666595 34.44242859 34.02521133 34.30276676 -9999.0 -9999.0 -9999.0 -9999.0 -9999.0 -9999.0 -9999.0 34.23508835 34.56687164 34.56435776 34.48649216 34.61815643 34.61536407 34.62336349 34.62461853 34.63196182 34.63885117 34.64471817 34.64731979 34.65684891 34.67323685 34.68026733 34.68575287 34.68148804 34.67109299 34.66577148 34.66161346 34.65952301 34.65858459 34.65656281 34.65124512 34.63775635 34.62971878 34.63061905 34.62927628 34.62978363 34.62827682 34.62419891 34.62044525 34.61452103 34.6187439 34.62418365 34.62242126 34.61876678 34.61491776 34.61445999 34.61302185 34.61170197 34.61102676
34.4213028 34.39628983 34.59353256 34.71300125 34.42884445 34.1962471 -9999.0 -9999.0 -9999.0 -9999.0 -9999.0 -9999.0 -9999.0 -9999.0 -9999.0 -9999.0 33.79251273 33.65950394 34.29353714 34.60881424 34.61181641 34.60583878 34.58685684 34.62668228 34.62852097 34.63641739 34.64587402 34.67105865 34.6014595 34.60020828 34.65248871 34.66080475 34.62894058 34.63764954 34.66113281 34.64826584 34.67105865 34.67184067 34.65911484 34.64444733 34.63986206 34.62664032 34.63031387 34.62065125 34.60180664 34.59941864 34.62864304 34.5534668 34.5607872 34.59487915 34.63917923 34.62007904 34.60614014 34.59452438 34.59469986 34.59313202 34.58495331
34.67486954 34.49464798 34.34622145 34.21840533 34.09915749 33.98713441 -9999.0 -9999.0 -9999.0 -9999.0 -9999.0 -9999.0 -9999.0 -9999.0 -9999.0 -9999.0 34.134685 34.14795741 34.1668396 34.21848679 34.25914271 34.30139542 34.34274673 34.3361702 34.45598221 34.54891968 34.55465698 34.52952194 34.46800995 34.35658264 34.22722244 34.22583008 34.22306824 34.17640305 34.14151382 34.44672394 34.32068253 34.23516846 34.31336212 34.36342239 34.39154053 34.31822205 34.38489151 34.31011963 34.30727005 34.40554047 34.43565369 34.48848724 34.51454544 34.5271492 34.53436661 34.54388809 34.50521088 34.48101044 34.46028137 34.43453979 34.37055969
34.04470201 34.04656774 -9999.0 -9999.0 -9999.0 -9999.0 -9999.0 -9999.0 -9999.0 -9999.0 -9999.0 -9999.0 -9999.0 -9999.0 -9999.0 -9999.0 -9999.0 -9999.0 -9999.0 -9999.0 -9999.0 -9999.0 -9999.0 -9999.0 -9999.0 -9999.0 34.25678928 34.25895549 34.25888912 34.25763127 34.25437421 -9999.0 34.23062074 34.20858696 34.17840327 34.13606659 34.22482681 33.86554337 34.25788498 34.32726288 34.15467453 34.2086525 34.14832306 34.19736481 34.22300339 34.32347107 34.3673439 34.42994308 34.51615143 34.48983383 34.50525665 34.50138855 34.51464081 34.49795914 34.43915176 34.40512085 34.36930847
-9999.0 -9999.0 -9999.0 -9999.0 -9999.0 -9999.0 -9999.0 -9999.0 -9999.0 -9999.0 -9999.0 -9999.0 -9999.0 -9999.0 -9999.0 -9999.0 -9999.0 -9999.0 -9999.0 -9999.0 -9999.0 -9999.0 -9999.0 -9999.0 -9999.0 -9999.0 -9999.0 -9999.0 -9999.0 -9999.0 -9999.0 -9999.0 -9999.0 -9999.0 -9999.0 -9999.0 -9999.0 -9999.0 -9999.0 -9999.0 -9999.0 -9999.0 -9999.0 34.11296463 34.16940308 34.30483246 34.38330078 34.4134407 34.60443497 34.49435425 34.51597214 34.52237701 34.51977921 34.49542999 34.44100571 34.40991592 34.38883591
-9999.0 -9999.0 -9999.0 -9999.0 -9999.0 -9999.0 -9999.0 -9999.0 -9999.0 -9999.0 -9999.0 -9999.0 -9999.0 -9999.0 -9999.0 -9999.0 -9999.0 -9999.0 -9999.0 -9999.0 -9999.0 -9999.0 -9999.0 -9999.0 -9999.0 -9999.0 -9999.0 -9999.0 -9999.0 -9999.0 -9999.0 -9999.0 -9999.0 -9999.0 -9999.0 -9999.0 -9999.0 -9999.0 -9999.0 -9999.0 -9999.0 -9999.0 33.73883247 33.74410629 33.7615509 33.70728302 33.94483185 33.88858032 33.93182373 34.47019577 34.61223221 34.49042511 34.48929214 34.48169708 34.46946716 34.45738602 34.58306885
-9999.0 -9999.0 -9999.0 -9999.0 -9999.0 -9999.0 -9999.0 -9999.0 -9999.0 -9999.0 -9999.0 -9999.0 -9999.0 -9999.0 -9999.0 -9999.0 -9999.0 -9999.0 -9999.0 -9999.0 -9999.0 -9999.0 -9999.0 -9999.0 -9999.0 -9999.0 -9999.0 -9999.0 -9999.0 -9999.0 -9999.0 -9999.0 -9999.0 -9999.0 -9999.0 -9999.0 -9999.0 -9999.0 -9999.0 -9999.0 -9999.0 33.81973189 33.79894066 33.81905937 33.92679596 34.12925339 34.18577576 34.1730423 34.08900452 34.09526443 34.00556183 33.91688919 34.45911026 34.57937241 34.44162369 34.38760376 34.38880157
-9999.0 -9999.0 -9999.0 -9999.0 -9999.0 -9999.0 -9999.0 -9999.0 -9999.0 -9999.0 -9999.0 -9999.0 -9999.0 -9999.0 -9999.0 -9999.0 -9999.0 -9999.0 -9999.0 -9999.0 -9999.0 -9999.0 -9999.0 -9999.0 -9999.0 -9999.0 -9999.0 -9999.0 -9999.0 -9999.0 -9999.0 -9999.0 -9999.0 -9999.0 -9999.0 -9999.0 -9999.0 -9999.0 -9999.0 -9999.0 -9999.0 33.77307129 33.77749634 33.81130409 33.95534134 34.14280701 34.21917725 34.23651123 34.24526978 34.25554276 34.26862717 34.28450775 34.31493759 34.27534866 34.24167633 34.22021866 -9999.0
-9999.0 -9999.0 -9999.0 -9999.0 -9999.0 -9999.0 -9999.0 -9999.0 -9999.0 -9999.0 -9999.0 -9999.0 -9999.0 -9999.0 -9999.0 -9999.0 -9999.0 -9999.0 -9999.0 -9999.0 -9999.0 -9999.0 -9999.0 -9999.0 -9999.0 -9999.0 -9999.0 -9999.0 -9999.0 -9999.0 -9999.0 -9999.0 -9999.0 -9999.0 -9999.0 -9999.0 -9999.0 -9999.0 -9999.0 -9999.0 -9999.0 33.91780221 33.89005661 33.89409828 33.99367905 34.14358139 34.16879272 34.18998337 34.1852417 34.17480469 -9999.0 -9999.0 -9999.0 -9999.0 -9999.0 -9999.0 -9999.0
-9999.0 -9999.0 -9999.0 -9999.0 -9999.0 -9999.0 -9999.0 -9999.0 -9999.0 -9999.0 -9999.0 -9999.0 -9999.0 -9999.0 -9999.0 -9999.0 -9999.0 -9999.0 -9999.0 -9999.0 -9999.0 -9999.0 -9999.0 -9999.0 -9999.0 -9999.0 -9999.0 -9999.0 -9999.0 -9999.0 -9999.0 -9999.0 -9999.0 -9999.0 -9999.0 -9999.0 -9999.0 -9999.0 -9999.0 -9999.0 -9999.0 -9999.0 34.03176498 33.98130035 33.9788208 34.0439682 34.08263397 34.09783173 34.09299794 -9999.0 -9999.0 -9999.0 -9999.0 -9999.0 -9999.0 -9999.0 -9999.0
-9999.0 -9999.0 -9999.0 -9999.0 -9999.0 -9999.0 -9999.0 -9999.0 -9999.0 -9999.0 -9999.0 -9999.0 -9999.0 -9999.0 -9999.0 -9999.0 -9999.0 -9999.0 -9999.0 -9999.0 -9999.0 -9999.0 -9999.0 -9999.0 -9999.0 -9999.0 -9999.0 -9999.0 -9999.0 -9999.0 -9999.0 -9999.0 -9999.0 -9999.0 -9999.0 -9999.0 -9999.0 -9999.0 -9999.0 -9999.0 -9999.0 34.06695175 34.06053543 34.03183365 33.99636078 34.01296234 34.06400681 -9999.0 -9999.0 -9999.0 -9999.0 -9999.0 -9999.0 -9999.0 -9999.0 -9999.0 -9999.0
-9999.0 -9999.0 -9999.0 -9999.0 -9999.0 -9999.0 -9999.0 -9999.0 -9999.0 -9999.0 -9999.0 -9999.0 -9999.0 -9999.0 -9999.0 -9999.0 -9999.0 -9999.0 -9999.0 -9999.0 -9999.0 -9999.0 -9999.0 -9999.0 -9999.0 -9999.0 -9999.0 -9999.0 -9999.0 -9999.0 -9999.0 -9999.0 -9999.0 -9999.0 -9999.0 -9999.0 -9999.0 -9999.0 -9999.0 -9999.0 33.98609531 33.98272324 34.0025444 33.97608566 33.96740723 33.96873856 33.97082332 -9999.0 -9999.0 -9999.0 -9999.0 -9999.0 -9999.0 -9999.0 -9999.0 -9999.0 -9999.0
-9999.0 -9999.0 -9999.0 -9999.0 -9999.0 -9999.0 -9999.0 -9999.0 -9999.0 -9999.0 -9999.0 -9999.0 -9999.0 -9999.0 -9999.0 -9999.0 -9999.0 -9999.0 -9999.0 -9999.0 -9999.0 -9999.0 -9999.0 -9999.0 -9999.0 -9999.0 -9999.0 -9999.0 -9999.0 -9999.0 -9999.0 -9999.0 -9999.0 -9999.0 -9999.0 -9999.0 -9999.0 -9999.0 -9999.0 -9999.0 33.99114916 33.98929453 33.9877378 -9999.0 -9999.0 -9999.0 -9999.0 -9999.0 -9999.0 -9999.0 -9999.0 -9999.0 -9999.0 -9999.0 -9999.0 -9999.0 -9999.0
