Environmental Parameters/RCP 45/2100/Sea-bottom_temperature.asc
ncols 720
nrows 360
xllcorner -180.00
yllcorner -90.00
cellsize 0.5
NODATA_value -9999
[rows 225 to 249 of 360, columns 560 to 615 of 720]
0.649858236 0.651789427 0.734897554 0.666735232 0.67926836 0.654869139 1.077308416 0.6525051 0.867821038 1.152126789 0.929780304 1.008721173 0.934955537 0.880585968 1.013040066 1.015253127 0.894030392 0.937466979 0.913573623 0.854839325 0.842773139 0.84362942 0.83807528 0.846690178 1.24873364 4.652069569 6.695486069 23.08999443 -9999.0 -9999.0 -9999.0 -9999.0 -9999.0 -9999.0 -9999.0 -9999.0 -9999.0 -9999.0 -9999.0 -9999.0 -9999.0 -9999.0 -9999.0 -9999.0 -9999.0 -9999.0 -9999.0 -9999.0 -9999.0 -9999.0 -9999.0 -9999.0 -9999.0 -9999.0 -9999.0 -9999.0
0.650369883 0.652783155 0.654817879 0.62881583 0.642180324 0.650007844 0.654018283 0.657356024 0.863171458 0.748878062 0.826450944 0.744016409 0.708935678 0.830661535 1.017538548 1.069465399 1.256701589 1.433341026 1.0034917 0.875064671 0.843161285 0.844023108 0.847619474 1.40981245 4.198381424 5.810028076 21.49704742 23.98911095 -9999.0 -9999.0 -9999.0 -9999.0 -9999.0 -9999.0 -9999.0 -9999.0 -9999.0 -9999.0 -9999.0 -9999.0 -9999.0 -9999.0 -9999.0 -9999.0 -9999.0 -9999.0 -9999.0 -9999.0 -9999.0 -9999.0 -9999.0 -9999.0 -9999.0 -9999.0 -9999.0 -9999.0
0.653936982 0.652597487 0.698948264 0.63040781 0.625605404 0.63469404 0.652107894 0.665762603 0.67958492 1.297363281 0.747213244 0.74261117 0.672683597 0.823333502 1.021175027 1.417930007 1.72999835 2.031503201 1.159457564 0.850052238 0.858747602 0.874367535 1.242191076 3.321747303 5.763590813 14.8637352 24.58816528 24.47055244 -9999.0 -9999.0 -9999.0 -9999.0 -9999.0 -9999.0 -9999.0 -9999.0 -9999.0 -9999.0 -9999.0 -9999.0 -9999.0 -9999.0 -9999.0 -9999.0 -9999.0 -9999.0 -9999.0 -9999.0 -9999.0 -9999.0 -9999.0 -9999.0 -9999.0 -9999.0 -9999.0 -9999.0
0.655536532 0.670479834 0.643351912 0.630456448 0.622615874 0.649194896 0.656262159 0.644466162 0.657940745 0.660761178 0.891242862 0.667355299 0.662831128 1.082388401 1.27070272 1.728204131 1.657555461 1.756422758 1.416059136 0.863545954 0.949441433 1.988864183 3.289379835 4.941484451 8.036652088 23.02678108 24.8201046 -9999.0 -9999.0 -9999.0 -9999.0 -9999.0 -9999.0 -9999.0 -9999.0 -9999.0 -9999.0 -9999.0 -9999.0 -9999.0 -9999.0 -9999.0 -9999.0 -9999.0 -9999.0 -9999.0 -9999.0 -9999.0 -9999.0 -9999.0 -9999.0 -9999.0 -9999.0 -9999.0 -9999.0 -9999.0
0.726404905 0.733924508 0.630839586 0.666683316 0.632270038 0.650158882 0.663901567 0.635705888 0.638830781 0.640327871 0.667168677 1.115309358 0.688734949 0.682777762 0.669980228 1.028712273 1.706084251 1.728428841 1.27519381 0.964290321 0.960642815 1.758965969 4.102127314 5.615365505 18.32616234 23.97171021 24.81007576 24.25660706 -9999.0 -9999.0 -9999.0 -9999.0 -9999.0 -9999.0 -9999.0 -9999.0 -9999.0 -9999.0 -9999.0 -9999.0 -9999.0 -9999.0 -9999.0 -9999.0 -9999.0 -9999.0 -9999.0 -9999.0 -9999.0 -9999.0 -9999.0 -9999.0 -9999.0 -9999.0 -9999.0 -9999.0
1.068877578 0.939366758 0.678268373 0.639823616 0.623383582 0.624388635 0.6347875 0.631026566 0.632692397 0.620911777 0.662388921 0.660750151 0.654364407 0.63927263 0.725101054 0.638310313 1.099910021 1.040616512 0.969280958 1.013677001 1.00922215 1.639819622 3.885012865 5.920866489 20.25378036 23.47831535 23.96321106 23.76956558 -9999.0 -9999.0 -9999.0 -9999.0 -9999.0 -9999.0 -9999.0 -9999.0 -9999.0 -9999.0 -9999.0 -9999.0 -9999.0 -9999.0 -9999.0 -9999.0 -9999.0 -9999.0 -9999.0 -9999.0 -9999.0 -9999.0 -9999.0 -9999.0 -9999.0 -9999.0 -9999.0 -9999.0
2.332865715 1.145011783 0.690129101 0.638446927 0.618240714 0.626819909 0.627425611 0.626746655 0.63083452 0.611200154 0.623378515 0.626916468 0.601205409 0.613009095 0.609132767 0.587534368 0.683508933 0.586706519 0.869256377 0.963729858 1.011824191 1.273827195 2.538747549 6.518725872 19.39417076 23.36367989 23.88473892 23.60725021 24.07045174 -9999.0 -9999.0 -9999.0 -9999.0 -9999.0 -9999.0 -9999.0 -9999.0 -9999.0 -9999.0 -9999.0 -9999.0 -9999.0 -9999.0 -9999.0 -9999.0 -9999.0 -9999.0 -9999.0 -9999.0 -9999.0 -9999.0 -9999.0 -9999.0 -9999.0 -9999.0 -9999.0
0.941482365 0.626811385 0.656671107 0.616750598 0.622597575 0.622476757 0.629486978 0.618175685 0.611635983 0.612940431 0.598418891 0.59199208 0.644984543 0.582903564 0.714585066 0.585127234 0.586235523 0.68424058 0.586454332 0.777279735 0.928545594 1.146940589 1.927387834 5.080548286 8.249005795 21.75334167 23.06488991 23.99288368 23.7624718 -9999.0 -9999.0 -9999.0 -9999.0 -9999.0 -9999.0 -9999.0 -9999.0 -9999.0 -9999.0 -9999.0 -9999.0 -9999.0 -9999.0 -9999.0 -9999.0 -9999.0 -9999.0 -9999.0 -9999.0 -9999.0 -9999.0 -9999.0 -9999.0 -9999.0 -9999.0 -9999.0
0.631249428 0.628463864 0.613661468 0.617855906 0.611957073 0.614409685 0.612708569 0.609649837 0.603672326 0.597455263 0.593590438 0.585750759 0.653968751 0.58257103 0.585207045 0.58627671 0.601412594 0.584833145 0.645597637 0.583671689 0.608069777 1.016371965 1.285191774 4.342075348 6.548503876 19.88691139 23.13865662 23.3162384 -9999.0 -9999.0 -9999.0 -9999.0 -9999.0 -9999.0 -9999.0 -9999.0 -9999.0 -9999.0 -9999.0 -9999.0 -9999.0 -9999.0 -9999.0 -9999.0 -9999.0 -9999.0 -9999.0 -9999.0 -9999.0 -9999.0 -9999.0 -9999.0 -9999.0 -9999.0 -9999.0 -9999.0
0.633261442 0.63051939 0.62447077 0.610433221 0.621493518 0.61064285 0.608641207 0.610229433 0.60739255 0.596007764 0.594066381 0.591328919 0.582709014 0.582061172 0.584826291 0.583783507 0.584299803 0.588416219 0.589590609 0.583919227 0.612138033 0.581395864 1.071486115 2.349174738 5.285450935 9.525122643 22.29615021 23.12495422 23.12172508 -9999.0 -9999.0 -9999.0 -9999.0 -9999.0 -9999.0 -9999.0 -9999.0 -9999.0 -9999.0 -9999.0 -9999.0 -9999.0 -9999.0 -9999.0 -9999.0 -9999.0 -9999.0 -9999.0 -9999.0 -9999.0 -9999.0 -9999.0 -9999.0 -9999.0 -9999.0 -9999.0
0.645367324 0.610216796 0.626413763 0.636350036 0.669937313 0.623481333 0.652483642 0.618489444 0.605291665 0.595312059 0.578000546 0.580793262 0.580660224 0.581171632 0.582548738 0.583437383 0.583409488 0.58896184 0.583701909 0.590677679 0.5922212 0.580349445 0.581031263 0.974998057 2.369130611 8.493492126 21.59045601 23.03871536 22.86121941 -9999.0 -9999.0 -9999.0 -9999.0 -9999.0 -9999.0 -9999.0 -9999.0 -9999.0 -9999.0 -9999.0 -9999.0 -9999.0 -9999.0 -9999.0 -9999.0 -9999.0 -9999.0 -9999.0 -9999.0 -9999.0 -9999.0 -9999.0 -9999.0 -9999.0 -9999.0 -9999.0
0.620845854 0.662688732 0.626609802 0.622195661 1.020504355 0.723724484 0.722203255 0.594798625 0.603217065 0.57479465 0.573819995 0.586629272 0.579536378 0.587603986 0.581907809 0.582295775 0.582373321 0.582235098 0.581480324 0.581872702 0.589551508 0.591315031 0.5917418 0.590620995 1.267923236 4.573914528 8.524608612 22.54571724 22.71521568 22.93689805 -9999.0 -9999.0 -9999.0 -9999.0 -9999.0 -9999.0 -9999.0 -9999.0 -9999.0 -9999.0 -9999.0 -9999.0 -9999.0 -9999.0 -9999.0 -9999.0 -9999.0 -9999.0 -9999.0 -9999.0 -9999.0 -9999.0 -9999.0 -9999.0 -9999.0 -9999.0
0.717368901 0.659217119 0.639430583 0.616151571 0.59945184 0.58679378 0.662486792 0.606898308 0.595153034 0.572660506 0.666711986 0.573494732 0.577292442 0.586193323 0.581767738 0.581854641 0.581433058 0.581722736 0.586029589 0.587650657 0.580025017 0.576785326 0.590479553 0.585222363 0.667793572 1.608204842 4.028223038 22.43397141 22.64706421 22.79188156 -9999.0 -9999.0 -9999.0 -9999.0 -9999.0 -9999.0 -9999.0 -9999.0 -9999.0 -9999.0 -9999.0 -9999.0 -9999.0 -9999.0 -9999.0 -9999.0 -9999.0 -9999.0 -9999.0 -9999.0 -9999.0 -9999.0 -9999.0 -9999.0 -9999.0 -9999.0
0.642043531 0.616196871 0.61525476 0.608484745 0.602977276 0.594224334 0.651776731 0.600540102 0.614850104 0.58947897 0.567474723 0.575074017 0.576449633 0.577941537 0.578976333 0.580688775 0.582296491 0.580626488 0.579614937 0.584777534 0.578476727 0.576874852 0.57893312 0.58600986 0.59646976 0.674279153 1.62302196 4.524562359 21.93004227 22.6610775 22.59512901 -9999.0 -9999.0 -9999.0 -9999.0 -9999.0 -9999.0 -9999.0 -9999.0 -9999.0 -9999.0 -9999.0 -9999.0 -9999.0 -9999.0 -9999.0 -9999.0 -9999.0 -9999.0 -9999.0 -9999.0 -9999.0 -9999.0 -9999.0 -9999.0 -9999.0
0.702629209 0.617907226 0.60602051 0.603785455 0.59130168 0.581641436 0.588588715 0.561767101 0.589507043 0.586898029 0.655291021 0.571404636 0.576381266 0.57750982 0.577580392 0.587858796 0.580514014 0.580346763 0.580728769 0.580601096 0.576407552 0.577999175 0.583981693 0.585663915 0.585834861 0.620712698 0.93505758 2.022385836 8.65886879 21.53269005 22.37565994 -9999.0 -9999.0 -9999.0 -9999.0 -9999.0 -9999.0 -9999.0 -9999.0 -9999.0 -9999.0 -9999.0 -9999.0 -9999.0 -9999.0 -9999.0 -9999.0 -9999.0 -9999.0 -9999.0 -9999.0 -9999.0 -9999.0 -9999.0 -9999.0 -9999.0
0.893381298 0.638832569 0.635730088 0.600969076 0.801641107 0.543957591 0.56490612 0.569134057 0.579235256 0.559962153 0.600990057 0.563956022 0.575697422 0.573824286 0.578490853 0.579038858 0.579836249 0.582245469 0.580783188 0.577399254 0.57674098 0.5806517 0.584524572 0.626212418 0.600731134 0.620304585 0.621579647 0.68007946 2.924574614 21.67576218 22.15790558 -9999.0 -9999.0 -9999.0 -9999.0 -9999.0 -9999.0 -9999.0 -9999.0 -9999.0 -9999.0 -9999.0 -9999.0 -9999.0 -9999.0 -9999.0 -9999.0 -9999.0 -9999.0 -9999.0 -9999.0 -9999.0 -9999.0 -9999.0 -9999.0 -9999.0
1.067139149 0.801952899 2.076798677 0.594113886 0.603128731 0.555103004 0.548836231 0.555947423 0.59006691 0.566557884 0.597085178 0.574716091 0.572063982 0.573834896 0.582406163 0.577357411 0.579558015 0.577394664 0.578219593 0.57720083 0.58096844 0.582764089 0.597814322 0.583696306 0.600098372 0.597230732 0.622604549 0.68178004 1.258550644 19.02342987 21.54334641 -9999.0 -9999.0 -9999.0 -9999.0 -9999.0 -9999.0 -9999.0 -9999.0 -9999.0 -9999.0 -9999.0 -9999.0 -9999.0 -9999.0 -9999.0 -9999.0 -9999.0 -9999.0 -9999.0 -9999.0 -9999.0 -9999.0 -9999.0 -9999.0 -9999.0
1.073594928 1.070389748 1.743241072 0.636619091 0.574849606 0.555433571 0.565121293 0.562273026 0.567356467 0.572807908 0.816145599 0.569919348 0.568464935 0.570401549 0.575783074 0.575508773 0.574147999 0.593165457 0.577796221 0.578468382 0.578978479 0.594352603 0.598783314 0.575228274 0.595955789 0.597361267 0.623749375 0.682631135 0.932435334 5.369448185 21.48588562 21.78372574 -9999.0 -9999.0 -9999.0 -9999.0 -9999.0 -9999.0 -9999.0 -9999.0 -9999.0 -9999.0 -9999.0 -9999.0 -9999.0 -9999.0 -9999.0 -9999.0 -9999.0 -9999.0 -9999.0 -9999.0 -9999.0 -9999.0 -9999.0 -9999.0
2.254339218 2.023263693 2.02726531 1.381715417 0.546296477 0.5550192 0.558226645 0.561707258 0.573911309 0.578627288 0.594294906 0.659399271 0.567634761 0.565103233 0.573919415 0.571404636 0.573694706 0.581176221 0.580439866 0.578760862 0.594964027 0.587933481 0.589375138 0.590766311 0.594484925 0.620089114 0.62372297 0.682719827 0.936048925 4.050412178 21.03217697 21.5606575 -9999.0 -9999.0 -9999.0 -9999.0 -9999.0 -9999.0 -9999.0 -9999.0 -9999.0 -9999.0 -9999.0 -9999.0 -9999.0 -9999.0 -9999.0 -9999.0 -9999.0 -9999.0 -9999.0 -9999.0 -9999.0 -9999.0 -9999.0 -9999.0
2.793213844 2.154229164 2.292507887 1.743097067 0.579300225 0.558819711 0.557230592 0.56152308 0.566225111 0.572912574 0.58202225 0.574407041 0.576384306 0.57369411 0.574770033 0.565802693 0.572350979 0.577287138 0.580006659 0.595208704 0.665282547 0.586206436 0.588098824 0.610843837 0.616330445 0.680754781 0.682168961 0.776008308 1.264914632 6.414348125 21.06749916 21.34044749 -9999.0 -9999.0 -9999.0 -9999.0 -9999.0 -9999.0 -9999.0 -9999.0 -9999.0 -9999.0 -9999.0 -9999.0 -9999.0 -9999.0 -9999.0 -9999.0 -9999.0 -9999.0 -9999.0 19.12018013 19.04014969 19.05480576 19.04113197 18.94773674
0.57990247 0.789916217 0.94023031 0.563403726 0.55138576 0.555030704 0.555513978 0.555408299 0.561434686 0.564365506 0.581788957 0.581691086 0.57328403 0.585846543 0.590550184 0.567804575 0.576028287 0.579121888 0.589201629 0.757988989 1.189180255 0.760397315 0.673372447 0.673687339 0.771385252 0.776282609 0.977544963 1.272723198 3.510884047 18.50977516 21.41500092 21.18120056 -9999.0 -9999.0 -9999.0 -9999.0 -9999.0 -9999.0 -9999.0 -9999.0 -9999.0 -9999.0 -9999.0 -9999.0 -9999.0 -9999.0 -9999.0 -9999.0 19.0866456 18.96507072 18.66856384 18.45346832 18.38073349 18.17220497 18.4437542 18.40472412
0.566547811 0.552007437 0.573828399 0.552274525 0.551397085 0.569148779 0.554260194 0.552839458 0.55638063 0.587014079 0.56737709 0.567790031 0.591167629 0.576461494 0.575028121 0.596375465 0.582792699 0.583815455 0.66680944 1.710186243 2.033937454 1.862661123 1.165026903 0.927030325 1.311361551 1.025434852 1.092027903 2.330964565 4.831740379 20.81419182 21.36627007 21.06192207 -9999.0 -9999.0 -9999.0 -9999.0 -9999.0 -9999.0 -9999.0 -9999.0 -9999.0 -9999.0 -9999.0 -9999.0 -9999.0 -9999.0 -9999.0 18.89383966 18.73387337 18.55214691 18.12506866 17.7738018 15.20154285 13.08980656 15.30827045 15.44229698
0.56735152 0.736986458 0.573836386 1.160579324 1.192212701 0.811698556 0.550933599 0.58277446 0.582591474 0.561232984 0.575058162 0.57015413 0.567730308 0.572270334 0.576573372 0.585664749 0.601971567 0.589424133 0.669812918 1.321616769 1.800351024 1.935860634 2.08900547 1.829176903 1.646202922 1.482909083 1.173458099 2.330270529 4.127512932 20.67487526 21.10569191 -9999.0 -9999.0 -9999.0 -9999.0 -9999.0 -9999.0 -9999.0 -9999.0 19.376504 19.30077744 19.14348602 19.10450745 19.04937935 18.89680481 18.73411942 18.61878395 18.72430229 18.25035095 17.97723579 17.09062004 7.671936035 4.429566383 4.417401791 3.36510396 2.690120697
0.559012592 0.570803642 0.682489693 0.59953016 0.562242448 0.553412974 0.729303837 0.554923117 0.556762695 0.560421944 0.59025836 0.591054738 0.567989051 0.57164526 0.575352073 0.577822924 0.579393566 0.583098173 0.603398383 1.494127154 2.022400975 2.370990753 2.225723267 1.956612587 1.807829261 1.765884638 1.514074564 2.489396572 4.806172848 19.30880737 20.83244514 20.42248082 -9999.0 -9999.0 -9999.0 -9999.0 -9999.0 19.10797435 19.04035568 18.92033958 18.30433846 18.2448616 18.02299309 17.88209343 18.68428421 17.67623711 17.64199638 17.3791275 14.06535912 2.267272949 2.118564606 1.052699089 1.132541299 1.054819345 1.054449081 0.99205631
0.565014422 0.659707844 0.593375683 0.607377529 0.715343893 0.560884893 0.557327032 0.552064836 0.556587398 0.587938011 0.567925036 0.584739745 0.564187825 0.565412939 0.569989324 0.573522091 0.57512939 0.579282165 0.57406801 0.73507148 1.715690255 2.136439085 1.986945868 1.975231051 1.737959504 1.343297243 1.346863389 1.743212223 4.205048561 17.0165081 18.58833885 20.30064964 19.34514046 18.96881166 18.75708473 18.62437418 18.56649357 18.65638924 16.6971302 1.979913354 1.916988015 1.500377297 1.497487903 1.637152791 2.063388109 1.711987615 2.227533817 1.236447096 0.908931017 0.814290822 0.688904762 0.691047788 0.563944519 0.56164974 0.682303905 0.818530083
