Environmental Parameters/RCP 45/2100/Sea-bottom_temperature.asc
ncols 720
nrows 360
xllcorner -180.00
yllcorner -90.00
cellsize 0.5
NODATA_value -9999
[rows 175 to 199 of 360, columns 168 to 223 of 720]
1.647067547 1.505845308 1.582330942 1.683024883 1.687957883 1.694122791 2.067058444 1.947578073 1.952723622 1.960052252 2.148565769 2.314805746 2.277564287 2.052228332 2.008186698 2.007139206 1.98930347 1.975103259 1.97869432 1.973988652 1.972206712 1.982057571 1.973012924 1.97159493 1.946845293 1.945913196 1.756033182 1.959857941 1.997599959 1.957725406 1.963965774 1.970648766 1.949754834 5.865640163 26.28596306 26.08072853 -9999.0 -9999.0 -9999.0 -9999.0 -9999.0 -9999.0 -9999.0 -9999.0 -9999.0 -9999.0 -9999.0 -9999.0 -9999.0 -9999.0 -9999.0 -9999.0 -9999.0 -9999.0 -9999.0 -9999.0
1.44660449 1.499605536 1.578261018 1.580055833 1.681609631 1.683902383 1.687503457 1.943724275 2.295565367 2.14706111 2.466811657 2.489754677 2.444830418 2.017026901 2.0070467 1.979359984 1.985664487 1.981884241 1.972142458 1.969819307 1.968458056 1.961616874 1.953198791 1.952249169 1.950992942 1.948782206 1.949173212 1.948156357 1.544639587 1.955343366 1.790698886 1.96289432 4.069857359 6.091085434 25.01877975 26.02985382 -9999.0 -9999.0 -9999.0 -9999.0 -9999.0 -9999.0 -9999.0 -9999.0 -9999.0 -9999.0 -9999.0 -9999.0 -9999.0 -9999.0 -9999.0 -9999.0 -9999.0 -9999.0 -9999.0 -9999.0
1.43784833 1.439607739 1.439934373 1.44137156 1.660623431 1.598195076 1.786572933 1.911861777 2.26328063 2.34779954 2.179270506 2.4502213 2.047961354 2.045678854 2.014216423 1.981477261 1.981605291 1.972043633 1.972568989 1.964327097 1.96284771 1.948667407 1.945355773 1.550018907 1.549720526 1.944386721 1.94788909 1.945263743 1.616616726 1.953855753 1.950667024 1.972437263 7.633429527 24.97918892 25.56611824 -9999.0 -9999.0 -9999.0 -9999.0 -9999.0 -9999.0 -9999.0 -9999.0 -9999.0 -9999.0 -9999.0 -9999.0 -9999.0 -9999.0 -9999.0 -9999.0 -9999.0 -9999.0 -9999.0 -9999.0 -9999.0
1.409130216 1.418067336 1.410340428 1.439422846 1.441715717 1.50643456 1.509363532 1.667906642 1.790743589 2.674777269 4.929445744 2.351672411 2.14090085 2.114470243 2.11405921 2.115602493 2.026882529 1.989566326 1.967812657 1.967734337 1.968328238 1.950865149 1.954065204 1.550462127 1.944884896 1.549528122 1.550460696 1.949655533 1.954034686 1.956344008 1.617390156 13.67869186 22.72589111 -9999.0 -9999.0 -9999.0 -9999.0 -9999.0 -9999.0 -9999.0 -9999.0 -9999.0 -9999.0 -9999.0 -9999.0 -9999.0 -9999.0 -9999.0 -9999.0 -9999.0 -9999.0 -9999.0 -9999.0 -9999.0 -9999.0 -9999.0
1.415630102 1.416796088 1.417880654 1.41876483 1.492373228 1.446120143 1.449024439 1.506198049 1.587185502 1.522624254 2.023806334 3.165957451 2.14181757 2.036182165 2.000610471 1.974676609 1.971195102 1.958001375 1.955269098 1.954448342 1.952077508 1.952759743 1.949473381 1.947934628 1.946472764 1.951648116 1.952094793 1.953331113 2.748060703 2.023050189 2.299817324 21.22396851 23.80319977 -9999.0 -9999.0 -9999.0 -9999.0 -9999.0 -9999.0 -9999.0 -9999.0 -9999.0 -9999.0 -9999.0 -9999.0 -9999.0 -9999.0 -9999.0 -9999.0 -9999.0 -9999.0 -9999.0 -9999.0 -9999.0 -9999.0 -9999.0
1.414797544 1.416637301 1.418136239 1.420238376 1.421988606 1.424168468 1.447303057 1.44818294 2.931003809 5.543876171 7.040838718 3.566982985 3.116989374 2.792440653 4.06117487 2.128262997 1.968874216 1.688265562 1.942724109 1.955929399 1.953250527 1.958150506 1.953391194 1.949656844 1.953048348 2.12124753 2.499446392 3.065219164 4.959456444 2.012978792 15.46388054 21.62751579 -9999.0 -9999.0 -9999.0 -9999.0 -9999.0 -9999.0 -9999.0 -9999.0 -9999.0 -9999.0 -9999.0 -9999.0 -9999.0 -9999.0 -9999.0 -9999.0 -9999.0 -9999.0 -9999.0 -9999.0 -9999.0 -9999.0 -9999.0 -9999.0
1.417636514 1.419034481 1.418349266 1.422235608 1.423870325 1.425092936 1.428866625 1.447199583 1.434729218 6.634026051 14.33733654 15.64812088 8.42622757 8.355154037 3.43086791 3.075992823 2.769449711 2.290633202 2.120746851 1.987956882 1.988335967 2.005368829 2.122973204 2.124603987 2.126519203 3.373314857 3.45125103 3.54595685 3.062072039 1.955731034 17.09406471 21.71581924 -9999.0 -9999.0 -9999.0 -9999.0 -9999.0 -9999.0 -9999.0 -9999.0 -9999.0 -9999.0 -9999.0 -9999.0 -9999.0 -9999.0 -9999.0 -9999.0 -9999.0 -9999.0 -9999.0 -9999.0 -9999.0 -9999.0 -9999.0 -9999.0
1.419658422 1.420919657 1.422286034 1.438756108 1.425399542 1.42652452 1.442221284 1.432559133 1.415657282 1.418278933 4.366805553 10.21900082 9.513563156 4.53880024 5.411635399 4.011083126 2.958820105 2.12268877 2.28283453 1.913340092 1.832469225 1.873939037 2.314621449 2.795885801 3.122939587 2.886375427 3.131901026 2.830878258 2.495776653 4.912814617 16.97410202 -9999.0 -9999.0 -9999.0 -9999.0 -9999.0 -9999.0 -9999.0 -9999.0 -9999.0 -9999.0 -9999.0 -9999.0 -9999.0 -9999.0 -9999.0 -9999.0 -9999.0 -9999.0 -9999.0 -9999.0 -9999.0 -9999.0 -9999.0 -9999.0 -9999.0
1.421444654 1.421416283 1.421476007 1.423346043 1.424818635 1.425738335 1.427635431 1.431790113 1.452766895 1.45497787 1.442239165 1.661735773 1.464357734 1.470591784 1.495117664 1.495901346 1.496587157 1.566677928 1.565506935 1.657524824 1.678738117 1.828955054 2.140541077 1.985141993 2.163505554 2.533106327 2.126112938 1.990831137 1.701215267 5.373331547 16.94838715 -9999.0 -9999.0 -9999.0 -9999.0 -9999.0 -9999.0 -9999.0 -9999.0 -9999.0 -9999.0 -9999.0 -9999.0 -9999.0 -9999.0 -9999.0 -9999.0 -9999.0 -9999.0 -9999.0 -9999.0 -9999.0 -9999.0 -9999.0 -9999.0 -9999.0
1.419436216 1.41175139 1.446042895 1.413498402 1.424567938 1.416812301 1.42695117 1.431033015 1.435575485 1.457848907 1.460522532 1.46094501 1.487104654 1.464420795 1.446940064 1.47023797 1.47193563 1.473910928 1.47545445 1.476923585 1.501055598 1.510788679 1.566982508 1.580014586 1.805606484 1.551826 1.659470677 1.800896406 1.56276381 6.937778473 17.23000908 23.22230518 23.85886347 -9999.0 -9999.0 -9999.0 -9999.0 -9999.0 -9999.0 -9999.0 -9999.0 -9999.0 -9999.0 -9999.0 -9999.0 -9999.0 -9999.0 -9999.0 -9999.0 -9999.0 -9999.0 -9999.0 -9999.0 -9999.0 -9999.0 -9999.0
1.410885572 1.410852194 1.411545277 1.424913883 1.414720297 1.406262279 1.416803122 1.417407036 1.418858886 1.437942982 1.45727694 1.45733285 1.458814502 1.462536335 1.464792252 1.449736834 1.469688177 1.471745968 1.458147526 1.461064696 1.475880742 1.464458704 1.481784701 1.508898973 1.509958386 1.509693503 1.506554484 1.498974323 1.443194985 4.859228134 18.13850784 24.09458542 23.70496488 -9999.0 -9999.0 -9999.0 -9999.0 -9999.0 -9999.0 -9999.0 -9999.0 -9999.0 -9999.0 -9999.0 -9999.0 -9999.0 -9999.0 -9999.0 -9999.0 -9999.0 -9999.0 -9999.0 -9999.0 -9999.0 -9999.0 -9999.0
1.403338075 1.425431252 1.410511374 1.412227511 1.405763626 1.406293988 1.406984806 1.416713119 1.418564558 1.42096591 1.439402223 1.438759089 1.424237609 1.424883127 1.443793654 1.464353561 1.450122356 1.454588175 1.46890676 1.458859444 1.471082687 1.464074731 1.465173721 1.484742284 1.484586 1.481629133 1.529378891 1.450819016 1.423614979 4.471488953 16.81820011 24.54008865 23.50057817 -9999.0 -9999.0 -9999.0 -9999.0 -9999.0 -9999.0 -9999.0 -9999.0 -9999.0 -9999.0 -9999.0 -9999.0 -9999.0 -9999.0 -9999.0 -9999.0 -9999.0 -9999.0 -9999.0 -9999.0 -9999.0 -9999.0 -9999.0
1.403864026 1.40337646 1.456820011 1.40407455 1.413704634 1.406215549 1.406664371 1.407327771 1.407505512 1.409164548 1.422785044 1.423079967 1.422718406 1.492125988 1.414441824 1.429362416 1.432218671 1.43475163 1.453878284 1.456376195 1.45758462 1.443986654 1.462661028 1.465688586 1.479711533 1.493489742 1.444993019 1.429947972 1.437335968 8.916833878 20.56315994 23.7158007 -9999.0 -9999.0 -9999.0 -9999.0 -9999.0 -9999.0 -9999.0 -9999.0 -9999.0 -9999.0 -9999.0 -9999.0 -9999.0 -9999.0 -9999.0 -9999.0 -9999.0 -9999.0 -9999.0 -9999.0 -9999.0 -9999.0 -9999.0 -9999.0
1.404126763 1.412808299 1.403155684 1.403624058 1.40448153 1.401497483 1.401102185 1.406293511 1.40164566 1.401756763 1.409864426 1.409783721 1.421647787 1.411552191 1.41336453 1.414774299 1.430998802 1.419081569 1.45334363 1.453404069 1.423657656 1.442988873 1.446897864 1.490879059 1.443160295 1.446926236 1.455102324 1.430559278 1.457470655 14.93259716 -9999.0 -9999.0 -9999.0 -9999.0 -9999.0 -9999.0 -9999.0 -9999.0 -9999.0 -9999.0 -9999.0 -9999.0 -9999.0 -9999.0 -9999.0 -9999.0 -9999.0 -9999.0 -9999.0 -9999.0 -9999.0 -9999.0 -9999.0 -9999.0 -9999.0 -9999.0
1.403509974 1.403642654 1.403754234 1.401196718 1.400843024 1.400652528 1.400815964 1.401025772 1.401409388 1.401474953 1.401381612 1.408149362 1.420610189 1.403451681 1.404626966 1.415067315 1.416266561 1.416152835 1.431346297 1.418816686 1.420456171 1.4222188 1.4199965 1.41498065 1.428577185 1.458161235 1.455291748 1.418542624 1.457325101 21.74542809 -9999.0 -9999.0 -9999.0 -9999.0 -9999.0 -9999.0 -9999.0 -9999.0 -9999.0 -9999.0 -9999.0 -9999.0 -9999.0 -9999.0 -9999.0 -9999.0 -9999.0 -9999.0 -9999.0 -9999.0 -9999.0 -9999.0 -9999.0 -9999.0 -9999.0 -9999.0
1.400424242 1.400987267 1.401442885 1.401017547 1.400402188 1.400143027 1.40037334 1.400913596 1.400410533 1.399504662 1.398844361 1.400661707 1.406314135 1.407576442 1.403998256 1.405248523 1.405372858 1.404874206 1.404924154 1.414568543 1.405378699 1.406374454 1.418327451 1.421665192 1.42485702 1.423650503 1.418942094 1.417900801 1.456591845 16.41285896 21.27478981 -9999.0 -9999.0 -9999.0 -9999.0 -9999.0 -9999.0 -9999.0 -9999.0 -9999.0 -9999.0 -9999.0 -9999.0 -9999.0 -9999.0 -9999.0 -9999.0 -9999.0 -9999.0 -9999.0 -9999.0 -9999.0 -9999.0 -9999.0 -9999.0 -9999.0
1.403007627 1.40016973 1.400651336 1.400597453 1.40026021 1.40234983 1.400240064 1.400327921 1.399372339 1.399047852 1.398708105 1.40007937 1.406616211 1.399701357 1.409436822 1.3996526 1.400277615 1.402858973 1.402874947 1.403095722 1.406389236 1.410082221 1.405347824 1.407870412 1.41215837 1.420190334 1.438639045 1.415246248 1.41541028 15.38955212 20.51933098 -9999.0 -9999.0 -9999.0 -9999.0 -9999.0 -9999.0 -9999.0 -9999.0 -9999.0 -9999.0 -9999.0 -9999.0 -9999.0 -9999.0 -9999.0 -9999.0 -9999.0 -9999.0 -9999.0 -9999.0 -9999.0 -9999.0 -9999.0 -9999.0 -9999.0
1.397386789 1.398392081 1.406165838 1.404891729 1.400274634 1.400486112 1.401693463 1.400303245 1.399552584 1.399023771 1.39856112 1.400160313 1.39881289 1.397552133 1.39632988 1.39671576 1.399436474 1.398914695 1.397004128 1.398451686 1.399161816 1.401055574 1.402220845 1.404018641 1.407215953 1.41087687 1.414555311 1.415055752 1.423790693 4.374873638 20.35753059 20.39774084 -9999.0 -9999.0 -9999.0 -9999.0 -9999.0 -9999.0 -9999.0 -9999.0 -9999.0 -9999.0 -9999.0 -9999.0 -9999.0 -9999.0 -9999.0 -9999.0 -9999.0 -9999.0 -9999.0 -9999.0 -9999.0 -9999.0 -9999.0 -9999.0
1.407922029 1.397148013 1.398188353 1.399169207 1.400098205 1.400944114 1.402257562 1.401070237 1.411084056 1.399162531 1.409224987 1.396916509 1.396260738 1.399153233 1.394055963 1.39409709 1.394442558 1.396668792 1.393850803 1.395605087 1.397937775 1.396524549 1.396222591 1.394370675 1.398702741 1.404772997 1.409123302 1.414720654 1.427526593 1.614762783 16.0294075 19.42351532 19.65729141 -9999.0 -9999.0 -9999.0 -9999.0 -9999.0 -9999.0 -9999.0 -9999.0 -9999.0 -9999.0 -9999.0 -9999.0 -9999.0 -9999.0 -9999.0 -9999.0 -9999.0 -9999.0 -9999.0 -9999.0 -9999.0 -9999.0 -9999.0
1.399896026 1.399796486 1.400139809 1.400992632 1.401863098 1.402715921 1.402146935 1.401558876 1.400519252 1.399573565 1.39864254 1.397750497 1.39694488 1.395912528 1.400311708 1.393428802 1.393685579 1.398277283 1.392101288 1.392230153 1.391515493 1.392562389 1.396194339 1.393443346 1.396559119 1.399822474 1.405621171 1.41079092 1.423130751 1.431626916 14.09627151 16.59523392 18.95992279 -9999.0 -9999.0 -9999.0 -9999.0 -9999.0 -9999.0 -9999.0 -9999.0 -9999.0 -9999.0 -9999.0 -9999.0 -9999.0 -9999.0 -9999.0 -9999.0 -9999.0 -9999.0 -9999.0 -9999.0 -9999.0 -9999.0 -9999.0
1.405371189 1.405710936 1.404592395 1.404302716 1.405422211 1.404129267 1.403613687 1.402789116 1.402060747 1.401413441 1.400963068 1.400417089 1.400271058 1.399568439 1.400412083 1.399172664 1.393467546 1.39457953 1.392550111 1.392308593 1.392691374 1.392068148 1.391707659 1.391919971 1.393262506 1.396401405 1.400707722 1.408366203 1.414530635 1.425837636 3.206912994 13.7867012 15.91820335 17.92520523 -9999.0 -9999.0 -9999.0 -9999.0 -9999.0 -9999.0 -9999.0 -9999.0 -9999.0 -9999.0 -9999.0 -9999.0 -9999.0 -9999.0 -9999.0 -9999.0 -9999.0 -9999.0 -9999.0 -9999.0 -9999.0 -9999.0
1.411134243 1.411081553 1.411296725 1.40500319 1.405423641 1.40551722 1.40566051 1.404819012 1.403879523 1.409125805 1.408422828 1.406169534 1.401363969 1.398450851 1.399301887 1.398227334 1.396442771 1.396738172 1.393214464 1.392184854 1.391706467 1.391089439 1.390657067 1.390509605 1.391262531 1.393145084 1.39753449 1.405708551 1.418691874 1.425904632 1.90903306 10.34000015 15.38594913 17.11930847 18.33618546 -9999.0 -9999.0 -9999.0 -9999.0 -9999.0 -9999.0 -9999.0 -9999.0 -9999.0 -9999.0 -9999.0 -9999.0 -9999.0 -9999.0 -9999.0 -9999.0 -9999.0 -9999.0 -9999.0 -9999.0 -9999.0
1.413106322 1.413628221 1.414233208 1.41605413 1.411033392 1.410818815 1.406621575 1.407138705 1.406555176 1.404995203 1.403763533 1.406804562 1.402722001 1.401889801 1.39996922 1.421419382 1.397748828 1.396046519 1.394435167 1.392552376 1.392966032 1.392311454 1.390759706 1.391066432 1.391024709 1.392103672 1.395396709 1.403457403 1.417931795 1.421850085 1.424302101 3.19861722 14.85789871 16.12289429 17.12879276 -9999.0 -9999.0 -9999.0 -9999.0 -9999.0 -9999.0 -9999.0 -9999.0 -9999.0 -9999.0 -9999.0 -9999.0 -9999.0 -9999.0 -9999.0 -9999.0 -9999.0 -9999.0 -9999.0 -9999.0 -9999.0
1.453156948 1.454272628 1.471107364 1.408575654 1.41035521 1.411416888 1.411998868 1.42054987 1.411398888 1.409060717 1.40681541 1.405222416 1.404098988 1.402834892 1.404629588 1.401532412 1.404404998 1.397836924 1.395759821 1.39251411 1.392057538 1.391800046 1.391789913 1.391918778 1.392495751 1.393748164 1.396950245 1.404321551 1.42103076 1.421513081 1.426457524 1.458194494 6.899199009 14.60602951 16.00737762 17.63766098 -9999.0 -9999.0 -9999.0 -9999.0 -9999.0 -9999.0 -9999.0 -9999.0 -9999.0 -9999.0 -9999.0 -9999.0 -9999.0 -9999.0 -9999.0 -9999.0 -9999.0 -9999.0 -9999.0 -9999.0
1.46391809 1.464090228 1.460329056 1.456301093 1.453611612 1.428816915 1.42946291 1.416988134 1.417209148 1.423080087 1.410601854 1.407145619 1.404559731 1.403426647 1.402238011 1.401166677 1.400010467 1.398695469 1.397296786 1.392874718 1.395046711 1.392447233 1.392380714 1.392827272 1.393143773 1.394226313 1.399311543 1.40699017 1.412961364 1.423875809 1.426876068 1.424782038 3.188243389 13.3789854 15.01217079 17.08224297 -9999.0 -9999.0 -9999.0 -9999.0 -9999.0 -9999.0 -9999.0 -9999.0 -9999.0 -9999.0 -9999.0 -9999.0 -9999.0 -9999.0 -9999.0 -9999.0 -9999.0 -9999.0 -9999.0 -9999.0
