Environmental Parameters/RCP 45/2100/Sea-surface_salinity.asc
ncols 720
nrows 360
xllcorner -180.00
yllcorner -90.00
cellsize 0.5
NODATA_value -9999
[rows 150 to 174 of 360, columns 504 to 559 of 720]
35.57613754 35.45177078 35.2570343 35.14468384 35.12004471 -9999.0 -9999.0 -9999.0 -9999.0 -9999.0 -9999.0 -9999.0 -9999.0 -9999.0 -9999.0 -9999.0 32.56600952 32.85774612 32.94182205 32.99338913 33.04984283 33.1415863 33.26321793 33.35388565 33.36842346 33.37284088 33.38412094 33.39266586 33.39333725 33.39330292 33.38336945 33.32870102 33.19409943 33.05102921 32.93092346 32.83437729 32.77286911 32.64866638 32.43649292 32.22520828 32.02030563 31.78128052 31.47134399 31.2321949 31.10929298 30.82000923 30.46815109 30.24991989 30.06820297 29.71517944 29.03120422 28.63381958 -9999.0 -9999.0 -9999.0 -9999.0
35.65289307 35.51608276 35.30096436 35.14992523 35.13475418 34.92886353 -9999.0 -9999.0 -9999.0 -9999.0 -9999.0 -9999.0 -9999.0 -9999.0 -9999.0 -9999.0 32.58392715 32.93664932 33.04520035 33.11576462 33.19117355 33.26935196 33.36247253 33.40499115 33.40865707 33.41975403 33.44261169 33.45397186 33.43574905 33.41759872 33.38116837 33.31139374 33.20432281 33.0955925 32.99330902 32.88722229 32.80870438 32.69705582 32.54138565 32.39782715 32.25205612 32.07085419 31.80994797 31.52488518 31.37586212 31.2196579 30.96002388 30.64023972 30.35662651 30.07359886 29.63376045 29.51065254 27.823621 -9999.0 -9999.0 -9999.0
35.63001251 35.49843979 35.2781105 35.11578751 35.07858276 34.93212509 -9999.0 -9999.0 -9999.0 -9999.0 -9999.0 -9999.0 -9999.0 -9999.0 -9999.0 -9999.0 32.61156082 33.01824188 33.129673 33.2092514 33.30005264 33.35190582 33.37662888 33.4172554 33.46219254 33.48399353 33.50054169 33.48832703 33.43781281 33.39559174 33.35125351 33.29100418 33.21984863 33.12715912 33.0118103 32.92497635 32.85536194 32.74631119 32.61961365 32.48309326 32.36378098 32.27558517 32.11460876 31.77616501 31.62447929 31.47896576 31.23001671 30.84667969 30.45687103 30.15756416 29.90110016 29.91916656 29.04140282 -9999.0 -9999.0 -9999.0
35.50833511 35.38180542 35.22127914 35.08906555 35.0151329 34.93297577 -9999.0 -9999.0 -9999.0 -9999.0 -9999.0 -9999.0 -9999.0 -9999.0 -9999.0 -9999.0 32.83901596 33.10092163 33.25553894 33.35356903 33.4243927 33.44457245 33.45363235 33.48628616 33.53461456 33.53982544 33.53428268 33.4859848 33.4128685 33.36238098 33.32096481 33.26767349 33.18973541 33.09941101 32.99994659 32.90853119 32.83022308 32.74102783 32.63310242 32.5087738 32.40539932 32.35752106 32.04825211 31.86282539 31.76005554 31.64452934 31.42697334 31.07629967 30.63318825 30.29329109 30.12136459 30.15712738 30.53686142 28.40044459 -9999.0 24.54738408
35.36791992 35.25328445 35.15766144 35.0711441 34.94789886 34.91553497 34.72809982 -9999.0 -9999.0 -9999.0 -9999.0 -9999.0 -9999.0 -9999.0 -9999.0 -9999.0 32.96311188 33.19255066 33.37124634 33.4724617 33.52885818 33.54796982 33.57109833 33.58532333 33.58480453 33.58455276 33.54325485 33.48405457 33.4176712 33.3609581 33.3118782 33.24808502 33.16358185 33.08546448 33.00113297 32.8991394 32.79077148 32.70996094 32.61874771 32.50873184 32.35346222 32.2137146 32.01246262 31.86199951 31.80867386 31.71424103 31.50479889 31.22442245 30.85693741 30.5339756 30.38620186 30.53372955 30.85475922 29.37554226 -9999.0 26.38832874
35.27219772 35.1496582 35.05519104 35.02124023 34.91882324 34.83790207 34.71787643 -9999.0 -9999.0 -9999.0 -9999.0 -9999.0 -9999.0 -9999.0 -9999.0 33.05006027 33.02641678 33.33422089 33.48218918 33.55512619 33.57873917 33.60477066 33.6471138 33.655159 33.64122772 33.62371063 33.57004929 33.5004921 33.43293381 33.37748337 33.31800079 33.26483917 33.2017746 33.11915207 33.02204514 32.91205215 32.78774261 32.6930809 32.58904266 32.44254684 32.25637436 32.14853668 31.98531342 31.86671448 31.84675217 31.76941299 31.57692909 31.34655952 31.05280685 30.76785851 30.67894745 30.85136986 30.92955971 30.16680759 -9999.0 28.04548939
35.20935059 35.07468796 34.9493103 34.8730278 34.84106445 34.76945114 34.73140335 34.56436936 -9999.0 -9999.0 -9999.0 -9999.0 -9999.0 -9999.0 -9999.0 33.03742599 33.15163422 33.47356796 33.55236053 33.59040451 33.6279068 33.6541748 33.69278336 33.69356537 33.68191528 33.65144348 33.59010696 33.51897812 33.46741104 33.40658188 33.34406281 33.30152512 33.24274063 33.15337753 33.04162979 32.93122101 32.82162476 32.7050705 32.57265854 32.40115356 32.18208694 32.09044266 32.02642441 31.93401337 31.91537476 31.84366417 31.670784 31.4639473 31.2303524 30.96903992 30.89032936 30.98650551 31.00994873 30.95177738 -9999.0 28.89972305
35.15325165 34.97882462 34.83590698 34.77109909 34.77043533 34.7298851 34.66147232 34.59349823 -9999.0 -9999.0 -9999.0 -9999.0 -9999.0 -9999.0 -9999.0 33.05350876 33.21896744 33.53501892 33.61463928 33.638134 33.66649246 33.6980896 33.70990753 33.69856262 33.69364548 33.67321014 33.61255264 33.54838562 33.50268555 33.45040131 33.38089752 33.33395004 33.26823807 33.18072891 33.07180405 32.95850754 32.83940125 32.709095 32.55767059 32.39772034 32.24374771 32.13545609 32.07222366 32.02570343 31.99485016 31.92747116 31.78884888 31.58069611 31.38096428 31.15065765 31.04615211 31.1059742 31.13373566 30.79699898 -9999.0 29.5448494
35.05944061 34.90266418 34.79920197 34.74954987 34.73140717 34.71854782 34.6232872 34.50704575 34.35987239 -9999.0 -9999.0 -9999.0 -9999.0 -9999.0 -9999.0 33.11660767 33.2159462 33.54264832 33.6470108 33.67520142 33.69994354 33.7417984 33.73414612 33.70983887 33.70555115 33.69306946 33.64584732 33.6040802 33.5565567 33.50493622 33.42450333 33.35402298 33.28607941 33.21335602 33.09968567 32.97719193 32.84884644 32.7226944 32.56882477 32.41296005 32.32158279 32.20491409 32.12952805 32.08505249 32.04870987 31.97076797 31.86046028 31.70105171 31.52488136 31.32215691 31.19017601 31.2181282 31.22717476 30.51959467 29.88661003 29.75329781
35.00749969 34.86528397 34.79010773 34.74999237 34.75046921 34.76299286 34.64691925 34.48510742 34.3465271 -9999.0 -9999.0 -9999.0 -9999.0 -9999.0 33.04006577 33.03742981 33.19654846 33.45998764 33.63676453 33.71261215 33.74624252 33.7808342 33.76973724 33.74748993 33.73279572 33.72207642 33.68954849 33.65545654 33.60548019 33.55244827 33.49174118 33.41710663 33.34149933 33.2566452 33.13811111 32.99616623 32.87672424 32.76184845 32.61410522 32.45219421 32.34380722 32.24710464 32.17755508 32.1310997 32.08573151 32.00349808 31.90091324 31.7894516 31.64525986 31.45295334 31.33972549 31.30516052 31.24244499 30.38043484 29.4925499 29.81962967
34.95949173 34.81822586 34.74174118 34.71541214 34.74139023 34.76180267 34.65053177 34.47464752 34.37770081 -9999.0 -9999.0 -9999.0 -9999.0 33.3378445 33.14019775 33.21098709 33.25304794 33.33797455 33.56165314 33.727005 33.77152252 33.80661774 33.8219223 33.78865051 33.75598526 33.75053024 33.73915482 33.71362305 33.67203903 33.6220665 33.56536865 33.50056839 33.41232681 33.31339645 33.19869995 33.06693268 32.94807434 32.82138443 32.69140625 32.55485153 32.44231796 32.33691406 32.26316071 32.20196533 32.14155579 32.05305481 31.94505692 31.85168457 31.73485565 31.58199501 31.50157356 31.47375488 31.34548569 30.47882304 29.5961628 29.91259003
34.89551926 34.74254608 34.63748932 34.59988022 34.63154221 34.66378021 34.59674835 34.45539093 34.35875702 34.21981254 -9999.0 -9999.0 33.66848737 33.41193008 33.29828262 33.34644699 33.48591995 33.43130112 33.46627808 33.66572952 33.74945068 33.80252838 33.84019089 33.8274765 33.78378677 33.77812195 33.78598022 33.77867508 33.75099564 33.68766403 33.62147141 33.55310822 33.4747963 33.37210083 33.2677269 33.14183426 33.02549744 32.91167068 32.8008461 32.69824982 32.59155655 32.49372864 32.378479 32.28538513 32.21558762 32.13116074 32.02705383 31.9190712 31.81035233 31.69361115 31.63482666 31.62554741 31.49699593 -9999.0 29.73353767 30.02589226
34.81681824 34.63040924 34.49786758 34.44784164 34.48240662 34.53990173 34.53265762 34.44633484 34.33966064 34.23473358 -9999.0 -9999.0 33.85097122 33.97477341 33.91055298 33.89899063 -9999.0 -9999.0 33.3586998 33.52565002 33.67551041 33.76913071 33.82192993 33.80424118 33.79760742 33.81660461 33.82440186 33.81578445 33.78647995 33.72838974 33.64603424 33.57500076 33.51200485 33.43648911 33.3406105 33.23165894 33.122715 33.02307129 32.92258835 32.82467651 32.72358322 32.63266754 32.52607346 32.395298 32.29553604 32.21072769 32.12374878 32.03073883 31.92279434 31.8175869 31.76332092 31.72704124 31.53149796 -9999.0 -9999.0 30.34472844
34.75805283 34.5338974 34.39261627 34.36050797 34.38785553 34.43968964 34.45708847 34.41904449 34.34393311 34.26159668 34.19826126 34.12163925 34.08977509 34.1579895 34.13928223 34.22737503 -9999.0 -9999.0 33.47437286 33.40406036 33.5870285 33.73030472 33.80057144 33.81723785 33.83338547 33.85195541 33.84100723 33.80237198 33.75138855 33.70729446 33.65882492 33.59780884 33.54753494 33.49058151 33.39600372 33.26470566 33.16382217 33.0873642 33.01622391 32.92366409 32.82976532 32.74449158 32.69514084 32.51331711 32.37859726 32.28354645 32.20013809 32.1256218 32.04298401 31.96483231 31.91389465 31.89535904 31.79779816 31.39570251 31.05055037 -9999.0
34.75478363 34.53405762 34.38985443 34.34775543 34.37005234 34.39523315 34.40992737 34.3971138 34.36293793 34.32151413 34.29027557 34.27304459 34.27416229 34.23601913 34.22043228 34.21819687 -9999.0 -9999.0 -9999.0 33.36252975 33.56236649 33.74278641 33.8120842 33.84787369 33.87601471 33.88189697 33.86288452 33.80907059 33.74588013 33.69802475 33.64892578 33.59656525 33.54052353 33.48088074 33.37831879 33.26475906 33.17776489 33.11461639 33.0579834 32.97066879 32.87503815 32.78317261 32.68693542 32.58066559 32.47346497 32.36795044 32.28346252 32.22805786 32.16880035 32.11331177 32.0538063 32.0113678 32.01514816 31.93133545 31.52364977 -9999.0
34.78413391 34.55626297 34.43196869 34.40457535 34.4151268 34.43153763 34.43095398 34.41610336 34.40182877 34.40403366 34.41085434 34.39722061 34.36218262 34.30736923 34.24093628 34.1153717 -9999.0 -9999.0 -9999.0 33.49689865 33.58922577 33.78091049 33.84792709 33.89345551 33.92085266 33.90896606 33.86597824 33.8100853 33.74896622 33.6805687 33.63228226 33.57017517 33.51122665 33.44829559 33.36762619 33.28245544 33.22821045 33.1671524 33.09870148 33.01302338 32.91798782 32.83600616 32.7830658 32.6537056 32.56409073 32.46985245 32.37879944 32.32688141 32.27375793 32.22662735 32.15375137 32.07485962 32.0749054 32.06031418 31.81105804 31.43177618
34.77455521 34.58145905 34.50252914 34.49721909 34.47577286 34.4718895 34.46893311 34.4582901 34.44391251 34.43066406 34.40979385 34.3794632 34.33044434 34.27454376 34.20228577 34.03944016 33.94031548 -9999.0 -9999.0 33.5774765 33.66837311 33.85786057 33.9328537 33.97593307 33.98571396 33.953228 33.8964653 33.83592224 33.77114868 33.70683289 33.64706802 33.5885582 33.52837372 33.47828293 33.42237854 33.36154938 33.32170868 33.26163101 33.18976212 33.10723114 33.01129532 32.91860962 32.8407135 32.76701355 32.66658401 32.60585785 32.53329086 32.45137787 32.37770462 32.31449127 32.23601532 32.1274147 32.07699203 32.02722931 31.89984131 31.58502579
34.78008652 34.60317612 34.52354431 34.5454483 34.53837967 34.52442169 34.51470184 34.50949097 34.49205399 34.46252823 34.41983414 34.36865997 34.30591965 34.22256851 34.1342659 33.97577667 33.92904905 33.83373642 33.76370239 33.68538284 33.80490875 33.97528458 34.04178238 34.0740509 34.07234955 34.04463577 33.99337769 33.9346199 33.86566162 33.78514481 33.70942307 33.6403389 33.58869553 33.54483032 33.50315475 33.44797897 33.40821457 33.35820389 33.29286575 33.23474503 33.1820488 33.09549713 32.99446487 32.90162277 32.82142639 32.7449913 32.63891602 32.53112411 32.43844604 32.35799408 32.30081558 32.20271301 32.0824585 31.93352127 31.77275848 31.54402542
34.79739761 34.64690399 34.54708862 34.54219818 34.55247116 34.55635071 34.54351044 34.52970886 34.51724243 34.4962883 34.45968246 34.38952637 34.32004929 34.23656845 34.15011978 34.03866577 33.95397186 33.90222168 33.88729477 33.89128876 33.99013901 34.08494186 34.13814545 34.1600914 34.15969086 34.13817215 34.09379578 34.02734756 33.94551849 33.86233139 33.78170776 33.716259 33.66412735 33.61289215 33.56880569 33.52432632 33.49557114 33.46432114 33.39801025 33.3463974 33.29778671 33.22583008 33.14965057 33.07258987 32.97930908 32.89095688 32.74530029 32.57400894 32.47291946 32.36539459 32.27677155 32.19236755 32.05134583 31.82353973 31.56835937 31.38177872
34.80550003 34.71036148 34.60357666 34.5695343 34.57331085 34.57371902 34.56492615 34.55689621 34.53945541 34.51294708 34.47857666 34.43795013 34.39030457 34.33636093 34.29340744 34.23662949 34.16518402 34.12327957 34.1029892 34.09668732 34.12832642 34.17762375 34.21953201 34.24026489 34.23374176 34.20628738 34.16619873 34.09938049 34.0201149 33.94657898 33.86926651 33.79864502 33.7349472 33.68451309 33.64244843 33.61250687 33.5855751 33.54801559 33.49386597 33.44098663 33.38188171 33.32041168 33.260746 33.1891861 33.10459518 33.0154686 32.9929657 32.75064078 32.55116653 32.42052078 32.2730217 32.07730484 31.87805939 31.66998863 31.41343498 31.11874199
34.78466034 34.71551132 34.66242599 34.62017441 34.61491013 34.61355972 34.60697174 34.60203171 34.58423996 34.56019211 34.53798676 34.50244522 34.45638275 34.41930771 34.3841629 34.36277771 34.3279686 34.30046463 34.27167892 34.26076889 34.27632523 34.28890228 34.29221725 34.28583145 34.27032852 34.24674225 34.21404266 34.15690613 34.08134079 34.01077652 33.94425201 33.875103 33.80838394 33.74991226 33.70907211 33.68275833 33.65763092 33.62756348 33.58070374 33.52624893 33.46653366 33.40626144 33.34521866 33.27240753 33.19208908 33.08609009 33.02703857 32.88352203 -9999.0 -9999.0 -9999.0 31.85042953 31.6007843 31.54047966 31.34368515 31.11705971
34.77031326 34.72652817 34.68861771 34.65104294 34.64664459 34.65311432 34.65289688 34.64588165 34.63138962 34.61266327 34.59556961 34.57290268 34.54110718 34.51123047 34.48602676 34.45098495 34.42585754 34.41435242 34.40952301 34.39897156 34.38607025 34.37752151 34.3584938 34.3330307 34.30017471 34.27029037 34.23761749 34.19514465 34.13463974 34.06718445 34.01401138 33.95751953 33.89806747 33.84807968 33.79506302 33.7557373 33.72698212 33.69477844 33.65963745 33.61481476 33.5592804 33.49462509 33.42352676 33.34949493 33.26845551 33.17338562 33.08239746 33.02413177 32.81761169 -9999.0 -9999.0 -9999.0 31.16370201 31.33734512 31.35203362 31.19264603
34.77567291 34.72528458 34.69544601 34.67666626 34.67444229 34.6815834 34.69127655 34.68897247 34.68195343 34.67055893 34.66355896 34.65610123 34.63890457 34.61273956 34.58155441 34.55830002 34.53452301 34.5133667 34.491436 34.47513962 34.46149063 34.44258499 34.41296005 34.37456894 34.338871 34.306633 34.26883316 34.22274017 34.18021774 34.12039185 34.07358551 34.0333519 33.99007034 33.94060898 33.89139938 33.845047 33.80867386 33.77201462 33.73266602 33.69068909 33.6352005 33.57048416 33.50317001 33.42805099 33.34233093 33.25201035 33.16508484 33.12374115 32.9336319 32.69999313 32.33181238 -9999.0 -9999.0 30.96855354 31.09976768 31.04431725
34.78602982 34.74663925 34.71236038 34.68784332 34.68955231 34.69212723 34.70468903 34.71763229 34.72413635 34.72496033 34.7264595 34.72652817 34.71706772 34.69311523 34.65752029 34.63234329 34.60883331 34.57566452 34.54189301 34.51939774 34.50063324 34.47838211 34.44932938 34.41001511 34.37377167 34.33578873 34.29816818 34.25709915 34.21691513 34.1726532 34.12944794 34.09308243 34.05664444 34.01794052 33.97579575 33.93297958 33.89159393 33.85213852 33.81113815 33.7665596 33.71578979 33.65985489 33.58974838 33.51208115 33.41917419 33.31754684 33.22883987 33.18012619 33.14470673 32.96110153 32.63736725 -9999.0 -9999.0 -9999.0 31.10769081 30.72720718
34.79667664 34.76890945 34.7327919 34.70860291 34.70312881 34.70264053 34.70446396 34.71089935 34.71939087 34.73163986 34.73768997 34.73778152 34.73334503 34.71376038 34.68151855 34.65360641 34.62685013 34.59601593 34.5619545 34.53324509 34.51028061 34.48518372 34.45542908 34.42212296 34.39017105 34.35533524 34.31767654 34.28668213 34.24847794 34.20610046 34.16594696 34.12854767 34.09750748 34.06186676 34.02404785 33.98300934 33.94900513 33.91359711 33.87989426 33.83759308 33.78510666 33.72276688 33.65878296 33.58599472 33.48628235 33.37866592 33.29461288 33.26027679 33.18240356 33.1432457 32.95059204 32.61141586 -9999.0 -9999.0 -9999.0 30.64678383
