Environmental Parameters/RCP 45/2100/Sea-bottom_dissolved_oxygen.asc
ncols 720
nrows 360
xllcorner -180.00
yllcorner -90.00
cellsize 0.5
NODATA_value -9999
[rows 75 to 99 of 360, columns 336 to 391 of 720]
226.8808289 244.4953918 249.1225281 269.5491638 268.1914673 -9999.0 -9999.0 -9999.0 265.4460152 263.2684405 268.1941833 283.761261 239.6694031 260.3513184 283.6611938 273.7078207 -9999.0 -9999.0 -9999.0 -9999.0 -9999.0 -9999.0 -9999.0 -9999.0 -9999.0 -9999.0 275.2726135 277.7605896 275.4352722 289.7938538 278.5088196 278.2594299 281.7257385 280.1260376 278.5330505 275.9290466 -9999.0 -9999.0 -9999.0 -9999.0 -9999.0 -9999.0 -9999.0 -9999.0 -9999.0 -9999.0 -9999.0 -9999.0 -9999.0 -9999.0 -9999.0 -9999.0 -9999.0 -9999.0 -9999.0 -9999.0
212.1595917 219.2965088 248.0387726 277.4786987 271.154745 262.8829127 266.184082 280.0974121 253.7084351 252.8110046 254.2940369 244.8194427 237.91362 278.5652161 280.2746887 275.7645073 275.4012873 275.9833412 274.7855139 273.7706695 -9999.0 -9999.0 -9999.0 -9999.0 -9999.0 273.2493987 272.4136353 279.8987122 285.1617126 276.1251221 276.534729 280.5102539 281.804718 277.7367547 -9999.0 -9999.0 -9999.0 -9999.0 -9999.0 -9999.0 -9999.0 -9999.0 -9999.0 -9999.0 -9999.0 -9999.0 -9999.0 -9999.0 -9999.0 -9999.0 -9999.0 -9999.0 -9999.0 -9999.0 -9999.0 -9999.0
197.5961151 234.5730591 246.0990448 246.055603 244.70578 242.0211182 237.5295868 232.7559357 230.9003296 236.0917511 239.5336914 238.3239594 255.1313171 261.9266357 280.3016968 275.4689331 275.5743713 277.6114094 275.4147844 -9999.0 -9999.0 -9999.0 -9999.0 -9999.0 272.7929654 273.1111755 274.0101318 276.7296143 274.9967346 275.0964661 276.4622192 276.6643858 274.8466213 -9999.0 -9999.0 -9999.0 -9999.0 -9999.0 -9999.0 -9999.0 -9999.0 -9999.0 -9999.0 -9999.0 -9999.0 -9999.0 -9999.0 -9999.0 -9999.0 -9999.0 -9999.0 -9999.0 -9999.0 -9999.0 -9999.0 -9999.0
258.1772461 195.2489777 221.3652039 245.3420105 242.1076355 239.9386597 240.138504 238.0985107 237.4698181 237.9452057 235.3419952 241.412674 256.5691833 271.0954895 277.8144836 -9999.0 -9999.0 275.7778251 276.6901543 274.5977783 272.070343 268.7432861 268.8621521 272.7782898 271.1435547 275.7850647 273.8467712 274.0342407 -9999.0 -9999.0 -9999.0 -9999.0 -9999.0 -9999.0 -9999.0 -9999.0 -9999.0 -9999.0 -9999.0 -9999.0 -9999.0 -9999.0 -9999.0 -9999.0 -9999.0 -9999.0 -9999.0 -9999.0 -9999.0 -9999.0 -9999.0 -9999.0 -9999.0 -9999.0 -9999.0 -9999.0
260.1231079 188.9133911 224.1266479 244.2088928 240.9700012 237.8180542 239.0293884 237.7228088 244.0106964 237.6369171 238.7892151 261.4230042 282.5050964 271.3581238 279.4194641 275.5576172 266.443634 274.5492554 277.3864746 277.8268127 277.6046448 277.4014282 277.3003235 275.6582031 275.7099609 275.6304932 272.6331177 272.1044328 -9999.0 -9999.0 -9999.0 -9999.0 -9999.0 -9999.0 -9999.0 -9999.0 -9999.0 -9999.0 -9999.0 -9999.0 -9999.0 -9999.0 -9999.0 -9999.0 -9999.0 -9999.0 -9999.0 -9999.0 -9999.0 -9999.0 -9999.0 -9999.0 -9999.0 -9999.0 -9999.0 -9999.0
200.6154327 220.1080475 239.7735596 243.2863922 240.1147156 239.6229248 237.5616455 236.6417694 238.2677307 238.4286499 246.0310974 248.4488525 256.7726898 258.1246338 263.98526 266.2620544 270.6476746 272.004425 258.9479065 279.1705322 277.5859985 277.2012024 276.7752686 275.9725342 269.5051575 269.5287781 269.7638764 -9999.0 -9999.0 -9999.0 -9999.0 -9999.0 -9999.0 -9999.0 -9999.0 -9999.0 -9999.0 -9999.0 -9999.0 -9999.0 -9999.0 -9999.0 -9999.0 -9999.0 -9999.0 -9999.0 -9999.0 -9999.0 -9999.0 -9999.0 -9999.0 -9999.0 -9999.0 -9999.0 -9999.0 -9999.0
190.4431915 235.7279663 236.4757843 236.3503723 242.1202393 239.5614471 242.4802704 238.4270325 237.3835754 237.3725128 239.4555054 242.8607635 246.131546 253.6978302 255.1551056 261.6141052 266.8062744 272.1950073 275.9369202 261.7947693 262.7774658 267.6348267 266.4818115 263.6370239 265.9737854 -9999.0 -9999.0 -9999.0 -9999.0 -9999.0 -9999.0 -9999.0 -9999.0 -9999.0 -9999.0 -9999.0 -9999.0 -9999.0 -9999.0 -9999.0 -9999.0 -9999.0 -9999.0 -9999.0 -9999.0 -9999.0 -9999.0 -9999.0 -9999.0 -9999.0 -9999.0 -9999.0 -9999.0 -9999.0 -9999.0 -9999.0
258.7721863 249.8283539 225.06633 237.161911 237.253479 234.6674194 247.5143738 250.0918274 245.822464 245.0287933 242.2911682 243.4640198 251.4986115 248.2940369 255.0877686 266.1598511 271.7816772 272.7043457 271.3525391 271.1248779 263.1257629 263.17273 -9999.0 -9999.0 -9999.0 -9999.0 -9999.0 -9999.0 -9999.0 -9999.0 -9999.0 -9999.0 -9999.0 -9999.0 -9999.0 -9999.0 -9999.0 -9999.0 -9999.0 -9999.0 -9999.0 -9999.0 -9999.0 -9999.0 -9999.0 -9999.0 -9999.0 -9999.0 -9999.0 -9999.0 -9999.0 -9999.0 -9999.0 -9999.0 -9999.0 -9999.0
254.3574829 241.5805359 240.4384155 238.681015 189.632019 202.093399 237.4293518 233.3088989 237.1820221 249.4299774 248.897171 246.9155731 247.4796753 254.1615753 275.9885254 259.5243225 -9999.0 -9999.0 -9999.0 -9999.0 -9999.0 -9999.0 -9999.0 -9999.0 -9999.0 -9999.0 -9999.0 -9999.0 -9999.0 -9999.0 -9999.0 -9999.0 -9999.0 -9999.0 -9999.0 -9999.0 -9999.0 -9999.0 -9999.0 -9999.0 -9999.0 -9999.0 -9999.0 -9999.0 -9999.0 -9999.0 -9999.0 -9999.0 -9999.0 -9999.0 -9999.0 -9999.0 -9999.0 -9999.0 -9999.0 -9999.0
243.6345062 240.3869324 240.2841492 238.1293182 237.6009979 236.9693909 242.3384094 220.3863373 189.9706268 239.9590302 238.8997345 240.6556244 238.0905457 249.361557 252.8105774 275.4001465 272.9743347 267.0663452 265.95755 262.4008145 -9999.0 -9999.0 -9999.0 -9999.0 -9999.0 -9999.0 -9999.0 -9999.0 -9999.0 -9999.0 -9999.0 -9999.0 -9999.0 -9999.0 -9999.0 -9999.0 -9999.0 -9999.0 -9999.0 -9999.0 -9999.0 -9999.0 -9999.0 -9999.0 -9999.0 -9999.0 -9999.0 -9999.0 -9999.0 -9999.0 -9999.0 -9999.0 -9999.0 -9999.0 -9999.0 -9999.0
236.151535 236.6494293 237.5436707 238.058136 237.8509521 237.308197 236.9007111 243.2890015 236.101059 236.1606598 238.2587738 218.1070251 224.1476898 238.795639 235.7792969 250.4937897 250.8154907 270.3968048 265.762207 258.7727661 259.2398777 -9999.0 -9999.0 -9999.0 -9999.0 -9999.0 -9999.0 -9999.0 -9999.0 -9999.0 -9999.0 -9999.0 -9999.0 -9999.0 -9999.0 -9999.0 -9999.0 -9999.0 -9999.0 -9999.0 -9999.0 -9999.0 -9999.0 -9999.0 -9999.0 -9999.0 -9999.0 -9999.0 -9999.0 -9999.0 -9999.0 -9999.0 -9999.0 -9999.0 -9999.0 -9999.0
235.8575134 237.390625 237.4392853 237.8904877 238.2659607 238.4263763 238.7767334 238.3451538 237.4726715 236.7074432 235.9901276 233.5102234 234.1430817 229.2945251 231.9580536 236.582901 249.1227112 245.7899323 262.5481262 267.1499939 259.5428467 -9999.0 -9999.0 -9999.0 -9999.0 -9999.0 -9999.0 -9999.0 -9999.0 -9999.0 -9999.0 -9999.0 -9999.0 -9999.0 -9999.0 -9999.0 -9999.0 -9999.0 -9999.0 -9999.0 -9999.0 -9999.0 -9999.0 -9999.0 -9999.0 -9999.0 -9999.0 -9999.0 -9999.0 -9999.0 -9999.0 -9999.0 -9999.0 -9999.0 -9999.0 -9999.0
239.7968597 240.4058228 240.2103119 238.8759003 238.420517 238.3295593 238.6256714 238.7751465 238.4854736 238.1966858 238.7664795 235.5485077 232.7732697 232.0418396 250.0312958 185.1729431 233.4068756 240.0367126 246.0677338 274.2628174 267.1582794 256.094574 -9999.0 -9999.0 -9999.0 -9999.0 -9999.0 -9999.0 -9999.0 -9999.0 -9999.0 -9999.0 -9999.0 -9999.0 -9999.0 -9999.0 -9999.0 -9999.0 -9999.0 -9999.0 -9999.0 -9999.0 -9999.0 -9999.0 -9999.0 -9999.0 -9999.0 -9999.0 -9999.0 -9999.0 -9999.0 -9999.0 -9999.0 -9999.0 -9999.0 -9999.0
242.5227051 242.4316559 241.1824799 239.2533875 238.6331177 238.0770264 237.5827942 237.7091522 237.7931519 237.786377 237.4130096 235.651062 233.8026276 231.7931519 230.7745514 231.8885193 227.3249054 232.8100433 244.2503357 246.9692383 267.3296051 259.2020721 256.1809082 -9999.0 -9999.0 -9999.0 -9999.0 -9999.0 -9999.0 -9999.0 -9999.0 -9999.0 -9999.0 -9999.0 -9999.0 -9999.0 -9999.0 -9999.0 -9999.0 -9999.0 -9999.0 -9999.0 -9999.0 -9999.0 -9999.0 -9999.0 -9999.0 -9999.0 264.2233582 267.4889832 261.1293335 251.1254883 -9999.0 -9999.0 -9999.0 -9999.0
242.1164856 241.3839111 240.6713867 238.7609253 236.3768768 235.2568207 235.2135315 235.4677429 234.8032379 235.6208344 234.4914093 233.7719269 232.785614 231.2736053 230.5074158 230.5800171 231.6106262 201.355896 228.3535767 231.4952545 253.3609314 253.3056793 255.243576 -9999.0 -9999.0 -9999.0 -9999.0 -9999.0 -9999.0 -9999.0 -9999.0 -9999.0 -9999.0 -9999.0 -9999.0 -9999.0 -9999.0 -9999.0 -9999.0 -9999.0 -9999.0 -9999.0 -9999.0 -9999.0 -9999.0 -9999.0 -9999.0 -9999.0 276.6490784 217.3416443 227.6777496 237.6660309 235.179038 239.5045404 -9999.0 -9999.0
242.2655029 240.2699127 238.8597107 236.8781281 234.5233459 232.6606445 232.0870056 231.8226929 231.3630219 231.5410614 231.5600433 231.2445526 230.7662659 230.1413574 229.9007416 230.2513885 231.4260101 233.8117218 243.8094482 226.149765 228.2826385 254.9155121 -9999.0 -9999.0 -9999.0 -9999.0 -9999.0 -9999.0 -9999.0 -9999.0 -9999.0 -9999.0 -9999.0 -9999.0 -9999.0 -9999.0 -9999.0 -9999.0 -9999.0 -9999.0 -9999.0 -9999.0 -9999.0 -9999.0 -9999.0 -9999.0 -9999.0 -9999.0 293.6178131 229.4756012 233.4350586 238.4171143 240.1904602 232.6992493 238.0512466 -9999.0
244.1191559 241.3012543 238.9243317 235.0428619 232.9698639 237.0178528 188.2463226 184.1942749 237.0403595 235.8990784 231.8673706 229.8430023 229.5886993 245.9674072 212.6060944 245.6909332 240.0748138 247.7764587 201.2505646 184.8467865 222.3087158 244.6661224 -9999.0 -9999.0 -9999.0 -9999.0 -9999.0 -9999.0 -9999.0 -9999.0 -9999.0 -9999.0 -9999.0 -9999.0 -9999.0 -9999.0 -9999.0 -9999.0 -9999.0 -9999.0 182.9136505 182.1789856 178.4694977 204.0612378 223.3956485 -9999.0 -9999.0 -9999.0 258.7297516 232.9163055 235.2530518 234.7840424 237.750412 240.8818817 235.9670868 237.7846775
242.6264648 239.8073425 237.3311615 234.1172333 244.9843903 208.7127228 203.6674347 225.0679321 240.1950226 229.4000854 227.1287384 229.8325043 241.0535889 218.1794281 212.0859528 243.3778687 197.493576 201.0396881 186.8767395 236.1619873 215.6551666 236.4819641 -9999.0 -9999.0 -9999.0 -9999.0 -9999.0 -9999.0 -9999.0 -9999.0 -9999.0 244.9593101 241.6670866 -9999.0 -9999.0 -9999.0 -9999.0 194.9937773 177.9517822 194.4817505 194.3199615 194.5454865 195.2056122 203.8322296 234.8253174 -9999.0 -9999.0 -9999.0 -9999.0 236.8044529 234.8999481 238.7464447 238.0033569 237.3434753 222.6177216 243.131546
251.5105896 243.2082367 233.3986816 234.0485077 241.4715729 243.77948 226.4727783 233.7755585 -9999.0 -9999.0 -9999.0 -9999.0 -9999.0 -9999.0 209.4730988 211.8488464 207.1786194 202.7442627 202.8901367 205.40065 220.6729889 -9999.0 -9999.0 -9999.0 -9999.0 -9999.0 -9999.0 -9999.0 -9999.0 -9999.0 246.9299164 239.6980133 241.2548065 242.6490479 245.2671661 227.1492157 202.0062408 181.9590454 194.4337616 194.1518707 194.0851288 194.5440521 190.0843964 207.9941254 247.4714813 244.6617737 -9999.0 -9999.0 -9999.0 -9999.0 -9999.0 230.3897095 239.3300781 228.4679108 207.5210571 230.6513672
188.5666656 235.8037415 242.9610596 237.1962738 218.521698 204.4323425 234.0746765 -9999.0 -9999.0 -9999.0 -9999.0 -9999.0 -9999.0 -9999.0 -9999.0 -9999.0 -9999.0 -9999.0 -9999.0 -9999.0 -9999.0 -9999.0 -9999.0 -9999.0 -9999.0 -9999.0 -9999.0 -9999.0 -9999.0 -9999.0 238.8021088 187.0484619 179.5632019 190.6452332 195.496933 194.8043671 194.5280304 194.4445038 193.8384552 193.7914886 193.7785187 238.0768127 249.3392029 188.7962952 248.1144714 243.716095 243.1107788 -9999.0 -9999.0 -9999.0 -9999.0 234.2935562 242.4380951 213.4275818 220.5431213 215.2699738
244.9694672 242.8121033 240.5270081 236.9327087 237.693924 187.9568176 241.1650543 -9999.0 -9999.0 -9999.0 -9999.0 -9999.0 -9999.0 -9999.0 -9999.0 -9999.0 -9999.0 -9999.0 -9999.0 -9999.0 -9999.0 -9999.0 -9999.0 -9999.0 -9999.0 -9999.0 -9999.0 -9999.0 -9999.0 -9999.0 240.549942 190.7382507 195.6200409 195.5824127 195.3351898 194.8329468 194.5432129 194.3887482 193.9589844 193.9555054 194.4178467 210.9072876 209.2937164 186.7366028 199.922226 184.618927 242.2897797 234.8212128 237.1190491 -9999.0 -9999.0 -9999.0 233.5539093 237.3058167 225.3379211 231.2817383
239.1407623 241.5378265 234.5681305 233.0644989 235.0805206 192.2329712 237.6354218 -9999.0 -9999.0 -9999.0 -9999.0 -9999.0 -9999.0 -9999.0 -9999.0 -9999.0 -9999.0 -9999.0 -9999.0 -9999.0 -9999.0 -9999.0 -9999.0 -9999.0 -9999.0 -9999.0 -9999.0 -9999.0 236.9684601 240.1620178 228.7084503 195.2280121 194.5798798 194.8368225 194.9916992 194.5445099 194.5111694 193.9626923 191.7667694 193.956543 194.5239563 178.4884033 196.7431335 186.1698151 179.8944244 180.6180573 179.8978424 183.445816 238.3965607 236.6443572 -9999.0 -9999.0 -9999.0 -9999.0 230.2665548 227.5098572
233.5440521 232.0489655 237.3061676 229.8344116 230.388855 186.1655121 239.8953247 -9999.0 -9999.0 -9999.0 -9999.0 -9999.0 -9999.0 -9999.0 -9999.0 -9999.0 -9999.0 -9999.0 -9999.0 -9999.0 -9999.0 -9999.0 -9999.0 -9999.0 -9999.0 224.0810623 225.1770935 230.6655121 180.1050873 193.9101715 195.277359 194.6363831 194.3537903 194.3584747 194.4084167 194.4850616 194.4276886 193.9575958 191.7628174 193.9645844 194.0711212 220.8404236 233.4651947 245.2839661 186.5198059 190.040329 189.4629517 181.9628601 181.1274414 232.0177917 237.5302734 227.5617676 -9999.0 -9999.0 -9999.0 -9999.0
232.852356 231.6200409 230.3928833 229.1798096 233.2639923 188.4588318 241.4013062 -9999.0 -9999.0 -9999.0 -9999.0 -9999.0 -9999.0 -9999.0 -9999.0 -9999.0 -9999.0 -9999.0 -9999.0 -9999.0 -9999.0 -9999.0 -9999.0 -9999.0 -9999.0 218.043457 210.6576843 184.0900726 186.7359619 195.0414124 195.1414795 194.6382446 194.3535156 193.9865417 194.0049744 194.0542603 193.9367828 193.9464874 193.9523621 195.0511475 209.0054932 224.0107422 -9999.0 243.1768494 188.0817871 191.7606964 192.1027527 191.6987915 192.1564636 190.2587738 190.2302246 180.7158051 234.8669739 236.3467407 -9999.0 -9999.0
233.5173035 231.7951355 230.2062073 229.328186 182.2839813 189.0428772 236.6476593 -9999.0 -9999.0 -9999.0 -9999.0 -9999.0 -9999.0 -9999.0 -9999.0 -9999.0 -9999.0 -9999.0 -9999.0 -9999.0 -9999.0 -9999.0 -9999.0 -9999.0 236.036911 223.9284363 170.3960266 183.3359833 183.6465149 185.0723877 187.7488708 202.2456055 194.0407104 193.9099884 193.924942 193.9106293 193.9219208 191.7838898 193.9353638 194.7298279 226.4538422 224.423645 -9999.0 193.7177429 190.301712 191.8502655 192.1160278 192.246582 190.3488159 190.3183441 192.0729523 190.8118286 188.3042603 235.5221252 231.0782623 235.0352478
