Environmental Parameters/RCP 45/2100/Sea-surface_temperature.asc
ncols 720
nrows 360
xllcorner -180.00
yllcorner -90.00
cellsize 0.5
NODATA_value -9999
[rows 275 to 299 of 360, columns 336 to 391 of 720]
5.312964439 5.195940018 5.139131546 5.031596661 4.839888573 4.610223293 4.362056255 4.172000647 4.133360624 4.17779994 4.322008133 4.589940548 5.003468513 5.401675701 5.68637085 5.889053345 6.083530426 6.257969379 6.343719006 6.31343174 6.165524483 5.984366417 5.867377758 5.886713982 6.092468262 6.201238632 6.205356121 6.258385658 6.332291126 6.402886868 6.407376766 6.290335655 6.069050789 5.803438187 5.631542206 5.596804142 5.647296429 5.71257925 5.77253294 5.81710434 5.868715286 5.984236717 6.191203117 6.370117188 6.423052311 6.361599445 6.264915943 6.189504147 6.158148766 6.159363747 6.177572727 6.186909676 6.150439739 6.055932999 5.953512192 5.881990433
5.111965179 4.967388153 4.857858658 4.718759537 4.535750151 4.339863539 4.100636244 3.841146231 3.746391535 3.934756041 4.174425602 4.505546808 4.920899391 5.291152477 5.506585598 5.661800861 5.800043106 5.920802116 5.98753643 5.931346416 5.768956661 5.575004578 5.436263084 5.470999718 5.692382813 5.869438171 5.909430027 5.901902676 5.93870306 5.981582165 5.962936878 5.827851295 5.575525284 5.333179474 5.157758713 5.066732407 5.085823059 5.105062962 5.136489868 5.1845994 5.255403042 5.37650919 5.549604893 5.69130373 5.717863083 5.653796673 5.533771992 5.436680794 5.42130661 5.537147999 5.713004112 5.866233826 5.920055389 5.868029118 5.752316952 5.622897625
4.837954521 4.684751034 4.559669018 4.404115677 4.22694397 4.026388884 3.750351429 3.400189877 3.22603488 3.402420282 3.763082504 4.185493946 4.510278463 4.820007801 5.0156703 5.132725716 5.22974062 5.314218998 5.354100704 5.332482815 5.184659481 4.925974846 4.887164116 5.028203964 5.320807934 5.534274101 5.546879292 5.471841335 5.428511143 5.406185627 5.341391563 5.223692894 5.018334866 4.781960011 4.603475571 4.509318352 4.484314919 4.485719204 4.538940907 4.595862389 4.667169571 4.798987389 4.970152378 5.101104259 5.129970551 5.045280457 4.897115231 4.802877426 4.809683084 4.945572376 5.172932148 5.422432899 5.589384556 5.634828091 5.568702221 5.422576904
4.44218874 4.306370974 4.154642105 3.971290588 3.757171631 3.560987473 3.329878569 3.071363688 2.8753016 2.915192604 3.158696175 3.452871561 3.699268579 3.909479141 4.111385345 4.242089987 4.328747511 4.35575676 4.337574959 4.222370625 4.172815323 4.145480633 4.178287983 4.405035019 4.777197361 5.077401638 5.135050297 5.019483089 4.859450817 4.747016907 4.647921085 4.522116184 4.33864665 4.131147861 3.981418133 3.929635763 3.953803062 4.011611462 4.056918859 4.082307577 4.099378586 4.174953938 4.318253994 4.464006901 4.503324986 4.408812761 4.257681847 4.178393126 4.20847559 4.340097904 4.575916052 4.856634617 5.094625473 5.240127563 5.276043415 5.20197916
4.001806736 3.837291002 3.652381659 3.453799248 3.263492346 3.084670067 2.92394805 2.790730476 2.599093676 2.502660751 2.532135487 2.676100731 2.812623024 2.926028728 3.014060497 3.079914331 3.105991602 3.081278801 2.996222019 2.929161072 2.962138891 3.101008177 3.297680855 3.548248291 3.939370155 4.270422459 4.417495012 4.330829144 4.16212821 3.999937773 3.858468533 3.741194487 3.610358477 3.440589905 3.391689539 3.490648508 3.613226414 3.716581821 3.760160208 3.733855247 3.704850197 3.729673862 3.786876917 3.851547718 3.871240377 3.786766291 3.65267086 3.556862354 3.546595812 3.655710697 3.869372368 4.134071589 4.406701088 4.647922754 4.769904613 4.764721155
3.616883516 3.430963278 3.243561983 3.061781406 2.885667801 2.70454216 2.570848942 2.486456156 2.421615839 2.362575293 2.289047718 2.316370964 2.368309021 2.435416698 2.446527243 2.4500525 2.45087266 2.42013216 2.34408617 2.256490707 2.324085951 2.501521349 2.743350267 2.960881948 3.216783762 3.477621317 3.618938446 3.60076499 3.497926474 3.355637789 3.241266966 3.115327835 3.026812553 2.970837355 3.007773161 3.138985634 3.299869061 3.439500093 3.431013584 3.388737679 3.389222145 3.418997049 3.43891716 3.424176455 3.347491741 3.190833569 3.03158474 2.918218136 2.936920166 3.045454979 3.187231064 3.349537373 3.563180923 3.787631273 3.94835043 4.043253899
3.177078009 3.036092758 2.870056391 2.687569857 2.471250534 2.291200995 2.233343601 2.251075745 2.260896921 2.215505123 2.132588387 2.068165779 1.99017334 1.882258296 1.832774162 1.848496795 1.93123126 2.026088476 2.07566762 2.117681503 2.222742081 2.348809719 2.521831751 2.695431709 2.860084295 2.99172616 3.060614586 3.063397408 3.02616477 2.952978134 2.863440275 2.767253399 2.684034824 2.652918577 2.707237005 2.845875978 3.013547659 3.103346348 3.147124529 3.172782898 3.181063652 3.176193476 3.137169123 3.053896427 2.909754276 2.712415934 2.514520884 2.403064132 2.402690887 2.428667545 2.421328664 2.407571912 2.49748981 2.686485767 2.876156807 3.009757996
2.74249506 2.639531136 2.508619547 2.302508235 2.054543257 1.908998251 1.925214767 1.978890896 1.988526225 1.964766502 1.885352612 1.746926546 1.554593921 1.410087109 1.406466603 1.53290379 1.702242017 1.873631835 1.993674994 2.074841499 2.138249874 2.231025457 2.359066486 2.519886017 2.652178764 2.694964647 2.660255909 2.635981321 2.665975571 2.692257404 2.666395426 2.582824707 2.486831665 2.4091959 2.443793535 2.624118805 2.834434986 2.971491814 3.038090944 3.060362339 3.055297375 3.016735077 2.90972352 2.785622835 2.63616538 2.461833239 2.272435069 2.092647433 1.952434421 1.834772944 1.715049267 1.636152148 1.675132036 1.794084907 1.944225907 2.074957848
2.456846476 2.357321501 2.20988977 1.984782577 1.74648571 1.602073908 1.570729971 1.604156613 1.634835124 1.628247142 1.549185753 1.409878731 1.277771473 1.208538175 1.263581872 1.428166151 1.617281318 1.807998896 1.929982185 1.974135995 1.982154965 2.015305281 2.124358654 2.260211229 2.347050905 2.285846233 2.098487973 2.017189622 2.095094442 2.218135953 2.298017025 2.336603284 2.337238789 2.349024177 2.389051676 2.508909941 2.69660902 2.808135986 2.852583885 2.872995615 2.882291794 2.857999086 2.765794992 2.619648457 2.425246239 2.214869142 1.982436538 1.736744523 1.537706137 1.434830368 1.416828156 1.428468883 1.451060295 1.456995845 1.485961556 1.542464852
2.238505602 2.158287883 2.005157232 1.794337511 1.53211236 1.346646309 1.307387114 1.336253881 1.36166954 1.350406408 1.291194439 1.186016917 1.121806264 1.116527438 1.201334715 1.319284558 1.441446185 1.557299256 1.622516751 1.629483581 1.592476249 1.637768149 1.746879935 1.858946919 1.913321495 1.813297033 1.584976315 1.444491148 1.464632154 1.567870855 1.732320547 1.86756742 1.983678222 2.118135691 2.237144828 2.3203547 2.36502099 2.36113143 2.357620478 2.395504713 2.44519794 2.471488595 2.423065782 2.273901582 2.058020115 1.79494381 1.512314558 1.304230094 1.22761476 1.224011958 1.267396152 1.306631625 1.292249084 1.222215891 1.145589113 1.121662676
2.046546459 1.976275444 1.840069652 1.625381589 1.33772707 1.166413069 1.146825492 1.178129196 1.200708389 1.174129248 1.048885345 0.945905447 0.935214281 1.028139234 1.104292512 1.155237377 1.190208077 1.19639957 1.156564057 1.038852334 0.974466622 1.014910758 1.124006271 1.273033619 1.381952524 1.360016346 1.219413877 1.081844747 1.018227398 1.028770685 1.126202464 1.248093188 1.345020473 1.485544086 1.596620679 1.610422134 1.557436466 1.494467497 1.492048144 1.548155546 1.637962103 1.682112098 1.647619963 1.519449234 1.35138768 1.180901229 1.034880221 0.929945052 0.891464561 0.90331763 0.919803023 0.914076 0.856004894 0.76419723 0.689083874 0.640533894
1.853405356 1.788100004 1.658145905 1.447224617 1.174588323 1.025013387 1.037748635 1.072567582 1.063924253 0.98778528 0.842367768 0.744301796 0.769642472 0.850798845 0.890029669 0.847654343 0.759124875 0.655460179 0.543072015 0.494960755 0.550634593 0.634681582 0.726849973 0.846008003 0.919581354 0.91928035 0.846041679 0.772352189 0.698838919 0.619377196 0.574238449 0.547006905 0.523139656 0.511874229 0.457556158 0.42547226 0.408576608 0.42598635 0.465783179 0.509235024 0.528244615 0.546801329 0.541068852 0.53048709 0.474785686 0.408890575 0.337271862 0.275738282 0.259348592 0.255239708 0.255937567 0.251470455 0.198945185 0.159142233 0.143785231 0.154256836
1.587392688 1.534167647 1.438352346 1.253694654 1.008589625 0.845940769 0.83967936 0.861592591 0.850182712 0.755008578 0.640086055 0.575905561 0.568411291 0.591375828 0.584442675 0.505260378 0.403609186 0.316755027 0.28609854 0.309398517 0.376710564 0.457722276 0.533554167 0.604634911 0.624671191 0.565913051 0.479748875 0.465472274 0.426507052 0.375893427 0.304069746 0.196953725 0.044133712 -0.026882745 -0.038074002 -0.027382337 -0.03120476 -0.003632206 0.030099787 0.058351927 0.075231954 0.095977396 0.080889182 0.048258495 -0.001405075 -0.043638304 -0.079433262 -0.101081967 -0.106489003 -0.105683416 -0.103626162 -0.085293144 -0.069238588 -0.049815178 -0.022514895 0.015583068
1.348209977 1.29611659 1.201077282 1.015972435 0.820563078 0.705039442 0.665430963 0.655220985 0.630973577 0.563079149 0.472060859 0.399340868 0.363310963 0.364692926 0.371735036 0.348077089 0.292160541 0.210814387 0.150352255 0.147720955 0.200273499 0.283786535 0.336915135 0.353501081 0.323349342 0.244369216 0.165699268 0.151150048 0.201918252 0.234824911 0.144211836 0.011216164 -0.085866302 -0.103721291 -0.100343391 -0.093317866 -0.062760487 -0.030211806 -0.011567891 -0.02468127 -0.057830498 -0.105399817 -0.155210733 -0.200736046 -0.233352691 -0.254553616 -0.271670401 -0.275600106 -0.266227245 -0.235205859 -0.198910385 -0.162201017 -0.129342481 -0.088838503 -0.041340962 1.87069E-4
1.23262763 1.212310731 1.136401832 0.992951632 0.814098835 0.680196583 0.61592859 0.585579216 0.542624623 0.463742316 0.37727502 0.307254225 0.249677047 0.217139512 0.212207466 0.209857851 0.184879914 0.141638741 0.096613951 0.066409497 0.070461322 0.088146091 0.098332283 0.083262324 0.023870699 -0.065748468 -0.135297865 -0.152726799 -0.068180382 0.028643623 0.027817771 -0.055094525 -0.142945081 -0.18519491 -0.181899339 -0.162981123 -0.133350849 -0.115480483 -0.117620394 -0.147757411 -0.197935611 -0.254466921 -0.307773411 -0.345970035 -0.364458084 -0.359212279 -0.339342117 -0.309996158 -0.270293444 -0.222529382 -0.183355927 -0.156180054 -0.127691001 -0.083626568 -0.033632249 0.001125887
1.044273436 1.08836633 1.084672332 1.003103912 0.860645413 0.728797853 0.64098084 0.585728675 0.517649531 0.439692482 0.350402474 0.278964341 0.225441009 0.200722873 0.19448765 0.17935361 0.131346768 0.078515744 0.037551768 0.00410071 -0.017617993 -0.029982731 -0.050651804 -0.091657266 -0.155048102 -0.248279452 -0.310929269 -0.340039521 -0.32328859 -0.241531581 -0.208695203 -0.223593056 -0.253145605 -0.273914397 -0.279716611 -0.275843531 -0.266031444 -0.263778448 -0.275503278 -0.306150615 -0.35269767 -0.394971371 -0.410293818 -0.406738281 -0.396911979 -0.373089969 -0.339051068 -0.302396268 -0.263801038 -0.219570428 -0.182574928 -0.151025891 -0.118543476 -0.082519561 -0.050339326 -0.032795563
0.836567283 0.862082005 0.887172341 0.85778898 0.778008878 0.68598479 0.607642055 0.542384714 0.475357547 0.396476269 0.291298836 0.221910328 0.190360516 0.19772004 0.165308833 0.11164096 0.050510019 -0.010103077 -0.053855836 -0.093587637 -0.120999336 -0.149117142 -0.18170163 -0.233244419 -0.296742737 -0.346645236 -0.370317698 -0.379252672 -0.387653708 -0.366610169 -0.350658983 -0.360325336 -0.377123863 -0.391248465 -0.397096246 -0.405862331 -0.41433531 -0.429542899 -0.450307786 -0.464440346 -0.461629331 -0.453224659 -0.430675328 -0.408818662 -0.391700983 -0.369543433 -0.342468262 -0.309922874 -0.271943063 -0.230249912 -0.202399135 -0.181819707 -0.160303026 -0.128684938 -0.093460858 -0.075622261
0.685040951 0.676680386 0.678425074 0.652251333 0.610413879 0.556715459 0.496504307 0.421555161 0.336214567 0.249993987 0.172489718 0.122174159 0.086292699 0.027868643 -0.025855988 -0.077219248 -0.129235744 -0.174667239 -0.211397231 -0.242259026 -0.279969037 -0.312041104 -0.34163177 -0.381531239 -0.420802295 -0.428608596 -0.415833592 -0.402883649 -0.391481638 -0.383021355 -0.381369472 -0.40734601 -0.427911222 -0.452613354 -0.481275856 -0.51025188 -0.524836779 -0.512192726 -0.505099952 -0.483023882 -0.45962286 -0.435510337 -0.418215752 -0.410906315 -0.409207642 -0.399018824 -0.372209072 -0.341379464 -0.300409079 -0.265735328 -0.235864639 -0.218219221 -0.203733712 -0.179112822 -0.146990687 -0.124044746
0.43162559 0.424006402 0.415001675 0.398025237 0.377667625 0.353090119 0.294497162 0.197903022 0.110634357 0.049659938 0.011503428 -0.029254347 -0.075253397 -0.133349836 -0.197130233 -0.248815894 -0.276395619 -0.30358845 -0.336656272 -0.373185277 -0.402236462 -0.416847348 -0.430097461 -0.456735969 -0.479760289 -0.4605335 -0.414494276 -0.383920372 -0.384578705 -0.393110454 -0.404627621 -0.428325415 -0.464838922 -0.509187758 -0.542840838 -0.553692162 -0.538186431 -0.511894703 -0.48999846 -0.460060775 -0.433077812 -0.426217318 -0.429520845 -0.433397949 -0.418257654 -0.398938656 -0.380416512 -0.358720124 -0.329260349 -0.298525155 -0.274492502 -0.253671587 -0.219583631 -0.195298612 -0.185180783 -0.185239494
0.12570291 0.115964092 0.104013756 0.090842262 0.074737936 0.055325031 0.00644955 -0.044554442 -0.085857391 -0.117699236 -0.140107453 -0.165109813 -0.202741325 -0.257644594 -0.316161633 -0.363834321 -0.386822999 -0.404193342 -0.42435199 -0.440918565 -0.461736917 -0.479458034 -0.501150727 -0.535540402 -0.567105293 -0.547683597 -0.478344917 -0.434445381 -0.435936272 -0.456531644 -0.476918936 -0.503152728 -0.537366211 -0.566830456 -0.570997119 -0.547531128 -0.520362973 -0.509253383 -0.489034891 -0.459743023 -0.447289169 -0.44231391 -0.424751401 -0.407111287 -0.396529794 -0.384948134 -0.374641776 -0.354576588 -0.326846421 -0.30142796 -0.284881771 -0.264691591 -0.2487818 -0.242145598 -0.251588941 -0.263173282
-0.115324855 -0.154831499 -0.171163708 -0.20964852 -0.273080945 -0.313247323 -0.321005702 -0.3271029 -0.341070771 -0.352746606 -0.3545959 -0.335949242 -0.371796668 -0.416837692 -0.460300565 -0.484321177 -0.492370546 -0.49878931 -0.506986737 -0.517786205 -0.530560136 -0.55936414 -0.579559982 -0.615542531 -0.644006729 -0.642895937 -0.619261324 -0.58948642 -0.588091016 -0.597679615 -0.625625432 -0.631640196 -0.622655451 -0.595823705 -0.561929882 -0.530295908 -0.518637538 -0.518181503 -0.493464828 -0.45860225 -0.436970353 -0.41591984 -0.399537742 -0.391286254 -0.389704049 -0.398043036 -0.402100921 -0.390674472 -0.354527175 -0.328489661 -0.310546875 -0.31034714 -0.31811589 -0.331799746 -0.352125704 -0.370895624
-0.462335646 -0.505099833 -0.544239819 -0.593656421 -0.664607108 -0.725875318 -0.739972532 -0.735425711 -0.728627682 -0.71279794 -0.674709737 -0.637677014 -0.620350063 -0.620770633 -0.617539763 -0.619524181 -0.622227669 -0.625883043 -0.64049381 -0.644869924 -0.652146399 -0.663117826 -0.6789698 -0.702796161 -0.717939377 -0.712418675 -0.699873626 -0.684262335 -0.684128046 -0.683696568 -0.674553752 -0.645731628 -0.587718606 -0.537105381 -0.518313885 -0.516497016 -0.518380582 -0.507576764 -0.482083261 -0.451855898 -0.417271018 -0.392989278 -0.394897521 -0.408205211 -0.417112231 -0.428228974 -0.429511607 -0.42444396 -0.406670392 -0.387602866 -0.379580021 -0.385102451 -0.393427253 -0.408915162 -0.425293207 -0.432887077
-0.787022591 -0.795945942 -0.80720824 -0.841519415 -0.884148061 -0.916206121 -0.917966962 -0.905490637 -0.88453263 -0.838131666 -0.795553267 -0.767686844 -0.756318986 -0.745007336 -0.731982589 -0.724701583 -0.729977965 -0.736148894 -0.734183788 -0.732776165 -0.737018466 -0.735049605 -0.727334261 -0.729914427 -0.726432264 -0.714001358 -0.700733781 -0.681443512 -0.665461898 -0.646320522 -0.624576986 -0.581868351 -0.523002625 -0.491178334 -0.490638614 -0.494790494 -0.486887336 -0.477900505 -0.466971338 -0.45721221 -0.446158767 -0.425715923 -0.42383945 -0.436682224 -0.459877372 -0.489285648 -0.492327273 -0.491109014 -0.487488866 -0.480616093 -0.472150624 -0.462172389 -0.446890533 -0.429887414 -0.417025447 -0.419934988
-0.981000781 -0.966443181 -0.954303026 -0.951580048 -0.954340458 -0.94092536 -0.921767592 -0.908797264 -0.893150091 -0.866035342 -0.842112899 -0.828982115 -0.820037723 -0.813654244 -0.803919256 -0.79088074 -0.779659271 -0.77302748 -0.776921988 -0.777532637 -0.76959914 -0.75346911 -0.731894076 -0.701812446 -0.694594026 -0.68793273 -0.682566702 -0.670289695 -0.648888528 -0.622477651 -0.600182474 -0.563695788 -0.511498213 -0.495410502 -0.492073059 -0.482611418 -0.471803486 -0.466177642 -0.471904278 -0.483726382 -0.490696073 -0.511361599 -0.522711694 -0.539872825 -0.566644192 -0.578293264 -0.569967031 -0.558879793 -0.551321745 -0.549445689 -0.552741051 -0.534218729 -0.501294792 -0.468921125 -0.437288642 -0.424271941
-1.056639671 -1.037178278 -1.006161809 -0.993302584 -0.971827626 -0.94064486 -0.913849831 -0.901548147 -0.892840862 -0.882104039 -0.871797562 -0.864683867 -0.867796183 -0.867090464 -0.860351205 -0.844278574 -0.822500229 -0.802751184 -0.79727006 -0.792950511 -0.757606506 -0.737269878 -0.723385334 -0.712347746 -0.709677815 -0.70867455 -0.699501157 -0.67919445 -0.654163241 -0.629936814 -0.604878187 -0.568179965 -0.537438989 -0.5267272 -0.520567954 -0.509559929 -0.500849128 -0.504271984 -0.542106807 -0.564114392 -0.581421733 -0.596016586 -0.599116147 -0.599290848 -0.607149303 -0.605232298 -0.592582583 -0.581333816 -0.576150894 -0.588450372 -0.591424763 -0.571889699 -0.536008 -0.508725703 -0.494615972 -0.491819739
