Environmental Parameters/RCP 45/2100/Sea-bottom_dissolved_oxygen.asc
ncols 720
nrows 360
xllcorner -180.00
yllcorner -90.00
cellsize 0.5
NODATA_value -9999
[rows 75 to 99 of 360, columns 224 to 279 of 720]
-9999.0 -9999.0 -9999.0 -9999.0 -9999.0 -9999.0 -9999.0 -9999.0 -9999.0 -9999.0 -9999.0 -9999.0 -9999.0 -9999.0 -9999.0 -9999.0 -9999.0 -9999.0 -9999.0 -9999.0 -9999.0 -9999.0 -9999.0 336.0891418 344.4324646 316.0207214 302.8247375 287.4624634 274.3513184 285.6702881 287.6459045 286.1219177 285.5519104 277.7061157 269.4141235 255.1273193 256.6676941 264.6609497 264.6852264 268.3251953 267.8536224 267.7679901 268.0127106 268.2251129 268.3298187 268.1705475 268.0490265 267.9384308 268.8142853 268.7878265 267.6046753 266.0591583 269.1685028 267.7805176 266.6039734 265.8337402
-9999.0 -9999.0 -9999.0 -9999.0 -9999.0 -9999.0 -9999.0 -9999.0 -9999.0 -9999.0 -9999.0 -9999.0 -9999.0 -9999.0 -9999.0 -9999.0 -9999.0 -9999.0 -9999.0 -9999.0 -9999.0 319.2547541 334.4550476 336.4763184 350.1053467 316.7665405 293.3175964 293.2090759 270.6143799 272.3892212 275.0095825 275.8870544 276.5300903 282.8658752 281.217804 260.8525391 256.1479187 255.4960632 263.5464325 263.660141 267.7147827 267.7292633 267.6872559 267.8802185 268.1739807 268.486496 268.8737335 268.8371429 268.7646637 268.2325897 268.7376709 268.111084 266.9467926 265.7303772 268.6183777 267.4199219
-9999.0 -9999.0 -9999.0 -9999.0 -9999.0 -9999.0 -9999.0 -9999.0 -9999.0 -9999.0 -9999.0 -9999.0 -9999.0 -9999.0 -9999.0 -9999.0 -9999.0 -9999.0 235.5636749 305.0927734 284.5987854 311.8851471 335.4664612 338.3557129 352.563446 309.6781311 300.7898254 294.0490417 287.5354614 278.5035095 278.1492004 273.8275146 283.5285339 287.4876709 285.0817261 279.9529114 265.7926636 255.0308533 257.8293762 264.5277405 264.6940002 266.2214661 269.4983978 267.4131317 268.0370941 268.3656921 268.8998413 268.8338318 268.3424835 268.333252 268.2254486 268.1759338 268.1805725 268.1022339 268.4911804 267.8058777
-9999.0 -9999.0 -9999.0 -9999.0 -9999.0 -9999.0 -9999.0 -9999.0 -9999.0 -9999.0 -9999.0 -9999.0 -9999.0 -9999.0 -9999.0 -9999.0 280.6187744 228.8892822 107.4725952 262.3752441 318.1751709 305.0714111 318.2959509 334.7150269 328.0114746 309.9556274 303.7460327 288.4490051 283.4656677 272.2113647 278.7344971 281.999176 283.3676758 285.0485229 279.1151733 273.8064575 270.9691162 268.2953491 260.1593323 255.7886963 258.9371338 258.802124 258.8024597 269.9073944 267.0687561 267.3373413 268.0856018 268.3425293 268.3604584 268.3673859 268.3174438 268.2555542 268.2484436 268.1911011 268.5146942 267.9063721
-9999.0 -9999.0 308.3548889 304.1506348 320.5969849 314.5115204 312.7586823 320.3941803 316.885498 316.0162964 318.6014252 259.1708527 230.1756744 218.7733459 240.7491608 299.8132019 314.651947 250.0866547 149.7098999 111.6467285 145.2251587 253.5746765 277.8714905 277.3607483 304.5489807 288.2583923 302.9884033 297.921936 274.6858521 270.7125244 270.7092896 282.2733765 282.7294312 284.872406 282.4180298 274.2782898 270.3398438 264.480835 260.3828735 259.3410034 258.5204468 256.0360718 256.4224548 257.7722168 268.371109 267.3833008 268.7436523 268.2945404 268.3166046 268.3349609 268.4026031 268.4072876 268.3464966 267.5284729 268.1496887 267.9334564
-9999.0 311.0720978 0.0 53.92642212 0.0 0.0 83.36993408 166.2015839 206.2572174 315.4942017 72.65049744 71.22934723 76.44016266 83.74250031 85.09265137 281.2054443 106.8270645 92.86735535 101.5286026 300.7607422 310.0809937 -9999.0 240.4191513 277.5160065 313.6421204 277.6093445 302.5565186 343.1454773 321.4276428 327.2876282 276.7557678 280.9968262 284.1713562 283.8157043 284.3321533 282.1255798 273.5287476 268.7679443 264.0000305 259.3574524 256.1097412 255.602356 256.9225464 256.9391174 257.0099792 263.6791992 267.2542877 267.0331726 268.6963654 268.3114166 268.294754 268.3321075 267.5305328 267.5725403 267.4027557 267.904007
324.6753998 0.0 0.0 0.0 8.581436157 0.0 51.39411926 56.7995224 53.01504517 316.3926392 134.4750214 133.4926453 303.1332855 171.056839 88.40933228 99.0382309 101.5752258 108.9882355 226.6537476 275.5789948 277.6090355 -9999.0 -9999.0 281.0867624 308.3923168 327.1792955 321.3650784 326.6804066 324.8191528 318.1016846 282.233429 278.2384644 282.0518494 281.846344 282.1660156 284.3208008 272.5799561 267.1105652 264.0034485 263.7304077 259.7085876 255.9213867 254.6500854 256.8800049 257.4490356 258.4604797 265.2689209 264.7634583 267.3450165 269.1936951 268.696106 268.0944061 267.4300232 267.5331421 267.3360443 267.1327972
313.6672974 222.8943787 -9999.0 -9999.0 -9999.0 -9999.0 -9999.0 319.1775818 62.03960419 72.00241089 101.9536209 97.73278809 97.83685303 101.4331818 115.8786011 108.6626205 110.4669724 270.2357635 297.1495361 267.8782082 -9999.0 -9999.0 -9999.0 -9999.0 -9999.0 -9999.0 -9999.0 324.3767405 327.2503052 290.6615601 307.2389526 279.7243042 285.3407898 284.4513855 288.5084839 286.710022 272.8883057 267.999054 266.2403259 264.1174927 260.7321167 260.290863 255.0927734 255.4189148 256.1430054 270.4046326 267.3757935 257.8894958 265.1893311 267.5910492 267.1917725 268.598175 267.8514404 267.2150421 267.0615997 266.964386
-9999.0 -9999.0 261.1880922 238.5381699 209.9169827 245.5505219 324.2649231 137.4441223 181.0968933 266.9121399 199.671402 137.4924011 103.0964661 124.140213 167.5427094 167.2553864 136.5560913 228.9521484 292.7578106 248.4669838 -9999.0 -9999.0 -9999.0 -9999.0 -9999.0 -9999.0 -9999.0 318.9276628 323.6750488 320.4761658 304.2618103 305.0451355 301.9822388 292.0966187 294.3086853 295.7571411 287.0024719 281.9743347 271.9168396 268.0455322 264.1251831 267.3221436 267.7241516 268.6197205 268.3136902 272.9985046 273.3586731 266.3964844 258.7840271 268.4603577 266.1962738 268.1237335 267.5286713 266.967514 266.848938 266.746582
-9999.0 -9999.0 -9999.0 292.9009018 306.9973564 306.2529564 308.3546753 261.9707947 201.4512939 189.3403931 219.0858917 227.6330109 302.7950897 327.0404816 187.4862061 204.8065796 162.2177429 175.1259308 215.0884857 206.9438782 200.3930969 200.6109161 248.5368652 306.3765259 269.7921448 276.2908936 296.7024679 313.6806564 318.6570673 324.6946106 335.2296753 303.8146057 303.6083984 305.2557983 304.9619141 307.6794739 307.8973083 297.7850952 290.3993835 287.2316895 282.973938 266.2499695 258.9632568 259.8944397 264.2102356 261.0008545 269.9534302 276.0458069 264.1796875 264.1072083 267.4217529 267.3465271 267.352356 266.8809204 266.769104 266.0509186
-9999.0 -9999.0 -9999.0 -9999.0 -9999.0 310.0284729 336.0164185 284.0994263 219.9660797 222.7233582 227.5310364 328.845459 299.4799805 303.686264 260.8408203 135.6052399 159.5954285 168.9682922 147.8726501 168.8821411 169.0092163 172.3889771 153.1603241 253.2730865 161.7010956 251.7405701 303.6017761 301.4423218 328.3034258 328.3447037 320.3934326 308.9360657 303.8341064 301.2467346 297.0448608 304.6162415 311.3954773 313.3059692 306.8742065 297.6480103 261.6824036 251.791748 247.8401794 256.5400085 248.0301514 255.4361572 267.0262451 264.3596497 257.9062195 263.9190369 263.2572937 268.1236572 267.5535736 267.4494934 266.7745209 266.6144714
-9999.0 -9999.0 -9999.0 -9999.0 -9999.0 -9999.0 309.0838833 311.28479 340.6325073 279.6116333 259.5700073 239.09198 259.7132263 242.6235962 225.5430756 203.3783875 205.9919586 142.3291016 149.4578857 166.9530182 161.1551514 305.2535858 283.6022644 317.0427856 317.8783569 300.4308167 196.2434998 344.0941162 348.9949341 325.8827209 303.4128418 317.0883179 310.6242371 301.8220215 300.1221924 297.004425 300.6451721 311.3939209 316.1053772 311.1712952 268.2196655 239.8563843 234.9637146 228.1338043 220.6902008 215.2566223 215.5672607 246.0070801 257.7660828 258.1019592 256.737854 258.8634033 251.9223328 253.4247742 256.0859528 258.9287415
-9999.0 -9999.0 -9999.0 -9999.0 -9999.0 -9999.0 297.9842005 299.1599579 312.8415222 298.4954853 300.854248 334.3781433 290.2980042 276.3571472 262.7243824 281.975769 320.0166779 253.2366791 154.4226074 158.7312775 192.7600861 190.2233887 324.5488586 318.1463013 310.3807983 297.6099854 302.2010803 302.3730164 303.4699402 306.3506775 306.4711304 309.4129639 296.65625 294.9060059 291.5286865 294.5668335 299.4537048 307.4733887 316.5076599 232.6866302 208.4222107 216.6018982 220.1387939 212.8523407 217.0886383 222.0214539 218.7375031 239.1572418 240.9508972 239.5881958 235.3117065 234.2756195 234.3306427 237.6299896 238.191803 244.4166718
-9999.0 -9999.0 -9999.0 -9999.0 -9999.0 268.0599499 292.4077301 298.2943611 302.1403484 300.4598045 301.4415483 301.6433201 322.1124573 289.2503052 267.9682922 309.7095032 186.1666718 178.0355988 177.4065857 208.9310608 196.1499023 178.92453 185.4277496 321.3977203 326.3095398 252.0249329 300.0712891 270.5037537 307.3540955 309.3350525 299.6293945 291.570282 289.9874268 288.5717468 291.6216736 294.0790405 310.2952881 303.5381165 269.5596008 195.6019135 189.7155762 196.4040527 200.0644531 215.3468323 213.3998413 225.1144409 226.34758 227.8438721 227.5004425 228.4285278 225.9293518 223.4688873 224.9521484 226.7035522 229.3362274 233.7962341
-9999.0 283.696723 288.235178 292.6309814 238.1491699 209.3784027 303.0351868 296.3120804 295.0186386 299.6314468 -9999.0 -9999.0 257.8466892 303.8153076 172.3828278 233.3844452 214.5944214 200.9483337 208.9846344 221.519928 226.1749115 201.9281921 195.1664276 221.5045166 273.4479065 215.0517578 272.2060699 282.0020142 262.1908875 279.2071533 267.9083862 283.062561 280.9912109 292.1271667 312.4635315 307.5271301 313.9841919 273.7279968 195.6448364 198.1599121 198.8106689 200.2301178 208.0153351 211.0675507 215.4929352 217.6350403 222.8131866 224.4428253 221.5627289 221.2076111 220.0448303 218.7922363 219.1355591 220.884079 219.603775 223.3282471
275.5425415 279.155365 306.8945923 182.2343292 298.968811 267.0544767 -9999.0 275.1310406 262.7939634 297.1376476 314.0807648 185.0 171.2783661 190.8297577 203.7515106 170.0417786 181.8289642 186.7100067 190.27005 271.2074585 321.8344116 196.2866516 201.1148834 248.1313629 254.7671814 269.4922485 263.0874481 248.8782043 244.1264038 292.0405579 261.92453 264.1382446 282.6990356 285.4486389 290.2621155 321.7818604 289.6187439 252.8187561 210.8978271 211.5123291 211.5862122 214.8472443 218.9396973 221.2346344 223.6540527 224.0535278 227.8985138 230.6802521 233.0071564 228.616745 224.0835114 219.9568939 217.7858734 218.9007263 221.3163757 224.5326996
167.1554108 159.81427 156.1480408 311.0151062 292.6069913 -9999.0 247.2554169 270.939743 167.6817169 166.9192657 166.6556396 166.0139923 195.9214783 216.0558472 210.5966949 177.87323 198.7289124 196.045105 283.9339752 187.0757141 258.1220093 266.8596954 270.9082489 271.8206177 271.9046783 272.1919708 271.952301 270.2736969 265.9659882 261.5703583 229.6588593 234.624588 231.8109894 260.8987427 280.268158 305.024292 281.8600769 262.3816376 230.114151 228.1987 229.2434235 231.0000153 233.0027466 230.4547729 229.4893951 233.0141449 235.6422272 238.3544922 238.2679749 234.0276642 229.5588684 224.9107666 222.3196564 221.7654724 223.8456268 227.6067505
180.3625336 156.7470551 181.2520142 305.5011749 278.3677063 281.6973267 202.7778168 171.9020081 177.2772522 168.8453369 170.0561523 189.2927704 219.8294373 296.4268341 286.2588501 287.5834961 225.5888977 187.6040955 271.5741577 271.6615601 272.413269 272.2893982 272.2953949 272.8341827 272.5185852 271.7511292 272.7588654 272.4658813 271.9465942 270.9808807 257.9299316 214.9100494 219.2623444 229.863327 250.7600403 274.9726257 272.015564 232.5979004 250.0782166 246.1181335 247.0432892 248.0022583 243.7544708 243.2937012 241.2133942 237.8981171 244.8643036 243.8757324 249.4760437 240.1822205 233.0830994 228.9817657 227.4641876 227.8872833 230.3911133 232.9262848
159.303299 160.1855011 174.0211792 209.1685791 238.4095306 182.3061371 182.5687866 207.0136719 175.433136 181.526474 202.8169098 205.933075 215.1538696 227.637146 258.4241028 263.736145 271.5375214 272.6478729 273.2358551 272.7037659 271.8875885 270.9354706 272.8971252 272.3115692 273.0481873 271.2855682 269.6950226 268.2130432 271.5128937 272.5852203 272.1243134 269.3965454 257.8191071 191.8164063 222.2299957 245.7247925 244.8310089 252.8942261 265.1435089 264.2292633 263.6782684 261.4468384 261.8159485 256.6488495 249.1246033 244.6769257 243.3738251 246.0364685 246.3673401 243.5714569 242.6169586 236.9242249 234.0597534 234.5428009 236.6033783 239.7975922
167.5746613 177.422348 171.6679993 244.9650116 204.0178375 205.6449585 206.1483307 185.6135864 248.8463287 255.4261169 258.5933075 258.382019 265.8584595 271.9559021 272.8178711 273.0624542 271.7243958 270.5800629 270.7614136 271.0849915 268.5761414 270.1304932 270.2177277 272.5139008 272.2385406 268.5194702 267.2504272 267.3158569 267.5029907 271.6876068 273.2783051 272.947876 272.0124207 270.1513824 261.1520233 257.9750214 269.3761444 270.1557007 270.5884857 270.5622711 271.2910767 270.9316711 268.2122345 263.9858398 260.6756592 253.2808228 248.9755707 248.7158356 251.8179321 251.5114899 249.0369415 244.7922363 240.7345734 242.260498 243.4030151 246.1091614
170.8102112 171.6856384 174.4374542 179.6581268 181.3862152 243.2906189 268.3589935 269.9577179 271.0887451 271.9924927 272.5368042 272.5286865 272.5132599 271.0036316 271.2984009 270.8481598 268.7330627 267.7491302 267.8780975 267.8296204 267.8275604 267.8894196 267.9680786 269.1274567 267.5560303 268.8248901 266.4615479 267.7579041 266.5127411 267.7886658 271.1832275 273.7517395 274.2018585 273.4593506 273.8165131 272.9228516 272.0176086 272.1884613 273.0340118 273.4446259 272.9480438 271.8331604 271.1712341 268.6890564 263.2578278 257.2414093 255.2963867 254.2333374 255.77034 256.8540192 255.804245 254.8032684 251.5035553 247.8863068 247.9024048 249.658493
274.4659119 256.7583771 249.8063965 219.1621857 247.3515778 271.9302673 272.7637177 273.4107361 273.4184418 273.4160614 273.123291 272.3726501 269.1577301 268.3240509 268.5572052 267.9173584 268.2403717 267.3482361 267.1195374 266.9435883 266.6290894 266.7205048 266.8644562 267.0614319 269.5115814 268.1331482 266.9131317 266.8534241 266.9203796 267.5073242 268.1010284 269.2054138 273.5026093 275.0210724 274.1771393 273.8298645 273.9075012 273.5540771 273.4829254 273.39151 272.1490326 271.5525818 270.4477386 267.9678497 265.3005219 261.8152618 258.468399 258.8930359 260.3761139 261.2624207 261.4632721 260.0820007 257.2506714 254.9766541 252.8503876 253.1080933
259.3385315 236.592392 231.1441345 237.6051636 273.9269257 274.0600128 273.9104767 273.3513489 271.9545593 270.7288208 271.1580811 270.0709076 268.9408112 268.1799469 268.1057739 267.2506714 267.3328552 267.0762787 266.7279968 266.1893921 266.2818909 266.4490967 266.3401947 266.271225 267.1504517 267.2471466 267.339798 267.598938 267.3296204 268.2115936 268.038559 267.1520081 269.3609924 270.6794891 270.3378754 275.2615051 275.0584869 274.4326019 273.7138672 273.3703461 273.3022766 270.0493469 268.4655151 267.7489471 265.6160126 263.4448547 263.9873199 263.9519043 264.3866425 264.6462097 264.2867279 263.7855835 260.8860931 257.986969 256.8674316 256.6191559
221.0611267 212.2029877 242.1347504 273.8066711 274.3610077 273.767868 272.0471191 270.8312836 270.4916687 269.5389099 269.4781647 268.7727814 268.7616425 268.4332428 267.3569489 267.1502228 267.1022644 266.5621338 266.5505524 266.7896881 266.8823547 266.7254639 267.1313934 267.0469818 266.9409332 267.2238007 267.3433228 267.4147034 267.4666748 268.1159668 268.5725708 267.6992188 268.9904022 271.0311737 275.8939819 276.1356812 275.4075623 274.3498535 273.5660706 272.671402 272.1453247 271.8486176 269.486908 267.2814484 266.2876129 266.1776886 266.5656128 266.0939789 265.8962097 265.7971191 265.6646881 264.8298492 262.2818146 260.0323639 259.4486694 261.2161713
263.5741119 272.762085 274.0741425 274.3792725 273.0755768 271.2128601 269.3082275 269.0821533 269.1546631 269.2661743 269.2649841 268.585495 268.666214 268.4387054 267.7653656 267.3765717 267.0465088 267.0293579 267.0489807 267.3278809 267.2507935 267.4220886 267.4931335 267.3962097 267.2565002 267.0283508 267.4967499 267.5107269 267.9765472 267.7379456 267.9013214 267.8143921 275.9851379 271.2161865 269.4175415 269.0110321 270.2055969 272.6154022 272.5395355 271.468277 271.6867676 271.5218048 270.4338379 270.4569092 268.694931 268.9586487 268.140152 268.0890961 267.7502899 267.1880951 265.5973969 263.3769684 262.2945709 260.6193542 260.6059265 264.7225037
