ENM/SVM/Abudefduf_saxatilis.asc
NCOLS 720 
NROWS 360 
XLLCORNER -180 
YLLCORNER -90 
CELLSIZE 0.5 
NODATA_value -9999 
[rows 140 to 159 of 360, columns 0 to 45 of 720]
1.01363036725618e-10 1.03138938205083e-10 1.17832850763191e-10 1.62318281155354e-10 2.05912920565269e-10 2.67309886550814e-10 2.683511814895e-10 3.84245319603618e-10 6.19905720221018e-10 6.0534921316532e-10 6.64546314866586e-10 8.88810462363582e-10 1.58021394949621e-09 2.06147098358787e-09 2.65021131527402e-09 3.01777486198064e-09 4.38437521440095e-09 5.66694696906854e-09 7.45644459460282e-09 7.30511093220526e-09 8.71416750817859e-09 1.19364436980678e-08 1.70601732600286e-08 2.093080117967e-08 2.08930447849551e-08 2.36154368968545e-08 2.02917981984959e-08 2.56707570571858e-08 3.26555442789425e-08 3.99752889451329e-08 4.95975638651851e-08 5.87139933840992e-08 6.84566713907133e-08 8.62447861469381e-08 1.03785998517043e-07 1.29525094182189e-07 1.69460685300527e-07 2.21192255510829e-07 2.66290052739678e-07 3.27890513612354e-07 3.98501356170405e-07 5.60412473061798e-07 6.99018116212238e-07 7.28622549078982e-07 1.05128151810689e-06 1.39021919932713e-06
1.07174121621529e-10 1.02612201807021e-10 1.25937662143124e-10 1.66545034122107e-10 1.97169379846938e-10 2.29996468888937e-10 3.0746666274169e-10 3.26167663517067e-10 7.02057017285464e-10 8.59465766787596e-10 1.08732524510202e-09 1.40249461062692e-09 1.85354143488294e-09 2.19313505586378e-09 2.59517985169583e-09 3.27812621041989e-09 4.27746025536269e-09 5.59193629339364e-09 7.71166749497373e-09 7.81373045958032e-09 1.11921382187703e-08 1.41954176943913e-08 1.78180510344771e-08 1.81494611705841e-08 1.41233754049532e-08 1.76327786879074e-08 2.04913891189587e-08 2.4301243204817e-08 2.89636039807566e-08 3.37726578479107e-08 4.32488715581191e-08 5.35675077928348e-08 6.80721749660261e-08 8.4293945144227e-08 1.06393044059893e-07 1.66073569610052e-07 1.67841046894173e-07 2.32919560900142e-07 2.80099768239241e-07 2.97128947241324e-07 3.78649424885773e-07 4.71507554243711e-07 8.5061802638062e-07 7.33391505655928e-07 1.34420988970906e-06 1.67689959377749e-06
1.10166973816481e-10 1.41705467012597e-10 1.77332270531259e-10 1.65483755100091e-10 2.24844431044481e-10 2.11702787256126e-10 3.30719236870418e-10 5.47132746633791e-10 5.86018974423071e-10 9.56372256328099e-10 1.25774547090169e-09 1.43726368398434e-09 1.99925158509471e-09 2.32244973098654e-09 2.90204431481087e-09 2.93993622406363e-09 4.34568344417264e-09 5.550021557107e-09 6.79835942418552e-09 8.93060917316992e-09 1.09372809188267e-08 1.1738737015425e-08 9.69193715791658e-09 1.19546125251724e-08 1.47163432674251e-08 1.89765944293697e-08 1.95420080595837e-08 2.51410821600585e-08 2.66123225528438e-08 3.44599120242591e-08 4.70548672820821e-08 5.25019817319297e-08 6.83051689923735e-08 8.97275442572401e-08 1.02253639267972e-07 1.68055220711069e-07 1.83906097777306e-07 2.33672989523596e-07 2.27282808067548e-07 2.87867821416544e-07 3.58560671343971e-07 7.87833986504616e-07 8.54131583767383e-07 1.38946006092495e-06 1.46283205605812e-06 1.77052461766782e-06
1.10110647207606e-10 1.40654304554187e-10 1.80503070395142e-10 2.27954168388352e-10 2.6061620518944e-10 3.06240797649425e-10 4.37239810849347e-10 5.8759515462627e-10 7.61445589203759e-10 9.77473101193072e-10 1.20736365328172e-09 1.57460002543344e-09 1.98500893160621e-09 2.0424964917546e-09 2.84307636284856e-09 2.12080199219381e-09 4.37121599895082e-09 3.40859614150335e-09 4.1825125481463e-09 7.66677631959345e-09 1.043623177273e-08 1.35501692819706e-08 1.74609640437985e-08 1.17009364260893e-08 1.41388908942823e-08 1.76208038185605e-08 1.99793157626987e-08 2.49654726055758e-08 2.78279573272348e-08 3.46369598045834e-08 4.11806819443052e-08 5.02666899284565e-08 6.42366767633177e-08 7.80354658194717e-08 1.00336174847893e-07 1.15961639486547e-07 1.53643324002231e-07 1.71419214372723e-07 2.15328312800192e-07 2.70371543447096e-07 3.41252404150293e-07 4.31453793788888e-07 6.5271886571115e-07 1.09408211793419e-06 1.37719889224007e-06 1.69016565686188e-06
6.43433867845778e-11 8.81422267782691e-11 1.12696829351436e-10 1.74748298208296e-10 2.23449620749092e-10 2.94714786469239e-10 4.51570410698871e-10 5.75368543926766e-10 7.62705274672479e-10 9.11163711429236e-10 1.13378010989433e-09 1.45930449160379e-09 1.9099312629391e-09 1.70046785690121e-09 2.92289751673676e-09 1.96768250660924e-09 2.36312945940616e-09 3.20694696669078e-09 6.05046047743986e-09 5.72361289884273e-09 9.9508848339311e-09 1.28314562480515e-08 1.74175449623688e-08 1.17445634860439e-08 1.38485553419503e-08 1.62576798903326e-08 2.00256210974309e-08 2.44877087950116e-08 2.79674382226028e-08 3.44685029241085e-08 4.1153906450974e-08 5.24112745851023e-08 6.85625133592744e-08 7.61111800464439e-08 9.50574345559284e-08 1.14068837851466e-07 1.84225093276377e-07 1.76603408047035e-07 2.05840437071596e-07 2.5743661326871e-07 3.21546604390425e-07 4.16911329546544e-07 5.32524078135962e-07 6.30716186430316e-07 1.35073998674303e-06 1.01742239957805e-06
5.86791058010264e-11 7.21210145380296e-11 8.80878848434629e-11 1.25361528361989e-10 2.37206539998146e-10 3.58091594505543e-10 4.04288921336627e-10 4.64670336348159e-10 6.55391251179137e-10 8.01323678226444e-10 9.22251256727722e-10 1.17284949158443e-09 1.02785478080207e-09 1.64104697747937e-09 1.85813847861101e-09 2.03585224359064e-09 2.66706838060622e-09 3.07829588833137e-09 4.08625716497407e-09 5.73717545037626e-09 1.12267232816501e-08 1.27682566293574e-08 1.74793159766723e-08 2.22297996496362e-08 1.76008766640314e-08 1.7212639799444e-08 2.03025616074493e-08 2.57912005954837e-08 2.83543242702061e-08 3.73613523089167e-08 4.15010140252845e-08 5.43422997121157e-08 6.56091253553289e-08 8.79103517412551e-08 1.2292619552495e-07 1.20391763912965e-07 1.41285404444122e-07 1.66356969319339e-07 1.993622671263e-07 2.43019935733235e-07 2.967105774996e-07 4.01300880320792e-07 4.90332109820072e-07 6.08647841448988e-07 1.14555772896877e-06 1.26172177715355e-06
5.57297082768466e-11 8.08656512518553e-11 9.1502009540701e-11 1.28268753776509e-10 1.6426859151275e-10 2.83214212298169e-10 3.35082220251689e-10 3.17316187808632e-10 4.81878319700658e-10 8.79928595850461e-10 6.15387598500252e-10 8.41264798067275e-10 1.09924118274137e-09 1.1723909651903e-09 1.88411035460554e-09 2.1095373116102e-09 2.82332301659652e-09 3.39866755822294e-09 5.09415653340386e-09 5.35672198869096e-09 1.40867207362266e-08 1.77438049440609e-08 1.3119182492748e-08 2.14400480193634e-08 2.09055870199742e-08 2.16983405970314e-08 1.97120926202575e-08 2.35473188110472e-08 2.94329284042884e-08 3.70568839273952e-08 7.26721169627941e-08 5.18096248683233e-08 8.90059640531617e-08 1.03053500651607e-07 1.70530110621242e-07 1.38262818608277e-07 1.43742608682132e-07 1.62835511041011e-07 1.99180808154473e-07 2.39040044606433e-07 2.81637036316051e-07 3.57674638010037e-07 4.62660237469361e-07 5.62308195603238e-07 1.19203673237863e-06 1.02798197889815e-06
5.90404840385709e-11 8.3362419171421e-11 9.60116889382874e-11 1.19909642554696e-10 1.66315147016046e-10 2.18628994372713e-10 2.66147302879932e-10 4.19455725394205e-10 5.81034587885273e-10 9.0432135234706e-10 1.13776452418435e-09 7.82749357735351e-10 9.4556862811793e-10 1.15280425101618e-09 1.76138113660727e-09 2.41297923324208e-09 3.25566185582321e-09 3.8064445928928e-09 4.24697776870214e-09 6.95251249670679e-09 9.75672765591242e-09 1.24829268920733e-08 9.89996779198326e-09 2.16145575477766e-08 2.61949240159213e-08 1.95154717709864e-08 2.43185804242795e-08 2.56793697351145e-08 2.90745024141029e-08 3.55230936152003e-08 6.98345052517708e-08 5.14377429861225e-08 6.52822057138337e-08 7.96499492143149e-08 1.60208214165425e-07 2.02149829591626e-07 2.68520110947671e-07 3.03980892242302e-07 2.22343830858729e-07 2.28490417291984e-07 2.80795005735961e-07 3.4890953857427e-07 4.40961289310828e-07 6.31694328376462e-07 6.79765378728591e-07 1.05684642622946e-06
5.36432005597429e-11 7.63555641857764e-11 9.93592871378924e-11 1.24599975724568e-10 1.67782116130912e-10 3.22456439481911e-10 3.50800097804055e-10 4.38091025156926e-10 4.10715844084276e-10 5.02451461882572e-10 1.10357905800794e-09 1.29339517575767e-09 9.61613538988793e-10 1.68314420381252e-09 2.03679877065856e-09 3.53426487699495e-09 4.62199536569552e-09 5.78566073581087e-09 5.70560370380421e-09 9.6279039845215e-09 1.09796899227481e-08 1.45369905577875e-08 1.77355611471532e-08 1.76815950772518e-08 2.449188804769e-08 2.1252938327964e-08 2.9984383118376e-08 2.52031153153455e-08 2.94369780238784e-08 3.70182536600572e-08 4.69883745485193e-08 5.10325775263724e-08 6.22104437446287e-08 7.51609868486713e-08 9.20929048804546e-08 1.10944508344062e-07 1.82366999416413e-07 2.59680056273541e-07 1.99100337258982e-07 2.38631333578634e-07 2.83630617951442e-07 3.42540877656202e-07 4.12498438099753e-07 7.01197772188923e-07 9.35439302444902e-07 8.07138142779123e-07
5.42626073006972e-11 7.05228926909269e-11 9.10821756423264e-11 1.16745657463363e-10 1.6766230473719e-10 2.87902564672537e-10 3.26060716900675e-10 2.71186689685732e-10 5.47998329834593e-10 4.26972225243486e-10 6.37289071721455e-10 1.2699282437433e-09 9.02393841086505e-10 2.61752987295352e-09 2.52272610583286e-09 3.85517665467112e-09 4.89074241491282e-09 5.89179950487534e-09 7.68861459351384e-09 6.01346265272201e-09 7.02549834749561e-09 1.41086851304457e-08 1.7583354823319e-08 2.13423296804128e-08 2.62874215631238e-08 3.02510508209449e-08 4.09704446326742e-08 4.65473096022606e-08 3.23266382373098e-08 3.64493407775955e-08 4.63986977743805e-08 4.94832494861533e-08 6.99858492901037e-08 1.11800533278106e-07 1.52766314827566e-07 1.1311054881207e-07 1.37586206885959e-07 1.66033185776584e-07 1.93037714034804e-07 2.37630755372337e-07 2.88454731841911e-07 3.39467894615601e-07 4.08588702238501e-07 5.33627134297623e-07 7.56527190732391e-07 9.11493161011722e-07
5.21533396289141e-11 7.69509790180295e-11 9.0876758887439e-11 1.24579975157946e-10 1.55701972809493e-10 2.47786603144694e-10 3.1313970981001e-10 2.93462465668438e-10 5.62059928908974e-10 4.62975542365839e-10 5.59818549898144e-10 1.38382147360423e-09 1.69406890526997e-09 2.12254724156182e-09 2.64011911076355e-09 3.24784919079372e-09 3.49710791148702e-09 3.77105117056946e-09 5.91560036296444e-09 6.30563000455605e-09 9.79719902347961e-09 1.13692094768847e-08 1.55379659989132e-08 1.98914812850115e-08 1.61946407305439e-08 1.91624115739432e-08 3.28225458194804e-08 4.81940696830768e-08 4.37532937498052e-08 3.61867108111917e-08 4.32687183720583e-08 5.03699192616265e-08 6.29342181103493e-08 7.94681342901289e-08 1.21472284589936e-07 1.09145517317801e-07 1.34297009928565e-07 1.60154132857931e-07 2.12344997260694e-07 2.26460387438098e-07 2.81770682893319e-07 3.45635279434035e-07 4.15701763278562e-07 5.0813227059439e-07 6.01996229791837e-07 7.31563184594366e-07
5.15870879933478e-11 7.14551182845784e-11 8.97191532510521e-11 1.11969447333411e-10 1.5959906795739e-10 1.87732292463486e-10 2.50830760760845e-10 2.77974383781348e-10 5.74811735911065e-10 7.96891044629497e-10 5.51829133614926e-10 6.57912012718097e-10 1.18178003046284e-09 1.77478569863051e-09 2.11342822801167e-09 2.49453986886084e-09 3.4830799896397e-09 5.27321728098099e-09 5.85332389111189e-09 8.33519894268508e-09 1.15191965665665e-08 1.3916095102959e-08 1.58713173679214e-08 2.11354903154958e-08 2.70452171868435e-08 3.17314014204458e-08 3.01520454223526e-08 4.98979118465734e-08 6.32665731166544e-08 4.33140917326917e-08 4.66646979604281e-08 6.59406835672773e-08 5.97918406058172e-08 1.37237573690407e-07 1.7146325432769e-07 1.06789923613112e-07 1.24134453715698e-07 1.52688627694209e-07 1.89588078878167e-07 2.2838918224559e-07 2.81186291288372e-07 3.36436767722043e-07 4.25123843078539e-07 5.11486471879013e-07 5.87915642306687e-07 7.96980181621109e-07
5.73134610325926e-11 1.4112277156874e-10 8.65066592518711e-11 1.17499212359365e-10 1.72036015621771e-10 2.11489924693538e-10 2.49013957187838e-10 3.66240330829898e-10 4.69047787194554e-10 7.29758347330795e-10 6.54924739870372e-10 6.97634117452706e-10 1.08218743890229e-09 2.41995813127363e-09 1.47155580210614e-09 2.82065725890304e-09 4.3672654953219e-09 3.39155597334645e-09 3.421902111444e-09 7.58831134236551e-09 8.08398290305125e-09 1.13934022550712e-08 1.04262329309786e-08 1.62061746138237e-08 2.58136597766946e-08 2.56866136500949e-08 3.74602937787516e-08 4.50407183153104e-08 5.64739407607527e-08 7.777691340273e-08 4.15769925226714e-08 5.12748640281914e-08 6.20306619519407e-08 7.50871723210692e-08 9.64918321547578e-08 1.09322779181996e-07 1.27924183705621e-07 1.55252821380669e-07 2.22390453550668e-07 2.30792918362459e-07 3.03422308848699e-07 3.6764593809652e-07 4.36499897150253e-07 5.8523262968327e-07 6.88343960244699e-07 8.57181720171026e-07
5.83350968759675e-11 1.43474264536502e-10 9.39550020201852e-11 1.20828198645376e-10 1.72688140263085e-10 2.78585632578535e-10 3.73306208731705e-10 3.85420576022131e-10 4.05755197404011e-10 4.70700014325104e-10 9.68752572357038e-10 1.38467447759623e-09 9.47731031414773e-10 2.39307792057672e-09 1.37664830635153e-09 1.67265205894417e-09 2.12345001118653e-09 2.90776811836816e-09 4.49922403539576e-09 5.33361853820371e-09 6.26300331046758e-09 6.4838408311911e-09 1.03564942550572e-08 1.1825654525549e-08 1.81657266338285e-08 2.07803147003694e-08 2.65315372765809e-08 4.29173061849925e-08 4.88748541384078e-08 7.37703956306268e-08 6.11691383104002e-08 5.75166769424427e-08 6.63773749068115e-08 8.15993437295639e-08 9.1010486784862e-08 1.0798439058907e-07 1.32289693296865e-07 1.6631981637552e-07 2.02662004339186e-07 2.4273999718804e-07 3.16226608839729e-07 4.43747354350286e-07 5.51325558021993e-07 5.69817641584143e-07 8.38015371154723e-07 7.83708910840932e-07
6.56731752146147e-11 1.43701125022622e-10 1.36791708032477e-10 1.49776522375463e-10 1.78906798931871e-10 2.37242344025335e-10 2.70319465972186e-10 3.15700825822796e-10 4.16908409111368e-10 4.66814272313214e-10 5.41976553490297e-10 1.28260140771094e-09 8.56515325602434e-10 1.45540347916745e-09 1.44275215615996e-09 1.79030716767043e-09 2.34571044923489e-09 2.99895799293867e-09 3.62724411210173e-09 4.5405546484831e-09 4.93261055878148e-09 6.47853187591989e-09 8.40805949210204e-09 1.91230511475764e-08 2.40743737684217e-08 2.40099231538726e-08 3.49987074292542e-08 3.0420933083569e-08 4.81984324700366e-08 5.82724686065148e-08 5.93172431382388e-08 6.16040652740902e-08 6.39141928301773e-08 8.05091729866777e-08 9.32921306934742e-08 1.10876605924688e-07 1.40449766778026e-07 1.69664340321183e-07 2.14050829407234e-07 4.39186642438704e-07 3.98657277968563e-07 4.2248594712484e-07 5.26370592776911e-07 9.35221178181402e-07 1.23863944114463e-06 7.7533942366525e-07
5.61592178200501e-11 8.92973938003637e-11 1.0036610730972e-10 1.22350387530131e-10 2.02872782922347e-10 2.79406178045041e-10 2.87570662746138e-10 3.35190684253812e-10 3.91371235955464e-10 4.61530414839571e-10 5.4153792031706e-10 6.39523615335126e-10 1.31653711412541e-09 1.18157407301361e-09 2.8326799429216e-09 1.82844280275156e-09 4.17362060634737e-09 2.9523804327569e-09 4.18344060843232e-09 5.01941867729958e-09 5.31184116480719e-09 7.03468359755327e-09 9.3493404136965e-09 1.2055516241344e-08 1.54927423124908e-08 1.88235185709589e-08 2.2724641526588e-08 2.91323216762375e-08 6.07281173103752e-08 3.71347776924693e-08 5.92045947767345e-08 6.4106406551142e-08 6.51284117454984e-08 8.69127091850102e-08 1.03028431450758e-07 2.10735250126866e-07 2.29276064491585e-07 3.31790905822806e-07 1.98618433065417e-07 2.55817437907958e-07 3.44586815517166e-07 5.21455758573672e-07 8.56415820839698e-07 7.1669404358205e-07 9.61744157079982e-07 7.78096083737165e-07
5.13612539841732e-11 7.06836353583038e-11 7.65290740131696e-11 1.20173714879936e-10 1.91148192518765e-10 2.741045754327e-10 2.4113745618818e-10 3.26933676615955e-10 3.6026756566853e-10 4.78424714686239e-10 6.02041582272628e-10 7.28090735259359e-10 1.16236382829744e-09 1.62239564529936e-09 2.49122444078736e-09 2.16255064351342e-09 2.93790922076756e-09 4.64241985942182e-09 3.87878047266649e-09 5.1115256946196e-09 6.64491884497459e-09 7.3718071836603e-09 1.00736402835552e-08 1.19713152574478e-08 1.61388127178585e-08 1.61647249139815e-08 3.32947195507312e-08 4.09772005234583e-08 6.15024140685406e-08 4.30427971082489e-08 7.72171526598607e-08 5.95327674343489e-08 8.14891477625435e-08 9.68921129808873e-08 1.07650575936111e-07 1.23938733888965e-07 1.67446970015524e-07 3.31026132943485e-07 4.79523816475035e-07 4.30277551160686e-07 4.41658908784442e-07 4.04157496893877e-07 5.21473220776127e-07 6.10045980064842e-07 6.50265194402977e-07 7.64596029488911e-07
4.83575432926011e-11 6.00644178148966e-11 7.29452216767868e-11 1.12065072999036e-10 1.26990384255045e-10 1.59667060091099e-10 2.07861769734739e-10 2.66313930266783e-10 3.24385140709908e-10 5.11781268718657e-10 6.54796946871706e-10 7.44208759235487e-10 8.06415832098011e-10 1.05448349284282e-09 1.4384344578338e-09 1.83845463676419e-09 2.56792889830882e-09 4.74733545614076e-09 7.97150629377082e-09 7.23861681161025e-09 8.45962720228404e-09 1.24770371877031e-08 1.06961683451554e-08 1.12205919111181e-08 2.16035745096381e-08 1.65256202753157e-08 2.04764292538516e-08 2.56522687372919e-08 5.06730320979914e-08 7.19414334798927e-08 4.97087823954417e-08 7.16350793228734e-08 1.00836170995729e-07 1.26503193346964e-07 2.11861998159261e-07 1.45819497605653e-07 1.6176908005504e-07 1.92650551083562e-07 2.23227491366065e-07 4.85823517909942e-07 4.82353951444772e-07 5.32032961977985e-07 4.90170451213481e-07 5.63043892552956e-07 6.63227073402404e-07 7.55644501680411e-07
4.27517962026397e-11 5.17910092892053e-11 6.80206260835509e-11 1.07950885304381e-10 1.27359658002885e-10 1.68279552204907e-10 2.28094000323168e-10 2.30838187251e-10 3.16367750151709e-10 5.0775727097026e-10 6.80559884498084e-10 8.55863948719319e-10 8.44665736927558e-10 1.04023925915093e-09 1.220020237106e-09 2.99557746505496e-09 2.16702691168047e-09 2.95371342095761e-09 7.49365381773553e-09 8.26353837930638e-09 1.00345525922118e-08 1.23108938755316e-08 1.45976171823445e-08 2.0676597600637e-08 2.47818992007659e-08 2.62269958588382e-08 2.42752271104154e-08 2.75035229943952e-08 6.31938499900597e-08 7.52944456722025e-08 6.909296766601e-08 1.10292951027842e-07 1.1071035996361e-07 9.35385649141816e-08 1.63369018924255e-07 2.07427703036687e-07 1.62121194462083e-07 1.86797811753211e-07 2.30561673861432e-07 2.72279926317655e-07 6.34812832179432e-07 7.60038188288773e-07 8.18714227325756e-07 5.44906956482538e-07 6.60848020472497e-07 7.87117052928613e-07
3.84861122927133e-11 5.18844819661673e-11 6.31595736299381e-11 1.02600120992801e-10 1.16910623833183e-10 1.72511110827472e-10 2.22440382183306e-10 2.65685521313875e-10 2.98336326438744e-10 4.69644623664337e-10 6.95654613041631e-10 6.23814272070603e-10 8.1081364953974e-10 9.66428945209894e-10 1.1355392931584e-09 1.71931519762397e-09 3.16860606724144e-09 5.20098844397851e-09 4.86482461011958e-09 5.30197417609852e-09 7.05299888369013e-09 8.41660284860811e-09 8.46904830835263e-09 1.52147061808311e-08 2.35066440176675e-08 3.13478307584728e-08 3.60538576857849e-08 4.52874600577384e-08 5.47786662155296e-08 7.62929606500516e-08 7.24426980135558e-08 6.68177188512973e-08 1.08226509694165e-07 1.34445679651269e-07 1.47692287104226e-07 1.98100406752116e-07 1.62922549831668e-07 2.05214499713553e-07 2.13327977329123e-07 2.70026149687151e-07 5.89245102315217e-07 6.09977467183558e-07 8.3939006831195e-07 6.01455541758487e-07 6.9119199084655e-07 7.8380549946038e-07
