ENM/SVM/Abudefduf_saxatilis.asc
NCOLS 720 
NROWS 360 
XLLCORNER -180 
YLLCORNER -90 
CELLSIZE 0.5 
NODATA_value -9999 
[rows 0 to 19 of 360, columns 506 to 551 of 720]
5.08278497232802e-13 4.07120072037417e-13 3.2561692263376e-13 2.60099806565645e-13 2.0747875188483e-13 1.65304420006697e-13 1.31543801602532e-13 1.0454656361582e-13 8.29721139728659e-14 6.57733138246764e-14 5.21031841740817e-14 4.12302049174629e-14 3.25849743727716e-14 2.57135376960842e-14 2.02632799220271e-14 1.5943565435474e-14 1.25229876097066e-14 9.82348702875402e-15 7.69448071796607e-15 6.01653496028512e-15 4.69867644811474e-15 3.66387248011137e-15 2.85345753250945e-15 2.21899573618526e-15 1.72306457625828e-15 1.33611089772453e-15 1.03465039395905e-15 8.00184227270292e-16 6.18108920001403e-16 4.76681005034599e-16 3.67167402622609e-16 2.82413321224146e-16 2.16972983298352e-16 1.66443893358705e-16 1.27502587042167e-16 9.75919536897347e-17 7.46027738238357e-17 5.69426931281276e-17 4.34184045139319e-17 3.30435686818765e-17 2.51194813916225e-17 1.90663805203426e-17 1.44525147513203e-17 1.09403798372347e-17 8.27218000485536e-18 6.25237120115405e-18
5.88241096856352e-13 4.70980334210162e-13 3.76711044064564e-13 3.00874407726524e-13 2.40047797004295e-13 1.91209266899507e-13 1.52092472518978e-13 1.20846365465085e-13 9.58922805909548e-14 7.59708933647113e-14 6.01088480884335e-14 4.74959354406547e-14 3.74798271990902e-14 2.95353217283664e-14 2.32464166393426e-14 1.82673916101014e-14 1.43383985857061e-14 1.12371300287415e-14 8.79588854457935e-15 6.87561335544371e-15 5.36732640546138e-15 4.18437910537418e-15 3.25774054451085e-15 2.53268072188984e-15 1.96644085157993e-15 1.52467658043729e-15 1.18090094172719e-15 9.13217070258779e-16 7.05405755802238e-16 5.44181393908854e-16 4.19243968985276e-16 3.226320331597e-16 2.4789925015471e-16 1.90244174228196e-16 1.45776403715582e-16 1.11598046069026e-16 8.52936064066703e-17 6.50987021258789e-17 4.9622564293413e-17 3.77792304902877e-17 2.8715752842375e-17 2.18023710912044e-17 1.65328156566757e-17 1.2516837129413e-17 9.46687340655933e-18 7.15058264253378e-18
6.81982926707633e-13 5.46148379201287e-13 4.3675061783937e-13 3.48794305978839e-13 2.78230222539921e-13 2.21594358342762e-13 1.76252781576371e-13 1.40044288274302e-13 1.11097215822012e-13 8.80547817108596e-14 6.96969440511696e-14 5.50980235827623e-14 4.34996015191934e-14 3.42958284882308e-14 2.69982515012675e-14 2.12125906086711e-14 1.663801418302e-14 1.30317408678266e-14 1.01952680445252e-14 7.96458487406564e-15 6.21532220536664e-15 4.84472435205487e-15 3.7712188835139e-15 2.93189561892307e-15 2.27636154789991e-15 1.76523053565242e-15 1.36700413411616e-15 1.05754374223996e-15 8.17094234399169e-16 6.30441319401672e-16 4.85745115166707e-16 3.73748157810197e-16 2.87174199083862e-16 2.20380288971116e-16 1.68875814630315e-16 1.29245346288787e-16 9.8783057412205e-17 7.53928712175145e-17 5.74746477511873e-17 4.37477345933182e-17 3.32587874216132e-17 2.52497881858413e-17 1.91477898316163e-17 1.44972547211698e-17 1.09620437138133e-17 8.27884899030837e-18
8.08316944019153e-13 6.42278304034441e-13 5.12547313667693e-13 4.08380764483728e-13 3.25063505083074e-13 2.58489002711671e-13 2.05365104737063e-13 1.63013650145831e-13 1.29167540907124e-13 1.02253551312491e-13 8.08498420987819e-14 6.38495089855798e-14 5.03582294654192e-14 3.97201695119822e-14 3.14501686773591e-14 2.495644513574e-14 1.96055766782135e-14 1.53276278859555e-14 1.19714592198794e-14 9.35138071886184e-15 7.30708122696828e-15 5.70223235480738e-15 4.44119043707786e-15 3.45236218137175e-15 2.67929239598038e-15 2.07671238871833e-15 1.6070133789251e-15 1.24207114889964e-15 9.59160300162008e-16 7.3983883048874e-16 5.72835776125169e-16 4.49712832116296e-16 3.54814685466039e-16 2.77291656884764e-16 2.12854876196304e-16 1.6200410814548e-16 1.21780753786303e-16 9.07579071791892e-17 6.75489556843282e-17 5.11790466486474e-17 3.89374400832495e-17 2.95611332072828e-17 2.24028174452686e-17 1.6949362057578e-17 1.28052352322058e-17 9.66465171021714e-18
9.75601597456985e-13 7.63917384749597e-13 6.03972962720597e-13 4.80819486629356e-13 3.83457442450247e-13 3.04849694045036e-13 2.41839410660321e-13 1.91939301513456e-13 1.51699636811219e-13 1.19596857218658e-13 9.43604688551565e-14 7.45080004331624e-14 5.87188079784637e-14 4.63239039384152e-14 3.64884932940745e-14 2.86852327159022e-14 2.25278180782027e-14 1.76637793556151e-14 1.38181564999014e-14 1.07957645685951e-14 8.42112603745947e-15 6.55966016929168e-15 5.10127321523435e-15 3.95928668583312e-15 3.07049526416447e-15 2.37815095354373e-15 1.84017907823701e-15 1.42182776738981e-15 1.09766625898437e-15 8.46018525259603e-16 6.55877236304214e-16 5.13960646019597e-16 4.04971706439763e-16 3.16788876162571e-16 2.44512342341559e-16 1.87185686784288e-16 1.42878667521907e-16 1.08149290449876e-16 8.0943080944595e-17 5.97024612841477e-17 4.45931550336994e-17 3.38809843173674e-17 2.56977757678758e-17 1.94556389925686e-17 1.47070629380895e-17 1.11004506634561e-17
1.17836371118907e-12 9.48616038777296e-13 7.59281881255958e-13 6.01117660264853e-13 4.65790274148693e-13 3.7341704010359e-13 2.93563095374497e-13 2.30162012379895e-13 1.81847776583099e-13 1.51769745988767e-13 1.22564160171853e-13 9.68061157864868e-14 7.35961984003173e-14 5.55818776515399e-14 4.26069749362506e-14 3.31051091215857e-14 2.58275815280161e-14 2.01672790327092e-14 1.57540551642621e-14 1.23210503275912e-14 9.64462097991667e-15 7.54024759726765e-15 5.89480455909378e-15 4.59776590941169e-15 3.57462098552369e-15 2.77236562984849e-15 2.14183978793961e-15 1.65566590267428e-15 1.27119827346023e-15 9.79106028097081e-16 7.53182636876852e-16 5.80945503862815e-16 4.45916773672141e-16 3.41557324472095e-16 2.62202450572191e-16 2.02624637248659e-16 1.5532048893246e-16 1.18418451718547e-16 8.96064231133963e-17 6.80002362596391e-17 5.16304250325538e-17 3.91838601481947e-17 2.96964447035599e-17 2.24761527761821e-17 1.69929340597275e-17 1.28283589528763e-17
1.51141105001597e-12 1.19872193635073e-12 9.39330453157024e-13 7.51358022585283e-13 6.0542959830594e-13 4.7859368149907e-13 3.64548867730357e-13 2.94857282583924e-13 2.26317270709032e-13 1.80249527799804e-13 1.46248825239219e-13 1.16614005319535e-13 9.13626637123008e-14 6.88960609561894e-14 5.46055853319859e-14 4.30869279190021e-14 3.39981655702078e-14 2.64996910256885e-14 2.05072295891094e-14 1.52447227634117e-14 1.15926783969658e-14 8.89007965810372e-15 6.86851588527575e-15 5.33389317005348e-15 4.16190564969106e-15 3.25662420130881e-15 2.55316712661683e-15 1.9952604194171e-15 1.54204459323352e-15 1.18591591688165e-15 9.0526468212737e-16 6.95034194581028e-16 5.41207849069539e-16 4.23336134652192e-16 3.23971841272376e-16 2.4163804275825e-16 1.84609310014793e-16 1.43243978711192e-16 1.12050394800489e-16 8.5696565852923e-17 6.56006576711724e-17 4.96557077983922e-17 3.74913849946249e-17 2.77263360399326e-17 2.06749048584133e-17 1.51459750513382e-17
1.65984015351237e-12 1.30824545426107e-12 1.05242271787984e-12 8.55231537478528e-13 7.01829174809553e-13 5.55670870224067e-13 4.30213797455149e-13 3.3946615361534e-13 2.67251316677429e-13 2.0990919819631e-13 1.66610850288052e-13 1.30214356767932e-13 1.01720317937834e-13 8.08800800561611e-14 6.40420312352408e-14 5.02496328826674e-14 3.85640451335217e-14 3.01999367006473e-14 2.33202721276199e-14 1.87482878338059e-14 1.49621917172347e-14 1.15664257133719e-14 8.61077765097834e-15 6.67304542912183e-15 5.37632976104461e-15 4.17490241621929e-15 3.23613352665444e-15 2.49767749274136e-15 1.9495224606909e-15 1.52833531192804e-15 1.20007944718105e-15 9.39226720579913e-16 7.23056405544571e-16 5.5294281542013e-16 4.18604650099257e-16 3.23286668511513e-16 2.42198130267301e-16 1.75226125359997e-16 1.31345777422196e-16 1.00369528950508e-16 7.65296708437769e-17 5.78903497491025e-17 4.34574139765091e-17 3.16479922372935e-17 2.35576745506539e-17 1.76224144198454e-17
1.847531488999e-12 1.45874593803931e-12 1.21571533929837e-12 9.80723891780711e-13 7.63861438490234e-13 5.72142538909077e-13 4.60132690397317e-13 3.67856801700231e-13 3.01245429389019e-13 2.46464361095013e-13 1.98623265892183e-13 1.57923969401016e-13 1.24844308746995e-13 9.60844683905361e-14 7.23958576324587e-14 5.45574844332361e-14 4.27019950540523e-14 3.42689868492733e-14 2.71528975123172e-14 2.12505338092322e-14 1.66668903203295e-14 1.31384645880997e-14 1.02760796989648e-14 8.02536770269097e-15 6.27725111059486e-15 4.88750256271502e-15 3.58494503214358e-15 2.91886051583402e-15 2.27883711484258e-15 1.75417443825711e-15 1.31391712633006e-15 9.69947521218342e-16 7.32439435226047e-16 5.9228325196695e-16 4.65729435619475e-16 3.88234835969249e-16 3.0018400994738e-16 2.30505131477044e-16 1.74866865530048e-16 1.32541778457892e-16 1.00232123028115e-16 7.54890506177029e-17 5.53317337192226e-17 4.05717304482488e-17 2.96522516124649e-17 2.25393400623698e-17
2.01162979707925e-12 1.60980742716656e-12 1.28906148594697e-12 1.0318311411583e-12 8.24341133483985e-13 6.57090140353728e-13 5.22931181527563e-13 4.15594066585353e-13 3.29813373333718e-13 2.61357113024736e-13 2.06775493244531e-13 1.63372141695489e-13 1.28911849240612e-13 1.01561298383906e-13 7.98913732404714e-14 6.27490627371863e-14 4.91936921428506e-14 3.85125398321762e-14 3.01672568507544e-14 2.36136443751521e-14 1.86669417949033e-14 1.51313831575056e-14 1.17939529913422e-14 8.99853765400267e-15 7.04484625439876e-15 5.48064298893242e-15 4.33261689769296e-15 3.38875772329584e-15 2.51691367980277e-15 2.00482101563302e-15 1.55062065763979e-15 1.1590267211723e-15 9.07796202418028e-16 7.6489247019301e-16 5.77231573839915e-16 4.13496409353301e-16 3.12771782000862e-16 2.39899264182509e-16 2.04218580889358e-16 1.64609953669337e-16 1.23165446650271e-16 8.44910839707751e-17 6.17810305807874e-17 4.339456755556e-17 3.26783418480408e-17 2.48573643503102e-17
2.33639462858815e-12 1.87031037272202e-12 1.49508764964777e-12 1.19346643946816e-12 9.5171010699291e-13 7.581288453787e-13 6.02570738502619e-13 4.79415403511724e-13 3.80405224384333e-13 3.01316859384216e-13 2.38290421625608e-13 1.88135018066536e-13 1.48293433288466e-13 1.16745145427038e-13 9.17652116160265e-14 7.20203946806142e-14 5.64569024325846e-14 4.4189246306149e-14 3.45809735027743e-14 2.70467213482031e-14 2.11206127795588e-14 1.64734697602753e-14 1.28246252590892e-14 9.97008700189291e-15 7.74012798942534e-15 5.99711131392609e-15 4.64563829003828e-15 3.59851180342187e-15 2.78442263676721e-15 2.15444116368202e-15 1.66508686638649e-15 1.28596953490819e-15 9.92779016717039e-16 7.68636896713143e-16 5.96982157687554e-16 4.65592609172273e-16 3.57254161201503e-16 2.7636053794802e-16 2.10943190715877e-16 1.55803865017501e-16 1.14611389251128e-16 8.9868705502299e-17 7.03012432892507e-17 5.89479914980346e-17 4.45982458574951e-17 3.39885910584296e-17
2.70442799904643e-12 2.16482653283211e-12 1.73151855011435e-12 1.38302315701254e-12 1.10168687038704e-12 8.77011840479593e-13 6.97364211270687e-13 5.53676320273245e-13 4.38910089399773e-13 3.47640649773224e-13 2.75000220296625e-13 2.17203672228019e-13 1.71347162421652e-13 1.34934839292648e-13 1.06123497937849e-13 8.33494445915917e-14 6.53829208720102e-14 5.11938823862533e-14 4.00235004031739e-14 3.12414858889852e-14 2.43458457573299e-14 1.89399956841831e-14 1.47105518112482e-14 1.14031003530702e-14 8.83000683245847e-15 6.82811394251368e-15 5.27140276479014e-15 4.08157085934231e-15 3.1550313727446e-15 2.43493266433524e-15 1.87630935708566e-15 1.44347661429592e-15 1.10844220040352e-15 8.49975573204896e-16 6.50685699368041e-16 4.97331189521862e-16 3.79284100087475e-16 2.89079659653181e-16 2.20313959901189e-16 1.68021458636261e-16 1.27579848416711e-16 9.68976616501832e-17 7.33374870361903e-17 5.5401689068279e-17 4.17639104116878e-17 3.14859549097327e-17
3.25626919522312e-12 2.60861869168375e-12 2.08278033495546e-12 1.65321339011334e-12 1.31313347477727e-12 1.04359348495033e-12 8.28017851144565e-13 6.5505526019289e-13 5.15334106349019e-13 4.05691747541552e-13 3.21194136913574e-13 2.53915513801483e-13 2.00618193098898e-13 1.58224679555821e-13 1.24335882220314e-13 9.75640151365097e-14 7.64463123457778e-14 5.9699585098983e-14 4.66247643885893e-14 3.63906460262953e-14 2.83659765605767e-14 2.20786967107185e-14 1.71600402726086e-14 1.3309762500703e-14 1.0303500293844e-14 7.95319273208691e-15 6.13709573558744e-15 4.74404913151378e-15 3.67003988286423e-15 2.83058245387111e-15 2.17720369390957e-15 1.67456055336013e-15 1.28398436314343e-15 9.80792941631311e-16 7.48383083390895e-16 5.70461213479923e-16 4.34380132783465e-16 3.30009002562696e-16 2.50159947112234e-16 1.89227770722881e-16 1.43246170173185e-16 1.08649055636128e-16 8.23630625765726e-17 6.24855033169472e-17 4.80732707005782e-17 3.7145614774892e-17
4.07679222544041e-12 3.28511005251394e-12 2.62169956679338e-12 2.03965299110538e-12 1.63027486923814e-12 1.29725693393055e-12 1.0264935731818e-12 8.25745223538851e-13 6.59588424250264e-13 5.15257516787923e-13 3.99514191039634e-13 3.15993925918225e-13 2.46400379772763e-13 1.91663421019278e-13 1.51072781760615e-13 1.18519158381878e-13 9.20222227524977e-14 7.23706503430364e-14 5.6594071297968e-14 4.40052763714167e-14 3.43984136438152e-14 2.69916616580515e-14 2.09794551287174e-14 1.6365078001982e-14 1.27272871292209e-14 9.9159362010568e-15 7.69312139902846e-15 5.94128752859797e-15 4.55982260199361e-15 3.39431008125275e-15 2.60803725160709e-15 2.00476875983721e-15 1.54009471231012e-15 1.18484831673792e-15 9.0258176295583e-16 6.77619200482579e-16 5.22398492361117e-16 3.99488989867658e-16 3.0131968455986e-16 2.28308230188883e-16 1.73411035634874e-16 1.31588182937639e-16 9.92228063050971e-17 7.40096921750778e-17 5.54436996359777e-17 4.15036346428384e-17
5.484085797545e-12 4.36998345847069e-12 3.3296273274347e-12 2.64620006375101e-12 2.07893156252437e-12 1.65622336034159e-12 1.3070146360148e-12 1.00776167480895e-12 7.89512694396979e-13 6.17463435205867e-13 4.90416258811668e-13 3.92717765579954e-13 3.11117288607737e-13 2.44904119306263e-13 1.87510474198818e-13 1.52536113740608e-13 1.2141826828216e-13 9.5591431533241e-14 7.50440082589789e-14 5.87686369310678e-14 4.59757186274303e-14 3.59198660619378e-14 2.79878012057411e-14 2.17852485152059e-14 1.68743135688505e-14 1.30474073816405e-14 9.96200982589467e-15 7.67698668988698e-15 5.90928056571689e-15 4.53826696238429e-15 3.4166842650258e-15 2.61620268260459e-15 1.97565457669702e-15 1.48964364893596e-15 1.12472644135646e-15 8.53261212898994e-16 6.391236662845e-16 4.759083854234e-16 3.55364916893481e-16 2.6853250685685e-16 2.04517540603831e-16 1.55607368231311e-16 1.1780185433916e-16 8.96371111979851e-17 6.80144414132515e-17 5.13922065266131e-17
6.00821930825691e-12 4.90918930807445e-12 3.94748114127612e-12 3.18304599300207e-12 2.54213257766958e-12 2.04818972920401e-12 1.66014620646346e-12 1.34057645718176e-12 1.07041982937276e-12 8.52980902843115e-13 6.75999846253343e-13 5.30853242534283e-13 4.20024132316063e-13 3.32643073019726e-13 2.61957549220644e-13 2.06259610190817e-13 1.61780256704159e-13 1.25972129286928e-13 9.80024779695565e-14 7.65541944132287e-14 5.95328473692297e-14 4.62814692107943e-14 3.6073016051659e-14 2.80841196510358e-14 2.18309018330417e-14 1.69334449018532e-14 1.3073430676608e-14 1.00979509529882e-14 7.80318238753866e-15 6.06576606072831e-15 4.68125333347032e-15 3.6035462759344e-15 2.74918829388464e-15 2.12553432486124e-15 1.61217157816746e-15 1.19478314444227e-15 8.74581627675284e-16 7.02056819048895e-16 5.37773842171558e-16 3.80797954971925e-16 2.92955358766262e-16 2.23809165311289e-16 1.70048002250644e-16 1.25000743225295e-16 9.13605358151544e-17 6.80048966646233e-17
6.85715331051716e-12 5.56618504960212e-12 4.5278451470587e-12 3.6794565994737e-12 2.95663175877387e-12 2.35606852696029e-12 1.87041438845145e-12 1.48183905598974e-12 1.17632208887083e-12 9.2952022104672e-13 7.37973773323384e-13 5.83377375588487e-13 4.5912611314578e-13 3.62014025704235e-13 2.85168004870003e-13 2.2445731046382e-13 1.76189659155873e-13 1.36884020433883e-13 1.06955054612326e-13 8.3458248746493e-14 6.52166550576316e-14 5.05809034727056e-14 3.9525570471097e-14 3.06847779084953e-14 2.38697716316901e-14 1.85170376002487e-14 1.43156267173307e-14 1.10160283816964e-14 8.52011004278659e-15 6.61266954533469e-15 5.13124873072445e-15 3.97068550348912e-15 3.02844792434162e-15 2.31836779013113e-15 1.80507960282156e-15 1.39984680366323e-15 1.08869890110015e-15 8.4376033914871e-16 6.49760447933261e-16 4.91719624078887e-16 3.75054720954795e-16 2.81857382326798e-16 2.15053661951322e-16 1.64226213811234e-16 1.22497669717128e-16 9.37234333355304e-17
7.79892952786768e-12 6.37948956971306e-12 5.22644639070994e-12 4.11340220263941e-12 3.23363657275078e-12 2.56108836925732e-12 2.03490492977015e-12 1.61982993498685e-12 1.30201927473742e-12 1.03659319808893e-12 8.15312520819712e-13 6.45592525218312e-13 5.11953751591572e-13 4.04346961537239e-13 3.17583647777814e-13 2.49884186916852e-13 1.97543303853389e-13 1.54032730671575e-13 1.20487055085446e-13 9.38067892785759e-14 7.30499572634169e-14 5.72220535423999e-14 4.45142132930415e-14 3.45228773125776e-14 2.65457387335322e-14 2.07248605172522e-14 1.60838371235835e-14 1.24057846880981e-14 9.57549344690002e-15 7.35123068596855e-15 5.6699177523634e-15 4.34952911941536e-15 3.3154633975259e-15 2.54021805041986e-15 1.95385982296221e-15 1.49205091919769e-15 1.14090695271614e-15 8.8004613729318e-16 6.69025785858752e-16 5.07502142323576e-16 3.8485323170353e-16 2.93628888880596e-16 2.25259169457929e-16 1.74684505960127e-16 1.31602783008869e-16 9.85813926613832e-17
8.80049183449074e-12 7.19581374953414e-12 5.77874778818329e-12 4.58629831009069e-12 3.62830363003124e-12 2.8616722802822e-12 2.23909480937868e-12 1.77660183505036e-12 1.42681614756656e-12 1.13287660474904e-12 8.89542901681542e-13 7.03164098576725e-13 5.79333597185625e-13 4.57137290119463e-13 3.48487059169477e-13 2.79844324260193e-13 2.20430714564167e-13 1.73637585394673e-13 1.35954021138173e-13 1.06461656690423e-13 8.2755226158077e-14 6.41572000146289e-14 4.98598819104197e-14 3.87558990370788e-14 2.98144674983354e-14 2.31437551287006e-14 1.78792912426918e-14 1.3819275297695e-14 1.06672385070039e-14 8.24467701000434e-15 6.39700918188511e-15 4.93392983106498e-15 3.79487916283049e-15 2.88754951058113e-15 2.19895178650147e-15 1.6785867241272e-15 1.28012233039914e-15 9.74326853248294e-16 7.35918784701019e-16 5.63376616334671e-16 4.28247128759356e-16 -9999 -9999 -9999 -9999 -9999
9.91663942666576e-12 8.1214661916073e-12 6.50121953472076e-12 5.1453834149597e-12 4.11284552268415e-12 3.27806712589949e-12 2.6071319021838e-12 2.07390111229843e-12 1.64712790472481e-12 1.30715407024458e-12 1.0363542088017e-12 8.22169292987193e-13 6.48284762432141e-13 5.13513286476167e-13 4.0438790816526e-13 3.16733506487658e-13 2.49395959561538e-13 1.96403185934819e-13 1.55780491834714e-13 1.20959652611009e-13 9.37293602839812e-14 7.33737008466392e-14 5.723981352211e-14 4.44072066616059e-14 3.44951005951432e-14 2.65719709305623e-14 2.05840385524474e-14 1.58749879694621e-14 1.22917891632737e-14 9.54083726453295e-15 7.31443600099876e-15 5.58503353978472e-15 4.25983749167937e-15 3.2362869880946e-15 2.46669497556617e-15 1.89182239714626e-15 1.42018812369974e-15 1.09761196495138e-15 8.3604506868514e-16 6.34167539992714e-16 4.795439742848e-16 3.62614590637901e-16 2.7963099810426e-16 2.14416722622836e-16 1.62693486843672e-16 1.22854569662342e-16
