ENM/SVM/Abudefduf_saxatilis.asc
NCOLS 720 
NROWS 360 
XLLCORNER -180 
YLLCORNER -90 
CELLSIZE 0.5 
NODATA_value -9999 
[rows 240 to 259 of 360, columns 552 to 597 of 720]
4.04427085340827e-10 3.3016617428069e-10 2.36182461813523e-10 2.00045902870751e-10 1.76113099340739e-10 1.28031443972167e-10 1.05371638824807e-10 7.89467671353938e-11 5.25210507271136e-11 3.81286067228003e-11 2.96042055749828e-11 2.29233720357678e-11 2.00499870548523e-11 1.20541118582806e-11 9.46622133288718e-12 7.38995344740762e-12 8.70042834357878e-12 4.77544358461734e-12 4.71423348831444e-12 3.24116116798325e-12 2.08898684933277e-12 1.74992499527611e-12 1.14990105092809e-12 8.75294412030656e-13 6.67489253660363e-13 5.1625244329206e-13 3.79840715417906e-13 2.82421488629953e-13 2.21326252526929e-13 1.74412195427766e-13 1.40769209521409e-13 1.17317711215724e-13 8.871262019161e-14 6.80203862668524e-14 5.44151233952343e-14 7.04301745919389e-14 7.16954665649408e-14 6.57997755959827e-14 4.91535858003275e-14 -9999 -9999 -9999 -9999 -9999 -9999 -9999
3.77248616799097e-10 3.00388317323495e-10 2.30854953591706e-10 2.01432204056817e-10 1.63540380824003e-10 1.21091886950577e-10 9.68248003977877e-11 7.71819447854533e-11 5.31115629657743e-11 3.71288945996651e-11 3.42216142966838e-11 2.45358897868779e-11 1.57674938985106e-11 1.39001587571981e-11 9.84697588949827e-12 7.81614884128739e-12 5.40021720331967e-12 6.54914264669084e-12 5.11850905892954e-12 2.42927908747721e-12 1.85805586346398e-12 1.36046840776712e-12 1.06351191919141e-12 9.56398246970728e-13 6.94444274917448e-13 4.88401335633487e-13 3.53430186324086e-13 2.68749771601294e-13 2.0720667320414e-13 1.66686195764822e-13 1.29766515192667e-13 1.03448277526153e-13 7.97228083737251e-14 6.16164480596203e-14 4.93756194781236e-14 4.08591082322679e-14 6.22424406369571e-14 6.10729160079446e-14 4.59369236670732e-14 -9999 -9999 -9999 -9999 -9999 -9999 -9999
3.7028925160356e-10 2.8192405255987e-10 2.15383983224051e-10 1.91591958085946e-10 1.53018985790282e-10 1.15825418678199e-10 9.001404676384e-11 7.22951218164167e-11 5.22993432320529e-11 3.73987286902671e-11 3.26648182331419e-11 2.30135394657159e-11 1.76096267071139e-11 1.10631695763009e-11 7.5454092354935e-12 5.64321895805874e-12 4.50797191567494e-12 5.29303921075746e-12 4.48794233279806e-12 2.67757132725692e-12 1.62588255505794e-12 1.26880023570266e-12 1.00263828917547e-12 8.50582176209528e-13 5.73108108949495e-13 6.06430654628675e-13 3.46378240430958e-13 2.56062681363668e-13 1.98819447673378e-13 1.54750015042058e-13 1.22165885014411e-13 9.4277619101337e-14 7.25596183285733e-14 5.7172195435515e-14 4.53001527234629e-14 3.76564791891685e-14 3.91612531286019e-14 5.12570699083167e-14 4.28124654530626e-14 3.21598382288591e-14 -9999 -9999 -9999 -9999 -9999 -9999
4.14420014726103e-10 3.10797820831804e-10 2.40072626674432e-10 1.86802628204802e-10 1.48769679107608e-10 1.14945033573017e-10 8.56195892164451e-11 6.42847254248673e-11 5.27160322705116e-11 4.37787816303051e-11 3.56533829725173e-11 2.62922564353558e-11 1.59936957952195e-11 8.94284730893666e-12 6.25143161242822e-12 4.77955711265732e-12 3.92057878182538e-12 3.18476832400031e-12 3.18367268517803e-12 2.50266451844084e-12 1.75228346634763e-12 1.21427031901241e-12 9.1313884741292e-13 6.36283441978428e-13 5.09798572458801e-13 5.34901044725459e-13 4.53719376145557e-13 2.45302505243955e-13 1.88583236280334e-13 1.47365231162886e-13 1.13830839505772e-13 8.79713162027854e-14 6.871990708152e-14 5.47410893566243e-14 4.65824991220869e-14 3.67530373169541e-14 4.33852646681709e-14 4.55308061965246e-14 3.99674614547406e-14 2.98951720746683e-14 -9999 -9999 -9999 -9999 -9999 -9999
3.78800877436011e-10 2.99185921423515e-10 2.57087348402881e-10 1.86888477807327e-10 1.52598097090692e-10 1.20242038398538e-10 8.81562230522954e-11 6.92193850248945e-11 5.89192408250137e-11 4.298122363631e-11 3.47210761142279e-11 2.59148429801584e-11 1.60063971435523e-11 1.11145200197362e-11 5.65651135520601e-12 4.45404900701024e-12 3.69003737079078e-12 2.82435167321717e-12 3.28112354529824e-12 2.22947421393073e-12 1.57092251659795e-12 1.45510677039978e-12 8.71626520868403e-13 6.15740724734351e-13 4.48422984491353e-13 3.63566261155059e-13 2.91136812008944e-13 2.41330683958996e-13 1.96800747314747e-13 1.54581633298765e-13 1.12735841337816e-13 8.90286413036398e-14 7.04223833298096e-14 5.9143060421964e-14 4.51805696044124e-14 3.78477870596928e-14 4.88614043865626e-14 4.34850927700806e-14 3.71445889858818e-14 2.76784994280725e-14 -9999 -9999 -9999 -9999 -9999 -9999
2.43602366568217e-10 2.21387399611596e-10 1.86987470806644e-10 1.63495947181902e-10 9.53383835896702e-11 6.53999535711818e-11 6.29760950049892e-11 4.44650735806612e-11 3.52230837519991e-11 3.40624212933925e-11 3.09223182026844e-11 2.17705873950251e-11 1.43727509946658e-11 9.35786968712824e-12 5.97780551063536e-12 4.08105846651898e-12 3.27543967405306e-12 2.90985919996239e-12 2.55814618777943e-12 2.10431646021162e-12 1.35597360160362e-12 1.27773658868739e-12 8.86748177244047e-13 6.56769691918975e-13 5.16789986282449e-13 3.44119150879238e-13 3.00436509246405e-13 3.12125621986405e-13 3.22867355191507e-13 2.35546482677633e-13 1.47557114847473e-13 9.3968172335199e-14 7.89563277704665e-14 6.28176884218757e-14 5.66353010415445e-14 5.32603488265625e-14 4.83462775150735e-14 4.45966733941777e-14 3.37417509269841e-14 2.55488875450736e-14 -9999 -9999 -9999 -9999 -9999 -9999
2.01464773981465e-10 1.53444262484366e-10 1.19206731719773e-10 1.03050968053063e-10 7.43887988084217e-11 5.61332756486775e-11 4.2209276029969e-11 3.65392822580408e-11 2.71222629815381e-11 3.01032500206969e-11 3.11285111954252e-11 2.17411998574907e-11 1.25300878450016e-11 8.57949385079247e-12 5.6266347804165e-12 4.08732847693125e-12 3.19798446926679e-12 2.98868754909439e-12 1.88704129226864e-12 1.42290153946718e-12 1.20159889328331e-12 1.00104270004589e-12 9.94869358597649e-13 9.18282987863615e-13 4.1054581821768e-13 3.49000667842476e-13 3.79585425854282e-13 3.79409624000242e-13 2.90091208505768e-13 2.26266607495767e-13 1.68340914122316e-13 1.23377891714589e-13 9.39671948465604e-14 7.11102226771768e-14 5.32536415924752e-14 5.30051837200152e-14 4.49133051339149e-14 4.16561018523352e-14 3.09572548923457e-14 2.35461193146345e-14 -9999 -9999 -9999 -9999 -9999 -9999
1.54650222143031e-10 1.32077506814096e-10 1.09599770588143e-10 8.18347639603987e-11 6.14512250888496e-11 4.73930352103484e-11 4.15367883391242e-11 3.00446259658495e-11 2.32902735092146e-11 2.30058710998069e-11 1.87972018154064e-11 2.04564244312218e-11 1.5752250615407e-11 9.13033760668036e-12 5.51981802962436e-12 4.23955489469198e-12 2.9703287115089e-12 2.78503722306648e-12 1.82213086143655e-12 1.41439834865898e-12 1.00859558954406e-12 7.69562609071343e-13 6.06471143458972e-13 6.84855572072655e-13 5.47618874148405e-13 3.68857595399796e-13 3.55716420252755e-13 3.23482382583101e-13 2.63834277594245e-13 2.01903071277613e-13 1.58789197753059e-13 1.19045586276656e-13 8.66011009806902e-14 6.67263337102708e-14 4.74484953783503e-14 4.83144418711277e-14 4.17311028956116e-14 3.85166389033132e-14 2.88104524978181e-14 -9999 -9999 -9999 -9999 -9999 -9999 -9999
1.35367082775853e-10 1.12614314845794e-10 8.80061278443318e-11 6.85716826642924e-11 5.43154199166165e-11 4.25482816836763e-11 3.65714346705393e-11 2.90502258232182e-11 2.15684514938479e-11 1.80705361271097e-11 1.67201901830612e-11 1.26201054384685e-11 1.01067742375015e-11 8.1972433263215e-12 6.24828031868814e-12 3.53725888762107e-12 2.81059171189869e-12 1.8404913339499e-12 1.39077055563401e-12 1.08884475872137e-12 8.90206452913611e-13 7.25889172832599e-13 5.40406020636482e-13 4.59066871016649e-13 3.62213802725739e-13 2.7682830907393e-13 2.50844486888407e-13 2.9879213628025e-13 2.52970163041776e-13 1.94201454766322e-13 1.49372356926886e-13 1.11745337422771e-13 8.29070204622984e-14 6.1522082119294e-14 4.48970110598386e-14 4.45383778338618e-14 3.84643297684873e-14 3.52440269440169e-14 2.6634155412256e-14 2.00230848356045e-14 -9999 -9999 -9999 -9999 -9999 3.59277670719714e-15
1.1634705348537e-10 9.35682599671678e-11 8.32330358389838e-11 6.6124983992181e-11 4.72864642794695e-11 3.8833841209193e-11 3.1655132762167e-11 2.57328072983627e-11 2.22397802507368e-11 1.6912451800013e-11 1.50178320917585e-11 1.17637750356462e-11 9.21847050983496e-12 6.39475290576845e-12 4.43156001061582e-12 3.31956182055624e-12 2.61379097744206e-12 2.08291909289964e-12 1.33664358656727e-12 1.00615682075144e-12 8.06510925091156e-13 6.70892677835805e-13 5.02193482820684e-13 4.23757327515534e-13 3.65376237187805e-13 2.64316127312647e-13 2.10911478169781e-13 2.6283306372679e-13 2.26431587352102e-13 1.79940943908506e-13 1.36270623443231e-13 1.03232725851903e-13 7.7562160011663e-14 5.72943589470604e-14 4.24773816606459e-14 4.05488587410398e-14 3.55233188201501e-14 3.16398992705502e-14 2.45199467525953e-14 1.85079520333533e-14 1.38936526384393e-14 1.0442617692717e-14 7.84774058653296e-15 5.88926745177992e-15 4.41520498570999e-15 3.30519803895356e-15
1.05658734475337e-10 8.58005710960072e-11 7.4974650628185e-11 5.47320071007663e-11 4.20091830867071e-11 3.54192677927263e-11 3.03554464419801e-11 2.29618070826849e-11 1.88353406582799e-11 1.44732257557922e-11 1.11440616392361e-11 9.09686418507477e-12 7.07658898479058e-12 6.18933794166556e-12 4.55929322676707e-12 3.18638210401106e-12 3.0343751018365e-12 2.82530016059292e-12 1.51833539228225e-12 1.14725760037982e-12 1.03147665232393e-12 7.37731137560009e-13 5.19407992230225e-13 3.67706675147607e-13 3.01747828574128e-13 2.34466382220985e-13 1.84120815016515e-13 1.85653670739609e-13 1.89990395351498e-13 1.2567845576249e-13 9.03873772512086e-14 8.31211557199189e-14 6.44796383461982e-14 3.39263189337954e-14 2.75692331761762e-14 2.15562749638849e-14 2.61361314090698e-14 2.37906140640016e-14 1.96157485311959e-14 1.53074218111845e-14 1.2980342063536e-14 9.76344068638248e-15 7.32062670341436e-15 5.48001633227179e-15 4.13648433480277e-15 2.75586335638941e-15
9.99412750471787e-11 8.0868248083189e-11 6.32145081476912e-11 4.9111191307947e-11 3.77693371945386e-11 3.10765485948355e-11 2.53996215827264e-11 2.11755041649499e-11 1.6509670549377e-11 1.35502928079426e-11 9.55476763082972e-12 7.46484590373121e-12 6.07279480234519e-12 5.04701448320157e-12 4.70273336221141e-12 2.85890345751569e-12 2.43916379282798e-12 2.21285169578226e-12 1.46795508057666e-12 1.07775561337925e-12 9.63090234100939e-13 6.46426032029468e-13 4.52549885081384e-13 3.38908967816966e-13 2.63145042707828e-13 1.9114055623068e-13 1.53290923017118e-13 1.23812885121206e-13 1.04608171543317e-13 1.09267262466025e-13 7.14365392575496e-14 5.12850604864603e-14 4.24616276751746e-14 2.7887109250961e-14 1.9251847524949e-14 1.60667329745583e-14 1.47631208956781e-14 1.39898767998178e-14 1.23873828558513e-14 8.61857529338559e-15 6.93868529506342e-15 5.892708806836e-15 5.08650710254691e-15 3.7042367471328e-15 2.44850986631902e-15 1.53841548521094e-15
9.57177935282172e-11 7.44175250373689e-11 6.19172274887945e-11 4.69826284261673e-11 3.58205882452824e-11 2.86617573742528e-11 2.46102412613672e-11 2.00754758583547e-11 1.50313744388459e-11 1.15980009248936e-11 8.47987817642751e-12 6.82050547712764e-12 5.31630038642222e-12 4.07116932020036e-12 3.31145494301105e-12 2.57906029719606e-12 1.99782927834565e-12 1.70318244210779e-12 1.52627416911482e-12 1.30784171501262e-12 7.86767002222169e-13 8.10493581504873e-13 6.20838158251954e-13 3.10811794967509e-13 2.65801692468119e-13 2.06971464758872e-13 1.75159666194953e-13 1.34576194799908e-13 1.15125058069956e-13 7.86397739386169e-14 6.36707828908822e-14 4.43869134755448e-14 4.02526597709745e-14 2.73799350452732e-14 1.88442157037019e-14 1.4465245464531e-14 1.08653336958157e-14 9.18201366659353e-15 6.58556338617659e-15 5.48838204145344e-15 3.93505708597748e-15 3.18385562039552e-15 2.3987715844936e-15 1.83365439633073e-15 1.39046964302969e-15 1.00315372579972e-15
9.30072950903819e-11 7.1078717677077e-11 5.27580751308194e-11 4.17966596610839e-11 3.21692322058198e-11 2.60223859597666e-11 2.15814613514921e-11 1.80217024157975e-11 1.33647601662615e-11 1.00419097048234e-11 7.74025136516585e-12 6.1520652760086e-12 4.91371218448385e-12 4.49191575160404e-12 2.93479559060492e-12 2.21433696521542e-12 1.75758758888569e-12 1.40422379106031e-12 1.13921834678087e-12 8.72255406112719e-13 7.02985168324209e-13 6.29876656665564e-13 5.68960095155221e-13 4.11856771100762e-13 3.024190600762e-13 2.26768919615064e-13 1.60621753886857e-13 1.51333825279758e-13 1.33961954654537e-13 9.27332017416851e-14 6.73443817305192e-14 5.43917986052043e-14 3.66887870314243e-14 2.38678190442195e-14 1.94533198770934e-14 1.32609301164679e-14 1.0804392385899e-14 9.89858608883589e-15 6.68972051663729e-15 5.4444812003797e-15 3.85621262169528e-15 2.67938277224634e-15 2.14316014486835e-15 1.4886404282168e-15 1.10771770996853e-15 8.33694004797326e-16
8.43451298496811e-11 7.05290125901376e-11 5.02658079839358e-11 4.13259037043515e-11 2.93530340732586e-11 2.29085957550086e-11 1.88747290160184e-11 1.60101756609397e-11 1.24758344429296e-11 9.1269535219742e-12 7.1226196212902e-12 5.70614510160188e-12 4.57736112276267e-12 3.4059128664733e-12 2.60952103044283e-12 2.01379435385512e-12 1.59722022123971e-12 1.28744852831021e-12 9.95406316649472e-13 7.9288681216808e-13 5.93425916049567e-13 4.8338147913381e-13 3.92591915243336e-13 3.31858540244938e-13 2.56829453347701e-13 2.12552931359891e-13 1.69532008842525e-13 1.16858975169219e-13 9.80382944849007e-14 6.93827196520093e-14 6.69867477955829e-14 4.3085261551556e-14 3.70684409507676e-14 2.3501194755138e-14 2.04818912739663e-14 1.39591511164593e-14 1.0966048834997e-14 7.7701481322502e-15 6.00283076977139e-15 5.34243173794884e-15 3.55724623473916e-15 2.73701000121424e-15 2.01046349462102e-15 1.6560648844042e-15 1.35398004511612e-15 8.07987511099456e-16
7.26933635688098e-11 5.78031045490861e-11 4.61531657105461e-11 3.66406567434893e-11 2.81078830096476e-11 2.15046501164299e-11 1.69452466377335e-11 1.38217609325405e-11 1.09802589262353e-11 8.35057772359229e-12 6.64865156185219e-12 5.24743197031339e-12 4.1240647361464e-12 3.12841665479361e-12 2.42814786545344e-12 1.82918407541157e-12 1.48404229487524e-12 1.16257707035481e-12 8.76332299141235e-13 6.80205176749788e-13 5.33197739094352e-13 5.20449258782248e-13 3.66676270487825e-13 2.82938673781041e-13 2.33160107005253e-13 1.85781829626446e-13 1.55587234795118e-13 1.24209489585451e-13 8.67381644219258e-14 6.61641973988158e-14 5.20082614997083e-14 3.71270275256952e-14 2.95091306227554e-14 2.23884850893563e-14 2.05016610571638e-14 1.33252279035259e-14 9.68784758563201e-15 6.82953640563481e-15 5.57371124698809e-15 5.43801678951769e-15 4.35969945958531e-15 2.79075307061422e-15 2.08216570287199e-15 1.39094362340688e-15 1.22836793706323e-15 8.16070984179018e-16
6.65673439349623e-11 5.27776524445333e-11 4.25557524497461e-11 3.33093212690582e-11 2.58013242052205e-11 2.03273189147908e-11 1.57988479241807e-11 1.25064842568167e-11 9.83790335349672e-12 7.7090275595101e-12 5.99487804543948e-12 4.64391286887927e-12 3.6150014619751e-12 2.86755575236839e-12 2.32647168413804e-12 1.79406405879761e-12 1.34612272632276e-12 1.0586581913192e-12 7.80600077918846e-13 6.77859164513348e-13 5.264396826221e-13 4.28983816608957e-13 3.04999483640927e-13 2.46928899977104e-13 2.00198077945708e-13 1.66633241297698e-13 1.81523777437804e-13 1.45712397935368e-13 9.43834732518595e-14 6.90122211867447e-14 4.36037194265083e-14 3.21680226326701e-14 2.61434933112629e-14 2.18415817021209e-14 1.65945254294903e-14 1.32615493650372e-14 7.98347247093851e-15 6.18592442324748e-15 4.67942981903075e-15 4.30751184172761e-15 3.1692882937377e-15 1.89792277606839e-15 1.40899206790806e-15 1.13384117687852e-15 9.82134021966188e-16 7.89783846377395e-16
6.24635010932439e-11 4.94750340645078e-11 4.00308647446252e-11 3.06049859866136e-11 2.38643265742876e-11 1.85368529221225e-11 1.43985109812361e-11 1.1445683124892e-11 9.4992921020257e-12 7.10760943551572e-12 5.68694605180882e-12 4.18595314792527e-12 3.26484778220864e-12 2.58032073851539e-12 2.03216046668697e-12 1.7977686156954e-12 1.32147201791003e-12 9.67142195416672e-13 7.66379298073982e-13 5.89320639375042e-13 4.61381525491229e-13 3.54345826143694e-13 2.7199445477368e-13 2.2283898263506e-13 1.78153751360564e-13 1.50960250104831e-13 1.15740568589979e-13 9.54819196183505e-14 7.97132263616363e-14 4.78643442958798e-14 3.59396726413205e-14 2.88579678165461e-14 2.30029078613842e-14 1.81999569116631e-14 1.40423602406016e-14 1.04938399705514e-14 6.96188264988266e-15 5.34707859218003e-15 4.28561295613748e-15 3.24881698823447e-15 2.40580252065833e-15 1.7216954883646e-15 1.24739332334621e-15 9.5586054147654e-16 7.40377042673641e-16 5.01705902507231e-16
5.90217791240965e-11 4.55983802298298e-11 3.53363460664778e-11 2.77138211508408e-11 2.17623550138229e-11 1.67489109902122e-11 1.30790749463007e-11 1.0298013938182e-11 8.2866689754468e-12 6.66290561552476e-12 6.16550966554694e-12 4.03807088905581e-12 3.05743202635992e-12 2.31189415766821e-12 1.82607913795756e-12 1.46485611372679e-12 1.16815088998887e-12 8.87221082397401e-13 6.80452558578228e-13 5.14628822969577e-13 4.07604669429114e-13 3.18342970277525e-13 2.52327470422062e-13 1.94099321799771e-13 1.62017533186057e-13 1.29767303224335e-13 9.38881945917424e-14 7.61236550568695e-14 5.50750163700767e-14 4.43913258128369e-14 3.42715735463924e-14 2.49272865903535e-14 1.98335076405939e-14 1.44755226017007e-14 1.12430713308285e-14 8.22480000073087e-15 6.06978704504115e-15 4.62377425984302e-15 3.46042208931347e-15 2.66396498478614e-15 1.97527419656395e-15 1.524053978958e-15 1.15327474227833e-15 9.0226313419269e-16 6.43797829584092e-16 5.29717169766821e-16
5.26156858652186e-11 4.15597138100968e-11 3.29700367100796e-11 2.50570053951063e-11 1.97445776033496e-11 1.56361869459266e-11 1.20586725019944e-11 9.66635927759221e-12 7.94862002262328e-12 6.35869497061831e-12 5.21511450304349e-12 3.73170497346857e-12 2.74226199397008e-12 2.11557401537406e-12 1.75984548991249e-12 1.36216135176895e-12 1.12510450176012e-12 8.25474220136743e-13 6.28339707396987e-13 5.12886089168513e-13 3.83318323829674e-13 2.91967198368325e-13 2.26346508090057e-13 1.84586127482334e-13 1.47850234647925e-13 1.088361018975e-13 1.0909484254549e-13 8.16514104430197e-14 5.30279081169621e-14 3.89870432312354e-14 3.11565571185497e-14 2.43191998588473e-14 1.78587845523484e-14 1.37021889876091e-14 9.62406295236599e-15 6.9878682166171e-15 5.37293771328411e-15 4.10577497051697e-15 3.02274515447367e-15 2.41462457531505e-15 1.81767342164285e-15 1.34919847430876e-15 1.02744014642776e-15 7.57479990817105e-16 5.92598300821571e-16 4.21348861248675e-16
