ENM/SVM/Abudefduf_saxatilis.asc
NCOLS 720 
NROWS 360 
XLLCORNER -180 
YLLCORNER -90 
CELLSIZE 0.5 
NODATA_value -9999 
[rows 220 to 239 of 360, columns 92 to 137 of 720]
5.74243425815034e-05 6.79245799888095e-05 7.21129936991553e-05 8.23016054515444e-05 9.78690083126312e-05 0.000105039901866863 0.000116603482492193 0.000121083852364003 0.00013286394601416 0.000140989713330903 0.000158168075911255 0.000175706621990391 0.000195405342701319 0.000219140415645235 0.000252982135797985 0.000275524092704316 0.000301909736046663 0.000327699914224548 0.000372985126789638 0.000458709420209019 0.000479499730767053 0.000568097540976915 0.000594409242204761 0.000656329919560008 0.000705716371268364 0.000912759133789587 0.000924324755439901 0.00108127583869978 0.00123136347099153 0.00122964693212092 0.00126666482362041 0.00149002390137152 0.00151641396564974 0.0017010419933292 0.00187295169969025 0.00206965333973628 0.0022072079276427 0.00237443906392817 0.00262863756593052 0.00291848560379347 0.00320293321877619 0.0034013462604629 0.00359426223610894 0.00387291111509858 0.00411578612439021 0.00441081756906627
4.93408737806193e-05 5.5681387427626e-05 6.40987450259571e-05 9.47283009935297e-05 8.14778957139115e-05 0.000107956593909062 0.000110513236126755 0.000133814348485167 0.000142285384400135 0.000135609109654442 0.000143400395586292 0.000166976934019261 0.00018216258269701 0.000198135722839247 0.000223373089748233 0.000244954568365021 0.000268956121522611 0.000295689816176019 0.000327153588776325 0.000384317866695245 0.000433085295387773 0.000486391640601992 0.000524664381661448 0.000601592987864891 0.000632074412911736 0.000744710445625917 0.000881699202071884 0.000905432599356406 0.00106754907455447 0.0011007192577395 0.00118561817107021 0.00132585028669281 0.00141296644748126 0.00161608515750897 0.00191490544044787 0.00213485621866465 0.0020733774538867 0.00223984132428297 0.00279926210686872 0.00280599990089169 0.00299091719068448 0.00312606685459668 0.00330689845767653 0.00351978456575718 0.00406951482113006 0.00410639653565267
4.48197763266536e-05 5.02549571276461e-05 5.84202838136003e-05 8.76610059187788e-05 6.88368740777436e-05 7.8336901221382e-05 8.75974549147402e-05 0.000109791013963036 0.000123601674712096 0.000118201497979159 0.000138971030680799 0.000156315677529763 0.000165203127800159 0.000177475112214089 0.000197982771478526 0.000216509435896277 0.00024453083638072 0.000269818703762729 0.000295396814879061 0.000333924107791948 0.000428548553831069 0.000443141403834226 0.000482728382866204 0.000534929196887642 0.000601181193540859 0.000681042136446155 0.000742586276772325 0.000811952055452935 0.000890995438324883 0.001006353820737 0.00124184152557654 0.00119858269760614 0.00130306298150752 0.00144601014974443 0.00159631138704042 0.00172967933803375 0.00190963464415312 0.0021247452741644 0.00227887427711398 0.00255606485423342 0.00271546315939222 0.00302820873320345 0.00303837502369119 0.00322672890708105 0.00353661799889726 0.00381517037268487
4.47932815182965e-05 4.49310850678349e-05 5.12824684344871e-05 5.65560447227362e-05 6.2896127930182e-05 6.99906787207294e-05 7.94584848862355e-05 8.86751756096434e-05 9.82097650046961e-05 0.000107341424538592 0.000120700094602527 0.000142929782157224 0.000170861240451373 0.000164176443149069 0.000177498472361809 0.000197790902291147 0.000219314696704382 0.000242068818073663 0.000265723071060269 0.00029821326290349 0.00036699389722505 0.000403222338012033 0.00046869706054937 0.000495102327957164 0.00054966317211737 0.000620027892942186 0.000687036804810409 0.000792026279489841 0.000871265008922171 0.000989777944509437 0.00105567989890171 0.00108365874525283 0.00124792884493687 0.0013392099423818 0.00157318906452055 0.0017173553462644 0.00184264677543378 0.00193519924990955 0.00223857604707772 0.00235818404097812 0.00265272531583939 0.00277975995512497 0.00283356447932039 0.00301039387318054 0.00317575220123302 0.00347893544467865
4.11620971635696e-05 4.3716885802633e-05 4.87425762081157e-05 5.35529880641599e-05 6.20017739704852e-05 6.70731347501392e-05 7.36751741978932e-05 8.24237002236924e-05 9.25660250124471e-05 0.000101402810543723 0.000113082881503519 0.000121885126678595 0.000134186574276104 0.000148711720896416 0.000160701757954826 0.000177931212669713 0.00019954410846177 0.000222038630539571 0.000245040719923402 0.00027753472210795 0.000319652780726437 0.000349688091671416 0.000412762138290718 0.000469858731102554 0.000516863841663098 0.000561449405590967 0.000608908818424938 0.000670880852129728 0.000745611089829798 0.000840953297035602 0.000911859378225993 0.00098716631439477 0.00112128053611425 0.0012836436189074 0.0014090288557732 0.00150491748264528 0.00160953180983123 0.0017580519238512 0.00205128268613662 0.00214099360463399 0.00238155139470637 0.00277570102843818 0.00298794486427102 0.00290392609499815 0.00309351346852564 0.0031144949064295
4.37851560199109e-05 4.00301297708821e-05 4.61911373781826e-05 5.74335402696023e-05 5.90916217839215e-05 7.11777523071695e-05 7.5075571475077e-05 8.33237583926848e-05 8.88210823443334e-05 9.73420708599119e-05 0.000103133308077174 0.000111941855390586 0.000126902469475667 0.000138499364968452 0.000152500406629955 0.000168437608504489 0.000184182453218253 0.000204159032094457 0.000227054337980997 0.000256245114151446 0.000286635773651884 0.000325715739800978 0.000366279171172047 0.000409409265739052 0.000462841294705334 0.000511848723996089 0.000575600617126067 0.000627255709483026 0.000711794117969962 0.000751920733891515 0.000843215987163729 0.000913424919661957 0.00100672211614633 0.00109567788368654 0.00127656468028244 0.00139265211777865 0.00156825504287343 0.00178207140654349 0.00180004546581177 0.00223703963276514 0.00254620034272256 0.0028103953840278 0.00244304831452643 0.00302283966707971 0.0034293484784821 0.00324038728987401
2.88138657615058e-05 3.52435546753487e-05 3.99685647308715e-05 4.91563579246743e-05 5.57588608227154e-05 6.42724886350816e-05 7.25468354642595e-05 8.22109294904247e-05 8.53607777306823e-05 9.50320278569886e-05 0.00010257946125324 0.000109812936915053 0.00011568480895342 0.000126453441013002 0.000142064897239623 0.000160640804323708 0.000177353075559534 0.000196045132613536 0.000214487197587824 0.000238041945261442 0.000265713077262852 0.000299280476154765 0.000360070287573377 0.000389880345737911 0.000448939727062238 0.000473372730902688 0.000524493007414502 0.000579269181980174 0.000666925764284202 0.000723235731262877 0.000805094746249571 0.000834999943761 0.0009266835704421 0.00105489338457104 0.00120363130193519 0.001326274511811 0.00144981288635788 0.00162928396055473 0.00178120944048399 0.00201385822175726 0.00224541419196391 0.00244509484298454 0.00220437185016987 0.00263237439909288 0.00303685943550144 0.00309272768722757
3.28685821442176e-05 3.91984316028376e-05 3.45472804133768e-05 3.69861080387331e-05 5.51008231642993e-05 6.16158068884656e-05 9.05354095151667e-05 7.09820212052369e-05 7.73593980050266e-05 8.85398126080558e-05 9.33849298344977e-05 0.000104971505807241 0.000122367651833927 0.000136809773953169 0.000139815832089582 0.000151990416676817 0.000166217241268594 0.000191107220699958 0.000212794381818183 0.00023744916540594 0.000260551134868568 0.000283636105242538 0.000336435139710423 0.000382235574988556 0.000408278689925207 0.000435242420016834 0.000518510888387319 0.000664285354861209 0.000614743805891016 0.000734092666820123 0.000706316030785614 0.000812728923294661 0.000883187065369045 0.00100011036934949 0.0010612866267407 0.00119308477171743 0.00140835360745217 0.00145218960027005 0.00157788065452424 0.0016383509004248 0.00182725196618623 0.00188881629654582 0.00207477568592545 0.00229398702002774 0.00269422292457822 0.00275536647209212
2.22446230637178e-05 2.85620270527126e-05 3.19052698633828e-05 4.03492814064927e-05 3.78836746455909e-05 4.4189063705579e-05 5.33628983422488e-05 6.59005644838851e-05 7.92689904944607e-05 7.43016717022275e-05 0.000119301208074801 0.00014137565172092 0.000109387218555778 0.000118583414319726 0.000132731690624047 0.000153341281269879 0.000171444711885899 0.00019214634236206 0.00021815548518331 0.000247298381523634 0.00027182386938317 0.000301929640278215 0.000301623843658756 0.000335135419796228 0.000398741181967183 0.000422218829118953 0.000483592638736098 0.000505195474146041 0.000556275126565073 0.000611800947104778 0.00068745382753527 0.000767942370732731 0.000852307432517277 0.000916114237203645 0.0010795162808825 0.00111759282902708 0.00131866485815129 0.00129225309915139 0.00134640762592417 0.00142313897662631 0.00159853469795093 0.00163860647760553 0.00182756665417983 0.00234877330833422 0.00247943356632159 0.00263612543358517
2.09225903822241e-05 2.22213799242868e-05 2.50492897269611e-05 2.88646188219306e-05 3.49961344804563e-05 5.11628457147742e-05 5.75537346297554e-05 7.23523189696519e-05 6.03450232483472e-05 6.6342110714726e-05 6.77266006185879e-05 7.9716252736465e-05 8.48898896446848e-05 9.96640962333825e-05 0.000125619009811634 0.000156988657970605 0.000176740807837753 0.000229698840492354 0.000276804936928674 0.000257665778374886 0.000272705557339262 0.000279290582407046 0.000293868167003584 0.000381065910599846 0.000476300588975113 0.000477731676461734 0.000447735345522171 0.000510989090064668 0.000623547944217927 0.000777130354945727 0.000673686267076456 0.000813993165638669 0.000862323241558861 0.00083480599909245 0.000963952290679389 0.00114378193558849 0.00115147130362145 0.00124559239194438 0.00129259972061108 0.00130564993726575 0.00141987146028468 0.00156324529468682 0.00173489513528597 0.00202298770865835 0.00231754648838606 0.0022800503146525
1.92894227560488e-05 1.92444144746765e-05 2.27630806204133e-05 2.50482989864688e-05 3.01187776085813e-05 3.21096255458679e-05 4.36314774671674e-05 7.26764147175037e-05 6.63896602983929e-05 7.56040808186846e-05 5.95946324829947e-05 6.81671264014961e-05 9.68115911869154e-05 9.09402467837753e-05 9.61067446125466e-05 0.00011225591262743 0.000123527551981872 0.000140285420366841 0.000157590329589335 0.000184204695053657 0.000192204507683174 0.00021500386865208 0.000259884266090457 0.000357805321621665 0.000407375207903337 0.000411655073191623 0.000402055733071122 0.000465501694923597 0.000526651799394517 0.000699500923521574 0.000684252452087866 0.000694662034343282 0.000845747438003618 0.000847438260595799 0.000899704478504014 0.0010336102779552 0.00102692253768253 0.00106150749063119 0.0012136353395066 0.00123683800320929 0.00145023011125698 0.00149133986912922 0.00165203150634718 0.0018206755298035 0.00196537901117873 0.00206522030016213
1.51812278311159e-05 1.73132713057325e-05 1.95332781376583e-05 2.22382708995088e-05 2.55249093311975e-05 3.01111883470936e-05 3.40907248612865e-05 3.81893234514804e-05 4.30222460825859e-05 4.99939346384801e-05 5.18378085799396e-05 5.92912024549543e-05 7.77713060342859e-05 8.53675093813809e-05 8.608586046059e-05 9.61003359434835e-05 0.000111981447956546 0.000122991237972801 0.000139734853932055 0.00015322369054694 0.000172666816962301 0.000187462028477399 0.000220852470891293 0.000258510448483754 0.000320995592406177 0.000393318935481901 0.000416692171800827 0.000479728360185632 0.000538100515405214 0.000534026961206694 0.000532095360568516 0.000559441569264528 0.00083145412695617 0.000825320208476746 0.000875046042241549 0.00102174567052575 0.000975744638724805 0.00105532696966867 0.00116963844078708 0.00115923757703879 0.00125118535126789 0.00147933428748113 0.00161034109007081 0.00167015533688221 0.00180793991405825 0.00204973594085042
1.35181909621418e-05 1.52118657749233e-05 1.75126383963259e-05 1.94820521836656e-05 2.27641871620085e-05 2.57913530236374e-05 3.03473502643249e-05 3.47098862227182e-05 3.84251488806617e-05 4.10917080589279e-05 4.67862639592446e-05 5.13526634354708e-05 5.91392784797122e-05 6.6103958964161e-05 7.5854883125411e-05 8.38381663287893e-05 9.37225271587651e-05 0.000112694086363976 0.000122107520446061 0.000137399115210315 0.000150434801154429 0.000165148930450815 0.000197879146168785 0.000218030139440644 0.000241703192691183 0.000257028466787145 0.000321638065155534 0.000356305169875017 0.000366316329625607 0.000403053319509088 0.000545270042381928 0.00052382498210996 0.00060186747253704 0.000726922053807851 0.000810843173709545 0.000945062274886903 0.00104277264649843 0.000997413998653767 0.00126114553676692 0.00113838293341081 0.00116958325551852 0.00127967017709276 0.00149344476023531 0.00150540013949616 0.00164537025778696 0.00184923016094164
1.18332873883528e-05 1.31546676400108e-05 1.53042244195521e-05 1.90454299506699e-05 2.06051492303943e-05 2.38914763185679e-05 2.68794430042106e-05 3.04012144732189e-05 3.41342864085145e-05 3.66905232160423e-05 3.98305848288733e-05 4.65127720370039e-05 5.30636011439665e-05 5.90426267829694e-05 6.81604626166453e-05 7.44163302716334e-05 8.43418411686703e-05 9.34685572530142e-05 0.000106177831170545 0.00011611924783082 0.000128715683825043 0.000145478371167481 0.00016997685887609 0.000187705767614366 0.0002224173876159 0.000247004969604467 0.000283160091139326 0.00029250110639706 0.000317931514050992 0.00035796514304237 0.000390017740804214 0.000444741994899137 0.000477745938664075 0.000550336774372456 0.000666600060112536 0.000743145456741385 0.000916523436684281 0.000935098309693033 0.00113570443320219 0.00124433856685575 0.00132611440930621 0.00130526672976476 0.00132790688442097 0.00145092374101265 0.00149848257586485 0.00184559641789926
1.03687447673116e-05 1.16996520490281e-05 1.33194803292354e-05 1.53877193723089e-05 1.74188897215682e-05 2.08189779839633e-05 2.18898899212884e-05 2.47384500484475e-05 3.29365095706348e-05 3.27873849891948e-05 3.51568410117518e-05 4.15839758995337e-05 4.66459061093229e-05 5.46894907767998e-05 6.3197281619982e-05 6.63172452931156e-05 7.36145518171828e-05 8.66542251008061e-05 9.30912351604039e-05 0.00011594353184443 0.00011491224999674 0.000136686050939378 0.000150595785557707 0.000178495969031677 0.000212611518649383 0.000212799000879827 0.000235319063184054 0.000265824799083886 0.000285045791502427 0.000303262449897627 0.000354564939526012 0.000376708150401034 0.000425099436637984 0.000484787129105443 0.000593543421529128 0.000577919677774605 0.000658468152252816 0.000761681863774151 0.000891025510981342 0.00104097572112135 0.00121723631219154 0.00118880897628961 0.00120659983995949 0.00126416577106046 0.00141485028421477 0.00154797880805327
8.76041130772315e-06 9.96850977124761e-06 1.15283006475721e-05 1.35622350191414e-05 1.56242083360443e-05 1.72055102156761e-05 2.02448148298077e-05 2.44558173967347e-05 2.45151563742802e-05 2.83347931455602e-05 3.13180024100649e-05 3.65032333798231e-05 4.40256602330369e-05 4.77124636602536e-05 5.62906653015004e-05 5.89837239797858e-05 6.80860381610251e-05 8.7294571970247e-05 9.21447789509716e-05 9.60547961966614e-05 0.000107811167648239 0.000117378554288092 0.000133089856709992 0.000154085546155472 0.00018245739379832 0.000183176007321491 0.000214026972607094 0.000241893832154606 0.000294417616026167 0.000290586044561437 0.000293394156401955 0.000346166692674949 0.000399018668775432 0.000417829302618985 0.000522194783294468 0.00052414505434311 0.000577058457763713 0.000623398978404074 0.000673664220473084 0.000750376504026298 0.000962083011417469 0.00107172873072039 0.00118419247128139 0.00122670508627772 0.0012169483907526 0.00129942139959325
8.41598293095064e-06 8.63159269116595e-06 9.65473726279503e-06 1.13136849808617e-05 1.28323967333305e-05 1.45332680255405e-05 1.80986418804604e-05 2.15863553401097e-05 2.23889431331092e-05 2.58232767916212e-05 2.92083533790286e-05 3.20060378198643e-05 3.59898976259859e-05 4.46078748274624e-05 5.4137312465823e-05 5.92453654041561e-05 6.58298820830597e-05 7.14814571093638e-05 7.79321913520327e-05 8.55726665014175e-05 9.91325050938618e-05 0.000105780720276168 0.000118012959382086 0.000133496130352602 0.000148508246948777 0.000164847850836414 0.000186159259432279 0.000223578468111406 0.000256572861141231 0.000259222828321277 0.000276024810492478 0.000307195855764562 0.000332035821889137 0.000372108233061621 0.0004120951582155 0.000486613054621161 0.000498014720197369 0.000562547534919393 0.000663750983017974 0.000666320172046683 0.000751124992682128 0.000898246828755877 0.000985961097303914 0.00101399811814231 0.00108624045837468 0.00134587896369201
6.91121467201294e-06 7.5103221636692e-06 8.49609275364426e-06 9.684689075728e-06 1.1287859353012e-05 1.31578182604472e-05 1.56015538265757e-05 1.7754467113112e-05 1.99943288655265e-05 2.27457268617253e-05 2.49677222361376e-05 3.06228084858718e-05 3.50353570805571e-05 3.88092700751192e-05 4.21224229151921e-05 4.86790247633075e-05 5.35438308558501e-05 6.22476490566299e-05 7.02038853818584e-05 7.45339501226982e-05 8.31573388851819e-05 9.31462698779606e-05 0.000105112410796842 0.000118377756557248 0.000131482432368617 0.000142729433024587 0.000164157683864694 0.000188617494176816 0.000212694583546506 0.000238301372493237 0.000264222950384759 0.00027512884873648 0.000313057533472869 0.000339698382102208 0.000400346535066726 0.000435239135748054 0.000463037678324687 0.00050758255563695 0.00053409031550809 0.000615354541616888 0.00066689797909042 0.000751599144905663 0.000857805676122841 0.000894253081647599 0.00095498993212972 0.00119713056909386
5.82461856012373e-06 6.54876195924674e-06 7.45266230513706e-06 8.52751737936325e-06 9.84605237917673e-06 1.11574337887638e-05 1.28814694477906e-05 1.57458842048009e-05 1.81159469306729e-05 2.1122904544274e-05 2.77440373735795e-05 2.52488931507746e-05 2.85359269092884e-05 3.40054250230083e-05 3.71728400000755e-05 4.03495964071697e-05 4.53240773849603e-05 5.14617547498174e-05 5.91334884465242e-05 6.60674902450759e-05 7.33226021962298e-05 8.15995439029101e-05 9.17602564659276e-05 0.000100991649652209 0.000114973684488162 0.000128330612463663 0.000142587033647178 0.00016087455201833 0.0001773282917611 0.000205459093970935 0.000237998860738999 0.000266647638783878 0.000296346250003799 0.000304129866247612 0.00033492686017779 0.00036653657143034 0.000400501220248986 0.000432785795010804 0.000478363989516743 0.000546549434809709 0.000599497934977672 0.000666983921485949 0.000763171442156955 0.000843449772883326 0.000911719413547922 0.000933598601986849
5.08413908525963e-06 5.73916675233934e-06 6.50168238777448e-06 7.41077326335969e-06 8.49826346170461e-06 9.82407976986964e-06 1.12158756069532e-05 1.31715306296881e-05 1.54046763195291e-05 1.8491398776523e-05 1.93694964169853e-05 2.24131764900427e-05 2.50910890597678e-05 2.78011994068447e-05 3.1071757374417e-05 3.62012685557244e-05 4.04972051494418e-05 4.67555464462811e-05 5.39383546123539e-05 6.45334297023771e-05 6.36074307289552e-05 7.33166153017967e-05 8.12258528058878e-05 8.88160497520668e-05 0.000101892523337892 0.000109234667241875 0.000123486080077869 0.00013676426213454 0.000155946499163018 0.00018920813500971 0.000208547394914623 0.000269050856215509 0.000317024145289647 0.000303003365404381 0.000285375242027177 0.000321958073862557 0.000348068828151757 0.000395502265391898 0.00042650199839197 0.00048840298824213 0.000588668686338697 0.000580294324481263 0.00064016445896063 0.000731290605697165 0.000808873866870955 0.000878551075984693
