Environmental Parameters/Projection/Mean_depth.asc
ncols 720
nrows 360
xllcorner -180.00
yllcorner -90.00
cellsize 0.5
NODATA_value -9999
[rows 0 to 33 of 360, columns 525 to 599 of 720]
4169.0 4168.0 4167.0 4165.0 4164.0 4162.0 4160.0 4158.0 4156.0 4155.0 4153.0 4152.0 4150.0 4149.0 4148.0 4147.0 4147.0 4147.0 4147.0 4147.0 4148.0 4148.0 4148.0 4148.0 4148.0 4148.0 4147.0 4147.0 4146.0 4144.0 4142.0 4140.0 4137.0 4135.0 4132.0 4129.0 4127.0 4125.0 4123.0 4121.0 4119.0 4119.0 4118.0 4118.0 4119.0 4120.0 4122.0 4125.0 4128.0 4131.0 4135.0 4137.0 4139.0 4140.0 4141.0 4141.0 4141.0 4140.0 4139.0 4139.0 4138.0 4137.0 4137.0 4137.0 4137.0 4138.0 4139.0 4140.0 4141.0 4143.0 4144.0 4146.0 4148.0 4151.0 4153.0
4212.0 4212.0 4212.0 4212.0 4211.0 4211.0 4210.0 4209.0 4209.0 4208.0 4207.0 4206.0 4206.0 4204.0 4203.0 4202.0 4201.0 4200.0 4198.0 4197.0 4195.0 4193.0 4191.0 4189.0 4187.0 4185.0 4183.0 4181.0 4179.0 4177.0 4175.0 4174.0 4172.0 4170.0 4168.0 4166.0 4165.0 4164.0 4162.0 4161.0 4160.0 4160.0 4160.0 4160.0 4161.0 4162.0 4164.0 4167.0 4170.0 4173.0 4176.0 4179.0 4180.0 4181.0 4181.0 4181.0 4181.0 4182.0 4182.0 4183.0 4184.0 4186.0 4187.0 4189.0 4191.0 4193.0 4194.0 4197.0 4199.0 4201.0 4203.0 4205.0 4207.0 4210.0 4212.0
4254.0 4253.0 4253.0 4251.0 4250.0 4249.0 4248.0 4247.0 4246.0 4245.0 4243.0 4242.0 4241.0 4240.0 4239.0 4238.0 4237.0 4236.0 4235.0 4234.0 4232.0 4231.0 4230.0 4228.0 4227.0 4226.0 4225.0 4223.0 4222.0 4221.0 4219.0 4218.0 4217.0 4215.0 4214.0 4212.0 4210.0 4208.0 4206.0 4204.0 4202.0 4200.0 4197.0 4194.0 4191.0 4191.0 4197.0 4205.0 4213.0 4221.0 4228.0 4233.0 4235.0 4231.0 4221.0 4214.0 4211.0 4209.0 4209.0 4207.0 4206.0 4205.0 4204.0 4203.0 4202.0 4200.0 4198.0 4196.0 4192.0 4188.0 4183.0 4178.0 4172.0 4165.0 4157.0
4328.0 4332.0 4335.0 4337.0 4338.0 4338.0 4334.0 4326.0 4319.0 4316.0 4315.0 4313.0 4307.0 4293.0 4273.0 4249.0 4230.0 4239.0 4260.0 4284.0 4305.0 4318.0 4326.0 4330.0 4333.0 4334.0 4335.0 4335.0 4334.0 4333.0 4332.0 4330.0 4328.0 4325.0 4322.0 4318.0 4314.0 4308.0 4302.0 4293.0 4284.0 4272.0 4257.0 4242.0 4229.0 4222.0 4223.0 4230.0 4235.0 4234.0 4230.0 4229.0 4233.0 4244.0 4250.0 4237.0 4209.0 4178.0 4137.0 4096.0 4071.0 4056.0 4041.0 4036.0 4036.0 4016.0 3979.0 3932.0 3889.0 3843.0 3787.0 3734.0 3691.0 3668.0 3674.0
4300.0 4295.0 4291.0 4289.0 4286.0 4284.0 4282.0 4279.0 4278.0 4278.0 4278.0 4276.0 4270.0 4258.0 4243.0 4233.0 4228.0 4225.0 4233.0 4247.0 4260.0 4267.0 4269.0 4270.0 4269.0 4268.0 4266.0 4264.0 4262.0 4260.0 4258.0 4255.0 4252.0 4249.0 4246.0 4243.0 4239.0 4235.0 4230.0 4226.0 4221.0 4216.0 4211.0 4208.0 4206.0 4208.0 4213.0 4219.0 4226.0 4233.0 4239.0 4245.0 4254.0 4264.0 4276.0 4288.0 4300.0 4310.0 4320.0 4327.0 4326.0 4312.0 4270.0 4189.0 4099.0 4006.0 3913.0 3835.0 3751.0 3673.0 3604.0 3544.0 3510.0 3484.0 3470.0
4391.0 4389.0 4386.0 4383.0 4379.0 4374.0 4369.0 4365.0 4362.0 4355.0 4345.0 4328.0 4313.0 4297.0 4281.0 4268.0 4267.0 4268.0 4275.0 4283.0 4287.0 4290.0 4290.0 4290.0 4290.0 4290.0 4290.0 4291.0 4291.0 4291.0 4291.0 4292.0 4293.0 4294.0 4295.0 4296.0 4296.0 4297.0 4298.0 4298.0 4299.0 4299.0 4296.0 4286.0 4264.0 4248.0 4247.0 4249.0 4251.0 4253.0 4258.0 4265.0 4279.0 4289.0 4290.0 4291.0 4293.0 4295.0 4297.0 4298.0 4298.0 4298.0 4298.0 4298.0 4297.0 4297.0 4296.0 4294.0 4291.0 4289.0 4287.0 4284.0 4279.0 4273.0 4267.0
4227.0 4253.0 4264.0 4269.0 4267.0 4260.0 4249.0 4234.0 4218.0 4210.0 4215.0 4221.0 4226.0 4226.0 4222.0 4216.0 4218.0 4221.0 4227.0 4222.0 4221.0 4215.0 4200.0 4211.0 4223.0 4240.0 4255.0 4262.0 4267.0 4272.0 4276.0 4280.0 4283.0 4285.0 4287.0 4288.0 4289.0 4288.0 4287.0 4285.0 4282.0 4279.0 4276.0 4273.0 4270.0 4268.0 4266.0 4264.0 4264.0 4264.0 4266.0 4268.0 4269.0 4272.0 4274.0 4276.0 4278.0 4280.0 4282.0 4283.0 4285.0 4286.0 4286.0 4286.0 4286.0 4286.0 4285.0 4283.0 4281.0 4279.0 4276.0 4272.0 4269.0 4265.0 4260.0
3757.0 3845.0 3921.0 3945.0 3902.0 3845.0 3789.0 3742.0 3766.0 3823.0 3870.0 3910.0 3929.0 3947.0 3946.0 3943.0 3989.0 4072.0 4174.0 4233.0 4237.0 4197.0 4155.0 4170.0 4217.0 4236.0 4247.0 4254.0 4254.0 4254.0 4257.0 4260.0 4264.0 4266.0 4253.0 4213.0 4221.0 4195.0 4180.0 4223.0 4255.0 4266.0 4268.0 4264.0 4255.0 4252.0 4259.0 4265.0 4264.0 4264.0 4265.0 4267.0 4268.0 4269.0 4269.0 4269.0 4269.0 4269.0 4269.0 4268.0 4268.0 4267.0 4266.0 4264.0 4263.0 4262.0 4261.0 4259.0 4258.0 4256.0 4254.0 4252.0 4251.0 4249.0 4247.0
3779.0 3771.0 3808.0 3796.0 3745.0 3712.0 3828.0 3892.0 3896.0 3902.0 3905.0 3926.0 3933.0 3913.0 3859.0 3757.0 3680.0 3612.0 3566.0 3536.0 3495.0 3465.0 3493.0 3567.0 3676.0 3734.0 3788.0 3888.0 3939.0 3959.0 3913.0 4014.0 4005.0 4026.0 4093.0 4090.0 4058.0 4034.0 4026.0 4091.0 4152.0 4185.0 4214.0 4221.0 4174.0 4146.0 4211.0 4195.0 4230.0 4264.0 4273.0 4282.0 4259.0 4235.0 4219.0 4260.0 4329.0 4322.0 4250.0 4177.0 4182.0 4226.0 4248.0 4257.0 4259.0 4257.0 4257.0 4255.0 4254.0 4253.0 4252.0 4251.0 4249.0 4249.0 4247.0
3619.0 3608.0 3588.0 3587.0 3593.0 3554.0 3501.0 3515.0 3609.0 3681.0 3707.0 3748.0 3781.0 3797.0 3563.0 3464.0 3637.0 3688.0 3694.0 3657.0 3596.0 3674.0 3837.0 3997.0 4027.0 4004.0 3992.0 3972.0 3913.0 3916.0 3888.0 3770.0 3640.0 3495.0 3385.0 3422.0 3594.0 3697.0 3760.0 3805.0 3779.0 3748.0 3816.0 3839.0 3857.0 3814.0 3868.0 3895.0 3961.0 3992.0 4035.0 4087.0 4108.0 4123.0 4165.0 4205.0 4215.0 4205.0 4192.0 4212.0 4296.0 4371.0 4404.0 4349.0 4309.0 4323.0 4302.0 4303.0 4316.0 4337.0 4311.0 4262.0 4262.0 4230.0 4233.0
3615.0 3611.0 3606.0 3598.0 3589.0 3578.0 3565.0 3554.0 3544.0 3534.0 3525.0 3514.0 3500.0 3480.0 3455.0 3438.0 3419.0 3427.0 3463.0 3488.0 3546.0 3609.0 3609.0 3511.0 3319.0 3281.0 3369.0 3394.0 3415.0 3560.0 3672.0 3704.0 3712.0 3692.0 3736.0 3756.0 3742.0 3845.0 3957.0 3961.0 3982.0 3976.0 3971.0 3967.0 3891.0 3822.0 3835.0 3873.0 3826.0 3839.0 3835.0 3825.0 3749.0 3679.0 3707.0 3757.0 3839.0 3943.0 3967.0 3951.0 3928.0 3923.0 4014.0 4129.0 4214.0 4295.0 4302.0 4227.0 4171.0 3978.0 3888.0 4136.0 4290.0 4283.0 4272.0
3559.0 3565.0 3571.0 3575.0 3578.0 3581.0 3583.0 3584.0 3584.0 3582.0 3579.0 3576.0 3573.0 3571.0 3571.0 3573.0 3578.0 3585.0 3595.0 3606.0 3613.0 3623.0 3634.0 3648.0 3651.0 3648.0 3647.0 3644.0 3639.0 3633.0 3629.0 3629.0 3635.0 3664.0 3686.0 3637.0 3534.0 3558.0 3622.0 3637.0 3654.0 3682.0 3728.0 3753.0 3729.0 3602.0 3527.0 3552.0 3674.0 3787.0 3873.0 3967.0 4019.0 4026.0 4025.0 4055.0 4033.0 3918.0 3831.0 3813.0 3795.0 3756.0 3742.0 3777.0 3844.0 3799.0 3698.0 3744.0 3881.0 3967.0 4068.0 4169.0 4183.0 4199.0 4204.0
3380.0 3392.0 3403.0 3415.0 3427.0 3441.0 3456.0 3470.0 3484.0 3499.0 3516.0 3532.0 3544.0 3550.0 3554.0 3559.0 3566.0 3578.0 3582.0 3589.0 3598.0 3599.0 3600.0 3600.0 3601.0 3599.0 3573.0 3559.0 3563.0 3584.0 3601.0 3606.0 3604.0 3605.0 3608.0 3610.0 3610.0 3606.0 3611.0 3612.0 3616.0 3607.0 3598.0 3555.0 3473.0 3427.0 3478.0 3535.0 3561.0 3568.0 3558.0 3562.0 3591.0 3507.0 3398.0 3446.0 3426.0 3440.0 3635.0 3701.0 3778.0 3978.0 4119.0 4160.0 4012.0 3899.0 3931.0 3947.0 3850.0 3644.0 3562.0 3782.0 3775.0 3646.0 3527.0
3059.0 3081.0 3043.0 2996.0 3068.0 3018.0 2983.0 2996.0 3031.0 3105.0 3144.0 3164.0 3169.0 3176.0 3209.0 3251.0 3287.0 3306.0 3342.0 3349.0 3366.0 3373.0 3382.0 3406.0 3433.0 3447.0 3449.0 3446.0 3446.0 3449.0 3440.0 3437.0 3442.0 3461.0 3477.0 3474.0 3458.0 3444.0 3447.0 3465.0 3491.0 3515.0 3534.0 3552.0 3567.0 3578.0 3581.0 3576.0 3565.0 3548.0 3529.0 3459.0 3352.0 3354.0 3474.0 3570.0 3567.0 3506.0 3418.0 3226.0 2988.0 3055.0 3201.0 3429.0 3664.0 3842.0 3971.0 4070.0 4082.0 3840.0 3595.0 3499.0 3550.0 3596.0 3662.0
2239.0 2210.0 2186.0 2177.0 2186.0 2237.0 2247.0 2242.0 2266.0 2313.0 2405.0 2479.0 2549.0 2625.0 2679.0 2764.0 2856.0 2930.0 2979.0 3008.0 3027.0 3041.0 3069.0 3100.0 3138.0 3147.0 3160.0 3177.0 3188.0 3190.0 3187.0 3205.0 3232.0 3257.0 3282.0 3304.0 3326.0 3348.0 3368.0 3381.0 3392.0 3411.0 3435.0 3461.0 3490.0 3520.0 3541.0 3554.0 3566.0 3578.0 3589.0 3596.0 3598.0 3598.0 3595.0 3586.0 3566.0 3544.0 3524.0 3504.0 3484.0 3469.0 3452.0 3440.0 3436.0 3449.0 3487.0 3627.0 3847.0 4052.0 4164.0 4150.0 4077.0 3832.0 3608.0
874.0 846.0 816.0 793.0 824.0 827.0 875.0 901.0 943.0 1027.0 1105.0 1182.0 1281.0 1423.0 1610.0 1752.0 1917.0 2015.0 2010.0 2134.0 2349.0 2292.0 2220.0 2277.0 2315.0 2347.0 2421.0 2545.0 2727.0 2866.0 2903.0 2897.0 2902.0 2943.0 2993.0 3043.0 3079.0 3103.0 3136.0 3169.0 3198.0 3232.0 3264.0 3293.0 3320.0 3354.0 3387.0 3415.0 3436.0 3459.0 3482.0 3508.0 3534.0 3550.0 3552.0 3550.0 3549.0 3548.0 3547.0 3546.0 3546.0 3547.0 3548.0 3551.0 3555.0 3547.0 3503.0 3383.0 3475.0 3824.0 3960.0 4066.0 4134.0 4134.0 3920.0
450.0 452.0 459.0 472.0 492.0 483.0 484.0 442.0 450.0 386.0 335.0 277.0 211.0 149.0 134.0 151.0 201.0 248.0 309.0 403.0 402.0 338.0 288.0 336.0 497.0 592.0 769.0 1001.0 1307.0 1488.0 1628.0 1755.0 1864.0 2036.0 2171.0 2330.0 2450.0 2548.0 2581.0 2618.0 2727.0 2897.0 3024.0 3100.0 3136.0 3180.0 3244.0 3303.0 3332.0 3355.0 3375.0 3394.0 3408.0 3420.0 3435.0 3452.0 3467.0 3481.0 3494.0 3506.0 3517.0 3527.0 3538.0 3547.0 3555.0 3559.0 3557.0 3543.0 3504.0 3410.0 3234.0 3330.0 3766.0 4292.0 4560.0
320.0 333.0 349.0 353.0 350.0 355.0 411.0 478.0 408.0 322.0 257.0 187.0 133.0 72.0 50.0 41.0 41.0 39.0 68.0 107.0 73.0 42.0 49.0 72.0 147.0 141.0 119.0 81.0 78.0 127.0 182.0 252.0 381.0 572.0 659.0 729.0 895.0 1140.0 1372.0 1664.0 1876.0 2005.0 2159.0 2279.0 2433.0 2611.0 2797.0 2971.0 3097.0 3186.0 3241.0 3323.0 3388.0 3404.0 3414.0 3425.0 3436.0 3445.0 3454.0 3462.0 3470.0 3476.0 3483.0 3489.0 3495.0 3500.0 3505.0 3506.0 3500.0 3482.0 3454.0 3421.0 3410.0 3595.0 3837.0
234.0 285.0 329.0 320.0 331.0 350.0 344.0 338.0 330.0 317.0 306.0 271.0 226.0 176.0 142.0 119.0 100.0 93.0 83.0 61.0 34.0 22.0 0.0 0.0 0.0 0.0 0.0 0.0 7.0 28.0 62.0 57.0 64.0 90.0 111.0 140.0 175.0 214.0 310.0 455.0 698.0 1045.0 1411.0 1639.0 1952.0 2311.0 2536.0 2679.0 2772.0 2845.0 2947.0 3013.0 3074.0 3126.0 3229.0 3313.0 3346.0 3371.0 3401.0 3414.0 3418.0 3421.0 3424.0 3425.0 3427.0 3430.0 3434.0 3437.0 3438.0 3439.0 3436.0 3431.0 3426.0 3419.0 3408.0
185.0 225.0 252.0 268.0 293.0 301.0 235.0 251.0 256.0 209.0 193.0 203.0 213.0 201.0 174.0 150.0 96.0 58.0 41.0 35.0 34.0 19.0 19.0 16.0 17.0 8.0 14.0 14.0 22.0 33.0 89.0 89.0 90.0 77.0 78.0 68.0 78.0 102.0 111.0 133.0 179.0 270.0 459.0 669.0 898.0 1115.0 1407.0 1674.0 1933.0 2162.0 2306.0 2423.0 2537.0 2645.0 2748.0 2857.0 2976.0 3116.0 3226.0 3291.0 3310.0 3310.0 3304.0 3304.0 3309.0 3314.0 3319.0 3324.0 3326.0 3323.0 3319.0 3314.0 3310.0 3308.0 3306.0
89.0 147.0 194.0 191.0 190.0 226.0 246.0 216.0 189.0 152.0 113.0 114.0 123.0 118.0 108.0 98.0 57.0 24.0 27.0 36.0 38.0 30.0 30.0 31.0 2.0 0.0 0.0 0.0 0.0 0.0 3.0 30.0 5.0 0.0 42.0 64.0 151.0 198.0 207.0 213.0 220.0 237.0 270.0 306.0 344.0 368.0 400.0 488.0 643.0 830.0 1050.0 1373.0 1684.0 1908.0 2096.0 2291.0 2550.0 2727.0 2852.0 2933.0 3004.0 3050.0 3093.0 3127.0 3142.0 3144.0 3134.0 3137.0 3153.0 3156.0 3159.0 3171.0 3184.0 3201.0 3213.0
93.0 136.0 189.0 198.0 174.0 121.0 130.0 159.0 211.0 248.0 258.0 242.0 195.0 145.0 129.0 117.0 109.0 98.0 88.0 71.0 60.0 54.0 50.0 38.0 24.0 20.0 13.0 10.0 5.0 0.0 0.0 0.0 0.0 27.0 33.0 139.0 243.0 157.0 94.0 78.0 48.0 46.0 53.0 59.0 85.0 137.0 188.0 223.0 277.0 323.0 344.0 373.0 510.0 841.0 1118.0 1421.0 1720.0 1954.0 2143.0 2295.0 2411.0 2525.0 2607.0 2636.0 2614.0 2627.0 2662.0 2694.0 2738.0 2776.0 2806.0 2850.0 2892.0 2934.0 2979.0
77.0 100.0 105.0 117.0 93.0 95.0 89.0 107.0 158.0 181.0 191.0 198.0 164.0 102.0 98.0 86.0 76.0 71.0 68.0 75.0 68.0 68.0 65.0 59.0 62.0 76.0 75.0 69.0 64.0 64.0 63.0 45.0 25.0 53.0 128.0 160.0 130.0 0.0 0.0 0.0 0.0 0.0 0.0 0.0 40.0 37.0 96.0 159.0 174.0 169.0 150.0 171.0 230.0 257.0 238.0 252.0 341.0 494.0 661.0 846.0 1064.0 1208.0 1360.0 1573.0 1722.0 1850.0 1945.0 2038.0 2154.0 2238.0 2311.0 2398.0 2488.0 2568.0 2635.0
54.0 95.0 73.0 58.0 53.0 62.0 78.0 116.0 114.0 103.0 124.0 116.0 106.0 80.0 70.0 53.0 45.0 45.0 44.0 36.0 32.0 30.0 32.0 46.0 49.0 56.0 67.0 84.0 124.0 149.0 122.0 131.0 153.0 117.0 96.0 25.0 44.0 68.0 84.0 93.0 112.0 126.0 132.0 136.0 142.0 137.0 149.0 98.0 41.0 43.0 32.0 42.0 63.0 78.0 91.0 109.0 149.0 211.0 285.0 321.0 336.0 349.0 361.0 406.0 498.0 632.0 848.0 1138.0 1413.0 1641.0 1817.0 1924.0 2007.0 2058.0 2135.0
96.0 100.0 85.0 77.0 75.0 84.0 89.0 92.0 77.0 84.0 67.0 51.0 47.0 45.0 45.0 37.0 33.0 24.0 19.0 31.0 41.0 57.0 68.0 75.0 76.0 74.0 62.0 64.0 79.0 89.0 95.0 117.0 110.0 85.0 83.0 90.0 117.0 114.0 107.0 112.0 111.0 140.0 162.0 169.0 160.0 150.0 160.0 127.0 139.0 150.0 169.0 194.0 219.0 226.0 232.0 239.0 234.0 224.0 203.0 163.0 141.0 155.0 104.0 100.0 112.0 167.0 234.0 301.0 483.0 691.0 936.0 1119.0 1231.0 1303.0 1313.0
43.0 49.0 44.0 41.0 45.0 51.0 58.0 71.0 75.0 64.0 51.0 33.0 17.0 11.0 13.0 14.0 17.0 30.0 41.0 50.0 58.0 61.0 64.0 68.0 66.0 55.0 71.0 74.0 70.0 81.0 89.0 105.0 101.0 88.0 79.0 62.0 55.0 49.0 45.0 27.0 0.0 0.0 0.0 0.0 1.0 3.0 1.0 9.0 13.0 17.0 32.0 42.0 49.0 50.0 49.0 48.0 43.0 41.0 43.0 48.0 53.0 55.0 57.0 59.0 61.0 60.0 57.0 57.0 65.0 81.0 107.0 162.0 175.0 201.0 180.0
46.0 36.0 44.0 45.0 36.0 39.0 45.0 38.0 29.0 31.0 49.0 34.0 20.0 22.0 31.0 31.0 46.0 36.0 30.0 31.0 36.0 49.0 40.0 33.0 27.0 19.0 22.0 29.0 48.0 44.0 23.0 29.0 29.0 32.0 30.0 20.0 13.0 5.0 0.0 0.0 0.0 0.0 0.0 0.0 0.0 0.0 0.0 0.0 3.0 7.0 9.0 12.0 19.0 22.0 21.0 20.0 19.0 19.0 18.0 22.0 22.0 26.0 36.0 45.0 50.0 53.0 53.0 48.0 45.0 45.0 47.0 51.0 58.0 64.0 67.0
47.0 47.0 40.0 47.0 46.0 41.0 42.0 43.0 44.0 46.0 43.0 42.0 45.0 46.0 38.0 32.0 31.0 40.0 35.0 32.0 37.0 36.0 41.0 41.0 27.0 23.0 35.0 25.0 25.0 39.0 42.0 22.0 9.0 2.0 2.0 0.0 0.0 0.0 0.0 0.0 0.0 0.0 0.0 0.0 0.0 0.0 0.0 0.0 0.0 0.0 0.0 0.0 0.0 0.0 0.0 0.0 0.0 0.0 0.0 0.0 3.0 4.0 12.0 25.0 39.0 41.0 43.0 48.0 48.0 43.0 39.0 40.0 46.0 53.0 58.0
37.0 42.0 45.0 44.0 43.0 41.0 46.0 41.0 29.0 31.0 19.0 19.0 25.0 31.0 33.0 37.0 37.0 33.0 31.0 21.0 13.0 0.0 0.0 0.0 0.0 0.0 4.0 0.0 9.0 0.0 0.0 0.0 0.0 0.0 0.0 0.0 0.0 0.0 0.0 0.0 0.0 0.0 0.0 0.0 0.0 0.0 0.0 0.0 0.0 0.0 0.0 0.0 0.0 0.0 0.0 0.0 0.0 0.0 0.0 0.0 1.0 1.0 5.0 17.0 37.0 41.0 37.0 26.0 25.0 26.0 28.0 29.0 36.0 41.0 48.0
35.0 48.0 45.0 32.0 31.0 39.0 34.0 33.0 31.0 32.0 28.0 24.0 16.0 5.0 4.0 0.0 0.0 0.0 0.0 0.0 0.0 0.0 0.0 0.0 0.0 0.0 0.0 0.0 0.0 0.0 0.0 0.0 0.0 0.0 0.0 0.0 0.0 0.0 0.0 0.0 0.0 0.0 0.0 0.0 0.0 0.0 0.0 0.0 0.0 0.0 0.0 0.0 0.0 0.0 0.0 0.0 0.0 0.0 0.0 0.0 6.0 16.0 22.0 33.0 40.0 38.0 26.0 19.0 19.0 20.0 23.0 27.0 27.0 28.0 31.0
34.0 44.0 43.0 36.0 27.0 20.0 13.0 10.0 8.0 7.0 0.0 0.0 0.0 0.0 0.0 0.0 0.0 0.0 0.0 0.0 0.0 0.0 0.0 0.0 0.0 0.0 0.0 0.0 0.0 0.0 0.0 0.0 0.0 0.0 0.0 0.0 0.0 0.0 0.0 0.0 0.0 0.0 0.0 0.0 0.0 0.0 0.0 0.0 0.0 0.0 0.0 0.0 0.0 0.0 0.0 0.0 3.0 11.0 16.0 16.0 16.0 20.0 27.0 31.0 29.0 23.0 17.0 14.0 13.0 15.0 17.0 17.0 15.0 16.0 26.0
23.0 22.0 24.0 19.0 16.0 11.0 5.0 4.0 2.0 0.0 0.0 0.0 0.0 0.0 0.0 0.0 0.0 0.0 0.0 0.0 0.0 0.0 0.0 0.0 0.0 0.0 0.0 0.0 0.0 0.0 0.0 0.0 0.0 0.0 0.0 0.0 0.0 0.0 0.0 0.0 0.0 0.0 0.0 0.0 0.0 0.0 0.0 0.0 0.0 0.0 0.0 0.0 4.0 12.0 19.0 14.0 12.0 9.0 7.0 6.0 13.0 9.0 18.0 27.0 23.0 15.0 11.0 7.0 9.0 10.0 11.0 11.0 14.0 17.0 23.0
24.0 23.0 23.0 23.0 19.0 13.0 7.0 2.0 1.0 1.0 0.0 0.0 0.0 0.0 0.0 0.0 0.0 0.0 0.0 0.0 0.0 0.0 0.0 0.0 0.0 0.0 0.0 0.0 0.0 0.0 0.0 0.0 0.0 0.0 0.0 0.0 0.0 0.0 0.0 0.0 0.0 0.0 0.0 0.0 0.0 0.0 0.0 0.0 0.0 3.0 7.0 7.0 12.0 12.0 8.0 4.0 2.0 1.0 3.0 5.0 4.0 6.0 9.0 13.0 11.0 12.0 10.0 11.0 10.0 8.0 7.0 8.0 8.0 9.0 13.0
0.0 0.0 0.0 0.0 0.0 0.0 0.0 0.0 0.0 0.0 0.0 0.0 0.0 0.0 0.0 0.0 0.0 0.0 0.0 0.0 0.0 0.0 0.0 0.0 0.0 0.0 0.0 0.0 0.0 0.0 0.0 0.0 0.0 0.0 0.0 0.0 0.0 0.0 0.0 0.0 0.0 0.0 0.0 0.0 0.0 0.0 1.0 4.0 5.0 8.0 7.0 7.0 6.0 3.0 3.0 0.0 0.0 0.0 0.0 0.0 0.0 3.0 2.0 0.0 0.0 0.0 0.0 0.0 0.0 0.0 0.0 1.0 2.0 3.0 6.0
