Environmental Parameters/Projection/Mean_depth.asc
ncols 720
nrows 360
xllcorner -180.00
yllcorner -90.00
cellsize 0.5
NODATA_value -9999
[rows 306 to 339 of 360, columns 300 to 374 of 720]
4812.0 4848.0 4811.0 4804.0 4781.0 4857.0 4794.0 4707.0 4642.0 4752.0 4850.0 4847.0 4947.0 4945.0 4953.0 4938.0 4898.0 4902.0 4854.0 4893.0 4938.0 4949.0 4965.0 4989.0 5044.0 5184.0 5132.0 5062.0 5047.0 5116.0 5116.0 5134.0 5144.0 5156.0 5137.0 5090.0 5063.0 5096.0 5181.0 5162.0 5154.0 5161.0 5161.0 5179.0 5201.0 5190.0 5182.0 5197.0 5232.0 5241.0 5249.0 5245.0 5235.0 5225.0 5214.0 5199.0 5195.0 5232.0 5270.0 5297.0 5260.0 5289.0 5277.0 5271.0 5153.0 5045.0 4992.0 4946.0 4908.0 4963.0 5071.0 5032.0 5153.0 5095.0 5151.0
4701.0 4700.0 4697.0 4856.0 4910.0 4923.0 4922.0 4936.0 4975.0 4989.0 4941.0 4829.0 4906.0 4891.0 4974.0 4974.0 4976.0 4889.0 4974.0 4968.0 4988.0 5005.0 5024.0 5024.0 5033.0 5045.0 5060.0 5097.0 5110.0 5105.0 5082.0 5076.0 5121.0 5144.0 5138.0 5131.0 5104.0 5085.0 5104.0 5139.0 5181.0 5217.0 5227.0 5223.0 5210.0 5191.0 5200.0 5207.0 5198.0 5198.0 5223.0 5255.0 5221.0 5188.0 5160.0 5137.0 5162.0 5181.0 5223.0 5183.0 5233.0 5140.0 4867.0 4328.0 3492.0 3443.0 3660.0 4068.0 4112.0 4019.0 4431.0 4491.0 4583.0 4681.0 4742.0
4831.0 4881.0 4935.0 4795.0 4837.0 4887.0 4938.0 4869.0 4938.0 4900.0 4941.0 4949.0 4951.0 4914.0 4962.0 4994.0 4999.0 4999.0 4988.0 4999.0 4977.0 4986.0 4989.0 5017.0 5025.0 5044.0 5061.0 5061.0 5061.0 5050.0 5064.0 5079.0 5084.0 5096.0 5104.0 5109.0 5117.0 5090.0 5086.0 5113.0 5131.0 5154.0 5177.0 5186.0 5201.0 5178.0 5174.0 5179.0 5183.0 5194.0 5194.0 5168.0 5153.0 5124.0 5106.0 5084.0 5137.0 5152.0 5162.0 5071.0 4742.0 4216.0 3549.0 2903.0 2408.0 2341.0 2437.0 2626.0 2854.0 3030.0 3521.0 4037.0 4483.0 4678.0 4737.0
4929.0 4906.0 4910.0 4913.0 4906.0 4905.0 4923.0 4939.0 4933.0 4922.0 4938.0 4957.0 4959.0 4984.0 5004.0 5019.0 5017.0 4992.0 4970.0 4980.0 4976.0 4968.0 4980.0 5008.0 5045.0 5056.0 5051.0 5066.0 5090.0 5085.0 5069.0 5051.0 5055.0 5069.0 5080.0 5083.0 5074.0 5052.0 5054.0 5061.0 5081.0 5092.0 5086.0 5095.0 5091.0 5098.0 5129.0 5130.0 5127.0 5120.0 5114.0 5126.0 5106.0 5063.0 5052.0 5046.0 5087.0 5098.0 4945.0 4588.0 3889.0 3220.0 2780.0 2434.0 2267.0 2102.0 2234.0 2507.0 2740.0 2876.0 3201.0 3221.0 3330.0 4042.0 4568.0
4888.0 4892.0 4893.0 4896.0 4898.0 4910.0 4914.0 4924.0 4925.0 4928.0 4934.0 4954.0 4968.0 4961.0 4990.0 5024.0 5021.0 5007.0 4974.0 4966.0 4976.0 4991.0 4996.0 5023.0 5074.0 5089.0 5077.0 5065.0 5065.0 5069.0 5095.0 5093.0 5073.0 5084.0 5093.0 5099.0 5083.0 5049.0 5023.0 5016.0 4995.0 5016.0 5018.0 5015.0 5016.0 5020.0 5024.0 5046.0 5044.0 5041.0 5054.0 5020.0 5001.0 4978.0 4972.0 4975.0 4999.0 4928.0 4471.0 4040.0 3541.0 3114.0 2966.0 2762.0 2488.0 2050.0 2522.0 2911.0 3350.0 3532.0 3882.0 4133.0 4369.0 4547.0 4617.0
4869.0 4873.0 4866.0 4876.0 4877.0 4888.0 4897.0 4904.0 4905.0 4912.0 4908.0 4920.0 4938.0 4962.0 4968.0 4968.0 4975.0 4962.0 4953.0 4951.0 4959.0 4974.0 4988.0 5012.0 5052.0 5074.0 5082.0 5070.0 5038.0 5028.0 5032.0 5039.0 5059.0 5073.0 5066.0 5052.0 5035.0 5018.0 5008.0 5001.0 4994.0 4981.0 4992.0 5002.0 4981.0 4945.0 4915.0 4933.0 4931.0 4937.0 4935.0 4893.0 4882.0 4852.0 4817.0 4834.0 4958.0 4817.0 4409.0 3923.0 3497.0 3197.0 2976.0 2890.0 2892.0 3117.0 3433.0 3709.0 3756.0 3833.0 4129.0 4243.0 4299.0 4332.0 4316.0
4785.0 4807.0 4827.0 4834.0 4846.0 4855.0 4863.0 4870.0 4878.0 4884.0 4889.0 4878.0 4888.0 4910.0 4926.0 4931.0 4927.0 4924.0 4934.0 4942.0 4959.0 4967.0 4975.0 4993.0 5008.0 5013.0 5007.0 4992.0 4969.0 4990.0 4999.0 4999.0 5009.0 5024.0 5023.0 4993.0 4971.0 4945.0 5000.0 5017.0 4991.0 4974.0 4939.0 4968.0 4937.0 4886.0 4891.0 4882.0 4874.0 4828.0 4806.0 4768.0 4698.0 4610.0 4602.0 4784.0 4846.0 4660.0 4329.0 4030.0 3724.0 3385.0 3502.0 3638.0 3552.0 3519.0 3552.0 3612.0 3728.0 3997.0 4108.0 4139.0 4134.0 4247.0 4273.0
4724.0 4758.0 4776.0 4782.0 4798.0 4809.0 4814.0 4813.0 4825.0 4848.0 4865.0 4882.0 4863.0 4881.0 4900.0 4897.0 4909.0 4921.0 4926.0 4942.0 4951.0 4952.0 4955.0 4954.0 4957.0 4961.0 4956.0 4954.0 4966.0 4969.0 4957.0 4966.0 4971.0 4986.0 4997.0 4978.0 4942.0 4953.0 4938.0 4929.0 4930.0 4952.0 4990.0 4943.0 4903.0 4893.0 4875.0 4886.0 4879.0 4824.0 4783.0 4713.0 4679.0 4535.0 4465.0 4647.0 4741.0 4693.0 4663.0 4646.0 4422.0 4185.0 4394.0 4300.0 4164.0 3863.0 3527.0 3666.0 3894.0 4090.0 4142.0 4208.0 4226.0 4252.0 4285.0
4659.0 4686.0 4711.0 4735.0 4758.0 4765.0 4759.0 4765.0 4777.0 4801.0 4827.0 4849.0 4849.0 4874.0 4886.0 4887.0 4882.0 4894.0 4915.0 4917.0 4907.0 4898.0 4901.0 4898.0 4909.0 4928.0 4929.0 4939.0 4926.0 4912.0 4895.0 4891.0 4910.0 4934.0 4959.0 4888.0 4906.0 4940.0 4871.0 4788.0 4829.0 4747.0 4888.0 4862.0 4868.0 4850.0 4853.0 4855.0 4830.0 4810.0 4754.0 4699.0 4605.0 4471.0 4340.0 4470.0 4594.0 4610.0 4660.0 4663.0 4624.0 4579.0 4561.0 4434.0 4015.0 3773.0 3954.0 3291.0 3660.0 4151.0 4239.0 4281.0 4263.0 4242.0 4244.0
4608.0 4645.0 4665.0 4684.0 4703.0 4721.0 4739.0 4771.0 4773.0 4780.0 4800.0 4824.0 4827.0 4836.0 4868.0 4871.0 4870.0 4883.0 4894.0 4890.0 4882.0 4887.0 4881.0 4873.0 4874.0 4874.0 4866.0 4873.0 4880.0 4881.0 4876.0 4876.0 4875.0 4889.0 4908.0 4928.0 4885.0 4891.0 4792.0 4890.0 4857.0 4810.0 4737.0 4789.0 4769.0 4794.0 4762.0 4753.0 4734.0 4671.0 4586.0 4476.0 4385.0 4296.0 4156.0 4285.0 4470.0 4512.0 4522.0 4575.0 4472.0 4478.0 4506.0 4386.0 4253.0 4437.0 4337.0 4122.0 4280.0 4274.0 4371.0 4338.0 4225.0 4186.0 4168.0
4620.0 4640.0 4656.0 4673.0 4696.0 4709.0 4726.0 4740.0 4770.0 4771.0 4782.0 4787.0 4805.0 4817.0 4823.0 4836.0 4858.0 4861.0 4854.0 4858.0 4842.0 4823.0 4814.0 4829.0 4831.0 4849.0 4841.0 4810.0 4821.0 4855.0 4869.0 4867.0 4871.0 4882.0 4885.0 4895.0 4897.0 4890.0 4773.0 4655.0 4488.0 4268.0 4117.0 4326.0 4187.0 4013.0 3978.0 4265.0 4396.0 4375.0 4155.0 3937.0 3974.0 3975.0 4047.0 4190.0 4254.0 4337.0 4352.0 4380.0 4344.0 4383.0 4412.0 4414.0 4418.0 4193.0 3968.0 3866.0 3640.0 3542.0 3634.0 3688.0 3752.0 3854.0 3770.0
4613.0 4617.0 4636.0 4654.0 4682.0 4688.0 4701.0 4711.0 4736.0 4744.0 4744.0 4753.0 4765.0 4772.0 4764.0 4759.0 4784.0 4798.0 4781.0 4786.0 4788.0 4777.0 4765.0 4780.0 4790.0 4794.0 4794.0 4790.0 4805.0 4796.0 4795.0 4801.0 4800.0 4818.0 4829.0 4812.0 4760.0 4704.0 4566.0 4414.0 4304.0 4173.0 4020.0 3873.0 3547.0 3178.0 2919.0 2775.0 2616.0 2790.0 3235.0 3215.0 3706.0 3891.0 3819.0 3658.0 3628.0 3551.0 3764.0 3676.0 3821.0 3986.0 4118.0 4019.0 3930.0 3912.0 3637.0 3368.0 3205.0 3082.0 2937.0 2914.0 2886.0 2994.0 3111.0
4574.0 4592.0 4597.0 4625.0 4651.0 4662.0 4670.0 4680.0 4665.0 4661.0 4666.0 4679.0 4684.0 4698.0 4685.0 4677.0 4684.0 4690.0 4704.0 4700.0 4700.0 4694.0 4709.0 4718.0 4716.0 4744.0 4725.0 4745.0 4772.0 4809.0 4821.0 4789.0 4767.0 4717.0 4700.0 4701.0 4479.0 4207.0 4007.0 3994.0 3791.0 3593.0 3474.0 3581.0 3245.0 3238.0 2940.0 2630.0 2150.0 2124.0 2483.0 2922.0 3049.0 3307.0 3324.0 3145.0 2898.0 2652.0 2474.0 2257.0 2183.0 2370.0 2888.0 2889.0 2918.0 2915.0 2837.0 2718.0 2682.0 2407.0 2215.0 2102.0 1799.0 2042.0 2145.0
4520.0 4551.0 4570.0 4587.0 4600.0 4610.0 4609.0 4602.0 4580.0 4568.0 4561.0 4557.0 4558.0 4550.0 4535.0 4561.0 4570.0 4577.0 4572.0 4584.0 4592.0 4624.0 4654.0 4676.0 4662.0 4686.0 4694.0 4660.0 4761.0 4816.0 4879.0 4825.0 4680.0 4525.0 4382.0 4208.0 3906.0 3630.0 3294.0 2791.0 2223.0 2198.0 2834.0 2319.0 2360.0 2307.0 2451.0 2523.0 2306.0 2189.0 2320.0 2427.0 2657.0 2742.0 2678.0 2581.0 2227.0 1466.0 1187.0 872.0 527.0 768.0 1069.0 1218.0 1294.0 1243.0 1281.0 1411.0 1554.0 1447.0 1205.0 992.0 887.0 707.0 681.0
4479.0 4496.0 4524.0 4539.0 4541.0 4534.0 4517.0 4492.0 4465.0 4430.0 4402.0 4396.0 4399.0 4404.0 4426.0 4464.0 4491.0 4507.0 4509.0 4500.0 4540.0 4539.0 4563.0 4579.0 4616.0 4617.0 4648.0 4676.0 4670.0 4669.0 4621.0 4408.0 3954.0 3484.0 2987.0 2605.0 2251.0 2008.0 2077.0 1986.0 1643.0 1165.0 1150.0 1242.0 1216.0 840.0 1080.0 891.0 745.0 580.0 496.0 484.0 518.0 589.0 537.0 188.0 94.0 152.0 307.0 243.0 65.0 15.0 5.0 23.0 17.0 25.0 25.0 24.0 62.0 56.0 15.0 4.0 5.0 28.0 30.0
4392.0 4401.0 4405.0 4415.0 4426.0 4410.0 4373.0 4321.0 4284.0 4289.0 4317.0 4341.0 4373.0 4390.0 4386.0 4388.0 4383.0 4388.0 4374.0 4397.0 4446.0 4487.0 4470.0 4532.0 4571.0 4511.0 4372.0 4052.0 3853.0 3520.0 3044.0 2793.0 2544.0 2309.0 2134.0 1895.0 1599.0 1176.0 789.0 430.0 278.0 100.0 49.0 96.0 123.0 206.0 342.0 43.0 32.0 116.0 161.0 108.0 34.0 3.0 7.0 28.0 41.0 72.0 103.0 115.0 117.0 77.0 48.0 66.0 25.0 10.0 7.0 8.0 4.0 3.0 2.0 1.0 2.0 1.0 0.0
4204.0 4177.0 4154.0 4125.0 4137.0 4182.0 4151.0 4114.0 4147.0 4166.0 4034.0 4203.0 4247.0 4255.0 4247.0 4281.0 4302.0 4332.0 4375.0 4409.0 4402.0 4367.0 4332.0 4206.0 3797.0 3277.0 2951.0 2649.0 2419.0 2335.0 2114.0 1557.0 1125.0 684.0 531.0 427.0 226.0 293.0 359.0 177.0 26.0 33.0 72.0 106.0 43.0 0.0 0.0 63.0 41.0 120.0 179.0 138.0 43.0 5.0 3.0 17.0 28.0 32.0 52.0 62.0 47.0 13.0 15.0 6.0 0.0 0.0 0.0 0.0 0.0 0.0 0.0 0.0 0.0 0.0 0.0
3907.0 4008.0 4067.0 4098.0 4104.0 4044.0 3954.0 3939.0 4010.0 4070.0 4048.0 4032.0 4094.0 4125.0 4221.0 4258.0 4247.0 4215.0 4202.0 4207.0 4208.0 4114.0 3865.0 3506.0 3083.0 2640.0 2142.0 1704.0 1185.0 753.0 321.0 341.0 372.0 271.0 237.0 279.0 199.0 122.0 72.0 0.0 0.0 0.0 62.0 29.0 12.0 0.0 0.0 0.0 0.0 0.0 0.0 0.0 0.0 0.0 0.0 0.0 0.0 0.0 17.0 21.0 0.0 0.0 0.0 0.0 0.0 0.0 0.0 0.0 0.0 0.0 0.0 0.0 0.0 0.0 0.0
3941.0 3916.0 3974.0 4029.0 3975.0 3856.0 3716.0 3711.0 3877.0 3934.0 3943.0 4014.0 4054.0 3971.0 3994.0 3939.0 3987.0 3820.0 3741.0 3680.0 3433.0 2886.0 2378.0 1858.0 1399.0 1012.0 424.0 189.0 263.0 156.0 117.0 265.0 263.0 216.0 194.0 116.0 33.0 9.0 0.0 0.0 0.0 0.0 0.0 0.0 0.0 0.0 0.0 0.0 0.0 0.0 0.0 0.0 0.0 0.0 0.0 0.0 0.0 0.0 0.0 0.0 0.0 0.0 0.0 0.0 0.0 0.0 0.0 0.0 0.0 0.0 0.0 0.0 0.0 0.0 0.0
3768.0 3750.0 3806.0 3766.0 3662.0 3548.0 3557.0 3756.0 3783.0 3743.0 3611.0 3707.0 3510.0 3535.0 3387.0 3118.0 2917.0 2739.0 1970.0 1486.0 1628.0 1402.0 1443.0 1017.0 131.0 21.0 10.0 10.0 36.0 20.0 15.0 41.0 63.0 58.0 49.0 29.0 0.0 0.0 0.0 0.0 0.0 0.0 0.0 0.0 0.0 0.0 0.0 0.0 0.0 0.0 0.0 0.0 0.0 0.0 0.0 0.0 0.0 0.0 0.0 0.0 0.0 0.0 0.0 0.0 0.0 0.0 0.0 0.0 0.0 0.0 0.0 0.0 0.0 0.0 0.0
3394.0 3345.0 3288.0 3216.0 3223.0 3429.0 3519.0 3384.0 3144.0 2837.0 2673.0 2445.0 2244.0 1843.0 1267.0 920.0 650.0 414.0 410.0 556.0 516.0 133.0 157.0 156.0 25.0 17.0 16.0 10.0 8.0 9.0 9.0 10.0 0.0 0.0 0.0 0.0 0.0 0.0 0.0 0.0 0.0 0.0 0.0 0.0 0.0 0.0 0.0 0.0 0.0 0.0 0.0 0.0 0.0 0.0 0.0 0.0 0.0 0.0 0.0 0.0 0.0 0.0 0.0 0.0 0.0 0.0 0.0 0.0 0.0 0.0 0.0 0.0 0.0 0.0 0.0
2738.0 2820.0 2900.0 3016.0 3054.0 2761.0 2289.0 1860.0 1412.0 960.0 643.0 432.0 333.0 272.0 257.0 280.0 337.0 224.0 166.0 152.0 112.0 93.0 78.0 62.0 46.0 27.0 8.0 3.0 1.0 1.0 8.0 9.0 0.0 0.0 0.0 0.0 0.0 0.0 0.0 0.0 0.0 0.0 0.0 0.0 0.0 0.0 0.0 0.0 0.0 0.0 0.0 0.0 0.0 0.0 0.0 0.0 0.0 0.0 0.0 0.0 0.0 0.0 0.0 0.0 0.0 0.0 0.0 0.0 0.0 0.0 0.0 0.0 0.0 0.0 0.0
2374.0 2250.0 2026.0 1751.0 1223.0 736.0 563.0 471.0 429.0 435.0 468.0 486.0 482.0 348.0 344.0 306.0 167.0 92.0 45.0 61.0 146.0 130.0 109.0 90.0 72.0 50.0 14.0 1.0 1.0 1.0 1.0 0.0 0.0 0.0 0.0 0.0 0.0 0.0 0.0 0.0 0.0 0.0 0.0 0.0 0.0 0.0 0.0 0.0 0.0 0.0 0.0 0.0 0.0 0.0 0.0 0.0 0.0 0.0 0.0 0.0 0.0 0.0 0.0 0.0 0.0 0.0 0.0 0.0 0.0 0.0 0.0 0.0 0.0 0.0 0.0
563.0 425.0 456.0 592.0 690.0 743.0 513.0 418.0 446.0 534.0 640.0 616.0 603.0 463.0 364.0 328.0 247.0 169.0 108.0 62.0 153.0 133.0 114.0 94.0 89.0 0.0 0.0 0.0 0.0 0.0 0.0 0.0 0.0 0.0 0.0 0.0 0.0 0.0 0.0 0.0 0.0 0.0 0.0 0.0 0.0 0.0 0.0 0.0 0.0 0.0 0.0 0.0 0.0 0.0 0.0 0.0 0.0 0.0 0.0 0.0 0.0 0.0 0.0 0.0 0.0 0.0 0.0 0.0 0.0 0.0 0.0 0.0 0.0 0.0 0.0
368.0 437.0 451.0 477.0 402.0 362.0 377.0 397.0 490.0 558.0 594.0 528.0 406.0 309.0 244.0 175.0 136.0 101.0 95.0 88.0 107.0 90.0 84.0 0.0 0.0 0.0 0.0 0.0 0.0 0.0 0.0 0.0 0.0 0.0 0.0 0.0 0.0 0.0 0.0 0.0 0.0 0.0 0.0 0.0 0.0 0.0 0.0 0.0 0.0 0.0 0.0 0.0 0.0 0.0 0.0 0.0 0.0 0.0 0.0 0.0 0.0 0.0 0.0 0.0 0.0 0.0 0.0 0.0 0.0 0.0 0.0 0.0 0.0 0.0 0.0
390.0 400.0 401.0 398.0 317.0 318.0 310.0 336.0 427.0 482.0 368.0 245.0 139.0 61.0 14.0 9.0 10.0 10.0 15.0 0.0 0.0 0.0 0.0 0.0 0.0 0.0 0.0 0.0 0.0 0.0 0.0 0.0 0.0 0.0 0.0 0.0 0.0 0.0 0.0 0.0 0.0 0.0 0.0 0.0 0.0 0.0 0.0 0.0 0.0 0.0 0.0 0.0 0.0 0.0 0.0 0.0 0.0 0.0 0.0 0.0 0.0 0.0 0.0 0.0 0.0 0.0 0.0 0.0 0.0 0.0 0.0 0.0 0.0 0.0 0.0
307.0 282.0 317.0 373.0 342.0 303.0 224.0 0.0 0.0 0.0 0.0 0.0 0.0 0.0 0.0 0.0 0.0 0.0 0.0 0.0 0.0 0.0 0.0 0.0 0.0 0.0 0.0 0.0 0.0 0.0 0.0 0.0 0.0 0.0 0.0 0.0 0.0 0.0 0.0 0.0 0.0 0.0 0.0 0.0 0.0 0.0 0.0 0.0 0.0 0.0 0.0 0.0 0.0 0.0 0.0 0.0 0.0 0.0 0.0 0.0 0.0 0.0 0.0 0.0 0.0 0.0 0.0 0.0 0.0 0.0 0.0 0.0 0.0 0.0 0.0
144.0 0.0 0.0 0.0 0.0 0.0 0.0 0.0 0.0 0.0 0.0 0.0 0.0 0.0 0.0 0.0 0.0 0.0 0.0 0.0 0.0 0.0 0.0 0.0 0.0 0.0 0.0 0.0 0.0 0.0 0.0 0.0 0.0 0.0 0.0 0.0 0.0 0.0 0.0 0.0 0.0 0.0 0.0 0.0 0.0 0.0 0.0 0.0 0.0 0.0 0.0 0.0 0.0 0.0 0.0 0.0 0.0 0.0 0.0 0.0 0.0 0.0 0.0 0.0 0.0 0.0 0.0 0.0 0.0 0.0 0.0 0.0 0.0 0.0 0.0
0.0 0.0 0.0 0.0 0.0 0.0 0.0 0.0 0.0 0.0 0.0 0.0 0.0 0.0 0.0 0.0 0.0 0.0 0.0 0.0 0.0 0.0 0.0 0.0 0.0 0.0 0.0 0.0 0.0 0.0 0.0 0.0 0.0 0.0 0.0 0.0 0.0 0.0 0.0 0.0 0.0 0.0 0.0 0.0 0.0 0.0 0.0 0.0 0.0 0.0 0.0 0.0 0.0 0.0 0.0 0.0 0.0 0.0 0.0 0.0 0.0 0.0 0.0 0.0 0.0 0.0 0.0 0.0 0.0 0.0 0.0 0.0 0.0 0.0 0.0
0.0 0.0 0.0 0.0 0.0 0.0 0.0 0.0 0.0 0.0 0.0 0.0 0.0 0.0 0.0 0.0 0.0 0.0 0.0 0.0 0.0 0.0 0.0 0.0 0.0 0.0 0.0 0.0 0.0 0.0 0.0 0.0 0.0 0.0 0.0 0.0 0.0 0.0 0.0 0.0 0.0 0.0 0.0 0.0 0.0 0.0 0.0 0.0 0.0 0.0 0.0 0.0 0.0 0.0 0.0 0.0 0.0 0.0 0.0 0.0 0.0 0.0 0.0 0.0 0.0 0.0 0.0 0.0 0.0 0.0 0.0 0.0 0.0 0.0 0.0
0.0 0.0 0.0 0.0 0.0 0.0 0.0 0.0 0.0 0.0 0.0 0.0 0.0 0.0 0.0 0.0 0.0 0.0 0.0 0.0 0.0 0.0 0.0 0.0 0.0 0.0 0.0 0.0 0.0 0.0 0.0 0.0 0.0 0.0 0.0 0.0 0.0 0.0 0.0 0.0 0.0 0.0 0.0 0.0 0.0 0.0 0.0 0.0 0.0 0.0 0.0 0.0 0.0 0.0 0.0 0.0 0.0 0.0 0.0 0.0 0.0 0.0 0.0 0.0 0.0 0.0 0.0 0.0 0.0 0.0 0.0 0.0 0.0 0.0 0.0
0.0 0.0 0.0 0.0 0.0 0.0 0.0 0.0 0.0 0.0 0.0 0.0 0.0 0.0 0.0 0.0 0.0 0.0 0.0 0.0 0.0 0.0 0.0 0.0 0.0 0.0 0.0 0.0 0.0 0.0 0.0 0.0 0.0 0.0 0.0 0.0 0.0 0.0 0.0 0.0 0.0 0.0 0.0 0.0 0.0 0.0 0.0 0.0 0.0 0.0 0.0 0.0 0.0 0.0 0.0 0.0 0.0 0.0 0.0 0.0 0.0 0.0 0.0 0.0 0.0 0.0 0.0 0.0 0.0 0.0 0.0 0.0 0.0 0.0 0.0
0.0 0.0 0.0 0.0 0.0 0.0 0.0 0.0 0.0 0.0 0.0 0.0 0.0 0.0 0.0 0.0 0.0 0.0 0.0 0.0 0.0 0.0 0.0 0.0 0.0 0.0 0.0 0.0 0.0 0.0 0.0 0.0 0.0 0.0 0.0 0.0 0.0 0.0 0.0 0.0 0.0 0.0 0.0 0.0 0.0 0.0 0.0 0.0 0.0 0.0 0.0 0.0 0.0 0.0 0.0 0.0 0.0 0.0 0.0 0.0 0.0 0.0 0.0 0.0 0.0 0.0 0.0 0.0 0.0 0.0 0.0 0.0 0.0 0.0 0.0
1.0 1.0 0.0 0.0 0.0 0.0 0.0 0.0 0.0 0.0 0.0 0.0 0.0 0.0 0.0 0.0 0.0 0.0 0.0 0.0 0.0 0.0 0.0 0.0 0.0 0.0 0.0 0.0 0.0 0.0 0.0 0.0 0.0 0.0 0.0 0.0 0.0 0.0 0.0 0.0 0.0 0.0 0.0 0.0 0.0 0.0 0.0 0.0 0.0 0.0 0.0 0.0 0.0 0.0 0.0 0.0 0.0 0.0 0.0 0.0 0.0 0.0 0.0 0.0 0.0 0.0 0.0 0.0 0.0 0.0 0.0 0.0 0.0 0.0 0.0
