Environmental Parameters/Projection/Mean_depth.asc
ncols 720
nrows 360
xllcorner -180.00
yllcorner -90.00
cellsize 0.5
NODATA_value -9999
[rows 102 to 135 of 360, columns 300 to 374 of 720]
1596.0 1778.0 1120.0 983.0 1246.0 910.0 1024.0 1901.0 2456.0 3002.0 3295.0 3647.0 3714.0 3875.0 4094.0 4130.0 4276.0 4825.0 4788.0 4448.0 4635.0 4998.0 5306.0 5313.0 4982.0 5300.0 5239.0 5353.0 5334.0 5000.0 4998.0 5292.0 4425.0 3661.0 4213.0 4694.0 4569.0 4212.0 3867.0 2861.0 659.0 71.0 4.0 0.0 0.0 0.0 0.0 0.0 0.0 0.0 0.0 0.0 0.0 0.0 0.0 0.0 0.0 0.0 0.0 26.0 129.0 670.0 164.0 380.0 927.0 1643.0 2539.0 2462.0 2288.0 2608.0 2807.0 2849.0 2855.0 2857.0 2870.0
1906.0 1120.0 942.0 1409.0 1428.0 1486.0 1513.0 2110.0 2177.0 2599.0 3099.0 3605.0 3651.0 3792.0 3946.0 4227.0 4348.0 4451.0 4699.0 4737.0 4915.0 5072.0 4919.0 4692.0 5171.0 5482.0 5287.0 5209.0 5228.0 5318.0 5436.0 5062.0 4064.0 4221.0 4710.0 4921.0 5020.0 5027.0 4934.0 4554.0 2801.0 911.0 87.0 0.0 0.0 0.0 0.0 0.0 0.0 0.0 0.0 0.0 0.0 0.0 0.0 0.0 0.0 0.0 50.0 224.0 439.0 1122.0 1443.0 1562.0 2073.0 2768.0 2771.0 2755.0 2746.0 2779.0 2844.0 2873.0 2875.0 2874.0 2858.0
1349.0 1023.0 1245.0 2110.0 2086.0 2172.0 2082.0 2005.0 997.0 1024.0 2155.0 2586.0 3374.0 3847.0 4316.0 4492.0 4247.0 4325.0 4244.0 4426.0 4848.0 5163.0 4836.0 4308.0 4711.0 4890.0 4811.0 4655.0 4718.0 4760.0 4515.0 3954.0 4000.0 4259.0 4892.0 5091.0 5111.0 5081.0 4887.0 3388.0 2178.0 668.0 108.0 0.0 0.0 0.0 0.0 0.0 0.0 0.0 0.0 0.0 0.0 0.0 0.0 0.0 0.0 80.0 91.0 604.0 1635.0 2577.0 2704.0 2733.0 2814.0 2822.0 2810.0 2817.0 2807.0 2816.0 2820.0 2834.0 2826.0 2842.0 2844.0
2317.0 2162.0 2526.0 2538.0 2337.0 2311.0 2527.0 2347.0 1891.0 1774.0 1586.0 2638.0 3335.0 3607.0 4158.0 4187.0 3883.0 3958.0 3859.0 4161.0 4586.0 4785.0 4363.0 4756.0 4909.0 4721.0 4447.0 4546.0 4626.0 3733.0 2819.0 2240.0 3064.0 4275.0 4985.0 5117.0 5122.0 4933.0 3997.0 3755.0 2895.0 884.0 68.0 15.0 16.0 43.0 14.0 0.0 0.0 0.0 0.0 0.0 0.0 0.0 0.0 0.0 536.0 1726.0 2341.0 2606.0 2718.0 2737.0 2768.0 2782.0 2781.0 2756.0 2659.0 2462.0 2397.0 2436.0 2586.0 2555.0 2247.0 1848.0 1744.0
3236.0 3397.0 3242.0 3137.0 3248.0 3216.0 3082.0 3176.0 2866.0 2670.0 3020.0 3749.0 4113.0 4138.0 4345.0 4216.0 4112.0 4427.0 4664.0 4610.0 4915.0 5165.0 5351.0 5367.0 5351.0 4974.0 4656.0 4499.0 3752.0 2995.0 2155.0 1673.0 3092.0 3604.0 4066.0 4486.0 3810.0 2055.0 2811.0 3791.0 2970.0 1585.0 809.0 704.0 582.0 458.0 142.0 17.0 0.0 0.0 13.0 234.0 473.0 589.0 290.0 353.0 995.0 2336.0 2665.0 2684.0 2649.0 2359.0 2042.0 2002.0 1356.0 633.0 1064.0 591.0 370.0 461.0 981.0 683.0 240.0 12.0 22.0
3226.0 3352.0 3443.0 3284.0 3309.0 3332.0 3571.0 3778.0 3871.0 3746.0 3625.0 3834.0 4209.0 4287.0 4382.0 4775.0 4569.0 4705.0 4920.0 5218.0 5404.0 5437.0 5481.0 5466.0 5348.0 5091.0 4587.0 4226.0 3784.0 2494.0 2488.0 3596.0 4517.0 4358.0 3745.0 3975.0 3017.0 3791.0 4806.0 4797.0 4154.0 3676.0 2878.0 1761.0 1075.0 825.0 525.0 80.0 142.0 395.0 693.0 976.0 890.0 959.0 1239.0 1607.0 1929.0 2486.0 2608.0 2131.0 1141.0 610.0 0.0 0.0 0.0 0.0 0.0 0.0 0.0 0.0 0.0 0.0 0.0 0.0 0.0
3346.0 3283.0 3370.0 3447.0 3394.0 3677.0 3694.0 3948.0 4038.0 4055.0 4155.0 4457.0 4519.0 4459.0 4523.0 4799.0 5005.0 5095.0 5225.0 5264.0 5371.0 5419.0 5308.0 5188.0 4905.0 4449.0 4014.0 3409.0 3053.0 2851.0 3496.0 4413.0 4822.0 4860.0 4839.0 4737.0 4819.0 4865.0 4762.0 4485.0 4342.0 3876.0 3041.0 2149.0 1524.0 1178.0 782.0 259.0 237.0 257.0 725.0 1242.0 1050.0 898.0 609.0 748.0 1035.0 956.0 1162.0 180.0 20.0 0.0 0.0 0.0 0.0 0.0 0.0 0.0 0.0 0.0 0.0 0.0 0.0 0.0 0.0
3159.0 3263.0 3487.0 3288.0 3153.0 3650.0 4099.0 4076.0 4359.0 4473.0 4525.0 4748.0 4797.0 4814.0 4895.0 4889.0 4984.0 5125.0 5213.0 5247.0 5175.0 5121.0 4968.0 4704.0 4468.0 3965.0 3205.0 2732.0 2439.0 2508.0 3084.0 4142.0 4473.0 3743.0 3167.0 3519.0 3379.0 3640.0 4379.0 4215.0 3928.0 3685.0 3092.0 2460.0 1780.0 1172.0 629.0 115.0 0.0 25.0 255.0 270.0 226.0 207.0 110.0 216.0 212.0 67.0 0.0 0.0 0.0 0.0 0.0 0.0 0.0 0.0 0.0 0.0 0.0 0.0 0.0 0.0 0.0 0.0 0.0
3446.0 3557.0 3399.0 2896.0 2817.0 3690.0 4132.0 4516.0 4708.0 4845.0 4930.0 5045.0 4963.0 5024.0 5064.0 5092.0 5133.0 5185.0 5127.0 5152.0 5171.0 5089.0 4986.0 4709.0 4318.0 3612.0 2429.0 2941.0 3262.0 3566.0 3167.0 2837.0 4019.0 3862.0 4241.0 3863.0 3782.0 4303.0 4403.0 4132.0 4254.0 4108.0 3600.0 2979.0 2234.0 1468.0 357.0 54.0 0.0 0.0 0.0 0.0 0.0 0.0 0.0 0.0 0.0 0.0 0.0 0.0 0.0 0.0 0.0 0.0 0.0 0.0 0.0 0.0 0.0 0.0 0.0 0.0 0.0 0.0 0.0
3021.0 3437.0 3418.0 2982.0 3950.0 4109.0 4342.0 4598.0 4848.0 5232.0 5223.0 5155.0 5129.0 5214.0 5257.0 5296.0 5266.0 5239.0 5178.0 5186.0 5170.0 4901.0 4855.0 4735.0 4407.0 4052.0 3896.0 4065.0 3972.0 3986.0 3978.0 4077.0 4196.0 4424.0 4450.0 4461.0 4473.0 4450.0 4411.0 4310.0 4308.0 4072.0 3372.0 2091.0 951.0 507.0 196.0 0.0 0.0 0.0 0.0 0.0 0.0 0.0 0.0 0.0 0.0 0.0 0.0 0.0 0.0 0.0 0.0 0.0 0.0 0.0 0.0 0.0 0.0 0.0 0.0 0.0 0.0 0.0 0.0
2918.0 3233.0 3045.0 2626.0 3985.0 4040.0 4218.0 4659.0 4889.0 5119.0 5160.0 5270.0 5298.0 5386.0 5401.0 5350.0 5307.0 5263.0 5211.0 5135.0 4879.0 4562.0 4447.0 4199.0 3773.0 4073.0 4046.0 3791.0 3842.0 3964.0 3984.0 3203.0 4436.0 4444.0 4420.0 4441.0 4445.0 4407.0 4388.0 4364.0 4329.0 2868.0 1101.0 239.0 100.0 149.0 143.0 0.0 0.0 0.0 0.0 0.0 0.0 0.0 0.0 0.0 0.0 0.0 0.0 0.0 0.0 0.0 0.0 0.0 0.0 0.0 0.0 0.0 0.0 0.0 0.0 0.0 0.0 0.0 0.0
2205.0 2447.0 2540.0 2969.0 4032.0 4151.0 4441.0 4565.0 4893.0 5019.0 5080.0 5260.0 5384.0 5411.0 5332.0 5267.0 5269.0 5287.0 5199.0 4993.0 4541.0 4198.0 3916.0 3455.0 3495.0 3565.0 3028.0 2310.0 3820.0 3872.0 4054.0 4385.0 4413.0 4379.0 4179.0 4126.0 4141.0 4070.0 4285.0 4289.0 3473.0 645.0 116.0 82.0 0.0 0.0 0.0 0.0 0.0 0.0 0.0 0.0 0.0 0.0 0.0 0.0 0.0 0.0 0.0 0.0 0.0 0.0 0.0 0.0 0.0 0.0 0.0 0.0 0.0 0.0 0.0 0.0 0.0 0.0 0.0
3286.0 3537.0 3486.0 3346.0 2891.0 4086.0 4637.0 4757.0 4849.0 5007.0 5218.0 5350.0 5425.0 5389.0 5302.0 5259.0 5211.0 5154.0 5064.0 4773.0 4275.0 3932.0 3776.0 3670.0 3479.0 2290.0 1319.0 2942.0 4115.0 4249.0 4348.0 4334.0 4300.0 3811.0 3752.0 3797.0 3545.0 3616.0 4035.0 3492.0 1849.0 131.0 58.0 0.0 0.0 0.0 0.0 0.0 0.0 0.0 0.0 0.0 0.0 0.0 0.0 0.0 0.0 0.0 0.0 0.0 0.0 0.0 0.0 0.0 0.0 0.0 0.0 0.0 0.0 0.0 0.0 0.0 0.0 0.0 0.0
3926.0 3787.0 3581.0 1789.0 1649.0 2808.0 4976.0 5111.0 5099.0 5215.0 5389.0 5422.0 5401.0 5387.0 5303.0 5185.0 5114.0 5031.0 4936.0 4694.0 4208.0 4055.0 4348.0 4511.0 4392.0 4099.0 3628.0 3837.0 4373.0 4390.0 4384.0 4370.0 4226.0 3877.0 3914.0 3580.0 3261.0 3262.0 3179.0 2422.0 585.0 38.0 0.0 0.0 0.0 0.0 0.0 0.0 0.0 0.0 0.0 0.0 0.0 0.0 0.0 0.0 0.0 0.0 0.0 0.0 0.0 0.0 0.0 0.0 0.0 0.0 0.0 0.0 0.0 0.0 0.0 0.0 0.0 0.0 0.0
4151.0 3856.0 2962.0 2155.0 2609.0 4339.0 5297.0 5266.0 5312.0 5398.0 5426.0 5426.0 5416.0 5385.0 5291.0 5168.0 5050.0 4963.0 4881.0 4716.0 4422.0 4527.0 4687.0 4640.0 4558.0 4459.0 4390.0 4429.0 4416.0 4396.0 4369.0 4235.0 3804.0 3087.0 2974.0 3382.0 2926.0 2559.0 2032.0 989.0 75.0 7.0 0.0 0.0 0.0 0.0 0.0 0.0 0.0 0.0 0.0 0.0 0.0 0.0 0.0 0.0 0.0 0.0 0.0 0.0 0.0 0.0 0.0 0.0 0.0 0.0 0.0 0.0 0.0 0.0 0.0 0.0 0.0 0.0 0.0
4277.0 4087.0 2001.0 2248.0 4145.0 4466.0 4917.0 5119.0 5294.0 5417.0 5429.0 5435.0 5410.0 5347.0 5247.0 5126.0 5023.0 4946.0 4887.0 4834.0 4777.0 4756.0 4701.0 4643.0 4578.0 4503.0 4451.0 4416.0 4329.0 4242.0 3984.0 3525.0 2542.0 2916.0 2663.0 2914.0 2769.0 2101.0 1107.0 399.0 78.0 0.0 0.0 0.0 0.0 0.0 0.0 0.0 0.0 0.0 0.0 0.0 0.0 0.0 0.0 0.0 0.0 0.0 0.0 0.0 0.0 0.0 0.0 0.0 0.0 0.0 0.0 0.0 0.0 0.0 0.0 0.0 0.0 0.0 0.0
4387.0 4270.0 3441.0 4252.0 4597.0 4675.0 4856.0 5174.0 5266.0 5334.0 5421.0 5427.0 5406.0 5320.0 5191.0 5079.0 4989.0 4941.0 4892.0 4837.0 4796.0 4747.0 4683.0 4593.0 4535.0 4460.0 4330.0 4136.0 3913.0 3799.0 3414.0 3026.0 2766.0 2168.0 2334.0 2179.0 2125.0 2465.0 1942.0 757.0 106.0 0.0 0.0 0.0 0.0 0.0 0.0 0.0 0.0 0.0 0.0 0.0 0.0 0.0 0.0 0.0 0.0 0.0 0.0 0.0 0.0 0.0 0.0 0.0 0.0 0.0 0.0 0.0 0.0 0.0 0.0 0.0 0.0 0.0 0.0
4397.0 4138.0 2915.0 2624.0 4445.0 4782.0 4886.0 5080.0 5262.0 5397.0 5416.0 5390.0 5330.0 5242.0 5168.0 5088.0 4997.0 4917.0 4845.0 4805.0 4780.0 4721.0 4649.0 4568.0 4475.0 4300.0 4078.0 3472.0 2713.0 3378.0 3018.0 3089.0 2779.0 2346.0 1543.0 1812.0 2170.0 2115.0 1819.0 1019.0 114.0 0.0 0.0 0.0 0.0 0.0 0.0 0.0 0.0 0.0 0.0 0.0 0.0 0.0 0.0 0.0 0.0 0.0 0.0 0.0 0.0 0.0 0.0 0.0 0.0 0.0 0.0 0.0 0.0 0.0 0.0 0.0 0.0 0.0 0.0
4488.0 3984.0 2490.0 2052.0 4550.0 5044.0 5032.0 5123.0 5314.0 5333.0 5373.0 5323.0 5278.0 5200.0 5128.0 5042.0 4960.0 4877.0 4805.0 4743.0 4678.0 4620.0 4533.0 4437.0 4312.0 4152.0 3914.0 3645.0 3516.0 3524.0 3485.0 3375.0 3006.0 2025.0 1373.0 1821.0 1873.0 1726.0 1235.0 411.0 56.0 0.0 0.0 0.0 0.0 0.0 0.0 0.0 0.0 0.0 0.0 0.0 0.0 0.0 0.0 0.0 0.0 0.0 0.0 0.0 0.0 0.0 0.0 0.0 0.0 0.0 0.0 0.0 0.0 0.0 0.0 0.0 0.0 0.0 0.0
4579.0 4418.0 4407.0 4575.0 4940.0 5111.0 5171.0 5185.0 5267.0 5321.0 5352.0 5294.0 5202.0 5118.0 5053.0 4985.0 4906.0 4819.0 4736.0 4671.0 4585.0 4525.0 4383.0 4017.0 3693.0 3910.0 3786.0 3680.0 3636.0 3619.0 3524.0 3304.0 1728.0 669.0 1490.0 1253.0 925.0 571.0 191.0 92.0 0.0 0.0 0.0 0.0 0.0 0.0 0.0 0.0 0.0 0.0 0.0 0.0 0.0 0.0 0.0 0.0 0.0 0.0 0.0 0.0 0.0 0.0 0.0 0.0 0.0 0.0 0.0 0.0 0.0 0.0 0.0 0.0 0.0 0.0 0.0
4756.0 4755.0 4693.0 4839.0 5027.0 5087.0 5187.0 5229.0 5267.0 5265.0 5300.0 5238.0 5132.0 5070.0 5000.0 4937.0 4874.0 4811.0 4736.0 4633.0 4497.0 4445.0 4289.0 3337.0 1295.0 3181.0 2862.0 2362.0 3452.0 3576.0 3438.0 2062.0 662.0 1087.0 582.0 197.0 95.0 107.0 76.0 0.0 0.0 0.0 0.0 0.0 0.0 0.0 0.0 0.0 0.0 0.0 0.0 0.0 0.0 0.0 0.0 0.0 0.0 0.0 0.0 0.0 0.0 0.0 0.0 0.0 0.0 0.0 0.0 0.0 0.0 0.0 0.0 0.0 0.0 0.0 0.0
4815.0 4976.0 4954.0 4952.0 5107.0 5133.0 5159.0 5226.0 5276.0 5279.0 5245.0 5190.0 5116.0 5041.0 4974.0 4913.0 4856.0 4789.0 4699.0 4602.0 4471.0 4323.0 4171.0 3689.0 2721.0 1127.0 925.0 1422.0 2125.0 2156.0 1490.0 874.0 1066.0 799.0 163.0 56.0 76.0 4.0 0.0 0.0 0.0 0.0 0.0 0.0 0.0 0.0 0.0 0.0 0.0 0.0 0.0 0.0 0.0 0.0 0.0 0.0 0.0 0.0 0.0 0.0 0.0 0.0 0.0 0.0 0.0 0.0 0.0 0.0 0.0 0.0 0.0 0.0 0.0 0.0 0.0
5088.0 5115.0 5131.0 5138.0 5211.0 5177.0 5129.0 5198.0 5271.0 5242.0 5228.0 5168.0 5082.0 5001.0 4923.0 4878.0 4838.0 4763.0 4681.0 4562.0 4422.0 4262.0 4063.0 3082.0 2501.0 3275.0 3051.0 3130.0 1584.0 1604.0 2026.0 2000.0 1363.0 292.0 28.0 0.0 0.0 0.0 0.0 0.0 0.0 0.0 0.0 0.0 0.0 0.0 0.0 0.0 0.0 0.0 0.0 0.0 0.0 0.0 0.0 0.0 0.0 0.0 0.0 0.0 0.0 0.0 0.0 0.0 0.0 0.0 0.0 0.0 0.0 0.0 0.0 0.0 0.0 0.0 0.0
5302.0 5179.0 5249.0 5214.0 5193.0 5138.0 5167.0 5059.0 5196.0 5188.0 5215.0 5166.0 5084.0 5003.0 4937.0 4906.0 4844.0 4741.0 4633.0 4492.0 4297.0 4098.0 3903.0 3757.0 3658.0 3671.0 3617.0 3522.0 3176.0 2907.0 2663.0 2049.0 932.0 244.0 0.0 0.0 0.0 0.0 0.0 0.0 0.0 0.0 0.0 0.0 0.0 0.0 0.0 0.0 0.0 0.0 0.0 0.0 0.0 0.0 0.0 0.0 0.0 0.0 0.0 0.0 0.0 0.0 0.0 0.0 0.0 0.0 0.0 0.0 0.0 0.0 0.0 0.0 0.0 0.0 0.0
5326.0 5320.0 5261.0 5149.0 5110.0 5037.0 4989.0 5098.0 5160.0 5211.0 5174.0 5134.0 5075.0 5006.0 4944.0 4891.0 4822.0 4705.0 4577.0 4380.0 4126.0 3865.0 3721.0 3717.0 3691.0 3663.0 3639.0 3531.0 3320.0 2785.0 1945.0 825.0 124.0 16.0 0.0 0.0 0.0 0.0 0.0 0.0 0.0 0.0 0.0 0.0 0.0 0.0 0.0 0.0 0.0 0.0 0.0 0.0 0.0 0.0 0.0 0.0 0.0 0.0 0.0 0.0 0.0 0.0 0.0 0.0 0.0 0.0 0.0 0.0 0.0 0.0 0.0 0.0 0.0 0.0 0.0
5389.0 5382.0 5355.0 5257.0 5207.0 5093.0 5100.0 5123.0 5167.0 4958.0 5189.0 5137.0 5082.0 5024.0 4959.0 4878.0 4776.0 4578.0 4479.0 3970.0 4030.0 3742.0 3313.0 3529.0 3568.0 3574.0 3584.0 3325.0 2316.0 1041.0 373.0 46.0 0.0 0.0 0.0 0.0 0.0 0.0 0.0 0.0 0.0 0.0 0.0 0.0 0.0 0.0 0.0 0.0 0.0 0.0 0.0 0.0 0.0 0.0 0.0 0.0 0.0 0.0 0.0 0.0 0.0 0.0 0.0 0.0 0.0 0.0 0.0 0.0 0.0 0.0 0.0 0.0 0.0 0.0 0.0
5446.0 5382.0 5494.0 5349.0 5388.0 5289.0 5231.0 4263.0 5245.0 5193.0 5190.0 5160.0 5097.0 5033.0 4953.0 4856.0 4717.0 4604.0 4453.0 3777.0 3916.0 3470.0 3186.0 3219.0 3339.0 3372.0 3276.0 2259.0 635.0 216.0 98.0 0.0 0.0 0.0 0.0 0.0 0.0 0.0 0.0 0.0 0.0 0.0 0.0 0.0 0.0 0.0 0.0 0.0 0.0 0.0 0.0 0.0 0.0 0.0 0.0 0.0 0.0 0.0 0.0 0.0 0.0 0.0 0.0 0.0 0.0 0.0 0.0 0.0 0.0 0.0 0.0 0.0 0.0 0.0 0.0
5521.0 5611.0 5543.0 5462.0 5396.0 5429.0 5373.0 5342.0 5303.0 5271.0 5225.0 5151.0 5077.0 5007.0 4903.0 4824.0 4683.0 4536.0 4398.0 4067.0 3803.0 2856.0 3026.0 3016.0 3090.0 3020.0 2359.0 771.0 114.0 51.0 32.0 0.0 0.0 0.0 0.0 0.0 0.0 0.0 0.0 0.0 0.0 0.0 0.0 0.0 0.0 0.0 0.0 0.0 0.0 0.0 0.0 0.0 0.0 0.0 0.0 0.0 0.0 0.0 0.0 0.0 0.0 0.0 0.0 0.0 0.0 0.0 0.0 0.0 0.0 0.0 0.0 0.0 0.0 0.0 0.0
5563.0 5650.0 5605.0 5550.0 5567.0 5439.0 5392.0 5401.0 5311.0 5284.0 5218.0 5153.0 5074.0 4993.0 4888.0 4760.0 4638.0 4477.0 4281.0 3998.0 3648.0 3217.0 2964.0 2814.0 2751.0 2500.0 1531.0 265.0 48.0 47.0 58.0 0.0 0.0 0.0 0.0 0.0 0.0 0.0 0.0 0.0 0.0 0.0 0.0 0.0 0.0 0.0 0.0 0.0 0.0 0.0 0.0 0.0 0.0 0.0 0.0 0.0 0.0 0.0 0.0 0.0 0.0 0.0 0.0 0.0 0.0 0.0 0.0 0.0 0.0 0.0 0.0 0.0 0.0 0.0 0.0
5621.0 5697.0 5646.0 5649.0 5615.0 5555.0 5503.0 5476.0 5370.0 5279.0 5225.0 5139.0 5059.0 4969.0 4874.0 4727.0 4599.0 4432.0 4132.0 3929.0 3660.0 3243.0 2924.0 2695.0 2352.0 1857.0 857.0 75.0 27.0 16.0 0.0 0.0 0.0 0.0 0.0 0.0 0.0 0.0 0.0 0.0 0.0 0.0 0.0 0.0 0.0 0.0 0.0 0.0 0.0 0.0 0.0 0.0 0.0 0.0 0.0 0.0 0.0 0.0 0.0 0.0 0.0 0.0 0.0 0.0 0.0 0.0 0.0 0.0 0.0 0.0 0.0 0.0 0.0 0.0 0.0
5658.0 5703.0 5649.0 5652.0 5607.0 5533.0 5468.0 5402.0 5337.0 5272.0 5216.0 5130.0 5040.0 4952.0 4844.0 4718.0 4558.0 4409.0 3816.0 3980.0 3705.0 3456.0 3142.0 2777.0 2298.0 1204.0 265.0 46.0 9.0 0.0 0.0 0.0 0.0 0.0 0.0 0.0 0.0 0.0 0.0 0.0 0.0 0.0 0.0 0.0 0.0 0.0 0.0 0.0 0.0 0.0 0.0 0.0 0.0 0.0 0.0 0.0 0.0 0.0 0.0 0.0 0.0 0.0 0.0 0.0 0.0 0.0 0.0 0.0 0.0 0.0 0.0 0.0 0.0 0.0 0.0
5609.0 5690.0 5664.0 5580.0 5586.0 5523.0 5447.0 5385.0 5325.0 5239.0 5208.0 5118.0 5041.0 4938.0 4811.0 4696.0 4546.0 4375.0 4236.0 4081.0 3786.0 3527.0 3236.0 2794.0 2144.0 1001.0 90.0 77.0 17.0 0.0 0.0 0.0 0.0 0.0 0.0 0.0 0.0 0.0 0.0 0.0 0.0 0.0 0.0 0.0 0.0 0.0 0.0 0.0 0.0 0.0 0.0 0.0 0.0 0.0 0.0 0.0 0.0 0.0 0.0 0.0 0.0 0.0 0.0 0.0 0.0 0.0 0.0 0.0 0.0 0.0 0.0 0.0 0.0 0.0 0.0
5507.0 5594.0 5614.0 5588.0 5537.0 5452.0 5415.0 5351.0 5271.0 5226.0 5197.0 5107.0 5012.0 4915.0 4805.0 4673.0 4544.0 4395.0 4259.0 4069.0 3847.0 3572.0 3271.0 2901.0 2020.0 690.0 76.0 46.0 0.0 0.0 0.0 0.0 0.0 0.0 0.0 0.0 0.0 0.0 0.0 0.0 0.0 0.0 0.0 0.0 0.0 0.0 0.0 0.0 0.0 0.0 0.0 0.0 0.0 0.0 0.0 0.0 0.0 0.0 0.0 0.0 0.0 0.0 0.0 0.0 0.0 0.0 0.0 0.0 0.0 0.0 0.0 0.0 0.0 0.0 0.0
5262.0 5360.0 5442.0 5494.0 5466.0 5406.0 5336.0 5282.0 5241.0 5180.0 5133.0 5076.0 4983.0 4870.0 4781.0 4676.0 4536.0 4398.0 4269.0 4082.0 3927.0 3595.0 3157.0 2635.0 1725.0 398.0 38.0 34.0 0.0 0.0 0.0 0.0 0.0 0.0 0.0 0.0 0.0 0.0 0.0 0.0 0.0 0.0 0.0 0.0 0.0 0.0 0.0 0.0 0.0 0.0 0.0 0.0 0.0 0.0 0.0 0.0 0.0 0.0 0.0 0.0 0.0 0.0 0.0 0.0 0.0 0.0 0.0 0.0 0.0 0.0 0.0 0.0 0.0 0.0 0.0
