Environmental Parameters/Projection/Mean_depth.asc
ncols 720
nrows 360
xllcorner -180.00
yllcorner -90.00
cellsize 0.5
NODATA_value -9999
[rows 170 to 203 of 360, columns 600 to 674 of 720]
2383.0 3972.0 4526.0 4858.0 4891.0 4860.0 4889.0 4958.0 5053.0 5062.0 3624.0 702.0 3009.0 1765.0 1713.0 3661.0 6773.0 5285.0 5256.0 5096.0 4862.0 4205.0 4757.0 4064.0 2676.0 3180.0 4009.0 3153.0 4282.0 4704.0 4601.0 4757.0 4654.0 4781.0 4663.0 4454.0 4323.0 4148.0 4187.0 4192.0 4144.0 3967.0 3550.0 2860.0 2378.0 2758.0 3216.0 3505.0 3862.0 3996.0 4174.0 4283.0 4420.0 4182.0 4143.0 4135.0 3456.0 3956.0 4116.0 4324.0 3992.0 4466.0 4653.0 4643.0 4647.0 4488.0 4135.0 3787.0 3593.0 3436.0 3331.0 3429.0 3577.0 3514.0 3311.0
3874.0 4658.0 4794.0 4870.0 4963.0 5005.0 4969.0 4979.0 4926.0 4801.0 3127.0 620.0 2762.0 856.0 1899.0 1839.0 4085.0 5839.0 5144.0 5006.0 4769.0 4289.0 4461.0 3982.0 2748.0 3646.0 3446.0 3110.0 4576.0 4855.0 4806.0 4889.0 4772.0 4777.0 4659.0 4610.0 4445.0 4241.0 4372.0 4302.0 4175.0 3778.0 3124.0 2466.0 2604.0 3104.0 3501.0 3805.0 4121.0 4218.0 4252.0 4402.0 4372.0 4293.0 4139.0 3646.0 3755.0 3996.0 4563.0 4820.0 3950.0 3950.0 4364.0 4621.0 4636.0 4480.0 4190.0 3811.0 3585.0 3343.0 3314.0 3432.0 3516.0 3288.0 3085.0
4298.0 4704.0 4825.0 4902.0 4940.0 5042.0 5017.0 4969.0 4751.0 4414.0 3321.0 508.0 2910.0 1517.0 2335.0 1841.0 1882.0 5277.0 4652.0 4542.0 4367.0 4101.0 3783.0 4198.0 3493.0 4089.0 3389.0 3409.0 4628.0 4928.0 4921.0 4913.0 4801.0 4778.0 4626.0 4613.0 4541.0 4379.0 4407.0 4374.0 4282.0 3694.0 2746.0 2302.0 2719.0 3294.0 3718.0 4086.0 4309.0 4334.0 4353.0 4510.0 4455.0 4445.0 4428.0 4193.0 3991.0 4312.0 4698.0 4828.0 4766.0 4439.0 4191.0 4466.0 4554.0 4373.0 4124.0 3792.0 3419.0 2674.0 2655.0 3217.0 3311.0 2880.0 2843.0
4475.0 4833.0 4951.0 4994.0 5036.0 5053.0 4985.0 4792.0 4465.0 4374.0 3253.0 743.0 2262.0 1813.0 2219.0 2824.0 2896.0 3613.0 4895.0 3730.0 4202.0 4118.0 3549.0 3109.0 3595.0 4004.0 3718.0 3947.0 4370.0 4506.0 4460.0 4539.0 4478.0 4495.0 4478.0 4566.0 4498.0 4405.0 4400.0 4394.0 4237.0 3656.0 2896.0 2374.0 2705.0 3402.0 3831.0 4306.0 4417.0 4321.0 4448.0 4493.0 4554.0 4508.0 4467.0 4308.0 4330.0 4483.0 4516.0 5195.0 5095.0 4771.0 4666.0 4568.0 4367.0 4151.0 4059.0 3578.0 3413.0 2815.0 2711.0 2799.0 2894.0 2690.0 2927.0
4926.0 5211.0 5217.0 5321.0 5319.0 5265.0 5135.0 4874.0 4568.0 4003.0 2002.0 1507.0 1686.0 1861.0 2410.0 3249.0 2243.0 1956.0 4288.0 2940.0 3857.0 4393.0 3307.0 2585.0 3716.0 3876.0 3751.0 4201.0 4146.0 4273.0 4182.0 4216.0 4270.0 4366.0 4628.0 4568.0 4390.0 4360.0 4303.0 4255.0 4096.0 3756.0 3141.0 2500.0 2714.0 3622.0 4087.0 4353.0 4458.0 4534.0 4558.0 4535.0 4553.0 4450.0 4437.0 4458.0 4513.0 4599.0 4266.0 5110.0 5217.0 5015.0 4906.0 4619.0 4309.0 4003.0 4025.0 3505.0 3101.0 2898.0 2747.0 2691.0 2701.0 2779.0 2931.0
5049.0 4942.0 4798.0 5008.0 5153.0 5389.0 5429.0 5189.0 4803.0 3403.0 1474.0 1828.0 1542.0 2129.0 2287.0 1254.0 193.0 1265.0 3082.0 3651.0 4123.0 4220.0 3871.0 4169.0 4006.0 3744.0 3769.0 4036.0 3857.0 4231.0 4340.0 4225.0 4151.0 4208.0 4426.0 4406.0 4304.0 4346.0 4296.0 4233.0 4029.0 3703.0 3196.0 2604.0 2796.0 3475.0 4023.0 4384.0 4489.0 4432.0 4499.0 4578.0 4564.0 4552.0 4451.0 4540.0 4520.0 5445.0 3642.0 4771.0 5156.0 5006.0 4972.0 4720.0 4472.0 3928.0 3764.0 3658.0 3075.0 2806.0 2702.0 2615.0 2501.0 2514.0 2665.0
3384.0 2994.0 2461.0 3003.0 3351.0 4000.0 4579.0 4909.0 4543.0 1581.0 787.0 2018.0 1517.0 2203.0 2058.0 267.0 90.0 1015.0 3838.0 4087.0 4129.0 3913.0 3567.0 3902.0 3988.0 3874.0 3484.0 4134.0 4205.0 4235.0 4222.0 4166.0 4165.0 4119.0 4279.0 4246.0 4343.0 4395.0 4280.0 4160.0 3917.0 3610.0 3115.0 2715.0 2852.0 3382.0 3871.0 4196.0 4361.0 4421.0 4526.0 4540.0 4545.0 4569.0 4482.0 4348.0 4475.0 5717.0 3429.0 4620.0 5201.0 4987.0 4791.0 4809.0 4442.0 3743.0 3534.0 3556.0 3149.0 2875.0 2695.0 2499.0 2408.0 2364.0 2427.0
2217.0 1037.0 558.0 652.0 999.0 1749.0 1488.0 2168.0 1307.0 153.0 857.0 1796.0 1628.0 1969.0 1504.0 8.0 4.0 766.0 2528.0 2874.0 3081.0 2754.0 2268.0 3792.0 3881.0 3951.0 3892.0 4039.0 3832.0 3999.0 4255.0 4323.0 4311.0 4127.0 4071.0 4124.0 4113.0 4178.0 4062.0 3814.0 3666.0 3468.0 3214.0 3057.0 2893.0 3045.0 3543.0 3944.0 4176.0 4309.0 4397.0 4429.0 4476.0 4553.0 4516.0 4338.0 4423.0 5785.0 3642.0 4699.0 4704.0 5128.0 4712.0 4770.0 4411.0 3978.0 3777.0 3446.0 2977.0 2427.0 2617.0 2426.0 2341.0 2274.0 2312.0
483.0 10.0 1.0 1.0 1.0 1.0 18.0 149.0 9.0 593.0 1942.0 1986.0 1962.0 2242.0 856.0 4.0 9.0 462.0 608.0 1322.0 2082.0 2043.0 1194.0 3146.0 3815.0 3750.0 3817.0 3927.0 3007.0 4308.0 4661.0 4628.0 4493.0 4314.0 4154.0 4035.0 3960.0 3775.0 3607.0 3331.0 3413.0 3317.0 3115.0 3244.0 2985.0 2971.0 3327.0 3723.0 3851.0 3922.0 3858.0 4120.0 4322.0 4503.0 4560.0 4493.0 4416.0 5189.0 4734.0 4593.0 4992.0 5068.0 4811.0 4669.0 4528.0 4244.0 3843.0 3506.0 3196.0 3021.0 2733.0 2363.0 2118.0 2137.0 2195.0
104.0 463.0 338.0 259.0 377.0 632.0 675.0 1805.0 2215.0 2893.0 2570.0 2159.0 2503.0 2193.0 230.0 16.0 202.0 432.0 840.0 458.0 350.0 690.0 1575.0 3411.0 4055.0 3950.0 3877.0 3611.0 3650.0 3587.0 4738.0 4961.0 4711.0 4490.0 4416.0 4180.0 3948.0 3775.0 3418.0 3208.0 3183.0 3217.0 3255.0 3315.0 3199.0 3041.0 3118.0 3540.0 3630.0 3667.0 3355.0 3537.0 3849.0 4258.0 4495.0 4573.0 4281.0 4638.0 5088.0 4419.0 5024.0 4974.0 5214.0 4285.0 4523.0 4353.0 4059.0 3627.0 2982.0 2607.0 2484.0 2131.0 2024.0 2055.0 2134.0
510.0 1149.0 613.0 48.0 50.0 480.0 1043.0 3075.0 3496.0 3327.0 2678.0 2137.0 2486.0 2457.0 83.0 6.0 253.0 1328.0 1344.0 700.0 61.0 7.0 721.0 2608.0 2371.0 2321.0 2793.0 3138.0 2750.0 1986.0 1351.0 3070.0 4186.0 4598.0 4691.0 4468.0 4395.0 3983.0 3508.0 3253.0 3141.0 3236.0 3349.0 3327.0 3309.0 3223.0 3110.0 3448.0 3745.0 4027.0 4049.0 3866.0 4140.0 4281.0 4398.0 4739.0 4813.0 5063.0 5892.0 4240.0 4976.0 4918.0 4905.0 4997.0 4631.0 4396.0 4123.0 3683.0 2917.0 2533.0 2152.0 1950.0 1964.0 2016.0 2080.0
247.0 407.0 273.0 31.0 42.0 52.0 105.0 1604.0 2179.0 2751.0 2729.0 1991.0 2383.0 3404.0 1091.0 336.0 17.0 848.0 1292.0 417.0 99.0 79.0 725.0 910.0 40.0 0.0 515.0 1270.0 1349.0 1131.0 505.0 214.0 1003.0 2129.0 3030.0 3599.0 4256.0 4348.0 3982.0 3591.0 3375.0 3295.0 3298.0 3388.0 3453.0 3591.0 3646.0 3558.0 3442.0 3178.0 2282.0 1858.0 2401.0 2235.0 2309.0 2238.0 2325.0 2839.0 3647.0 5144.0 5016.0 5267.0 4923.0 5328.0 4232.0 4364.0 4261.0 3900.0 3266.0 3005.0 2297.0 2033.0 2006.0 1949.0 1917.0
0.0 219.0 164.0 0.0 45.0 376.0 177.0 966.0 1358.0 2397.0 2501.0 2175.0 2303.0 3134.0 1889.0 398.0 540.0 653.0 730.0 365.0 347.0 65.0 1.0 1.0 0.0 0.0 0.0 0.0 324.0 227.0 507.0 656.0 147.0 360.0 719.0 929.0 1663.0 2691.0 4095.0 3653.0 3300.0 3464.0 3551.0 3404.0 3590.0 3805.0 2674.0 2091.0 766.0 1180.0 1736.0 2171.0 1953.0 1722.0 1986.0 1814.0 1738.0 1956.0 1806.0 1674.0 3111.0 3964.0 4949.0 4889.0 5504.0 4049.0 4101.0 3871.0 3626.0 2798.0 2270.0 2103.0 1921.0 1832.0 1776.0
0.0 0.0 1.0 72.0 484.0 466.0 5.0 87.0 79.0 240.0 542.0 718.0 1168.0 1833.0 1381.0 1235.0 1421.0 1508.0 788.0 202.0 6.0 61.0 26.0 21.0 1.0 0.0 0.0 0.0 89.0 425.0 607.0 101.0 77.0 47.0 25.0 12.0 40.0 220.0 1880.0 2793.0 2912.0 3278.0 3607.0 3348.0 2992.0 2603.0 2565.0 1714.0 892.0 941.0 1145.0 1566.0 1320.0 861.0 1037.0 1134.0 1157.0 1320.0 1559.0 1010.0 1166.0 1440.0 2351.0 3027.0 4645.0 4580.0 1304.0 1814.0 3138.0 2478.0 2180.0 1883.0 1714.0 1663.0 1642.0
0.0 0.0 0.0 110.0 1010.0 1261.0 1425.0 2064.0 3184.0 2762.0 2478.0 1647.0 2376.0 3104.0 3437.0 3648.0 3627.0 2083.0 1319.0 950.0 471.0 202.0 144.0 128.0 66.0 33.0 3.0 1.0 17.0 84.0 468.0 322.0 150.0 16.0 4.0 0.0 0.0 0.0 78.0 648.0 1363.0 1894.0 2862.0 3425.0 3574.0 3036.0 2644.0 1863.0 1674.0 1185.0 1036.0 921.0 501.0 152.0 212.0 598.0 1446.0 1931.0 1694.0 1078.0 605.0 929.0 1699.0 1653.0 2244.0 3103.0 3088.0 3034.0 2998.0 2575.0 2298.0 1885.0 1707.0 1655.0 1635.0
25.0 57.0 15.0 2.0 1108.0 2516.0 3831.0 4350.0 4800.0 4629.0 4304.0 4131.0 3186.0 2785.0 2601.0 3054.0 1537.0 638.0 637.0 926.0 888.0 1281.0 1014.0 338.0 42.0 58.0 1.0 1.0 45.0 125.0 366.0 183.0 31.0 0.0 0.0 0.0 0.0 0.0 0.0 0.0 0.0 63.0 778.0 1504.0 2300.0 2564.0 2212.0 2077.0 2134.0 1673.0 1635.0 1728.0 847.0 951.0 905.0 1556.0 2138.0 2370.0 2318.0 1900.0 1468.0 663.0 738.0 1106.0 1406.0 1475.0 2570.0 3832.0 2908.0 2415.0 2382.0 1901.0 1765.0 1715.0 1692.0
13.0 169.0 21.0 0.0 8.0 263.0 2179.0 4594.0 4835.0 4686.0 5118.0 4217.0 870.0 96.0 1249.0 918.0 14.0 76.0 1322.0 956.0 191.0 347.0 1008.0 1213.0 1031.0 163.0 0.0 2.0 0.0 4.0 48.0 49.0 0.0 0.0 0.0 0.0 0.0 0.0 0.0 0.0 0.0 0.0 0.0 0.0 118.0 699.0 819.0 1441.0 1437.0 1927.0 2050.0 2108.0 1897.0 1771.0 1604.0 968.0 1236.0 1924.0 2176.0 2344.0 2432.0 2021.0 1553.0 1139.0 1040.0 1528.0 1761.0 2787.0 2617.0 1168.0 2164.0 1907.0 1851.0 1771.0 1712.0
45.0 798.0 231.0 0.0 3.0 126.0 1107.0 4464.0 5019.0 4594.0 4440.0 4903.0 3158.0 2181.0 1981.0 2823.0 1587.0 1317.0 2992.0 3697.0 2545.0 763.0 611.0 1193.0 1708.0 776.0 3.0 42.0 8.0 1.0 0.0 0.0 0.0 0.0 0.0 0.0 0.0 0.0 0.0 0.0 0.0 0.0 0.0 0.0 0.0 0.0 0.0 119.0 258.0 785.0 1905.0 2112.0 2102.0 2004.0 1860.0 1329.0 1348.0 1515.0 1965.0 2233.0 2233.0 2253.0 2330.0 1929.0 1478.0 863.0 2354.0 1911.0 2693.0 2598.0 2233.0 1958.0 1789.0 1682.0 1666.0
38.0 1392.0 830.0 20.0 17.0 17.0 2111.0 5365.0 4919.0 4674.0 4694.0 4431.0 3717.0 4268.0 3345.0 3524.0 4056.0 2497.0 3226.0 2144.0 3432.0 4137.0 2052.0 662.0 1009.0 908.0 845.0 714.0 1001.0 311.0 43.0 56.0 0.0 0.0 0.0 0.0 0.0 0.0 0.0 0.0 0.0 0.0 0.0 0.0 0.0 0.0 0.0 0.0 0.0 273.0 935.0 1472.0 1786.0 1868.0 1949.0 1888.0 1717.0 1589.0 1597.0 2010.0 2134.0 2213.0 2024.0 409.0 404.0 1168.0 2058.0 2653.0 1758.0 2793.0 2289.0 1826.0 1660.0 1464.0 1479.0
22.0 695.0 1325.0 48.0 10.0 10.0 870.0 3784.0 4514.0 4675.0 4152.0 3302.0 3163.0 2839.0 3523.0 3388.0 4308.0 4478.0 4584.0 3340.0 2945.0 5957.0 5093.0 1482.0 893.0 994.0 1914.0 2381.0 2075.0 124.0 75.0 124.0 72.0 15.0 2.0 1.0 0.0 0.0 0.0 0.0 0.0 0.0 0.0 0.0 0.0 0.0 0.0 0.0 0.0 0.0 0.0 484.0 1188.0 1597.0 1750.0 1761.0 1794.0 1688.0 1110.0 1575.0 1842.0 1945.0 1222.0 330.0 879.0 1857.0 2711.0 4138.0 2161.0 2019.0 2176.0 1838.0 1657.0 1143.0 1021.0
20.0 961.0 2150.0 526.0 59.0 24.0 1096.0 1239.0 1567.0 3512.0 2895.0 3421.0 3336.0 3371.0 2716.0 2411.0 2986.0 4624.0 4869.0 4473.0 3143.0 5980.0 6519.0 3376.0 370.0 294.0 935.0 3094.0 1842.0 7.0 30.0 102.0 55.0 41.0 11.0 21.0 4.0 0.0 0.0 0.0 0.0 0.0 0.0 0.0 0.0 0.0 0.0 0.0 0.0 0.0 0.0 460.0 1318.0 1541.0 1039.0 1343.0 1168.0 935.0 1060.0 591.0 336.0 845.0 170.0 63.0 1851.0 2985.0 2693.0 3162.0 2210.0 821.0 2816.0 2602.0 1678.0 1667.0 1555.0
244.0 1176.0 2267.0 1969.0 1599.0 1021.0 2959.0 725.0 406.0 1327.0 2342.0 3042.0 4128.0 4013.0 3223.0 3694.0 4696.0 4932.0 4549.0 4071.0 3064.0 5575.0 6803.0 4374.0 371.0 64.0 1525.0 3181.0 451.0 3.0 22.0 46.0 41.0 33.0 32.0 42.0 16.0 0.0 0.0 0.0 0.0 0.0 0.0 0.0 0.0 0.0 0.0 0.0 0.0 0.0 0.0 0.0 394.0 1062.0 1139.0 902.0 238.0 46.0 10.0 0.0 0.0 18.0 1164.0 3051.0 5774.0 6470.0 5589.0 4658.0 1422.0 425.0 959.0 2470.0 2417.0 2241.0 2373.0
841.0 1207.0 1284.0 2061.0 2002.0 1396.0 2441.0 3599.0 2528.0 3298.0 2730.0 3809.0 4408.0 4449.0 4591.0 4720.0 4904.0 4857.0 4059.0 2941.0 3552.0 6529.0 5978.0 2594.0 1087.0 1376.0 2681.0 1171.0 52.0 6.0 26.0 35.0 37.0 50.0 51.0 50.0 32.0 38.0 0.0 0.0 0.0 0.0 0.0 0.0 0.0 0.0 0.0 0.0 0.0 0.0 0.0 0.0 0.0 0.0 0.0 822.0 2264.0 2197.0 1852.0 1541.0 1591.0 2521.0 5038.0 6562.0 5926.0 4972.0 5495.0 7305.0 5423.0 1308.0 227.0 484.0 1792.0 2557.0 3082.0
1397.0 964.0 306.0 2329.0 1710.0 1994.0 3118.0 3820.0 3789.0 4020.0 4077.0 4351.0 4326.0 3807.0 4594.0 4454.0 4070.0 3562.0 2247.0 2910.0 5152.0 4415.0 2786.0 356.0 708.0 1537.0 646.0 164.0 38.0 5.0 24.0 50.0 49.0 36.0 35.0 37.0 35.0 16.0 1.0 0.0 0.0 0.0 0.0 0.0 0.0 0.0 0.0 0.0 0.0 0.0 0.0 0.0 0.0 55.0 958.0 1147.0 2574.0 4444.0 4853.0 5238.0 5695.0 6155.0 5885.0 5173.0 4788.0 4477.0 4656.0 5602.0 7092.0 4642.0 1147.0 50.0 274.0 632.0 2367.0
3061.0 1385.0 674.0 592.0 1416.0 3075.0 3495.0 3732.0 3886.0 3914.0 4004.0 3924.0 4207.0 4092.0 3801.0 4075.0 3009.0 2136.0 3680.0 3978.0 2766.0 2066.0 507.0 56.0 840.0 648.0 84.0 33.0 28.0 28.0 41.0 80.0 73.0 31.0 32.0 30.0 18.0 12.0 1.0 0.0 0.0 0.0 0.0 0.0 0.0 0.0 0.0 1.0 0.0 1.0 0.0 0.0 0.0 0.0 635.0 2175.0 3676.0 5100.0 6176.0 5573.0 5152.0 4944.0 4841.0 4607.0 4314.0 4329.0 4540.0 4868.0 4957.0 5970.0 3530.0 867.0 1185.0 1059.0 381.0
4470.0 4537.0 4306.0 3975.0 2547.0 2505.0 3131.0 2681.0 3647.0 3790.0 4124.0 2885.0 1132.0 1436.0 1843.0 2032.0 2616.0 3658.0 2805.0 1093.0 1096.0 775.0 20.0 702.0 877.0 356.0 52.0 63.0 54.0 68.0 81.0 82.0 65.0 31.0 31.0 28.0 4.0 1.0 1.0 0.0 0.0 0.0 0.0 0.0 0.0 0.0 1.0 6.0 11.0 27.0 29.0 48.0 0.0 0.0 49.0 640.0 1680.0 3676.0 4905.0 4514.0 4260.0 4168.0 4570.0 5095.0 4773.0 4268.0 4384.0 4535.0 4162.0 3627.0 3445.0 3412.0 2416.0 391.0 759.0
1396.0 1885.0 2457.0 2000.0 974.0 755.0 683.0 645.0 511.0 1116.0 2174.0 1588.0 2075.0 1958.0 1431.0 1074.0 1305.0 872.0 1098.0 739.0 518.0 339.0 841.0 994.0 538.0 242.0 24.0 60.0 105.0 110.0 87.0 50.0 48.0 39.0 31.0 16.0 13.0 13.0 22.0 24.0 16.0 0.0 0.0 0.0 1.0 1.0 4.0 6.0 30.0 66.0 98.0 126.0 98.0 0.0 0.0 0.0 71.0 831.0 974.0 1116.0 999.0 686.0 1463.0 3032.0 4218.0 4412.0 4155.0 4060.0 3426.0 2551.0 3313.0 3519.0 3822.0 1747.0 474.0
250.0 365.0 419.0 750.0 1528.0 2162.0 2468.0 2926.0 2792.0 2540.0 1250.0 16.0 36.0 497.0 904.0 1846.0 2169.0 2075.0 1634.0 1668.0 1370.0 1121.0 758.0 289.0 260.0 251.0 95.0 123.0 104.0 98.0 75.0 61.0 53.0 55.0 43.0 43.0 36.0 33.0 35.0 35.0 32.0 21.0 0.0 0.0 0.0 0.0 3.0 15.0 48.0 105.0 346.0 1010.0 710.0 57.0 0.0 0.0 48.0 74.0 25.0 371.0 187.0 14.0 265.0 521.0 1160.0 1757.0 3630.0 2849.0 2002.0 2741.0 3420.0 3700.0 3584.0 3186.0 2482.0
582.0 1343.0 2146.0 2725.0 3210.0 3288.0 3210.0 2531.0 1911.0 806.0 263.0 562.0 1030.0 1831.0 2087.0 2242.0 1691.0 1097.0 916.0 683.0 596.0 443.0 227.0 123.0 178.0 194.0 74.0 73.0 78.0 89.0 61.0 41.0 48.0 49.0 47.0 47.0 47.0 39.0 39.0 36.0 34.0 31.0 12.0 7.0 9.0 12.0 5.0 21.0 53.0 95.0 1045.0 1611.0 1742.0 660.0 81.0 0.0 0.0 15.0 98.0 528.0 224.0 12.0 870.0 1127.0 757.0 396.0 1008.0 1292.0 2636.0 3539.0 3381.0 3472.0 3389.0 3536.0 3819.0
41.0 394.0 1561.0 2426.0 2999.0 3185.0 2416.0 910.0 0.0 362.0 1270.0 1764.0 2008.0 1729.0 888.0 504.0 143.0 158.0 210.0 288.0 279.0 213.0 109.0 60.0 115.0 93.0 33.0 53.0 69.0 71.0 51.0 25.0 16.0 36.0 48.0 49.0 43.0 42.0 46.0 43.0 39.0 33.0 17.0 8.0 5.0 7.0 10.0 9.0 131.0 461.0 1593.0 1628.0 2041.0 2127.0 1320.0 126.0 0.0 0.0 22.0 77.0 851.0 613.0 1209.0 2410.0 2366.0 2232.0 2540.0 2506.0 3021.0 3288.0 3290.0 3412.0 3554.0 3770.0 3727.0
635.0 676.0 1070.0 1034.0 1572.0 2035.0 879.0 208.0 712.0 1692.0 1703.0 1214.0 843.0 330.0 142.0 79.0 71.0 86.0 75.0 96.0 136.0 105.0 83.0 55.0 64.0 71.0 55.0 50.0 49.0 47.0 43.0 28.0 26.0 42.0 45.0 52.0 53.0 54.0 50.0 51.0 45.0 35.0 26.0 9.0 4.0 7.0 4.0 11.0 474.0 978.0 1388.0 1080.0 1816.0 2043.0 2313.0 1662.0 955.0 676.0 489.0 70.0 538.0 439.0 493.0 1275.0 1949.0 2503.0 3027.0 2980.0 3017.0 3414.0 3361.0 3565.0 3676.0 3494.0 3268.0
1711.0 1389.0 1057.0 731.0 958.0 395.0 525.0 1497.0 1810.0 1210.0 761.0 425.0 214.0 93.0 72.0 87.0 112.0 61.0 42.0 61.0 62.0 60.0 56.0 54.0 42.0 43.0 51.0 58.0 59.0 54.0 54.0 48.0 46.0 47.0 48.0 51.0 57.0 57.0 51.0 57.0 53.0 45.0 28.0 14.0 5.0 6.0 3.0 3.0 767.0 1403.0 1295.0 1332.0 1545.0 1730.0 2280.0 2426.0 2211.0 2089.0 1879.0 1279.0 884.0 160.0 89.0 363.0 798.0 702.0 2153.0 2918.0 2813.0 2161.0 1931.0 1757.0 2861.0 3290.0 1340.0
3047.0 2266.0 2089.0 1921.0 1530.0 1278.0 1248.0 1041.0 793.0 386.0 348.0 89.0 77.0 71.0 88.0 123.0 89.0 52.0 52.0 51.0 18.0 15.0 13.0 30.0 4.0 4.0 16.0 28.0 37.0 40.0 43.0 44.0 26.0 11.0 27.0 43.0 52.0 48.0 67.0 64.0 47.0 42.0 39.0 37.0 9.0 12.0 4.0 4.0 819.0 1715.0 1475.0 1557.0 1674.0 2040.0 2530.0 2409.0 2201.0 2346.0 2272.0 2156.0 2138.0 2109.0 1436.0 1271.0 1068.0 205.0 73.0 851.0 1183.0 1695.0 2035.0 3240.0 3584.0 2324.0 2115.0
3820.0 3537.0 3023.0 2925.0 1948.0 894.0 283.0 240.0 220.0 236.0 132.0 81.0 72.0 86.0 104.0 119.0 93.0 66.0 67.0 55.0 22.0 16.0 13.0 29.0 19.0 12.0 16.0 9.0 15.0 18.0 10.0 10.0 6.0 7.0 16.0 27.0 33.0 66.0 62.0 66.0 50.0 31.0 49.0 35.0 2.0 8.0 6.0 13.0 1237.0 2501.0 2110.0 2181.0 2406.0 3006.0 3322.0 3224.0 3225.0 3249.0 3113.0 3411.0 3670.0 3834.0 3731.0 3773.0 3682.0 3021.0 1418.0 876.0 1329.0 2932.0 3389.0 3300.0 2822.0 2366.0 2317.0
