Environmental Parameters/Projection/Sea-bottom_dissolved_oxygen.asc
ncols 720
nrows 360
xllcorner -180.00
yllcorner -90.00
cellsize 0.5
NODATA_value -9999
[rows 225 to 249 of 360, columns 285 to 341 of 720]
240.1023865 233.456604 233.0115814 232.2189941 230.1354675 230.067627 229.4253387 229.093689 229.164856 229.532196 228.3020782 228.1712952 228.9787903 228.8613281 228.968338 229.0729218 228.9513855 229.3164368 229.4076843 229.618927 229.7932129 229.8226471 229.9709625 230.503952 230.8807983 230.3824615 231.1422577 230.3646851 230.4663544 230.752594 231.6604919 232.9384766 232.7604218 233.370575 234.2325134 236.2946625 235.4797058 237.0659485 241.5414124 239.598938 242.5515442 248.4291534 245.8911896 248.4671021 248.5923309 246.6041718 251.2437744 251.4788666 250.4515076 251.5065155 251.1191864 250.0917206 247.918808 245.7538452 243.9471283 242.3403473 241.7361145
239.0245819 233.1228485 232.6739655 231.6429443 229.3323669 229.5327911 229.8884888 229.4897003 229.5025482 229.7014313 229.1478882 228.8821259 229.0360413 228.8891754 228.8378601 228.7204742 228.8315735 229.0196075 229.3634338 229.5004272 229.4663391 229.4761963 229.0142059 228.9361725 229.6553345 229.5910034 230.935379 229.6497803 230.3659363 230.3322144 230.7342682 231.1712189 232.2460022 233.6054382 235.1533813 233.8160706 236.1081848 238.994339 241.8701324 248.6963043 248.7248535 243.500351 241.3777924 240.7500305 246.1750183 252.4568176 252.2451172 249.8344269 250.2977142 248.9455261 247.1560669 243.2025146 243.4345703 243.7353668 243.4186554 241.272049 240.9593811
237.5841217 232.3529053 231.7484589 230.8465118 230.254715 228.5388336 228.4480133 228.6745148 228.9757996 229.6160736 229.6868439 229.6706085 229.640274 229.4929352 229.3197021 229.1165161 229.2433929 229.4555054 229.5995026 229.6509399 229.6035919 229.6226807 229.513504 229.2043304 229.0669098 230.3729858 230.1486816 236.8009796 228.118515 230.1694641 229.7435303 230.1980133 231.7108612 232.2697296 232.7742767 232.5195007 233.7005615 236.6782074 239.7985535 245.2203369 243.1722717 248.8824921 249.3065643 244.6708679 251.4462433 248.8357086 252.3817139 250.5591125 249.9641571 249.225769 248.4753723 245.5921173 245.3307495 243.7460938 243.2888031 240.4271698 240.1108246
230.9461212 231.3816223 230.8781738 230.1736603 229.5150757 227.8405914 227.7169342 228.32547 228.7034149 229.841507 230.1254578 230.2022552 230.1369019 230.0381927 230.0333405 230.0083008 230.085434 230.2284851 230.421051 230.8352051 230.4011993 230.0053101 229.3253021 230.1642609 229.4146576 229.4913025 230.6357269 229.9162292 229.8999634 230.9315338 233.6753235 232.7133789 233.365448 233.7725067 235.7067413 239.3727112 239.968338 240.4556122 243.3716888 250.0646515 244.8400879 248.1434784 248.6634827 248.9128723 248.8027496 252.2367706 252.0769806 250.1916809 247.8571625 248.5186005 247.638504 244.2806702 239.747818 243.4716187 241.2945862 239.3117676 238.4308777
229.5196228 229.9115906 230.0656586 229.7966156 229.4842224 227.6082611 228.4573975 229.9551239 230.0004425 230.0859985 230.3328552 230.3699341 230.3834076 230.3959351 230.2470703 230.6359558 230.8549194 231.0998383 231.3444519 231.541214 231.8527222 231.3498688 231.0510559 233.0731354 230.4737244 230.7454071 232.3542023 231.5218658 231.5524597 236.5740509 231.9507294 232.7923737 234.3088074 233.4890289 237.7520905 233.423584 233.3964844 233.8168182 239.6861267 240.3593292 243.3079376 244.188446 247.8181152 250.2481689 250.4438477 251.6815948 251.60466 247.8730621 246.8804016 247.5055084 246.4169159 245.3638 241.3685455 239.787323 239.3902435 237.5632172 237.0595245
227.8842316 226.1349182 229.0990601 229.2676239 227.7260742 227.989212 229.0821991 230.5172272 229.9839478 230.4032135 230.5864105 230.6358643 230.6381989 230.7320709 230.8822327 231.1055908 231.3818359 231.7057953 232.0512543 232.4483337 232.4462585 232.2676544 231.9461517 231.2839661 232.4028015 233.0335236 232.3223724 232.3805542 231.2687073 232.964447 232.598877 232.5166321 233.4675598 234.8216705 237.5055542 233.241745 250.1780243 239.1974792 241.6221924 242.4512787 245.9115753 248.7419891 244.3769226 251.1047211 244.7345428 250.9764862 250.891861 247.647644 248.156601 245.6909485 242.6210327 242.2112885 242.9476624 241.7576447 239.523407 238.9999695 238.4604034
225.8515472 226.1662445 226.6212616 228.6968994 227.8822327 228.4582062 229.7539368 230.0403595 230.7563782 231.0528717 231.210556 231.2257996 231.2763214 231.2976379 231.2781677 231.3877716 231.5774078 231.8464813 232.0542603 232.1940308 233.0626831 232.9763947 232.7758331 232.6456909 233.158371 232.6378021 232.7904053 233.8187256 232.6182404 232.6500397 232.575531 233.1112671 234.7372589 232.7256927 233.6838379 233.5275269 238.5296173 239.2881622 239.6559143 245.3306427 243.4239807 246.8324127 249.2566071 249.5718079 251.1352844 249.4786835 244.4011688 246.4395752 246.9413147 244.5668945 245.3023529 244.0928955 242.4144135 242.0860596 241.3259735 240.2993469 238.3196259
225.1247559 225.567215 226.0213165 226.5180817 227.3428955 228.259491 230.000824 230.1894684 231.0301514 230.8987579 231.4711609 231.6057892 231.7453308 231.8963776 231.9979095 231.0693207 227.953125 227.9001465 229.3903503 231.9643707 232.4300842 232.4854126 229.0598907 228.7471008 228.4155273 228.5967712 231.7633057 232.9039459 231.8287048 231.4831696 230.332016 230.3677521 228.0665131 235.0412292 231.5240784 237.7171021 238.3122711 241.5330048 244.8169556 247.5736847 243.654892 244.0726471 247.184494 249.3117371 250.9326935 250.6069489 247.6303406 246.5200958 246.2686462 246.8308411 246.3773499 243.1213684 244.3815155 242.796936 242.3610229 241.2210846 239.6604004
224.2318268 224.5723724 225.0306702 227.4606781 227.6223297 227.8032227 228.2687378 237.4242249 232.9033966 230.3582458 230.2324524 230.4250031 231.1142578 231.3830261 231.8361053 231.684021 231.8292084 231.8089905 231.6503143 231.6130676 232.1186676 231.3772736 231.1450043 223.1146698 230.655899 231.7693329 230.2684784 231.1625061 231.0187225 230.8839264 230.6787262 229.3947144 229.2185211 230.0915985 229.6255188 231.9270477 240.1797943 241.0647888 238.773468 244.8670807 243.3568268 246.175415 246.6496582 248.9647827 250.4652557 250.5438995 250.5046539 245.8860321 245.4852142 246.5445862 246.2818909 245.4546967 245.2322998 242.8412781 242.6136322 241.7059479 241.9523315
226.5832214 226.516983 224.9344635 225.7682037 228.8255768 231.3006744 229.6097717 228.8614044 228.723114 228.6780548 228.8391571 229.6259613 229.8745422 230.7180634 230.4686584 230.6473236 231.4292603 231.0175934 231.2635956 231.3054352 231.4601898 231.4169159 231.0151215 231.3593597 230.8313904 230.7552032 231.3133698 230.9895477 230.1249695 229.8481598 229.635849 221.9883423 230.1129608 235.7643127 235.9094086 234.4393158 239.807312 238.2835999 241.5919342 241.8793793 240.0062256 243.9135437 248.2683868 250.0335388 249.3758545 250.6212921 249.5935974 245.2181702 246.4164734 245.1996155 245.8697205 245.8260956 245.0012665 243.5686035 243.2433624 244.4253845 241.8695526
225.1563721 225.6264801 225.0968323 225.6886749 226.4065857 226.9115906 227.2854767 226.7473602 226.6778107 227.1290283 227.5397491 256.2162933 228.9287872 227.9943695 229.1537781 230.3650818 229.7339935 228.9590607 229.914093 230.8756104 230.9485321 232.0600433 231.1132812 226.9617157 226.4185638 230.95224 231.3587341 231.2907104 231.3115692 231.2937317 231.5250092 231.8135986 233.7576752 230.2467041 234.7366638 237.1351013 237.8596649 238.2994385 241.7352295 244.3450317 246.9978485 246.0109253 248.3735809 249.238205 251.0393372 251.3670349 250.8082886 246.9224243 245.1781464 246.2034149 245.9245758 245.226593 245.4275665 242.2939453 242.9780579 242.6536102 241.5185089
224.5547485 223.0464935 223.7728424 224.5997467 228.136795 227.9875641 227.9715271 229.6697845 232.7104187 237.0063324 225.4992676 226.0026245 253.9816589 250.333374 226.3510742 226.8914185 227.7714081 228.9175568 230.2302399 230.3578796 230.1292572 230.116333 230.1256866 225.8577271 230.5917664 230.7608948 231.078598 231.3136139 232.4129944 231.5162964 230.9377136 233.4534302 231.8888855 236.2735138 234.6889343 244.1534424 238.9122314 241.4828033 242.3047791 239.776947 245.8421936 246.404129 244.845871 250.2425842 251.0250092 251.0508881 250.9647369 250.7947235 246.8458405 245.081543 239.9732971 245.5388794 245.174881 244.0761261 242.8019867 242.394165 239.4129028
232.9689178 228.5829773 229.5960083 229.9687195 227.4352722 227.4964447 229.7470398 247.9159088 252.5570526 250.5685883 249.7370453 246.3626099 222.611618 210.9778137 244.5212555 225.4724274 249.2243195 228.3667145 226.6102753 227.5380096 229.0805206 228.7371521 224.683548 229.1002808 229.4141541 229.6755524 230.4259033 230.599411 232.008316 231.3964691 232.9479065 231.5945587 233.7377014 234.2424164 234.4797363 237.9309235 234.9632721 235.0259094 239.7292633 242.312439 245.7458344 240.9943695 246.5520172 248.7006836 250.0539246 249.9907532 249.8982239 247.1766052 246.1305542 243.6537476 245.7660522 245.3494873 242.9333038 243.7289429 242.579361 242.1729889 241.341156
232.2778015 237.8809662 242.4625854 242.5609589 238.0695343 252.4055023 247.1310883 232.7753754 249.7296295 251.4207458 240.5797882 227.6818085 248.899765 240.0522003 247.1820526 249.240509 245.7004852 241.0830383 226.6679535 227.0611267 223.688324 227.4867249 227.6542511 223.7409363 220.8602295 228.3476257 228.6924744 229.4895172 230.1493988 230.1927795 234.8636627 235.0746307 233.4239655 233.6600037 239.2753754 233.7218933 237.9066772 234.2294312 241.1761017 244.06073 245.2861023 247.4193573 247.7929382 248.2362061 246.4855957 246.8741302 249.2521362 247.3528748 239.0053253 244.8026886 243.2282715 244.5499573 243.7087097 243.3014832 242.9065704 242.3442688 242.129715
250.5065918 245.6677246 246.901825 252.0171204 252.5990143 217.0405121 227.9199066 245.9281158 241.4357605 236.9447937 235.0457611 235.0328827 227.595993 236.23526 236.1938019 243.2233734 247.5903473 237.8903656 224.1067963 224.2523346 224.6797943 226.4443512 226.7096558 226.8355865 227.1289673 227.3727417 227.7017212 228.0845184 228.6864319 231.2351837 234.0601044 234.4101715 234.6282501 235.0919952 235.6193542 238.8542786 233.0328369 233.0697632 230.5859222 238.3207397 243.016983 242.994278 244.9828339 247.4698639 248.4340973 248.5959473 248.7872925 240.9712067 240.9936371 242.87117 243.5338745 244.2493896 243.5284882 243.3482666 242.5540314 242.8250427 242.3170319
224.0695038 205.9615631 195.8781433 204.6980743 196.6433868 195.440567 199.1919708 224.4147491 247.6538391 240.0790405 234.4494019 226.0940399 223.7724762 235.3447723 245.8344421 243.6142273 245.2828217 241.2179871 220.3722229 223.0368652 221.8582001 222.8529053 223.9645386 225.378479 226.0804749 227.4963837 226.6048584 229.0545654 230.262207 231.5323181 232.6262665 231.7689819 232.3339539 234.6395111 238.4298096 232.8708191 242.4591827 242.4676666 242.6628265 245.824707 244.8631592 245.1515961 241.923996 246.1659088 245.6235199 243.7772827 242.6844025 238.0686493 240.3439484 241.6368256 242.7961121 243.42659 243.5671234 242.9949799 242.9234314 242.3397675 242.4801483
229.8050842 210.532074 217.6819916 196.3826294 210.75 215.505127 218.5456543 205.6231537 220.5908051 246.4278107 242.2525024 241.2606659 234.2736664 237.5734863 231.3782806 237.4553986 244.002121 240.5966644 219.9719849 220.5919342 221.4881439 225.1989288 222.8252258 223.6648712 224.8355408 224.6587372 225.9564056 226.1940002 227.0904388 228.5718384 229.7750244 230.671936 228.9678345 229.318985 234.5374603 239.0353394 239.6950378 236.244278 242.5830231 242.3920898 242.6262665 244.1136627 244.5270386 244.4478607 245.0635376 242.7073822 238.3000488 235.2080078 236.1490784 238.7021027 241.8085938 241.5758057 242.0778656 242.0493622 242.5394897 241.7272034 240.3427887
238.929718 241.0193481 201.7328644 202.5732574 207.1744995 212.8628845 235.7862396 206.6961212 194.8892212 207.8432159 239.5766449 243.5313263 222.0156403 223.5695953 230.2969055 237.5888214 242.1568756 225.3308563 221.8292084 220.2892151 220.4958801 221.1574249 221.468689 222.425293 223.7742157 224.1652679 223.6664734 224.3616486 227.8256989 229.3433228 228.6077423 229.4152069 229.959137 230.2609253 233.0192413 237.6984253 241.1776886 238.8908081 242.0965118 242.0213318 243.4891052 243.2649231 243.2530212 243.3943176 242.5037231 241.6941681 241.3026276 239.9835205 238.3973541 237.08815 238.3466492 239.699585 240.4173279 241.0993958 240.9296265 241.0527649 240.650589
219.0924225 235.4676819 229.0568542 227.7471619 234.7896881 235.261673 226.9432831 233.525116 236.3929138 236.8205566 227.8579712 220.4978638 231.1451721 218.9901581 233.5799713 240.2828674 242.4965668 225.4262543 220.1942444 220.3239288 221.0953217 220.6840363 220.3282776 231.0769958 221.057785 221.4547882 222.3334045 224.5664825 224.7006989 228.5969696 229.4369812 228.0064392 231.2035828 231.6530304 236.2749634 239.9893646 237.5487671 240.9617462 242.413559 242.3494568 242.7096558 242.6165314 242.4174805 242.0610962 241.6871643 239.7373962 239.8001862 235.8135834 233.6501617 236.3483582 238.7579651 238.9215546 239.6969299 239.91745 239.8263397 239.580246 239.1773224
213.4635773 223.9438629 235.8062439 234.7772369 231.9925995 224.5049286 219.6051636 220.0979919 227.3955994 214.8559418 235.1861877 219.9840698 220.4243469 231.2941589 228.1895905 236.8025208 241.3379059 224.3001862 219.6209412 219.3218536 218.8989105 218.1971893 218.6512451 221.1236115 221.4129181 217.9505463 219.4367676 227.7187347 229.6960297 234.8999786 228.1329803 233.5274963 233.9806976 234.534729 235.0558472 239.0135803 240.9581604 241.189743 240.3707428 241.4182739 241.8254089 241.7201691 241.6438904 240.8265533 239.3551178 239.9076996 236.9343414 235.6307983 234.7507629 237.3056183 238.6539917 238.1474915 238.9907379 239.0336914 236.901474 236.7259979 236.5402985
213.784729 213.3701019 222.8692322 228.0795441 218.4787903 214.4047699 214.5260925 213.1532135 213.6649628 214.370575 219.936554 216.1085205 223.8795166 229.7168884 237.4511261 238.3155212 238.2839966 229.4847412 224.9089355 224.778244 216.4953461 216.1755371 216.3877716 214.1590881 214.0009766 217.4738922 215.0570374 216.6365356 225.8119507 235.5124664 233.2113342 233.926712 234.8582764 235.800415 238.3248749 238.866272 239.8789825 239.9651489 240.1390686 240.4253845 240.4122314 240.4726715 240.334198 240.1860352 240.0819702 231.6920624 233.4273071 234.1889801 235.7660217 236.4830933 237.8769379 238.6719666 239.0529785 237.5198517 237.3511047 238.1404114 238.0719147
214.0216827 214.0377808 213.6769409 213.5803528 222.3289032 222.605423 213.235321 213.2378845 213.2399139 226.3048096 217.504425 233.4489288 229.9177551 229.7440491 235.961853 235.4745941 231.1119537 221.1983948 214.7345428 217.2718964 222.5678101 217.4104004 214.7502136 214.8677521 221.2739868 212.2064819 212.7275696 216.3549347 217.7407532 217.1871185 229.5718689 225.1905823 226.9591827 234.6706848 237.0761414 237.4881592 237.8089752 238.1387024 238.5984497 238.8048401 240.907959 239.5832825 238.4164429 239.5324249 236.2535553 234.1856384 234.1930542 235.177597 235.5272675 236.151001 236.9927063 237.8794861 239.0368652 239.1933899 238.1956177 238.1589508 238.2331848
213.9224701 214.0474548 213.7520599 213.9892578 213.498642 213.3586121 213.1925354 213.0797272 213.1878967 213.5489197 214.810257 231.9656067 218.2362061 231.7545471 227.5530396 231.2506104 227.9679108 219.2851563 213.3731232 212.679657 213.9114532 212.3809967 212.1987152 212.0975494 212.1330261 217.5895844 217.6826782 219.177597 213.508728 230.6829071 231.3869019 233.5945587 235.378418 234.7077332 235.9024506 235.7134857 236.0207977 236.6519318 236.4710083 236.7434235 237.6164551 240.0531921 236.6252136 237.1237488 236.1344757 226.871109 231.1007538 233.4791412 234.8299866 233.9924164 235.9163666 236.7855835 237.7461243 238.4676056 238.8067169 237.7285461 237.9648285
213.9818878 214.0003204 214.0190887 213.6110077 213.950882 213.3732147 213.8044128 213.043869 213.7931213 212.6374054 212.5661774 215.9592438 229.1318054 230.3604431 218.6597137 213.0693054 212.639328 215.1137543 212.8551025 212.3504639 217.7200165 219.3164063 220.9253235 222.0579224 223.843689 230.0207214 230.6869354 231.0417328 233.4457397 233.3262787 232.3612061 233.3475952 233.5352631 232.8448944 233.3149719 233.9446869 232.0852203 235.049469 234.9287415 234.5471954 235.1450806 235.4812927 235.6808777 235.6258698 233.5684357 229.7391205 233.2757874 233.3559875 234.0511475 235.0771332 235.580658 235.8967285 235.770462 236.9211426 236.363205 236.5920715 236.7746277
213.9440765 214.0139008 213.9841309 213.8040924 213.3215179 213.1030121 212.8553619 213.2999268 212.3517609 212.3946686 212.4695587 212.482666 223.9413757 229.6751404 228.6368866 228.720108 214.3892517 212.0400543 212.324707 211.6244507 211.4996338 219.1395721 220.3795471 215.252243 215.899353 224.4040985 225.0160675 229.4357452 229.8795166 230.2848053 231.9146576 231.9085236 230.8833466 231.2428284 232.6895447 233.8167572 233.1043243 233.6560364 233.7628632 233.5371552 235.9929504 232.9793701 233.1464386 233.0137939 233.5992126 233.0199585 233.289032 233.6187897 233.9871521 234.7822876 235.1830597 234.2150421 234.2523041 234.8654785 234.9472046 235.1870117 235.153656
