Environmental Parameters/Projection/Sea-bottom_dissolved_oxygen.asc
ncols 720
nrows 360
xllcorner -180.00
yllcorner -90.00
cellsize 0.5
NODATA_value -9999
[rows 125 to 149 of 360, columns 57 to 113 of 720]
175.6552801 174.4796038 174.9968472 174.5318699 173.6221428 174.1132221 171.000555 172.0756197 171.9365292 168.798254 168.1131449 163.1970825 164.4842777 163.9653387 162.833519 162.1510134 161.6818285 161.4186039 160.970026 161.0252085 160.6347532 163.7393837 160.1132498 159.9648886 159.5294418 160.1489916 160.2181206 158.4181213 158.7445402 158.4437675 158.1847401 156.8300629 156.3352995 158.794095 154.2074099 154.2609196 154.2130728 155.7129927 157.7618217 157.2004981 152.9346809 151.4995804 152.5751815 156.1567001 151.5943475 152.2071729 152.7729869 151.8786125 151.2358446 149.0896854 148.5837812 150.0043039 145.6702332 149.6707602 146.5294476 145.9507232 143.9106297
176.561758 175.8482695 176.1908865 175.2808838 174.8689032 175.2826023 173.4891777 171.597084 172.9514408 173.027236 167.9424009 169.3397913 169.0779285 165.8187094 165.0783415 162.6757956 162.2734461 162.6329803 161.3667326 161.0546026 160.8152504 160.5960741 160.3474159 160.1487885 160.0279741 159.929492 160.0090895 159.8886375 159.544385 159.2284193 157.9551926 159.0167704 159.4090786 159.4587107 156.7735262 166.5849276 156.8551054 156.3459506 157.5750299 157.2558923 157.1627245 155.7729058 157.0736861 156.7784896 154.0672011 166.3082285 154.6002092 151.4643688 151.7287412 151.2056136 150.4739223 151.2786694 151.2824492 149.72223 146.0732684 146.7707434 144.3094277
177.4227476 177.3772259 176.8114357 176.8436604 176.4079037 175.0068045 174.7356997 174.3976192 173.8850069 171.5998306 170.9462175 170.3891287 169.7721062 167.371583 169.5321894 165.8039103 164.9766111 162.5523243 161.8519545 161.3253527 161.2900038 160.9604101 160.9238081 160.9314308 160.8264837 160.6116276 164.0000477 172.3869114 164.2411804 160.2576933 158.9209909 160.1068182 160.2363043 160.0038834 157.8128862 158.9150162 158.7075634 158.1555824 157.3564582 157.1012392 166.6740236 157.2553396 157.0790024 156.6926055 154.5657282 153.6502976 152.764544 152.0863271 151.4015374 149.3336744 149.7998958 151.8681326 149.5668392 148.3520851 149.6093378 149.5633709 147.2389579
178.3846512 178.2462502 177.9099808 177.5435724 176.7787056 176.1439066 175.4301882 175.0951786 174.6023569 172.3384933 171.6764679 171.0500412 170.2968798 168.1423101 167.5790405 166.704524 165.6514254 165.5379133 162.5048466 161.7217636 160.977397 164.3033667 161.5358162 165.1898384 160.4897556 161.0434084 161.0904722 164.5069122 161.5348587 164.0578299 161.0223732 159.2157469 160.5668097 158.5027761 159.6330462 172.4163322 158.8159494 156.9930477 157.6618304 157.042027 166.42384 157.4505386 157.2965789 156.7215667 156.6382761 156.4993362 151.1347237 155.8961167 150.2159095 149.8617806 149.4011254 149.3432059 148.5907474 148.1912813 147.9547746 147.6249208 147.1982145
178.7853975 178.6087828 178.3017578 170.4769459 177.4015417 176.7968264 176.1290007 175.8292761 175.1890287 173.2239494 172.5175734 171.8941526 171.2062626 170.7075129 170.6615801 170.8553352 164.6968822 164.1696081 163.3938608 162.5067635 161.2261858 161.86096 168.7996092 168.4007397 162.3409948 161.8700447 165.6580696 164.7009945 162.2827139 164.1038952 164.8447714 165.3852406 160.5514469 157.6944036 159.9356728 159.8920374 156.6605434 157.4001722 157.0395436 157.9744062 166.0028563 157.6910958 157.7055693 157.2973065 156.957859 153.0277662 150.7283816 151.1841979 150.1960049 149.5975671 149.2882547 155.6111255 148.9557905 147.895112 147.5865705 147.3828402 144.998409
179.3940468 179.3461657 178.6267929 178.2311392 178.3405704 177.4142561 176.8038836 176.4613018 175.7359619 173.790206 173.1632471 172.7062569 172.1722765 171.6167984 171.3299351 177.8713417 167.9559937 173.925436 167.8181696 168.4521894 163.2693777 163.1495485 163.4936552 163.9255342 163.7358112 167.4417248 163.3789577 163.3588591 165.8802452 165.2901506 158.7328835 160.3329258 161.2044306 161.3265686 159.5177689 161.3567562 166.1552029 165.9755087 165.9800491 159.4076214 158.2432213 157.4807053 157.9290051 155.9799066 154.4759827 153.1033072 152.3874884 151.4679065 148.3243961 157.6065292 148.9523058 147.8698916 147.745203 146.8189926 148.7602079 146.8661971 146.6860883
180.3274508 179.376646 178.9732943 178.5693588 179.3854847 179.1775303 179.5837774 179.3453827 176.245347 174.3208179 176.4575243 177.1230564 173.449214 173.2086267 173.1754713 170.4322014 167.0884924 166.6314459 169.3842573 169.6963282 173.7685061 165.0451241 165.2436514 172.101757 175.5820255 171.8985605 167.2835178 167.3487673 161.9531927 159.2795582 161.3760023 161.1240034 162.9678001 171.6322069 166.8443556 166.4003201 165.8345442 165.589962 161.6737223 160.9533796 160.1284027 153.5215383 157.9818826 159.697772 155.480134 159.8961086 153.0181074 149.3015504 148.4256148 149.3002663 160.1608591 147.2898922 147.0189152 146.2549167 146.4741957 148.5356846 146.2646441
179.9498777 179.5567236 179.9862652 178.7087793 178.196456 177.6671953 177.2726336 177.1747389 176.9186449 179.8469362 172.7316456 175.2165976 180.0162516 179.909832 179.728754 179.4189129 172.045455 171.581522 178.9542007 174.4191427 173.7310324 176.4346476 169.8819084 169.5345392 171.5936623 171.5307665 167.6204796 167.4625635 171.3839512 167.4220915 167.2468424 161.9235382 164.4561129 171.2515068 166.7277565 166.2349663 170.9590435 170.8779755 170.8944869 159.4217577 156.5273619 158.9343276 165.5272617 161.1069579 160.8619947 160.8141446 154.6103725 153.4865541 148.2578783 147.3237724 149.9275093 146.8681087 146.5181038 146.4279239 146.3405287 146.1896994 146.1208477
180.3807364 179.6729155 180.0080194 179.8702908 178.2252636 177.8002701 176.6425848 177.6296415 179.5965433 179.844943 178.4658785 180.0332632 179.9524555 179.8239241 179.4738398 177.9212875 179.0822678 175.773901 175.3303185 176.733572 178.5885658 173.6860294 172.8580017 172.0384312 171.6468134 171.5691242 171.525795 171.4354553 168.1110077 167.8160334 165.5826826 165.3205395 167.8985281 167.4489899 170.7229633 166.3323488 165.7020159 163.3950558 162.9988275 162.5907178 162.2591701 165.1144915 165.2551231 165.6131678 160.8196278 156.6717019 161.2482228 148.0386662 147.4396949 147.8283219 147.3646684 163.2103586 146.5762608 146.4039624 139.3056152 145.3804436 145.2261773
175.088645 180.3134851 180.1413603 174.5103741 178.536994 179.3551645 179.9045687 172.6496496 178.5347881 179.586031 168.2414551 168.2562723 179.1728783 168.2626476 168.1888847 178.8492746 168.0307446 178.645565 176.5827656 176.3418226 174.5508738 175.8667126 175.4551468 172.5718822 171.9870005 171.5975485 173.8605518 173.4714851 171.1137552 171.1683111 168.6527214 170.8695545 168.5924015 168.1984653 170.2506714 167.0808849 166.8505826 166.3720384 165.8902917 165.5479078 162.9266105 165.5838733 160.2641954 159.7288957 166.6091142 157.4751015 157.1112576 162.2801375 150.5243049 157.833657 149.2643259 145.207386 157.4734442 144.696461 145.7539909 147.3004516 147.0155543
180.551939 180.4431467 179.0543089 179.324316 180.2852211 179.965457 175.2772226 179.6911058 175.0339146 179.651269 179.476491 179.550745 179.8646555 167.7712755 176.8933859 178.049098 167.3941412 178.2196445 175.3041191 178.089529 178.2547331 175.4607162 173.4311295 172.8110971 172.3058233 173.7598982 171.5080423 169.5790157 166.8192644 171.4485674 171.2153254 173.3213987 173.0925665 170.4412632 170.2257814 167.7658491 167.2855463 166.8259501 166.7084236 166.368567 163.1589503 165.9300508 166.3388171 160.848999 162.8432384 162.9423575 158.9720919 153.8759406 153.0984747 152.1674006 152.5538034 140.5469725 153.0493054 152.2158225 150.8392534 150.3219695 149.424495
180.5279493 179.4487257 180.358737 179.1635027 176.2453184 179.4034338 177.7922583 177.6088867 180.184782 179.8931332 179.6085234 167.2740984 167.2795162 179.1469622 178.7747765 167.0080595 178.6722918 175.6693897 175.1471977 178.0151882 178.1048269 175.4665003 175.3023577 173.1584072 172.7280703 173.6438684 172.1690235 173.0912142 172.0673428 173.3355913 172.0167627 173.1170712 171.5757504 170.957901 169.0523686 170.1724615 173.0184264 165.4309163 159.0194173 164.3218699 161.9739408 161.769002 172.3248777 167.077023 167.6002784 163.8217704 163.7828288 159.9625437 159.4319525 164.0100458 158.1919296 157.7962341 157.652095 157.5493255 148.57508 148.0470335 144.997465
180.7185688 180.9224815 180.2910728 180.1847229 180.013422 178.8172989 180.020565 174.944375 179.6386108 179.9937429 179.5018406 177.8781261 179.2007093 179.3766451 179.2751799 178.997488 166.0458031 178.2640867 177.9056749 177.7583799 177.6345167 175.5552301 175.3429747 173.2727842 172.758275 172.5677242 172.4691677 173.1908064 173.3545666 172.432518 173.2975368 173.0240974 173.0870895 172.9430857 171.2363267 169.4171853 168.9954591 170.9398937 168.4210172 168.3841434 165.0987577 164.7083097 167.1219566 165.2394845 168.1576271 164.3898666 164.0164158 160.9842992 160.3239248 159.6642908 158.9850203 158.2032969 157.7219244 154.344054 153.415001 151.8431988 151.3248378
179.2563839 180.9675617 181.2657032 176.531805 179.7225771 179.0770416 180.0201178 179.5930033 179.5533829 179.1088066 178.9630919 178.7629242 178.8044634 178.7460585 165.8338337 178.613039 178.2363834 177.8277941 176.5272856 177.4241829 177.4720669 175.8328552 175.4345531 173.4587936 173.0107536 172.8260918 173.3808622 172.6510305 173.4260979 173.6205316 172.8560333 172.857676 176.9066362 173.3839555 172.2675691 171.8650517 171.6100783 171.6617475 169.6104259 169.091063 172.0375566 168.93891 168.2698889 166.26806 168.8718247 165.5568953 164.9817547 164.9590796 158.166496 160.8612102 164.0885342 163.9513913 163.8373196 163.7571709 153.9255493 152.7134406 156.2469753
180.6187801 180.7779903 180.9020233 180.9505348 180.7724991 180.3431759 179.8876228 179.5374212 179.224 178.7466373 178.5329132 178.3132143 178.3224125 178.3817511 178.456522 165.1785955 165.0159883 164.8224411 177.3310575 177.1996365 177.1851273 177.2652035 177.2344255 175.5778732 173.653758 175.0043688 173.1234102 173.0144258 173.1529145 173.7819061 173.622117 173.2278042 173.7142425 176.8613791 173.7976108 172.8303518 174.1546412 172.6255274 172.5025787 170.5614877 170.2164173 161.4226527 170.2440042 169.9804771 169.7802894 167.0803982 169.274868 169.1941718 165.4999306 164.6892929 164.1029449 159.3787522 155.597623 156.8085018 153.8410759 152.7294601 155.9307769
180.3305492 180.2888241 180.5343246 180.2902241 180.3804512 179.8659201 179.4347324 179.329113 179.0567589 179.0909662 178.5104504 178.0419998 178.053174 165.8901358 178.1817999 178.215292 177.9594517 176.851016 177.3747311 177.2822027 177.1746407 177.1406679 177.0235128 175.7088585 175.4671297 175.5375991 175.1120925 174.4789119 174.2765636 174.2409277 166.9078918 173.823132 174.2854972 173.9789987 174.467428 174.6469109 174.7718134 173.7035589 173.3974972 173.0060563 172.9625183 172.9080904 170.737501 170.4905579 170.0915551 169.5522025 169.1277071 169.1709216 168.9592947 164.9950881 168.5937503 156.3282222 157.9236154 156.6758919 156.2531116 152.2664007 149.4870669
179.7925491 179.9866257 179.794899 179.8381853 179.8893967 179.7476511 179.4455633 179.1133652 179.0158262 178.7386913 178.4896927 177.9021091 177.937315 178.0908155 178.0718956 177.9743137 177.7611113 177.5250025 177.2376728 177.1732626 177.0273876 176.9152741 176.8913031 176.2179594 176.003459 176.014452 175.8754377 174.7844472 175.1111183 175.1503634 175.2455976 174.7019656 175.0685186 175.0187523 174.9996545 174.9597754 177.8646239 174.9271712 173.8534532 173.3909932 173.0922393 172.8280457 172.5664663 170.3283385 172.0045623 167.3686869 166.7850174 167.850274 167.8447563 164.3970378 163.7928736 155.3459839 153.4147256 156.5878948 156.11782 155.8710605 155.6233449
179.4749813 179.6501179 179.3767529 179.5549345 179.4425001 179.4224768 179.0726547 179.2691498 178.4034996 178.7432556 178.4413242 178.2157211 178.0089931 177.7006178 177.7579184 177.7751617 177.3227158 177.0927715 176.9580231 176.8997188 176.7978554 175.5796456 176.7659731 176.7876554 176.8695374 176.2776809 176.3593884 176.0934091 175.9771156 175.9796765 175.5744236 175.970304 175.7502414 175.5417229 177.8121713 174.8773456 174.927521 174.7750305 174.412016 174.1593791 173.9418076 172.0500685 171.6152751 171.3876038 169.2384947 168.6741321 167.9892816 167.1429829 164.7425874 167.331417 161.0628332 155.6150169 153.3593505 151.7732102 151.1965904 151.0795574 147.7118106
179.2845497 179.4497881 179.5808172 179.4428596 179.3185177 179.2490396 178.9624262 179.135849 178.7577286 178.0383863 177.9422731 177.8327837 177.6115837 177.4172688 177.3069 176.6364937 176.9730868 176.7388444 176.6103768 176.7256885 176.5172524 176.8441157 176.713098 176.9447322 177.0183101 177.1640434 176.4000626 176.2418203 175.8275371 175.8960643 176.2836404 176.1799304 176.0282533 175.6841545 175.1025655 174.9610795 174.6477194 173.6476679 173.1239963 172.6281526 172.2099245 171.7574144 171.4191131 169.6603819 169.165892 168.9004764 168.3575341 164.7084828 151.3301047 158.5894822 161.2032829 147.9774833 147.0911334 142.980312 152.4436413 156.9702734 151.5524491
179.2742558 179.3659086 179.2906609 179.1424255 179.0340881 179.0655375 178.2134476 178.8860445 178.6276636 178.0796604 177.7469616 177.4080563 177.2240381 177.2974081 177.403594 176.8748837 176.221272 176.5979176 176.492177 176.7275033 176.7362742 164.6817532 177.0736032 167.2563095 177.3454776 176.6956286 177.4741042 177.6151364 176.277281 176.2191405 176.1356063 175.8289193 175.0750387 174.8469743 174.0423072 174.2540895 173.7444973 173.2314399 172.6901448 170.0439111 171.1622129 170.6587514 169.928643 171.3074108 171.1503486 166.1145365 163.7994186 171.1487037 171.1480199 161.377104 161.103453 152.3146703 130.4569492 150.7457601 138.8798514 154.6006501 148.8401077
179.3890095 179.2616892 179.0154514 178.844244 178.7976036 178.5569954 178.328042 178.2959747 178.2166023 177.6050959 177.3165026 177.346982 177.2080059 177.1698503 176.8161945 176.7761812 176.7087975 176.6702323 176.8694458 176.8166032 176.7589116 176.7764196 176.8118844 176.9275825 177.1622059 176.3379517 176.1841784 175.9151067 175.1930734 175.0244957 174.8238147 174.086347 174.3888048 174.1935907 174.220098 174.0604571 173.8855578 173.7132683 173.6152067 164.1104601 166.9576751 166.4139077 165.8796116 167.7471545 165.1025186 166.2951901 171.0091571 163.3675828 164.7654735 161.6460812 154.5422444 161.4062359 156.8341281 161.2921198 161.2750344 154.882179 154.8250316
179.6158123 181.1008234 178.6803389 178.3722048 178.0514975 177.8688602 177.2407904 177.7872992 177.5253353 176.7555323 163.5298586 177.2590485 177.4555316 163.5134931 176.948431 177.2990403 177.2113414 177.0729051 176.9396873 176.7671957 176.6107581 176.6907191 176.7871115 176.1125307 176.0401974 175.7894328 175.4557264 174.7318316 174.4581034 177.3977831 177.3414604 174.3899053 177.1234536 173.7392352 158.1930808 173.2911311 171.9898678 172.5025325 170.788207 124.4899419 170.0428307 169.776835 162.4437242 170.5500785 170.6221723 167.0760512 168.1224331 166.1892128 165.9924867 162.5395102 162.000662 161.7481186 161.5305879 161.4898874 161.2702228 155.5070483 155.0549211
181.1691818 180.8886518 178.4496002 177.7129145 177.0873022 177.2824602 178.230999 178.3755264 177.5196753 177.6146498 177.5848122 177.7282243 177.7849889 177.7640681 177.6389794 177.3354864 177.0483541 176.9429183 176.7567389 175.9394524 175.7679455 175.0535276 175.7740057 175.8564005 175.8733038 175.7062833 177.2423421 165.9072758 172.00224 171.8852884 172.3214954 172.0502439 171.7392664 171.3524615 171.7041663 172.6196088 165.1479307 170.6837798 170.7902395 169.89561 169.0104666 168.9153062 168.7577275 169.1989703 168.9062833 168.4874902 168.0923473 166.8193882 166.5252133 166.4098805 166.3832502 161.8722525 161.5503476 161.5393621 157.2235576 156.5322203 161.2867278
181.0206156 180.6474409 178.8153286 178.1983337 177.9074278 177.8416748 177.8712616 177.8350725 178.0599556 178.1881847 177.8331485 178.0151711 178.1551499 178.1019139 177.865931 177.2796407 176.8589969 176.5950408 175.8710694 175.6616721 175.5809338 175.7010417 164.9880481 175.8010135 173.1066893 172.0361043 172.6462024 172.3842497 172.0444936 171.5416717 173.5618425 171.3576081 171.1633784 171.1971788 171.33805 165.8126713 170.8050296 170.516631 170.1541077 170.0740599 170.0954501 170.0873484 169.5612046 170.0893797 170.1177557 168.6125442 168.2039599 168.0782447 166.6505608 166.5325716 163.2746481 162.3409592 161.9979335 159.1867847 161.5575187 157.9672125 157.2511811
181.501297 180.3069859 178.7790623 178.3177071 178.1110301 179.468596 178.9610887 178.8720331 178.8224592 178.8743887 178.9117455 178.868753 178.4989176 178.2252219 177.5792332 177.6788235 177.3156269 173.4302888 173.6064495 176.4216607 171.747185 172.6900735 171.7502971 171.7102936 172.3107808 172.1048115 171.4891298 171.5205919 171.2329225 171.1649795 171.0441097 170.944891 170.8540556 170.6829269 170.6477272 170.474972 170.3768662 170.3838957 170.190934 170.2038805 170.1622754 170.1425099 170.1185479 169.2686917 168.9013399 168.5679556 167.4911711 166.9779132 166.5961117 164.3379004 166.3892496 162.588701 162.1840282 161.9488283 161.6173009 161.4256494 161.3697067
