Environmental Parameters/Projection/Sea-surface_salinity.asc
ncols 720
nrows 360
xllcorner -180.00
yllcorner -90.00
cellsize 0.5
NODATA_value -9999
[rows 0 to 24 of 360, columns 342 to 398 of 720]
30.70898628 30.7100029 30.7109642 30.71187019 30.71270752 30.71349335 30.71421242 30.71484566 30.71518135 30.71521187 30.71499634 30.71479988 30.71467209 30.71461296 30.71462631 30.71469879 30.71483803 30.7150383 30.71529388 30.71559143 30.71593857 30.71633148 30.71677017 30.71725464 30.71777344 30.71832657 30.71890831 30.71952438 30.72016907 30.72083855 30.72153854 30.72225761 30.72299957 30.72376251 30.72453499 30.72532845 30.72613716 30.72695732 30.72778893 30.72863007 30.72948456 30.73033905 30.73120499 30.73208046 30.73295593 30.73384476 30.73472977 30.73561668 30.73650169 30.73739243 30.73828125 30.73916817 30.74005508 30.74094391 30.74181557 30.74264717 30.74341202
31.05702972 31.06043625 31.06365395 31.07239151 31.07521439 31.1089325 31.11056519 31.11147308 31.11180115 31.11207008 31.11281967 31.11432076 31.11646843 31.1191349 31.12221527 31.12560081 31.12918282 31.13286018 31.13652802 31.1401062 31.14348412 31.14653587 31.14908028 31.15096664 31.15208054 31.15245056 31.17690086 31.17700005 31.17759705 31.17865181 31.18005753 31.18172836 31.18357468 31.18551254 31.18745422 31.18932724 31.19105148 31.19255257 31.19376564 31.19462204 31.19506073 31.20193291 31.20167923 31.20080185 31.19933701 31.19778252 31.19671631 31.19659424 31.19740295 31.19906425 31.20151329 31.2046833 31.20851326 31.21294403 31.21786308 31.22289658 31.22763824
31.44500732 31.45222855 31.46056938 31.46941376 31.47815514 31.48614693 31.49274635 31.49744225 31.50097847 31.50466919 31.50967789 31.54382133 31.55023575 31.5568161 31.56305504 31.56845474 31.57255173 31.57488441 31.57553864 31.57564926 31.57647324 31.57873726 31.58210945 31.59772873 31.60211754 31.60635948 31.61003876 31.61275482 31.61413956 31.6146183 31.61536217 31.61753273 31.62145996 31.62675095 31.63295174 31.63935852 31.64524841 31.64996529 31.65314484 31.65449142 31.6542263 31.6533432 31.68531609 31.68624306 31.68802452 31.69040489 31.69312286 31.71148682 31.71405411 31.71620941 31.71769524 31.71830559 31.71865463 31.71980667 31.72231865 31.725811 31.72953033
31.79291153 31.8163166 31.82309341 31.8324337 31.84298706 31.85314178 31.86131668 31.8777256 31.88025856 31.88267899 31.8868351 31.89226532 31.89780617 31.90241051 31.90520096 31.90645409 31.90780067 31.91096115 31.91636848 31.92311859 31.93027306 31.95498466 31.95999146 31.96364594 31.96713829 31.98186302 31.98666 31.99115753 31.99463463 31.99636841 31.99118805 31.99151611 31.99232674 31.99272346 31.99382973 31.99614525 31.99895096 32.00147247 32.00349808 32.00572777 32.01800346 32.02241325 32.02722931 32.03181839 32.03553391 32.03773117 32.03791618 32.03703117 32.05777168 32.05979347 32.06419182 32.07026672 32.0767498 32.08212471 32.08503342 32.08521843 32.0973587
32.12632751 32.13651657 32.14284515 32.14909172 32.15878105 32.17064667 32.18127632 32.18844986 32.19389725 32.20042992 32.23141289 32.24066925 32.24750137 32.26649094 32.2682209 32.27085686 32.27512932 32.27927017 32.28140068 32.28116989 32.28048897 32.28153229 32.28470612 32.28838921 32.30904007 32.31044006 32.31304932 32.31827164 32.32500648 32.34266853 32.344944 32.34412193 32.34225655 32.34171104 32.34322929 32.34551811 32.34714699 32.36068726 32.36123085 32.36494827 32.37178993 32.37859344 32.38240433 32.38207436 32.37894249 32.37586403 32.3754673 32.37796593 32.38559532 32.39727783 32.40117073 32.40418243 32.42080879 32.42341614 32.4257946 32.42725182 32.42709923
32.33659172 32.35265923 32.36494255 32.37368584 32.38232422 32.39339256 32.40358543 32.40996552 32.42197037 32.427845 32.43584442 32.44278908 32.47663879 32.48181534 32.48919868 32.49817085 32.50576591 32.51117134 32.51549721 32.52013016 32.52423286 32.53303909 32.53326607 32.53297806 32.56173706 32.56316185 32.56410027 32.56472778 32.56609344 32.56884003 32.57175255 32.57327461 32.57316399 32.57229614 32.59614754 32.59947777 32.59868813 32.59811401 32.59867477 32.60108566 32.60433006 32.60675049 32.60777283 32.60852242 32.6102314 32.63112831 32.63302422 32.63457298 32.63652611 32.63925171 32.64230537 32.64429665 32.6464138 32.64578438 32.64627647 32.66437149 32.68122673
32.33810806 32.35237885 32.36948967 32.40466309 32.43636513 32.44981766 32.46586418 32.47840118 32.48863602 32.49709129 32.51205826 32.52135086 32.52855873 32.53573608 32.57247162 32.58397484 32.58728981 32.5890522 32.58977699 32.58987808 32.59165382 32.59390831 32.59561157 32.62364197 32.62490654 32.62421036 32.62214851 32.62470436 32.62260437 32.6208992 32.61989594 32.61963463 32.64268112 32.64279175 32.64169884 32.6397419 32.63769722 32.63667297 32.63751793 32.64547729 32.6478672 32.67259216 32.67444229 32.67741585 32.68026924 32.682621 32.68646049 32.69317055 32.70137024 32.70759773 32.73005486 32.7340374 32.74059486 32.74840927 32.75908089 32.76374817 32.76894569
32.24772072 32.280056 32.3049984 32.32861519 32.34765434 32.36567497 32.38409805 32.432024 32.4422245 32.4519558 32.480093 32.4872036 32.49377441 32.50085449 32.50772667 32.51379776 32.5515976 32.55405045 32.55585098 32.55745125 32.58249283 32.5862999 32.59095573 32.59604263 32.62521553 32.62790489 32.62962341 32.63033295 32.63186073 32.63548851 32.661726 32.66865921 32.69305801 32.70041084 32.70445251 32.70714378 32.71059608 32.71593666 32.7229557 32.74970436 32.75588036 32.76143837 32.76727295 32.78442192 32.7887001 32.79317665 32.81636429 32.82061577 32.82373238 32.82687378 32.83088303 32.83462143 32.83732796 32.83933449 32.85767937 32.85953712 32.87723541
32.05370712 32.10823822 32.13931847 32.17199707 32.20036125 32.22590065 32.25141144 32.27246094 32.31991196 32.37418747 32.39125252 32.40625 32.42107201 32.43410683 32.4453373 32.45596313 32.54763794 32.55622482 32.56550026 32.57460213 32.58295059 32.59113312 32.59853745 32.64218903 32.64825821 32.69153976 32.69705772 32.70328712 32.71029282 32.71687889 32.74817467 32.75252151 32.75596619 32.75887299 32.78926468 32.79432869 32.79972076 32.82047653 32.82378769 32.82593346 32.82695389 32.82973671 32.82899666 32.84728432 32.85268402 32.8789196 32.88352776 32.88697624 32.8893013 32.89126587 32.90730286 32.90937233 32.91140175 32.91332626 32.91420746 32.91367149 32.91278839
32.09269333 32.12068748 32.14705276 32.18795013 32.21500206 32.26524734 32.28809738 32.30843735 32.32872772 32.35137749 32.39845657 32.42205048 32.44491577 32.4955101 32.51072121 32.52444077 32.5370636 32.58453178 32.59790039 32.60855484 32.65196609 32.65743637 32.66037369 32.69982147 32.70319176 32.70585442 32.70800781 32.70938492 32.74100494 32.77245522 32.77084541 32.76984406 32.77002144 32.77165604 32.77307129 32.77368355 32.79851723 32.82108116 32.82282066 32.82665062 32.83098602 32.83517456 32.85555458 32.85788155 32.86076736 32.86573029 32.8719883 32.89220619 32.91212463 32.91691971 32.91968727 32.91996956 32.91908836 32.93184853 32.93191719 32.93181801 32.92980957
32.2831192 32.29213905 32.30432701 32.33700943 32.35174751 32.38562775 32.39391518 32.40047073 32.4105854 32.42424965 32.46718025 32.50650215 32.51737022 32.5225544 32.52674484 32.5339489 32.57248306 32.60705757 32.61597824 32.62122345 32.62108803 32.62341881 32.62988472 32.66591454 32.69895554 32.70573616 32.70894051 32.71021461 32.71365166 32.7438488 32.74972153 32.75440788 32.77709961 32.7795887 32.80341911 32.8067894 32.80918503 32.81015396 32.81003761 32.80930328 32.84817696 32.84850311 32.84934425 32.8504982 32.85159302 32.86515808 32.86426544 32.86279106 32.86067581 32.87032509 32.86758232 32.87017822 32.86587143 32.85896873 32.85087967 32.85440063 32.85151291
32.36375999 32.39160347 32.42020988 32.42348099 32.42664528 32.42922211 32.46184921 32.46385193 32.50091553 32.50501823 32.50976562 32.51363182 32.54654312 32.54829979 32.5831604 32.58658981 32.59055328 32.59462547 32.62382317 32.62726784 32.66210365 32.67034149 32.67987251 32.71183205 32.71857452 32.72488213 32.73375511 32.77437782 32.80563927 32.81346703 32.81561279 32.81723022 32.82358742 32.84768677 32.87648582 32.88057518 32.87966728 32.87561989 32.88521957 32.88121796 32.87613869 32.86928177 32.88476181 32.88363457 32.87314796 32.86215782 32.85116386 32.83924294 32.82995987 32.81780434 32.82444 32.81373978 32.80360603 32.79382133 32.78270721 32.76958466 32.76371574
32.26733971 32.31950378 32.36530113 32.38244247 32.39758682 32.41036415 32.45858955 32.50170326 32.50974083 32.51854134 32.52652931 32.53237152 32.57624626 32.60887337 32.61259079 32.61656761 32.61981583 32.65929604 32.68815041 32.69060516 32.69405365 32.69747353 32.69981003 32.77707863 32.78055191 32.78618622 32.79168129 32.79592705 32.83073807 32.83441925 32.88225746 32.88961792 32.91539955 32.91654587 32.9158268 32.91687012 32.95537949 32.94515991 32.95010185 32.95381927 32.94758987 32.94585991 32.94121933 32.9372139 32.94838524 32.9397068 32.92795753 32.91551399 32.90212631 32.8894577 32.87166977 32.86172485 32.85775375 32.84839439 32.84101677 32.82398224 32.82253647
32.22096252 32.26914406 32.31049347 32.37209702 32.40913582 32.47560501 32.49533844 32.5106411 32.55939865 32.58109283 32.63022804 32.64074326 32.64422798 32.67606163 32.68418694 32.71260262 32.71225739 32.70796967 32.72467804 32.72088623 32.71587181 32.73434258 32.7285614 32.75671005 32.75448799 32.75123215 32.78442383 32.82884026 32.8279705 32.82728195 32.82660675 32.87252808 32.90070152 32.897192 32.89678955 32.89804077 32.91981888 32.91781235 32.91303635 32.91909599 32.91596985 32.91419411 32.91251564 32.90360069 32.88958359 32.88742447 32.88417625 32.88481903 32.86926079 32.86780167 32.86880302 32.86797333 32.86565018 32.82920074 32.8279171 32.82219887 32.81361771
32.13529015 32.21482468 32.27893448 32.35082626 32.39525223 32.45779419 32.47952843 32.50060463 32.55440712 32.61259079 32.63341141 32.64366341 32.64934158 32.68801117 32.71508598 32.72094345 32.71429062 32.70603371 32.73122978 32.72027206 32.70334435 32.69891739 32.71572304 32.73293686 32.72478294 32.71511269 32.71149254 32.74962616 32.74785233 32.77747345 32.77333832 32.81808281 32.81854057 32.81535912 32.80929947 32.87394714 32.86712837 32.85956192 32.85095787 32.8405304 32.83094025 32.83586311 32.82278633 32.78601837 32.77688217 32.77205467 32.75128365 32.73225021 32.71094704 32.70806885 32.69052887 32.69055557 32.69166183 32.69413376 32.68280029 32.67667007 32.68268394
31.86520195 31.98867035 32.0968914 32.17086601 32.22242737 32.25913429 32.31517792 32.3746891 32.4000988 32.42295837 32.47712326 32.53131676 32.54200172 32.55300331 32.58750534 32.59340668 32.62192345 32.61481667 32.61610413 32.59851074 32.58517647 32.60030365 32.6208744 32.60532761 32.59351921 32.60209084 32.70721054 32.6997261 32.69592667 32.70535851 32.76568031 32.84623718 32.85681152 32.84937668 32.87560463 32.87251472 32.86735344 32.90123558 32.8830452 32.87091064 32.8581295 32.81297874 32.82552338 32.81557274 32.80307388 32.75197983 32.74126434 32.74538422 32.72936058 32.6961956 32.70705986 32.72078896 32.71545029 32.73826218 32.76378441 32.7915802 32.82868195
31.49076653 31.60375023 31.7308712 31.84248734 31.93325233 32.01571655 32.12028313 32.20794487 32.25709152 32.28958511 32.34716988 32.38985634 32.38998604 32.38581085 32.39910316 32.41487885 32.39642906 32.37621498 32.38356018 32.38199997 32.37423515 32.36716652 32.41945076 32.45152855 32.4678669 32.49271011 32.58724403 32.59934044 32.65774918 32.69202805 32.7777729 32.78446198 32.77712631 32.85963821 32.86816025 32.86652565 32.86698151 32.88571548 32.89317703 32.92293167 32.92108536 32.92073059 32.91796112 32.91174698 32.92100525 32.91646576 32.91015244 32.87908554 32.87644577 32.89065552 32.93828583 32.88357544 32.90978622 32.92822647 32.91994858 32.94136429 32.96632385
31.289711 31.38319206 31.46768951 31.57466698 31.6781311 31.80839348 31.90973473 32.02625465 32.10962296 32.1945591 32.22776794 32.27239418 32.27846909 32.27687836 32.2426033 32.21182632 32.1653614 32.12668991 32.10995674 32.09243393 32.08182716 32.10564995 32.16307068 32.18565559 32.20755577 32.22138977 32.3648777 32.38374901 32.40279007 32.48184013 32.55380821 32.57094193 32.64782524 32.66055107 32.68345261 32.79232407 32.86589813 32.8759079 32.89135742 32.95078278 33.01579285 33.02980804 33.04689789 33.05061722 33.05435562 33.05682373 33.09341049 33.10215378 33.11510086 33.12909317 33.15374374 33.24232864 33.29693604 33.28562164 33.2989769 33.29872131 33.30709076
31.22755432 31.32710838 31.394907 31.47402763 31.60313034 31.69441223 31.78144264 31.87223244 31.9997921 32.06507301 32.1177578 32.19365883 32.23835564 32.24774361 32.23256874 32.2213974 32.17621803 32.11734009 32.06378555 32.07016563 32.05817795 32.07332611 32.13108063 32.17388725 32.27862549 32.35977173 32.38477516 32.39804649 32.51344299 32.58896637 32.59334564 32.59848404 32.80833817 32.82881165 32.86277008 32.95310974 32.98506165 33.1260376 33.20329285 33.24085236 33.24714279 33.31814194 33.46409607 33.54652405 33.58745575 33.63219833 33.64689255 33.69430542 33.6857605 33.69215393 33.70014954 33.72131729 33.8114357 33.8405571 33.86136627 33.83176422 33.79681015
30.89157295 31.00104904 31.13126945 31.27238464 31.39493752 31.53331947 31.63587379 31.76136589 31.84533882 31.94745255 32.05400276 32.11655235 32.18504524 32.21413231 32.28051758 32.29852104 32.2664032 32.23924255 32.29435158 32.32667923 32.37681198 32.48483086 32.70916557 32.75890923 32.83766556 32.9621582 33.15345764 33.21022034 33.28279495 33.3202095 33.48199463 33.53988647 33.54046249 33.56685638 33.77022552 33.79795074 33.88203049 34.00825882 34.10962677 34.2735939 34.34942627 34.35951614 34.35179138 34.35837936 34.34571457 34.30886078 34.27429199 34.25685501 34.294384 34.29194641 34.29095459 34.286129 34.27591324 34.27353668 34.17174911 34.06150436 33.97366333
30.94550896 31.03698921 31.16695023 31.26103592 31.35491753 31.44516182 31.60360146 31.69607925 31.78240585 31.95973969 32.03210258 32.09648895 32.19064713 32.30669594 32.33818436 32.40751076 32.52724648 32.56118393 32.60420418 32.70768738 32.89647102 32.98293304 33.13694 33.26849747 33.5752182 33.77591705 33.91749954 34.07857513 34.27187729 34.40444565 34.46879959 34.56301117 34.68539429 34.70798111 34.7491188 34.78018188 34.86337662 34.88440704 34.90076447 34.7812767 34.71405792 34.64122009 34.59039307 34.5466423 34.5249939 34.57360077 34.63004303 34.59319305 34.60679626 34.47475815 -9999.0 34.39128113 34.34674072 34.30427551 34.24552917 34.06338036 33.90837638
31.04814529 31.13093567 31.24620438 31.35320091 31.44259262 31.56510544 31.6685009 31.752388 31.89006805 31.95797729 32.06212234 32.1191082 32.24531555 32.34903526 32.39468193 32.53382683 32.67637825 32.7540493 32.99807739 33.20689392 33.32495499 33.43009186 33.79169464 33.91246414 34.07845688 34.22668457 34.43819427 34.57969666 34.73302841 34.86136627 34.95301819 35.01304626 35.06441879 35.10860825 35.1083374 35.09738541 35.10044861 35.11236572 35.13105011 35.13922119 34.95477676 34.84423828 34.78918076 -9999.0 -9999.0 34.76841697 -9999.0 -9999.0 34.75931627 34.6150986 34.50393337 -9999.0 -9999.0 34.17917305 -9999.0 34.00271961 33.82758864
31.17230225 31.28156281 31.3520031 31.41409683 31.5334301 31.59508705 31.66284943 31.77376175 31.90039253 31.97685623 32.11511612 32.27121925 32.34979248 32.52017021 32.78087044 32.95596504 33.20079803 33.48379135 33.603302 33.80730438 33.89461136 34.16358948 34.26694107 34.37765503 34.48435211 34.55890656 34.64370346 34.74188995 34.79564285 34.89654922 35.00992584 35.05806351 35.14052582 35.15452194 35.14877701 35.20152283 35.17944336 35.15712357 35.17145538 35.18560028 35.18877411 35.0557251 34.95795822 -9999.0 -9999.0 -9999.0 34.98805237 35.01825911 34.97054416 34.7925767 34.59960809 34.41351381 -9999.0 -9999.0 -9999.0 -9999.0 33.90076242
31.2797699 31.36551094 31.44830513 31.51197243 31.60517693 31.70090103 31.77214813 31.99595833 32.08279991 32.22298622 32.63793182 32.79896736 33.09288216 33.6405983 33.88568115 33.94258499 34.23449326 34.36906433 34.38591003 34.4883461 34.55038834 34.6281662 34.6484642 34.70517731 34.7788353 34.82120132 34.82038879 34.88032532 34.91363525 34.95461655 34.9822998 35.00685501 35.09017181 35.11372375 35.22360992 35.24095154 35.26583481 35.33951569 35.32781982 35.29766083 35.29477692 35.28294754 35.26803589 35.15398407 35.11496735 35.10923767 35.14876556 35.23467427 35.22836936 34.93928647 34.70444614 34.48101634 -9999.0 -9999.0 -9999.0 33.85286713 34.07516479
31.34052467 31.40485191 31.49458504 31.58050346 31.64847565 31.78404045 31.94508171 32.06543541 32.35746193 32.74485016 33.01780319 33.44192505 33.8970871 34.18513489 34.33958817 34.47489929 34.49507141 34.54777145 34.52020645 34.52360535 34.5634079 34.55176544 34.58158493 34.62288284 34.63206482 34.66712952 34.71461868 34.7569046 34.79676437 34.85271835 34.88132095 34.94341278 34.96100998 34.97750854 35.08417892 35.10257339 35.19606018 35.18981934 35.2087059 35.27223969 35.25823975 35.28298569 35.26054764 35.20383072 35.16905212 35.17822266 35.23976135 35.24049759 35.21411812 35.05165416 34.82508534 34.57996655 -9999.0 33.89979935 34.06211853 34.11219788 34.13880539
