Environmental Parameters/Projection/Sea-bottom_salinity.asc
ncols 720
nrows 360
xllcorner -180.00
yllcorner -90.00
cellsize 0.5
NODATA_value -9999
[rows 175 to 199 of 360, columns 114 to 170 of 720]
34.63548279 34.64365768 34.63686752 34.62946701 34.62075806 34.61200714 34.60390472 34.57898331 34.57996368 34.57493973 34.57788849 34.57970047 34.58231735 34.58573151 34.58813858 34.58914948 34.58156586 34.58536148 34.58353806 34.59269714 34.59669876 34.60208893 34.60638428 34.6099472 34.60925674 34.60715866 34.61425018 34.6134758 34.61146164 34.60817337 34.60458755 34.60098267 34.59750748 34.59303284 34.58516312 34.5847702 34.5821228 34.585392 34.58294678 34.58016968 34.57576752 34.55711365 34.56108475 34.53697205 34.53979111 34.53180313 34.52677155 34.53591919 34.53372574 34.52783966 34.52163696 34.51791 34.49873352 34.49705505 34.49575043 34.51219559 34.50135422
34.69620514 34.69594955 34.6958847 34.6958847 34.6958847 34.69588089 34.69542694 34.69085312 34.68701172 34.68037415 34.67400742 34.66674423 34.65891647 34.65158844 34.64494705 34.63805389 34.63049316 34.62132263 34.61774445 34.62033844 34.62245178 34.62534332 34.62898254 34.63218689 34.63469315 34.63673782 34.63340378 34.63147354 34.62768936 34.6227951 34.61825562 34.61471176 34.61210632 34.61008835 34.60847092 34.60969162 34.61310959 34.61277771 34.61012268 34.60678101 34.60181427 34.58280563 34.58570099 34.56552124 34.55988693 34.55883026 34.55422974 34.55595398 34.56031799 34.55498505 34.55812836 34.55935669 34.56161118 34.55770111 34.55982208 34.55508423 34.5481987
34.69545746 34.69541931 34.69541168 34.69538498 34.69540405 34.69325638 34.69545746 34.69530106 34.69522858 34.69499207 34.69514847 34.69506836 34.69461441 34.69415283 34.69382095 34.69370651 34.69350433 34.69351578 34.69348145 34.69351959 34.69343185 34.69329453 34.68991089 34.6879425 34.68704605 34.68711472 34.683815 34.68217468 34.64311981 34.63674927 34.63188553 34.62885666 34.62714767 34.62677002 34.63145828 34.63240433 34.63687515 34.63274765 34.62999725 34.62686157 34.62347794 34.60734558 34.60212708 34.60067368 34.60503387 34.5981369 34.58790588 34.58856201 34.59040833 34.5900383 34.5945549 34.59666061 34.59869003 34.60113525 34.59646606 34.58493042 34.57275009
34.69522095 34.69501495 34.69493103 34.69477463 34.69476318 34.69315338 34.69376373 34.69437408 34.6944046 34.69437408 34.69404984 34.69371033 34.69308472 34.69274521 34.69285965 34.69291687 34.69291687 34.69284439 34.69293976 34.69288254 34.69270706 34.69253922 34.69251633 34.69267273 34.69268036 34.69275284 34.68682861 34.68675613 34.68652725 34.68636703 34.68637848 34.68646622 34.68655014 34.68701935 34.68755722 34.68783569 34.68806839 34.67910767 34.66383362 34.67342377 34.64281464 34.63217926 34.63051605 34.63968277 34.63327408 34.62358856 34.61807632 34.61809158 34.62005615 34.61800766 34.61628342 34.61594009 34.61690521 34.61519623 34.60818481 34.59741592 34.58395386
34.69501877 34.6949234 34.69483185 34.69477844 34.69472885 34.69373322 34.69404221 34.6943512 34.69438171 34.69421768 34.69375229 34.69319534 34.6926384 34.6926651 34.69270706 34.69274521 34.69277954 34.69269943 34.69263077 34.69247818 34.69232559 34.69221878 34.6921196 34.69216919 34.69225693 34.69234085 34.69245529 34.69254303 34.68665314 34.68676376 34.68697739 34.68719101 34.68735886 34.68748093 34.68774796 34.68814468 34.68860245 34.68880463 34.68888855 34.68911743 34.67507553 34.67507553 34.67507553 34.67507935 34.65688324 34.64201736 34.62804794 34.6240654 34.6123085 34.61787415 34.60682678 34.60509491 34.61314392 34.61171341 34.59752655 34.59711075 34.58719254
34.69493484 34.69486618 34.6947937 34.69477081 34.69470978 34.69446945 34.69449234 34.69451523 34.69456482 34.69458008 34.69410324 34.69340897 34.69271469 34.69274139 34.69277573 34.6928215 34.69285965 34.69290543 34.69294739 34.69271088 34.69236374 34.692173 34.692173 34.6922493 34.69232178 34.68698502 34.69250488 34.69256592 34.68707657 34.68717957 34.68739319 34.68759537 34.6877327 34.68787003 34.68821335 34.68876266 34.68947601 34.6896286 34.68967056 34.68971252 34.68983078 34.67505264 34.69007111 34.68883514 34.68427277 34.68360519 34.68400955 34.67439651 34.66546631 34.64842987 34.63261795 34.61759567 34.60261536 34.5921402 34.59949493 34.59554291 34.58974838
34.69493866 34.69491959 34.69489288 34.69484711 34.69487381 34.69475555 34.6947937 34.69483948 34.69488525 34.69492722 34.69468307 34.69413757 34.69322968 34.69506454 34.6931572 34.6952858 34.69327545 34.69333649 34.69339371 34.69322586 34.69284058 34.69245911 34.69252396 34.69271851 34.69278336 34.69284439 34.69291306 34.69296265 34.68785858 34.69303513 34.68810654 34.69303513 34.68828964 34.69312668 34.6890831 34.68984604 34.69056702 34.69059753 34.69052505 34.6905365 34.69058228 34.69067764 34.67518997 34.67523193 34.68325806 34.68357086 34.6842041 34.68436813 34.68477249 34.685009 34.67520523 34.65357208 34.64915848 34.63687515 34.62069321 34.60206985 34.58819962
34.69480896 34.69485855 34.69490433 34.69496536 34.69499207 34.69502258 34.69483948 34.6948967 34.69510269 34.69499969 34.69496155 34.69450378 34.69374466 34.69319916 34.69325256 34.6933136 34.69340897 34.69550323 34.69556808 34.69330597 34.69294739 34.69266891 34.69272614 34.69278336 34.69283676 34.69292831 34.69295883 34.69301224 34.69300842 34.69303131 34.69304657 34.69306564 34.69307709 34.69309235 34.69001389 34.69063568 34.69096756 34.69104767 34.69110107 34.69112778 34.67520142 34.67524338 34.68892288 34.68412399 34.67561722 34.67611313 34.68415451 34.68442917 34.68496323 34.68523407 34.68546677 34.68493271 34.66756058 34.65471649 34.63707733 34.6182785 34.59598541
34.69452286 34.694561 34.69465637 34.69470596 34.69476318 34.69478989 34.69463348 34.69466782 34.69474792 34.69495392 34.69496536 34.69501877 34.69360733 34.69298935 34.69304276 34.69309998 34.69527054 34.69536972 34.69538116 34.69311142 34.69276428 34.69249344 34.69255447 34.69261169 34.6926651 34.69271851 34.6927948 34.69282532 34.69285965 34.69289017 34.69291306 34.69293594 34.69295502 34.69297409 34.69062042 34.69087982 34.69101334 34.69107437 34.69110489 34.69114685 34.67518997 34.67525101 34.68632507 34.68276596 34.68309402 34.6835556 34.68395996 34.68453598 34.68503189 34.68531036 34.68555069 34.68582153 34.67799759 34.65979385 34.63595581 34.61394501 34.58817673
34.69433212 34.69434738 34.69439316 34.69446945 34.6944809 34.69438553 34.69458389 34.69439316 34.69462204 34.69465256 34.69470978 34.69411087 34.69336319 34.69275284 34.69279861 34.69496918 34.69499207 34.69508362 34.69514465 34.6928978 34.69260788 34.69231033 34.69237518 34.69243622 34.69249344 34.6925087 34.69257736 34.69260788 34.6926918 34.69272614 34.69275665 34.69278336 34.69280624 34.69060135 34.69073486 34.69086456 34.69089127 34.69096375 34.69100571 34.69104767 34.67509079 34.68749237 34.67522049 34.68249893 34.68284607 34.68328094 34.68385315 34.6843338 34.68487549 34.68530655 34.68558884 34.68587112 34.67366028 34.65353775 34.63385773 34.60852051 34.57646561
34.69432068 34.69430542 34.69429779 34.69432831 34.69432068 34.69439316 34.69439316 34.69443893 34.69444656 34.69451904 34.69452667 34.6939888 34.69316101 34.69468689 34.69260025 34.69480515 34.69482803 34.69488525 34.69286346 34.6927948 34.69257355 34.69231033 34.69221878 34.69224548 34.69229889 34.69234467 34.69238663 34.69242477 34.69245529 34.69010925 34.69251251 34.69039536 34.69257355 34.69060135 34.69063187 34.69068146 34.6907196 34.69075394 34.69078827 34.69083023 34.6748848 34.68521118 34.68198013 34.6821022 34.68240738 34.68286133 34.68345642 34.68393326 34.68458176 34.68507004 34.6853981 34.6856842 34.68013382 34.65965271 34.63945007 34.61700439 34.59304428
34.69450378 34.69449234 34.69448471 34.69447327 34.69446182 34.69445038 34.69447708 34.69443512 34.6944046 34.69444656 34.69446564 34.69456863 34.69322586 34.69258118 34.69470215 34.69474411 34.69478989 34.69484329 34.69281387 34.69272614 34.69248581 34.69228745 34.69215393 34.6920929 34.69212723 34.69215775 34.69219589 34.69220734 34.69221497 34.69222641 34.69224548 34.69026566 34.69229507 34.69032288 34.69035339 34.69042206 34.69046021 34.69050217 34.69054794 34.68990326 34.68583679 34.68251801 34.68169785 34.68183899 34.68194962 34.6823082 34.68295288 34.68355942 34.6842308 34.68483353 34.68518448 34.68531036 34.68536758 34.67291641 34.64838409 34.62559891 34.60152054
34.69484329 34.69483566 34.69482803 34.69482422 34.69481659 34.69481277 34.69485092 34.69480896 34.69485855 34.69487381 34.69480133 34.69437408 34.69350433 34.69493103 34.69284439 34.69501114 34.69504166 34.69511795 34.69287491 34.69265366 34.69247055 34.69233322 34.69221878 34.69217682 34.69219971 34.69221497 34.69223785 34.69221497 34.69220734 34.69019699 34.69019699 34.69021225 34.69022751 34.6902504 34.6902771 34.67448044 34.67433548 34.68906784 34.68777466 34.67446899 34.68244934 34.67458344 34.68149185 34.68169403 34.68175507 34.68199921 34.68257904 34.68336487 34.68420792 34.68479919 34.68506241 34.68509674 34.6828804 34.6709137 34.6407814 34.62887955 34.60174179
34.69511414 34.69527435 34.69521332 34.69521332 34.69522095 34.69523239 34.69532776 34.69552231 34.69552994 34.6953392 34.69532776 34.69540024 34.6938858 34.6932106 34.69319916 34.69547272 34.69547272 34.69330215 34.69308853 34.69274139 34.69234467 34.69234085 34.69236755 34.69232178 34.69238663 34.68946457 34.68982697 34.69014359 34.69241714 34.69034576 34.69032669 34.69032288 34.69032669 34.69036865 34.6750946 34.67472839 34.67448425 34.67442703 34.68081284 34.68009949 34.68018341 34.68107605 34.6814003 34.68167496 34.68172836 34.68187714 34.68479538 34.68352509 34.68436813 34.68481064 34.6849823 34.68498993 34.68341827 34.68501663 34.67062759 34.64628983 34.61545944
34.69514084 34.69546509 34.69553757 34.6955719 34.69560623 34.69562531 34.69592667 34.69560623 34.69591904 34.69562531 34.69591904 34.69516754 34.69434738 34.69365692 34.69589233 34.69581223 34.69580078 34.69579315 34.69323349 34.69287109 34.69251633 34.69245529 34.69239426 34.68831253 34.68857956 34.68893433 34.67839432 34.67822647 34.69039154 34.69054031 34.69051743 34.69049835 34.67668915 34.67585754 34.67533493 34.6813736 34.67468262 34.67850494 34.67854309 34.67915726 34.67995453 34.68072891 34.68128967 34.68163681 34.68175888 34.68462753 34.68481064 34.68486786 34.68436432 34.6847496 34.68490601 34.68478394 34.68389511 34.67984772 34.68217468 34.6516037 34.64061356
34.69575119 34.69586945 34.6955452 34.69558716 34.69562912 34.69566727 34.69614029 34.69616699 34.6961937 34.69577026 34.69577789 34.69534683 34.69614029 34.69377136 34.6937561 34.69373703 34.69609451 34.69361496 34.69321823 34.69254303 34.6919899 34.69205475 34.69205856 34.68780899 34.68795013 34.68822861 34.68835831 34.68897247 34.68980026 34.69048691 34.69054031 34.67752457 34.67693329 34.67626953 34.67933655 34.6791687 34.6787796 34.67856979 34.67858505 34.6789093 34.67966461 34.68275833 34.68115616 34.68381882 34.68174744 34.68469238 34.68477631 34.68478394 34.68442154 34.68480301 34.68480682 34.68482971 34.68378067 34.68154144 34.67757034 34.6619606 34.64593887
34.69578171 34.69585037 34.69545364 34.69594193 34.69602585 34.69558716 34.69614029 34.69620895 34.69566727 34.69625854 34.6962738 34.69514847 34.69440079 34.69372559 34.69370651 34.69369125 34.69367218 34.69344711 34.69605637 34.69184113 34.69142151 34.69155121 34.6874733 34.68751526 34.68744278 34.68740845 34.6875 34.68772507 34.68845367 34.68960571 34.69009781 34.67757797 34.67731476 34.67655182 34.67596817 34.67933655 34.68133163 34.67857742 34.6785965 34.67877579 34.67959595 34.68266678 34.68315887 34.68375778 34.6842804 34.68458939 34.68466187 34.68374634 34.68444443 34.68466949 34.68467331 34.68467712 34.68364334 34.68468475 34.67912674 34.67102814 34.65776443
34.69572067 34.69577789 34.69583893 34.69586563 34.69591141 34.69594955 34.69598007 34.69544983 34.69547272 34.69604492 34.69527435 34.69462204 34.69603348 34.69347 34.69345474 34.6934433 34.69342804 34.69318771 34.69236755 34.69165802 34.69120407 34.69112015 34.69131851 34.68680573 34.68692398 34.68692398 34.68693161 34.68697739 34.67836761 34.67821121 34.6778717 34.67755127 34.67731094 34.67696762 34.67990112 34.67963409 34.67935562 34.68130493 34.6814003 34.68175125 34.68187714 34.68224716 34.6829071 34.68375778 34.68434525 34.68448257 34.68449783 34.68448639 34.68447876 34.68448257 34.6844902 34.68450546 34.68347931 34.68273926 34.68019104 34.6771965 34.67708969
34.69579697 34.69573593 34.69573975 34.69575119 34.69513702 34.69578934 34.6958046 34.69582367 34.69586182 34.69525528 34.69476318 34.6940155 34.69325256 34.69314575 34.69313431 34.695755 34.69312286 34.69288254 34.69231033 34.69155884 34.69113922 34.69091797 34.68534851 34.68549347 34.6857872 34.68599319 34.68618393 34.68632889 34.68629456 34.67812347 34.68058395 34.67750168 34.67724609 34.67707825 34.68017197 34.67993927 34.67951202 34.68099976 34.67854691 34.67916489 34.68157578 34.68185806 34.68082047 34.68345642 34.68419647 34.68433762 34.6843071 34.68429184 34.68428421 34.68421555 34.68429947 34.68432236 34.68330765 34.68260193 34.68173218 34.67831039 34.67736435
34.69586945 34.69579315 34.69497299 34.69496918 34.6956749 34.69497299 34.6956749 34.69496918 34.69561005 34.69562912 34.69562531 34.69561768 34.69295502 34.69293213 34.6929245 34.69292068 34.69292068 34.69268036 34.6922226 34.69164276 34.69120789 34.69091797 34.68109512 34.6844635 34.68489838 34.68527985 34.68549728 34.67967224 34.68600845 34.67826843 34.67783737 34.67754745 34.67931366 34.67956543 34.67980576 34.67972183 34.67939377 34.67895889 34.68079376 34.67948151 34.68124771 34.68019104 34.6805687 34.68317032 34.68381882 34.68406296 34.68408203 34.68408203 34.68408585 34.6841011 34.68412781 34.68415451 34.68343735 34.68240356 34.68178177 34.67945862 34.67854691
34.69483948 34.69484329 34.69569397 34.69559479 34.69558334 34.69549561 34.69547653 34.69542313 34.69543457 34.69541931 34.69546127 34.69546509 34.6954422 34.69544983 34.69545364 34.69546509 34.69279099 34.69269562 34.68546295 34.69181824 34.68426132 34.68410492 34.6838913 34.68409729 34.68444443 34.68473053 34.68500137 34.68521118 34.68458176 34.67857361 34.67780304 34.67763138 34.67866516 34.67869186 34.67897034 34.67934418 34.68006516 34.68024063 34.68040085 34.6805954 34.69278336 34.69281006 34.69581604 34.69264984 34.69268036 34.68370056 34.69250107 34.68385315 34.68387222 34.68389893 34.68392563 34.68395615 34.68350601 34.68220901 34.68177795 34.68006134 34.6789093
34.69577026 34.69573593 34.69562149 34.69551468 34.69544601 34.69541931 34.69536591 34.69458008 34.69531631 34.69528961 34.69530106 34.69532013 34.69532776 34.69536209 34.69270325 34.69272614 34.69274521 34.69542694 34.68292236 34.68484116 34.68434525 34.68381119 34.68379211 34.68386841 34.68421555 34.68442535 34.68461609 34.68029785 34.67959595 34.67883301 34.6779213 34.67748642 34.67700958 34.67805862 34.67808914 34.6783638 34.67842484 34.67978668 34.67883682 34.68000793 34.69234467 34.68054199 34.68138885 34.68234253 34.69254684 34.69257355 34.68359375 34.68361664 34.68361282 34.68364716 34.69229126 34.68377304 34.68150711 34.68220901 34.68208313 34.67966843 34.67881393
34.68896484 34.69504547 34.69509125 34.69558334 34.69549942 34.69542313 34.6953392 34.69533157 34.69529724 34.69530869 34.69528961 34.69407272 34.6934433 34.69281387 34.69269943 34.69273376 34.69276047 34.68576813 34.69262695 34.68517685 34.68473053 34.68419266 34.6837883 34.68191528 34.68122101 34.68061066 34.68058777 34.68112946 34.67984009 34.67892838 34.67811203 34.67736816 34.67697525 34.67733002 34.67727661 34.67865753 34.67739487 34.679142 34.67958069 34.67881012 34.68008423 34.6922226 34.69226074 34.68209839 34.682827 34.68327713 34.68346024 34.68349838 34.68353653 34.68358612 34.6836319 34.68368149 34.68372345 34.6837616 34.68199539 34.67979431 34.67871094
34.69562531 34.69556046 34.69564056 34.69564056 34.6957016 34.69562912 34.69556427 34.69487 34.6954422 34.69538498 34.69535446 34.69444656 34.69536209 34.69332886 34.69292831 34.68592453 34.69277954 34.68580627 34.68581009 34.68542862 34.68518066 34.68462753 34.68421173 34.68175125 34.68095016 34.68053055 34.68051147 34.68031311 34.67986679 34.67752457 34.67744446 34.67731476 34.67717361 34.67705154 34.67698669 34.67698669 34.67841339 34.67878723 34.67927933 34.6921196 34.69212723 34.69213867 34.68106461 34.69220352 34.69227219 34.69236755 34.69243622 34.68349075 34.68354797 34.68360901 34.68366623 34.68371201 34.68375015 34.68376923 34.68376923 34.68376923 34.6837883
34.68311691 34.69591904 34.69608688 34.69597244 34.69588852 34.69578552 34.6958313 34.69574738 34.69517517 34.69503021 34.69490814 34.69547272 34.69446945 34.69389725 34.6934166 34.68629837 34.68607712 34.68599701 34.68589401 34.6858902 34.68564606 34.68530273 34.68468094 34.68122864 34.68081284 34.68059921 34.68055344 34.68026733 34.67775345 34.67908096 34.67749405 34.67735672 34.67769623 34.6770668 34.67699432 34.67773819 34.67703247 34.67835236 34.67869568 34.69211578 34.69210434 34.69208527 34.69208908 34.69212723 34.68251038 34.69232941 34.68343735 34.69254684 34.68362045 34.68368912 34.68376923 34.68379593 34.68380356 34.68365097 34.68377686 34.68376541 34.67896271
