Environmental Parameters/Projection/Sea-surface_salinity.asc
ncols 720
nrows 360
xllcorner -180.00
yllcorner -90.00
cellsize 0.5
NODATA_value -9999
[rows 150 to 174 of 360, columns 627 to 683 of 720]
33.66416168 33.67857361 33.68959808 33.7019577 33.71209335 33.71982193 33.73220062 33.74320602 33.75014114 33.75679016 33.76099396 33.75843811 33.76486206 33.77157593 33.77706909 33.76812744 33.74496078 33.73468399 33.73400879 33.74274826 33.75672913 33.77436447 33.79541397 33.8281517 33.85552979 33.87568283 33.8806572 33.89159012 33.90857697 33.92730331 33.93758392 33.94343948 33.9494133 33.94840622 33.96025085 33.97019577 33.9802475 33.99346924 34.00913239 34.01862717 34.01875305 34.02201462 34.03020859 34.03722382 34.03863144 34.04291916 34.04785919 34.04674149 34.04633713 34.04489136 34.0489502 34.05408478 34.05603027 34.05544662 34.05434036 34.05506134 34.05900574
33.62943268 33.64649963 33.66123962 33.66671371 33.66794205 33.66656494 33.67512894 33.68347931 33.68965149 33.69442749 33.69398117 33.68984604 33.69456482 33.7049408 33.70988464 33.69545746 33.67826843 33.66627121 33.66637802 33.67383957 33.68538284 33.69959641 33.72053528 33.74570084 33.77422333 33.79291153 33.80862427 33.82423401 33.83809662 33.85252762 33.86960602 33.88002777 33.88140869 33.87618256 33.87649155 33.8835144 33.89869308 33.91651535 33.93056107 33.93594742 33.94148254 33.95215607 33.96071625 33.96492767 33.97270584 33.98148727 33.98617172 33.9854393 33.98235703 33.98249054 33.98892975 33.99214172 33.99074173 33.98897171 33.99003983 33.98843765 33.99167252
33.59195709 33.60728073 33.6182251 33.61844635 33.61615372 33.61164093 33.61242676 33.61667633 33.61989212 33.62215042 33.62203979 33.62014771 33.62155151 33.62642288 33.63346481 33.62503433 33.61227798 33.60157394 33.60050964 33.60282135 33.61035156 33.62229919 33.65569305 33.68105316 33.70081329 33.72119522 33.73792648 33.75537491 33.76906204 33.78302383 33.79198837 33.79883194 33.79808426 33.79328156 33.79376602 33.80278778 33.81825638 33.83057785 33.84340668 33.85226059 33.86383438 33.87915802 33.88391876 33.89108276 33.89988708 33.9093132 33.91709137 33.92117691 33.92338562 33.92638397 33.93197632 33.92832947 33.92398071 33.92200851 33.92160416 33.92031097 33.92240143
33.55490875 33.56387329 33.56930542 33.57009888 33.56694412 33.56098938 33.55528641 33.55475235 33.54893875 33.54424286 33.54575348 33.55145645 33.55404663 33.55831909 33.56278992 33.55301666 33.54165649 33.5352478 33.53779984 33.54552078 33.5595665 33.57678223 33.59998322 33.62132263 33.63057327 33.64229584 33.65788651 33.67532349 33.68970871 33.69299698 33.70184708 33.69950104 33.69810867 33.69714355 33.70067978 33.70921326 33.72486496 33.73657227 33.75279617 33.77012634 33.78252029 33.7882843 33.79495239 33.80416489 33.81451797 33.82769012 33.84238815 33.85629654 33.8662529 33.86940384 33.86643982 33.858181 33.85324097 33.85391617 33.85514832 33.85641479 33.85863876
33.5125885 33.51903152 33.5218277 33.52051544 33.51460648 33.50138474 33.48797226 33.48202133 33.47315598 33.46386337 33.46767044 33.47619629 33.48225403 33.48450851 33.49097443 33.49224472 33.48828888 33.48748779 33.49201965 33.49977493 33.50909805 33.51686478 33.53081131 33.54037857 33.54730225 33.56185532 33.5796814 33.5897522 33.59914398 33.59592438 33.58990097 33.58524704 33.58448029 33.59163284 33.60142517 33.61676025 33.63330078 33.64731216 33.65971375 33.67714691 33.69262695 33.70543289 33.71619797 33.7233963 33.73487091 33.74767685 33.76011658 33.7739296 33.78155136 33.78134537 33.7762146 33.771698 33.7711792 33.77934647 33.78430557 33.78842545 33.79406357
33.46850204 33.47306442 33.47437668 33.46803665 33.45633316 33.43873978 33.42096329 33.41472244 33.40776443 33.40049362 33.40378952 33.41290665 33.41951752 33.42456818 33.43024063 33.43663788 33.44154358 33.44535828 33.44813919 33.44866562 33.44780731 33.44743347 33.45091629 33.45824814 33.46949768 33.48291016 33.49382401 33.50392151 33.50938034 33.50806808 33.50490952 33.50281525 33.5045166 33.50646591 33.51451492 33.52811813 33.54256058 33.5567894 33.56788254 33.58509064 33.60460663 33.62194443 33.63471603 33.64332962 33.65547943 33.67027283 33.68128204 33.68878937 33.68996048 33.68453598 33.67678452 33.67412186 33.67950058 33.69110107 33.70333481 33.71187973 33.72322083
33.41848755 33.42350006 33.42799377 33.42160797 33.40826035 33.38687515 33.3682518 33.36147308 33.3561821 33.3497467 33.35219193 33.36018753 33.36662674 33.37175751 33.3777771 33.38260269 33.38798904 33.39342499 33.39636612 33.39625931 33.39494324 33.39308167 33.39093781 33.39317703 33.3985939 33.40319824 33.41167831 33.41905975 33.42505264 33.42967987 33.43362045 33.43590546 33.43749237 33.43783569 33.44091034 33.44969559 33.45785904 33.47183609 33.48478317 33.49843597 33.51240921 33.52567291 33.53661346 33.5500679 33.56349945 33.58421707 33.59734344 33.60422516 33.60371017 33.59739304 33.59019089 33.58269882 33.59524918 33.60864258 33.6181221 33.63042831 33.64654922
33.36259079 33.36894608 33.37533569 33.37341309 33.35946274 33.34055328 33.32463455 33.31564331 33.31045914 33.30690765 33.30945587 33.3133316 33.32012939 33.32689285 33.33381271 33.34056091 33.34987259 33.35467529 33.35615158 33.35516739 33.35440445 33.35281754 33.34796143 33.34244537 33.34068298 33.33684921 33.33664703 33.33807755 33.34235764 33.34745407 33.35509109 33.36215591 33.36753464 33.36886215 33.3734169 33.37686539 33.38581848 33.39555359 33.40606308 33.41601181 33.42746353 33.426754 33.43711853 33.4539566 33.4678154 33.48264313 33.49401855 33.50673676 33.50595856 33.49556732 33.49371338 33.49458313 33.50172806 33.51813126 33.5382843 33.56184387 33.58645248
33.31710052 33.32036972 33.32707977 33.32860184 33.32139587 33.30667496 33.29391861 33.28225327 33.2768364 33.27409744 33.27671051 33.27913666 33.28221893 33.28643417 33.29039001 33.29811859 33.30828094 33.32027817 33.32648468 33.32590866 33.32466888 33.32139587 33.31697845 33.31125259 33.29903412 33.2892189 33.27914429 33.2705574 33.26813507 33.26845551 33.27399826 33.28246689 33.28569412 33.29426956 33.30350113 33.31030655 33.31805038 33.32599258 33.33154678 33.3390007 33.3470726 33.35216904 33.35661697 33.36552811 33.38225937 33.39832306 33.41201019 33.41255188 33.41439056 33.41344452 33.4114151 33.41724777 33.42061234 33.43088913 33.4462204 33.46572495 33.48603058
33.2833252 33.28207779 33.28622437 33.29270554 33.29141235 33.28097534 33.27362061 33.26879883 33.26003265 33.25810623 33.25864792 33.25990295 33.26417923 33.26257324 33.25835037 33.25834656 33.26293945 33.27157974 33.28594208 33.29070663 33.29103088 33.2890358 33.28395844 33.27734375 33.26948547 33.25361252 33.23759842 33.22423553 33.21586609 33.2117691 33.20982361 33.21307373 33.22131729 33.23213577 33.24186707 33.25314331 33.2611618 33.26361465 33.26528168 33.27005768 33.27803802 33.28301239 33.28624725 33.29242325 33.30278015 33.31561279 33.32765579 33.33881378 33.34702301 33.34938049 33.34787369 33.34915161 33.3585968 33.36769867 33.3789444 33.39310455 33.4076004
33.2561264 33.25712204 33.25628281 33.25690079 33.25754547 33.2563858 33.25751877 33.25904846 33.25605392 33.25566101 33.25680161 33.26200104 33.25986099 33.2573967 33.24819565 33.24258804 33.23951721 33.23917389 33.24344635 33.24873734 33.25082779 33.25310898 33.25213623 33.25124359 33.2474556 33.23773956 33.21865845 33.20201111 33.19480133 33.19187927 33.19105148 33.1929512 33.19758606 33.2015152 33.21063995 33.21974182 33.22770309 33.23139191 33.23278046 33.23364639 33.23812866 33.24206543 33.24513245 33.2473259 33.25482178 33.26448822 33.27157593 33.28008652 33.29036331 33.2979393 33.29814911 33.29605484 33.29990005 33.31354904 33.32910156 33.34426498 33.35538483
33.22437286 33.23423386 33.2341156 33.22690201 33.22111893 33.2260704 33.23722458 33.24328995 33.24178314 33.24266434 33.24555588 33.2543602 33.25559616 33.25021362 33.23910522 33.23373032 33.22830963 33.22301865 33.21766663 33.2163353 33.2204895 33.22526169 33.2271347 33.22883606 33.22875595 33.22273636 33.21388245 33.19992447 33.1888504 33.18458557 33.18564606 33.18611908 33.2046814 33.2057991 33.20818329 33.21879578 33.22442627 33.22772598 33.22769547 33.2255249 33.2257576 33.22779465 33.23026657 33.23392105 33.24103546 33.24557877 33.24538803 33.24737167 33.25400543 33.26490021 33.27072525 33.2710495 33.27236557 33.28497314 33.3014183 33.31806946 33.32976532
33.17713165 33.18421173 33.19527817 33.19937515 33.1922493 33.19301224 33.20201874 33.211586 33.21262741 33.21792603 33.22332382 33.23144913 33.23407745 33.23145676 33.22630692 33.22440338 33.22121048 33.20924759 33.20043564 33.19654083 33.19821167 33.20272827 33.20521545 33.20516968 33.20209503 33.19685364 33.18829727 33.18584061 33.18420792 33.18455505 33.18915176 33.19245911 33.20148468 33.2045517 33.20832062 33.21654892 33.22209549 33.22795486 33.23215866 33.23275757 33.2309227 33.23167801 33.2347908 33.23985291 33.24539185 33.2452774 33.24120331 33.23934937 33.23912048 33.24169922 33.24772644 33.25153732 33.25663376 33.26735306 33.28460312 33.30344772 33.31435013
33.13195419 33.13986588 33.15748596 33.17773819 33.1753006 33.17295074 33.1737442 33.17392731 33.17481995 33.17947388 33.19047165 33.20066071 33.2058754 33.20500946 33.19857407 33.1932869 33.19390488 33.19042969 33.1851387 33.18454742 33.18654633 33.19048691 33.19389725 33.19745636 33.19497299 33.187603 33.18003464 33.17750168 33.18207932 33.18618774 33.19396591 33.1985321 33.20161438 33.20373917 33.20355988 33.20258713 33.20623398 33.21171188 33.22106171 33.23054886 33.2346611 33.23711777 33.24393845 33.24852753 33.25056458 33.24872971 33.2441597 33.24127579 33.24065781 33.23794556 33.2384491 33.24212265 33.24944305 33.26099777 33.27523804 33.28949356 33.29985809
33.10892868 33.09560013 33.15078735 33.16992569 33.16748428 33.16212082 33.15577698 33.14856339 33.15483475 33.15943909 33.16337967 33.17318344 33.17988205 33.17624283 33.1684761 33.16150665 33.15616608 33.16469193 33.17240906 33.18110275 33.18779755 33.18904877 33.18839645 33.19451523 33.19074631 33.18520355 33.17843628 33.17724609 33.18149948 33.18286514 33.17048645 33.18341064 33.17858887 33.1775322 33.17176056 33.1654892 33.17234802 33.18019867 33.19174194 33.20442963 33.21290207 33.21747208 33.22234344 33.23152161 33.23163605 33.22954941 33.22697067 33.22766113 33.22700882 33.2282486 33.22775269 33.23383713 33.24401855 33.25257111 33.26060104 33.2715416 33.28490829
33.11726379 33.12365341 33.15283966 33.16712189 33.16534805 33.16061783 33.14691162 33.14178085 33.15361023 33.16290665 33.16527557 33.16330719 33.16031647 33.1427803 33.13174057 33.12561035 33.1305809 33.14317703 33.16090393 33.17622757 33.18400192 33.18264389 33.17444611 33.17554474 33.17360306 33.16520691 33.1600914 33.16290283 33.16745758 33.163311 33.15846634 33.15144348 33.15025711 33.15428925 33.14946747 33.13989639 33.1374588 33.14335251 33.15515518 33.16625595 33.17246246 33.18052673 33.18868637 33.1945343 33.19985962 33.20398712 33.20833588 33.2104454 33.2110405 33.21641159 33.22304916 33.23175812 33.241436 33.24733353 33.25470734 33.26651001 33.28265381
33.11175919 33.12002182 33.13061523 33.11660385 33.11891937 33.14610291 33.15509033 33.1588707 33.16972351 33.17750931 33.17604446 33.16653061 33.15630341 33.14538193 33.13507843 33.12886047 33.13084793 33.14168167 33.15613556 33.17232895 33.17987823 33.17843246 33.16604996 33.15028763 33.14215851 33.13703537 33.13138199 33.12814713 33.13288879 33.13475418 33.13502502 33.13277054 33.13093948 33.12926483 33.12426758 33.12200928 33.11706924 33.12104416 33.12961578 33.14218903 33.15412521 33.16499329 33.17326355 33.18261337 33.19313049 33.20505524 33.21364212 33.21925354 33.2220993 33.22452164 33.23647308 33.24810791 33.25966263 33.26542664 33.28410339 33.30138397 33.31746674
33.07539368 33.07457352 33.08187485 33.09123611 33.10593414 33.13340759 33.15884018 33.17332458 33.18886948 33.19833374 33.19923019 33.18953323 33.18081665 33.17439651 33.16501999 33.15506744 33.15145111 33.15497589 33.16378784 33.17695618 33.19127274 33.19254303 33.1762352 33.15106964 33.13236237 33.12307358 33.11845398 33.12100983 33.12211609 33.12098694 33.11848068 33.11648941 33.11640549 33.11335754 33.10885239 33.1055069 33.10616302 33.11066437 33.12285614 33.14065933 33.1568222 33.17570496 33.19459152 33.21259689 33.23535919 33.24423218 33.25300598 33.25935364 33.26327133 33.2716713 33.28469467 33.29637527 33.30778885 33.32649231 33.3382988 33.35515213 33.37071228
33.0567894 33.06124115 33.08005142 33.09701538 33.11653137 33.14886093 33.18249512 33.20717239 33.21533585 33.2274704 33.23166656 33.23077393 33.22246552 33.21015549 33.19923401 33.18824387 33.18209076 33.17998505 33.19186783 33.21024323 33.22911453 33.22529221 33.20149994 33.16987228 33.14567947 33.13381958 33.13225937 33.13453674 33.13091278 33.12587738 33.12333679 33.12005615 33.12207031 33.12647629 33.12565994 33.12229919 33.12203979 33.13238144 33.15021133 33.17237854 33.19384384 33.22327805 33.25162506 33.28325653 33.3033371 33.32045746 33.32283401 33.32902527 33.33185959 33.33521271 33.34535217 33.35905838 33.3814888 33.39510345 33.41575623 33.42411041 33.43961716
33.06941986 33.07793427 33.09646606 33.11056519 33.13510895 33.17830276 33.21897507 33.24847794 33.26272202 33.27269363 33.28025055 33.27344894 33.25712204 33.24258041 33.23417282 33.22767258 33.23266602 33.23778915 33.25361252 33.27063751 33.27389908 33.26101685 33.23171234 33.20497131 33.18480682 33.17339706 33.17233658 33.17369461 33.16674423 33.15652847 33.14442444 33.14577103 33.16418839 33.17525864 33.17945099 33.18140793 33.18257904 33.19884109 33.22801971 33.24951172 33.27213669 33.2979393 33.32023621 33.34023285 33.36232758 33.3868866 33.40433502 33.40982056 33.40992355 33.41624451 33.42896652 33.44738388 33.47068024 33.48998642 33.50601578 33.52113342 33.52793503
33.12366486 33.11286926 33.11393738 33.1272316 33.17142487 33.21733475 33.26032257 33.29466248 33.30661774 33.31110382 33.30471039 33.29088593 33.27225876 33.26879501 33.27602768 33.2821846 33.29401779 33.30776978 33.31799316 33.31695175 33.30019379 33.28665543 33.26915359 33.25362396 33.23571396 33.2232933 33.21949005 33.21382523 33.20765686 33.20236206 33.19290161 33.19477081 33.20611572 33.221241 33.22877502 33.24359894 33.2514801 33.28291702 33.31042099 33.32861328 33.34114838 33.3540802 33.37210083 33.39021683 33.41482925 33.4416008 33.4635849 33.4731369 33.4775238 33.48601532 33.50263977 33.52384186 33.55186844 33.56721115 33.57601166 33.58575058 33.58646393
33.17293549 33.15927505 33.17308426 33.20653152 33.24249268 33.27690125 33.30726242 33.32537842 33.32772827 33.32256699 33.31238174 33.30094147 33.2916832 33.29640961 33.31690598 33.34020233 33.35036469 33.3524704 33.34136581 33.3264389 33.31373978 33.30250931 33.29027939 33.27869797 33.26523972 33.25656891 33.25111389 33.24602127 33.24004364 33.23286819 33.2290802 33.23476791 33.24446487 33.26055908 33.28153229 33.30189133 33.3235054 33.3394928 33.35615158 33.36645126 33.37709808 33.39379501 33.409935 33.42811203 33.45767212 33.48604202 33.50349808 33.5116806 33.51571274 33.52703094 33.54983902 33.57426453 33.59538651 33.61100388 33.61723328 33.62450409 33.62968445
33.24810028 33.25503159 33.27919006 33.30731964 33.33176422 33.35658264 33.36606979 33.36431122 33.36450958 33.35738373 33.34616852 33.3356514 33.33303833 33.34225464 33.36183929 33.37895203 33.3795166 33.37014008 33.35942459 33.34410858 33.33112335 33.3210907 33.30905914 33.29603958 33.28639603 33.28106689 33.27865982 33.27334595 33.27358627 33.27600861 33.27624893 33.28529358 33.29836273 33.3131485 33.33068085 33.34804153 33.36273193 33.37759018 33.38812256 33.3979454 33.41096115 33.42692947 33.44462204 33.46767807 33.49769974 33.52363586 33.53776169 33.54341507 33.54617691 33.55843353 33.58199692 33.60649872 33.62641525 33.63992691 33.65617752 33.6705246 33.68411255
33.34803009 33.35809326 33.37997818 33.39937973 33.41462708 33.42388153 33.42596817 33.42783737 33.42200851 33.41119385 33.39474487 33.38713837 33.38841629 33.39670181 33.40100479 33.39441299 33.38419342 33.38004303 33.37443924 33.36542511 33.35356903 33.34233856 33.33204269 33.32117844 33.31908417 33.32085419 33.31978989 33.32196808 33.32516098 33.32367706 33.3200264 33.32640457 33.33944702 33.35374069 33.36642456 33.37931824 33.3976059 33.41195297 33.4195137 33.43146133 33.44529724 33.46221542 33.49258423 33.51911163 33.54072952 33.55922699 33.56898499 33.57117844 33.57684708 33.59056091 33.61034012 33.63557816 33.66018295 33.68342209 33.71063614 33.73832703 33.76369095
33.422966 33.44244003 33.45530701 33.46438599 33.47615814 33.47984695 33.48529434 33.48056793 33.46915054 33.45792007 33.44696045 33.44164276 33.44308472 33.43766403 33.42227554 33.40940475 33.40364456 33.40099335 33.39506912 33.38840485 33.38085556 33.37823486 33.3757782 33.36857605 33.37099838 33.37424088 33.37437057 33.37269592 33.36699677 33.35942078 33.35819626 33.36209106 33.37253571 33.3869133 33.39956284 33.41267776 33.42911148 33.44578171 33.46003342 33.47760773 33.49399948 33.51533127 33.54634857 33.57561493 33.59343719 33.60229492 33.60601425 33.60443115 33.60830688 33.62018967 33.63898087 33.66402817 33.69219589 33.72848511 33.76992416 33.81055832 33.84999466
