Environmental Parameters/Projection/Sea-surface_salinity.asc
ncols 720
nrows 360
xllcorner -180.00
yllcorner -90.00
cellsize 0.5
NODATA_value -9999
[rows 150 to 174 of 360, columns 570 to 626 of 720]
-9999.0 -9999.0 -9999.0 -9999.0 -9999.0 -9999.0 -9999.0 32.45404908 32.71332169 32.65703201 32.57028961 32.51197052 32.46826172 32.43579483 32.42961121 32.43206024 32.42263412 32.39933395 32.38275146 32.37062454 32.36394501 32.35120773 32.33632278 32.3289566 32.30479431 32.24886322 32.19270706 32.13923264 32.04334259 31.80076599 31.48382568 31.09399605 32.03029507 32.97368622 33.10969925 33.23093414 33.33204651 33.38126373 33.41392517 33.51573563 33.55308914 33.57066727 33.58469391 33.59159088 33.59947205 33.59903717 33.59756851 33.60134888 33.6055603 33.60662079 33.60884094 33.61869812 33.63014984 33.63435364 33.63892365 33.64547729 33.65354919
-9999.0 -9999.0 -9999.0 -9999.0 -9999.0 -9999.0 -9999.0 -9999.0 32.64242554 32.61390305 32.53319931 32.47303009 32.42839813 32.40695572 32.4114418 32.42430878 32.40908432 32.38541794 32.36779404 32.35420609 32.35274124 32.3532486 32.33153152 32.31283569 32.27619171 32.21873474 32.16763306 32.1327095 32.07813263 31.95884705 31.68389893 31.61435318 -9999.0 32.74656683 32.87833786 32.80444336 33.10577011 33.23299408 33.28258896 33.43385315 33.50912476 33.53429413 33.54706955 33.56005859 33.56890106 33.56962204 33.56494904 33.5685463 33.57700348 33.58060837 33.58007431 33.58344269 33.59276199 33.59169006 33.59807968 33.61069489 33.62038803
-9999.0 -9999.0 -9999.0 -9999.0 -9999.0 -9999.0 -9999.0 -9999.0 32.25627518 32.55081177 32.49388123 32.43222809 32.38909531 32.37925339 32.37856674 32.39041138 32.37073517 32.34348297 32.34201431 32.34894562 32.3484726 32.3458786 32.33241272 32.30875778 32.26786804 32.22284317 32.18496704 32.14871597 32.10500717 32.0243988 31.88100815 31.83881378 31.87224579 31.58689117 32.16913223 32.23963928 32.75995255 33.21047592 33.29429245 33.36114883 33.44148254 33.49525833 33.50837326 33.52182007 33.53137207 33.53342819 33.53417969 33.53759384 33.5436821 33.54395676 33.54382324 33.54797745 33.55345535 33.55370331 33.55914307 33.57146454 33.58337021
-9999.0 -9999.0 -9999.0 -9999.0 -9999.0 -9999.0 -9999.0 -9999.0 32.18496591 32.39102936 32.45849991 32.38919067 32.33707428 32.32275009 32.3209877 32.33617401 32.332798 32.31081009 32.31578064 32.32609177 32.32239151 32.32109833 32.31941605 32.30070496 32.26853561 32.23687363 32.20847321 32.16791153 32.12007141 32.04858398 31.88606644 31.740345 31.63906097 31.65782547 31.78077698 31.91449356 32.02854538 32.93203735 33.289505 33.26617432 33.25957489 33.44830704 33.47251129 33.48482513 33.48973083 33.49504471 33.49752808 33.50284958 33.50674438 33.50328064 33.50272369 33.50979996 33.50990295 33.5090332 33.50974274 33.52555084 33.54382324
-9999.0 -9999.0 -9999.0 -9999.0 -9999.0 -9999.0 -9999.0 -9999.0 32.27170682 32.39263153 32.41968155 32.33023834 32.26926422 32.2481575 32.24753571 32.26385117 32.27590179 32.27355576 32.27362823 32.27681732 32.27155685 32.26987839 32.2767601 32.27442169 32.26122665 32.23942566 32.21479416 32.162323 32.10881805 32.06776047 31.97270584 31.63712692 31.68035889 31.71364212 31.75798416 31.90712357 32.03165054 32.1437149 32.87353897 33.25681305 32.85704041 33.32305908 33.44382477 33.45443726 33.45790482 33.46636963 33.46937943 33.47538757 33.48104095 33.47932816 33.47335815 33.47109604 33.46515656 33.46616745 33.47244644 33.48810959 33.50302887
-9999.0 -9999.0 -9999.0 -9999.0 -9999.0 -9999.0 -9999.0 -9999.0 32.41695404 32.43757248 32.35098648 32.241539 32.18260193 32.16548157 32.17868042 32.19824219 32.22207642 32.22736359 32.22702026 32.22400665 32.21380997 32.21495056 32.22807312 32.24454498 32.26127243 32.25130081 32.21956635 32.14822388 32.09550476 32.02876663 31.90602875 31.83968353 31.71312714 31.59952927 31.6721611 31.78561783 31.72100449 32.03675461 32.19387817 32.33612442 32.49810028 32.79543686 33.41238785 33.42885208 33.42589951 33.42723465 33.43034744 33.43664551 33.44020081 33.43697739 33.43261337 33.42872238 33.43054199 33.438694 33.44372559 33.45170212 33.46026993
-9999.0 -9999.0 -9999.0 -9999.0 -9999.0 -9999.0 -9999.0 -9999.0 32.43922806 32.35504913 32.22520828 32.14678192 32.10250473 32.09642029 32.11299896 32.1400032 32.16407776 32.17509842 32.1837616 32.18175125 32.17559814 32.18322754 32.19775009 32.21407318 32.24561691 32.23748398 32.19622421 32.13715363 32.07587433 32.03097153 31.97225571 31.98310089 31.87309647 31.4530983 31.64827728 31.7056694 31.71455765 31.93555069 32.15861893 31.76951933 32.12900925 32.29383469 33.36692429 33.40889359 33.40135956 33.39340591 33.39642715 33.39994812 33.39679718 33.39012146 33.38682175 33.38751602 33.39638901 33.40418625 33.4066925 33.40789032 33.4135437
-9999.0 -9999.0 -9999.0 -9999.0 -9999.0 -9999.0 31.41191727 32.20606613 32.28450394 32.17604446 32.06505966 32.01917648 32.00746536 32.01406097 32.0303421 32.06053162 32.10216522 32.12467957 32.13558197 32.14068222 32.14952469 32.15975952 32.1680603 32.17973328 32.22778702 32.22665405 32.19085312 32.16459274 32.09051132 31.97054291 31.95394135 31.96559143 31.95880127 31.7222023 31.74664688 31.74452412 31.54549408 31.79803085 32.23155594 32.31113368 32.53464508 32.87327957 33.33673096 33.38755417 33.3763504 33.36352921 33.36629486 33.37101364 33.36687469 33.35744476 33.34873199 33.34855652 33.35318375 33.35720062 33.36035538 33.36225891 33.36110687
-9999.0 -9999.0 -9999.0 29.3841449 29.76138783 30.83861277 31.65771866 31.93569183 31.95117188 31.90242386 31.89344788 31.90320587 31.91184998 31.92687988 31.93551636 31.97032547 32.02635956 32.06228638 32.08168411 32.0975914 32.11504745 32.1346817 32.15524673 32.17107391 32.22005463 32.22994995 32.19618225 32.18966675 32.04363266 31.91966248 31.94780731 31.93683624 31.94286346 31.86789703 31.84521484 31.85228729 31.74287796 31.47628593 32.34305573 32.71857834 33.15176773 33.29139709 33.33305359 33.36581802 33.34592438 33.32373047 33.32335663 33.32725143 33.32599258 33.3210144 33.31280518 33.30874634 33.30895996 33.31024551 33.31687164 33.32076645 33.31881714
29.0023874 -9999.0 28.42412826 27.71346283 28.69097137 30.47084618 31.17262459 31.53111267 31.66448593 31.76763916 31.82030869 31.83917618 31.85246277 31.85884094 31.8680687 31.90710449 31.95783234 31.99547195 32.024189 32.0586853 32.08078003 32.10543442 32.15009308 32.18837357 32.23898315 32.2556572 32.24728394 32.22262955 32.01234055 31.98537445 31.96876907 31.96376801 31.96881866 31.9568367 31.92208481 31.91838837 31.98759672 32.29916763 32.45656586 32.73511124 32.97514343 33.1759758 33.34301758 33.34806442 33.31532288 33.28422928 33.28188705 33.28262329 33.27859879 33.27576065 33.27574158 33.27684402 33.27733994 33.27531815 33.2786026 33.2834053 33.2868576
29.10252571 28.76410002 28.4309845 28.08764458 29.43245888 31.06355286 31.71565247 31.92930222 31.91520691 31.87892914 31.87229156 31.8747139 31.87250137 31.85246277 31.85742569 31.89255905 31.9249115 31.95537949 31.98910904 32.02383423 32.04825592 32.07378769 32.13681793 32.19662094 32.24205017 32.26943588 32.28934479 32.05770493 32.02705002 32.01783371 32.00350189 32.00270081 32.0112648 31.99312592 31.92560959 32.02984619 32.28821146 32.23287964 32.3634491 32.54822159 32.5005722 33.08376312 33.33579636 33.33485794 33.2911911 33.25214005 33.24486923 33.24718094 33.24798203 33.24475098 33.2427063 33.24666214 33.25208664 33.25157928 33.24944305 33.25307846 33.25460052
29.36161995 28.932621 28.6864872 29.45355988 31.23307419 31.83941269 32.01439285 32.04233551 31.98582077 31.96058273 31.93471146 31.91229248 31.8957634 31.87261581 31.87543106 31.90034103 31.92150879 31.9443779 31.97198486 31.9998436 32.02080154 32.03650665 32.07640076 32.14318466 32.19020462 32.23878098 32.0868721 32.03408432 32.0100174 31.98841858 31.97962952 31.99344254 32.0079155 31.9719429 31.9425621 31.92247009 32.1675415 32.23889542 32.31829834 32.30605316 32.23046494 32.81320953 33.28095627 33.31941605 33.27048492 33.22948837 33.21910858 33.22565842 33.23177338 33.23187256 33.23018265 33.23291779 33.23327255 33.22755432 33.21627426 33.2117157 33.21456146
29.88752556 30.48893547 31.14849091 31.55373573 31.92470169 32.05780411 32.05737305 32.05086517 32.00748062 31.98532486 31.94539642 31.91127396 31.89533997 31.88176727 31.88098526 31.89445496 31.90896606 31.92608261 31.95266724 31.97385025 31.9830513 31.97967529 31.98606491 32.01230621 32.05463028 31.94877625 31.97659683 31.98601532 31.95501328 31.95171356 31.95640945 31.96482086 31.96755219 31.92374802 31.88921356 31.94007874 32.02486801 32.0797348 32.12403107 31.7661705 31.92873001 -9999.0 33.30523682 33.30707932 33.25392151 33.20750809 33.19371796 33.1954155 33.21100616 33.22494888 33.23064423 33.23126984 33.22179794 33.20306015 33.18353271 33.16823959 33.17241669
31.25521469 31.71565819 31.91879082 32.01834297 32.05995941 32.03548813 32.03746414 32.03701019 32.00982285 31.98491287 31.94058228 31.8986702 31.88877106 31.87511063 31.86930847 31.88099289 31.89804459 31.91444397 31.93567276 31.94429779 31.94218063 31.91617966 31.87095261 31.80335617 31.86536789 31.84939575 31.91173935 31.95038605 31.93048859 31.93357086 31.94178009 31.94548798 31.92304611 31.83039856 31.83039856 31.8863678 31.13394928 30.70201683 30.64820671 -9999.0 -9999.0 -9999.0 33.29051208 33.29976654 33.24915695 33.19386292 33.17375183 33.17509842 33.20516968 33.23268509 33.24045181 33.23566437 33.21651077 33.19146729 33.16467285 33.14364624 33.13561249
31.89199829 31.97768021 32.01280594 32.03160477 32.01210403 32.01188278 32.0375061 32.04379654 32.01696014 31.97628021 31.9189682 31.89566803 31.88278198 31.86969376 31.86670303 31.88173294 31.89655685 31.90427017 31.89916992 31.9227829 31.91759109 31.85509872 31.72600937 31.55109787 31.66892242 31.66062927 31.8371048 31.94255447 31.93044281 31.92175674 31.91392517 31.88863373 31.83335495 31.6791153 31.4102211 30.86479342 30.31937981 29.20063782 29.27313256 -9999.0 -9999.0 -9999.0 31.47943878 33.28886795 33.25452805 33.19661331 33.17379379 33.18666458 33.22204208 33.24534988 33.24472809 33.2364769 33.21636581 33.1870842 33.15686035 33.13264847 33.11969376
31.98054886 31.97418213 31.97581863 31.99290085 32.01251221 32.04949188 32.04840088 32.0352478 32.00905609 31.96090317 31.91661453 31.89834595 31.88889694 31.88664627 31.8925209 31.90425873 31.9039917 31.9071312 31.90081406 31.89818192 31.87867355 31.72812653 31.32061005 30.87274551 31.1699543 31.35622978 31.68231583 31.91017532 31.94882584 31.94189835 31.9225769 31.85319138 31.70533752 31.33213425 31.20211411 31.20272064 30.70014191 28.10563469 28.61277038 -9999.0 -9999.0 27.44210047 30.7660408 33.29048157 33.25658798 33.20783615 33.19698715 33.21476746 33.24557114 33.25114822 33.23484421 33.21665573 33.19932556 33.17386627 33.14551926 33.11978912 33.11622238
32.06573486 32.05057144 32.03429794 32.04172897 32.0630455 32.06472015 32.04887009 32.0270462 32.00050735 31.96426392 31.92821503 31.91558075 31.90867996 31.90911102 31.91491699 31.91761017 31.90986633 31.90630722 31.89210892 31.87100983 31.79096222 31.42586517 30.17753601 30.30922508 30.64383888 30.7220974 31.43566132 31.82952499 31.97340393 31.98432922 31.96039963 31.88868713 31.77698898 31.19083595 31.27232552 31.66443634 31.44698715 28.83088303 29.14349979 -9999.0 28.86543083 28.26100159 32.05809021 33.28130341 33.24571991 33.22310257 33.22090149 33.23091507 33.22518921 33.20658875 33.18302536 33.18405533 33.13477325 33.11855698 33.11016464 33.09851074 33.1008606
32.08145905 32.07904434 32.07435608 32.07851791 32.08483887 32.07506943 32.0562706 32.02381134 32.00642014 31.97602081 31.94132996 31.92856216 31.92623901 31.92602921 31.92660904 31.91930008 31.90794754 31.89032745 31.8634491 31.78355789 31.52706909 30.66811371 29.83348083 -9999.0 -9999.0 29.88354301 30.3214016 31.48267746 31.92149734 32.03355789 32.03479385 31.81259537 31.53958511 31.62565994 31.72415924 31.97717667 31.98096085 31.34442902 30.56442261 30.46770477 30.41898727 30.67425537 32.97886276 33.18072128 33.16467285 33.17715454 33.16772842 33.14871216 33.13126755 33.07809067 33.06489944 33.05690384 33.05270386 33.04410934 33.0484314 33.0737915 33.07988739
32.07630157 32.07086563 32.07549667 32.08517838 32.08777618 32.08249283 32.0616188 32.03139496 32.02062225 31.9922142 31.95540619 31.94103241 31.93484879 31.93099213 31.91816711 31.89675903 31.87318039 31.82416153 31.74232483 31.50933075 30.55156326 28.98713875 29.43775094 -9999.0 -9999.0 29.61087906 29.5817852 29.90849304 31.31234169 31.90897751 32.08146667 32.27426147 32.30972672 32.27440262 32.34444427 32.36250305 32.29246521 32.07973099 31.98432159 32.25764465 32.04999161 32.22525787 33.10572815 33.12076187 33.08303452 33.05232239 33.02645111 33.01121902 32.99583054 33.01891327 33.04214478 33.06060791 33.07341766 33.07494736 33.06826019 33.06194305 33.06407166
32.0694313 32.04902267 32.05205154 32.069561 32.08348465 32.10181046 32.09030151 32.05195618 32.03133774 32.00097656 31.96448517 31.9490242 31.93009186 31.91295624 31.88643265 31.84890747 31.78009033 31.58520508 31.27265358 30.55857468 29.30004883 29.23542386 -9999.0 -9999.0 -9999.0 -9999.0 29.07743818 29.93592101 31.39796829 31.82947922 32.17789078 32.32294846 32.46803665 32.54645157 32.58721542 32.57393265 32.51269531 32.43062592 32.41577148 32.5537529 32.67531204 32.580513 33.01967621 33.02980423 33.05419159 33.00048828 32.96764755 32.96671295 33.00464249 33.04400635 33.07612228 33.11003113 33.13652039 33.152565 33.14301682 33.11326218 33.08800888
32.06202698 32.0407753 32.03572464 32.05389404 32.07925797 32.10490036 32.10004807 32.06127167 32.02944946 31.99528885 31.96767807 31.945858 31.91204834 31.87326431 31.83920288 31.77539444 31.5857811 31.01805115 30.24680901 29.93003654 29.57798129 -9999.0 -9999.0 -9999.0 -9999.0 -9999.0 28.24887061 30.11764336 31.75132751 32.06488419 32.36088181 32.49403763 32.58581543 32.61997986 32.64300537 32.64966965 32.66612244 32.69887924 32.76419449 32.83616257 32.83995819 32.81935883 32.92135239 32.91448212 32.93171692 32.94895935 32.97082138 33.00487137 33.05402756 33.09848404 33.13934708 33.17874527 33.22135925 33.23539352 33.21891022 33.18029785 33.14554977
32.07011032 32.0483551 32.03741074 32.04671478 32.07764435 32.10302353 32.08351517 32.04987717 32.01166153 31.97713852 31.95296097 31.921772 31.87947464 31.81978607 31.75564957 31.6256752 31.24233437 30.88791466 30.34711647 -9999.0 -9999.0 -9999.0 -9999.0 -9999.0 29.63762563 30.18740463 30.4521122 31.37400627 32.11673737 32.31468964 32.4919548 32.54520035 32.54234695 32.55957794 32.58830643 32.62303543 32.67373657 32.72541809 32.77037048 32.80088043 32.78425217 32.79579926 32.81354523 32.86165619 32.92586899 32.95234299 33.00139999 33.06500244 33.10677338 33.15673828 33.21003342 33.2522049 33.28166199 33.28640747 33.27373505 33.24370575 33.20531082
32.09219742 32.08245468 32.07824326 32.07659912 32.08549118 32.0915184 32.05007172 32.01472855 31.97314453 31.94342804 31.92177963 31.85471725 31.74023056 31.6124115 31.52248573 31.36436462 30.84571075 30.65657997 -9999.0 -9999.0 -9999.0 -9999.0 -9999.0 -9999.0 29.28512669 29.88545609 31.36778831 31.99966812 32.26911926 32.40952301 32.45684814 32.45409393 32.4560585 32.46830368 32.49036026 32.51665878 32.54993057 32.58010483 32.60072708 32.60179138 32.61016464 32.66962051 32.7518959 32.82271576 32.87570572 32.95024109 33.0303688 33.10700226 33.16315079 33.21632385 33.26678085 33.30065536 33.32398224 33.33259201 33.31945419 33.29537582 33.26770782
32.09298706 32.10135651 32.09360504 32.09793472 32.09266281 32.07143784 31.99946976 31.89467621 31.82506561 31.80865097 31.79382706 31.60103226 31.19470215 30.97402382 30.90132713 30.79542732 30.79259491 -9999.0 -9999.0 -9999.0 -9999.0 -9999.0 -9999.0 -9999.0 28.75697517 29.52878952 31.63557434 32.13960266 32.33709717 32.40288162 32.39308929 32.36299515 32.35240936 32.35591507 32.37824631 32.3956337 32.40153122 32.41290283 32.41697693 32.41633606 32.40849304 32.46082306 32.52057648 32.59611893 32.71505737 32.90473938 32.99463272 33.13449478 33.20679474 33.24999237 33.29883575 33.32719803 33.35177612 33.36782455 33.36083603 33.344841 33.33717728
32.06704712 32.08156967 32.07811737 32.0880394 32.07178116 32.02845383 31.93870926 31.72806549 31.58383179 31.48414421 31.40668106 30.8359375 30.14828491 29.7766819 30.05034447 -9999.0 -9999.0 -9999.0 -9999.0 -9999.0 -9999.0 -9999.0 -9999.0 -9999.0 -9999.0 29.79310989 30.934021 32.08013916 32.35710907 32.39536285 32.35220718 32.30633545 32.28304672 32.28170395 32.29279709 32.31550598 32.32132339 32.30957413 32.28314972 32.25681305 32.22779846 32.23973083 32.27384567 32.29286575 32.3928833 32.80784225 32.93019867 33.1454277 33.22428131 33.27015305 33.31418228 33.34159088 33.36351776 33.38231277 33.3903389 33.39417267 33.40555191
