Environmental Parameters/Projection/Sea-bottom_dissolved_oxygen.asc
ncols 720
nrows 360
xllcorner -180.00
yllcorner -90.00
cellsize 0.5
NODATA_value -9999
[rows 0 to 24 of 360, columns 114 to 170 of 720]
296.4154358 296.4187012 296.4218445 296.4249573 296.4279785 296.4138184 296.4167786 296.4196472 296.4396362 296.4423828 296.4450989 296.4476318 296.4501953 296.4526367 296.4361572 296.4384155 296.4406433 296.4427795 296.4449158 296.4503784 296.4606934 296.4527283 296.4545288 296.4562988 296.4754028 296.4771729 296.4789734 296.4807434 296.4824829 296.4841309 296.4856873 296.4873047 296.4888916 296.4904785 296.4918823 296.4932556 296.4945679 295.6920166 295.6873779 295.6827698 295.678009 295.6732483 295.668457 295.6636353 295.6587219 295.6537781 295.6488037 295.6438904 295.638855 295.6339722 295.6289673 295.6241455 295.6192627 295.6144104 295.6096191 295.6048279 295.6000671
293.6912231 293.70401 291.6727295 291.6443787 291.8969727 291.8924255 291.7780457 290.3298645 290.3135681 288.3766785 288.3192139 286.1940308 286.259552 286.2072144 283.8077393 283.2260437 283.1842957 283.2199402 282.6503601 282.0686646 282.065094 282.0828247 281.5483398 281.5333252 283.7245789 283.7189636 283.6662292 283.6269836 289.0472717 291.5778503 291.579895 293.1260071 293.3731384 293.3761902 293.3789368 291.1305847 286.2661438 283.4812927 281.2246399 281.2195129 279.8942566 279.8989868 279.8908386 279.8766785 279.8714294 281.1520691 281.1662598 281.1582336 281.166626 282.4605408 282.4478455 282.4487305 282.4410095 282.4456482 283.7528381 284.2889099 284.410675
298.6204224 298.468811 297.2850342 298.2976685 298.6017151 297.6290588 291.3356934 291.3832703 291.3826294 291.3440247 293.3654175 294.1481628 288.8629761 288.8552551 285.2701111 285.5190125 284.283783 283.7089539 283.7053223 283.726593 283.592804 283.397583 283.4176636 283.4036255 283.397522 283.3935852 283.3724976 283.3578186 283.3583374 288.7388306 289.0808105 290.0129395 290.0146484 291.4082947 290.3988647 289.9358521 292.4456177 292.5527344 292.5989685 292.6082153 292.6328735 295.058136 295.3143005 295.2927551 295.5152893 297.5453186 297.5747986 299.6031189 299.5769958 299.5970154 299.5979309 299.584259 299.6073608 299.6070862 297.6276245 297.5662537 295.4229126
290.4575806 290.4199829 290.4160461 289.541626 289.4953918 289.4222107 289.4295044 287.0914001 287.1206055 286.9531555 286.5271301 285.901947 285.8863525 285.9754944 285.9837952 284.7482605 284.7450256 284.746521 284.204895 284.2261047 284.2369995 284.2405701 284.2424011 284.2368469 284.2344971 284.2347717 283.7723389 283.7589111 283.7463684 283.7586365 283.7622681 283.7607727 283.7614136 284.2455444 284.2047424 284.1910095 284.1893311 285.5362854 285.5549316 285.5682373 285.6078186 287.9148254 287.8892517 290.4860535 290.4559021 288.8990479 288.8806458 287.9781189 287.980896 286.2258911 286.8843689 287.1412048 287.8009644 286.5734863 287.0740051 289.3215942 289.3586121
286.6088562 287.855072 287.8788757 287.7293396 290.0724182 289.964325 289.9602051 289.9587402 289.9989319 287.0377502 287.0258179 286.4907837 285.9416809 284.4237366 284.4137268 284.4055176 284.5698242 285.1357727 285.1052856 286.0656128 286.005249 293.3392639 293.3209534 293.3346558 293.3403625 293.3456116 293.3504639 293.3548279 293.2441101 293.2286987 286.2297058 289.7707825 290.3644714 287.3845215 286.1953125 285.6422729 285.5397339 285.3760071 285.3753052 285.3745728 285.4178162 294.5422974 294.8240051 295.3934631 295.9506836 295.9413757 286.6219177 286.074646 285.600769 286.7669678 286.7917786 287.1568604 287.1690979 287.2215576 288.350769 288.0363159 290.3853149
287.2089539 287.2053223 287.2058716 286.6186829 286.6100464 285.1478577 285.6471252 287.5092773 289.9124451 292.4069824 294.9057617 294.8475647 294.4910278 297.0348511 294.5665588 291.9648743 289.3001404 286.6611328 286.6094666 284.7023315 284.8152771 284.7946472 285.2389526 285.2319946 285.1715393 285.150116 285.1785278 285.1180725 285.0549316 285.0508118 285.190979 285.1913452 285.1914673 285.0817871 284.9370117 284.9144287 284.4062195 284.3865356 284.3717957 284.239563 284.2255554 284.1524048 284.5870361 284.5814819 284.5751648 284.5786438 284.6072388 285.2681885 285.8066101 286.6940613 286.6849365 286.6874695 287.0694885 287.0635681 287.0759277 287.0584412 287.0595398
287.940918 286.058136 285.9857178 285.9911804 285.9313965 285.9165039 285.95047 285.9305725 286.0955505 288.0417175 288.034729 287.6460266 287.3658142 287.293396 287.0206909 285.6221924 285.7715759 285.5553589 285.5436707 285.3873901 286.8085327 286.8654175 286.7737427 288.9996948 288.8722534 291.3543091 291.4010925 291.6780396 291.6249084 291.829071 291.9897766 291.5424194 291.5429382 288.6395264 288.6572571 288.6209106 286.3969116 286.3971558 286.0818176 286.138855 285.9573059 285.9448242 285.96521 285.930542 288.474823 288.493927 288.4818115 290.936554 290.940155 290.9216003 290.79245 290.7807922 290.7084351 290.7234497 290.6035767 290.5539246 288.2244263
300.6553955 300.5479126 302.1233826 302.0803528 302.1147461 301.9161682 302.0219421 299.9657288 301.9493713 301.9302979 301.9778748 301.5870361 301.5802917 304.3153687 304.1671143 304.214447 304.2011108 304.0808411 304.0185547 304.0703735 304.0643616 302.6051331 302.3446045 300.0927429 298.1083679 297.4711304 294.5348206 294.5990906 291.5057068 291.9252014 291.9370422 291.5506897 294.842926 294.4368286 294.2389221 294.0326233 294.1070557 291.4407654 291.186676 291.1931763 291.0872498 290.8586121 288.3230896 288.4143372 288.5229492 288.4688416 288.4743958 288.494873 285.8551025 285.8890076 285.9362183 285.9793091 285.6672668 285.7642822 285.8455811 285.8587952 285.8900452
298.7493896 298.8342896 293.878479 291.5868835 291.6186218 289.3660278 289.3907776 289.2975464 289.1181946 288.8716125 290.8374023 290.4992676 288.3622742 287.1795044 286.9902954 286.8911743 287.0785217 286.8988647 286.3744202 286.6933289 286.6888733 286.8434753 287.1712036 289.9725037 291.3648071 290.4533081 293.234436 296.1217957 298.5836792 298.5958862 296.3275146 296.085022 295.8144531 298.5288391 298.2068481 296.9343872 296.8595581 294.4124146 294.6619873 294.5334167 295.6604919 295.9237366 295.6705933 295.6762695 296.3002319 296.1034241 293.6824646 296.0480042 296.0914307 293.9067993 293.4464417 296.0361633 293.4359741 293.5458374 293.5101624 293.5521851 293.7037659
303.2193909 303.9761353 303.9195862 303.9378967 303.8757019 303.8495789 303.8576965 303.8175354 305.4616699 305.4484558 304.705719 303.4753113 303.3859558 303.4511719 304.59021 304.6094666 305.339386 303.3536072 303.3907166 303.3461609 302.5001526 301.4144592 301.1778259 299.9903259 298.6352539 294.3594666 290.8381653 290.3874817 288.5568848 288.8090515 288.9849854 288.6914978 288.6793213 290.8226013 296.0915527 297.6571045 299.6267395 301.8370972 300.7264709 295.8807678 296.0861816 299.3649292 300.8158875 301.9191589 301.949707 302.7262573 302.6977844 302.7140808 302.7046204 302.6895752 300.964386 300.9423828 299.3900146 299.39328 299.404541 298.2011108 298.1498413
292.7585754 292.6689148 292.693573 292.7021484 292.6956787 294.5512695 297.4188538 299.9839172 300.0353088 300.0829773 300.0510559 300.026001 300.0061951 300.102478 299.8186035 296.9961548 296.9781494 296.572998 296.4562073 296.378479 299.0296021 299.0758362 298.8316345 298.7679443 298.9023437 298.8708191 298.9200439 300.9680786 300.8913574 302.7979736 303.9475403 303.864624 300.1858215 300.1482544 300.0865173 299.9990845 299.8778687 299.7866211 299.7462158 296.7163391 296.5227356 294.8236389 294.8822632 294.9595032 294.9221802 295.6944885 295.4058533 295.585144 292.7484741 293.413269 293.2520447 295.419342 293.3168335 293.5253601 293.5188293 293.6373596 293.4823303
287.0514526 287.0328979 288.0446472 288.2886353 288.2548218 288.2417908 288.2136536 287.9677429 288.1778564 289.1845093 294.2908936 292.3182678 292.2913208 292.2833252 294.2175293 294.21698 296.9786377 296.9989624 302.1455688 305.0575867 305.0833435 305.020752 305.047699 307.3640137 304.9111938 304.9266968 304.8310547 304.8423767 304.7333679 304.6901245 300.9024353 300.8245544 300.7224121 300.6034546 300.4934998 300.4601135 300.2818909 299.7094116 299.5384827 299.4807129 300.946167 302.2575073 300.8878174 299.2407837 296.3755188 300.7565613 300.8318176 300.7093506 300.747345 300.6945801 297.3789978 296.0007935 294.2909241 294.5734558 294.6135864 294.66922 295.8219604
287.1151733 287.0967102 287.2055054 287.1898804 287.1792297 288.0615845 288.0398865 287.9932861 287.9650879 287.9288635 287.8963013 287.8835144 287.9258728 287.9211731 287.9819946 287.9627686 287.949707 287.9281006 287.9168701 287.893219 289.2137146 289.5529785 289.5460815 289.5349426 289.533783 289.5160217 289.5014343 291.0439758 290.2045288 291.2744446 291.2480164 291.2388 291.25 291.2486877 292.3556824 297.6116333 298.5957336 298.6683044 300.8469849 300.8144531 300.8514099 303.5157166 303.5372314 305.4707642 301.4432678 301.4367371 299.3283386 297.2746582 294.0551453 293.8374939 290.7452393 301.188324 306.0033264 304.7500916 303.0453186 301.3234253 301.3277588
287.280365 287.2921448 287.2548828 287.2740784 287.3426208 287.3356018 287.4341125 287.4410706 287.4534302 287.4537354 287.4718933 287.4528503 287.3396301 287.3085327 287.285614 287.2565308 287.3783264 287.4872437 287.4735413 287.445343 288.0668945 288.0803833 288.088562 288.2568054 288.1714172 288.1647644 288.1496887 288.1419373 288.1358337 288.1242981 289.89328 289.9028015 289.9067993 289.9287415 289.955719 290.0432434 290.1328735 290.1399231 290.1399231 290.4228516 290.4414062 290.7780457 290.7787781 290.7797546 290.7788086 290.7787781 291.8218994 294.8542175 294.854248 298.0822754 294.5323486 294.2321167 293.771759 298.68396 300.6266479 300.6842651 300.6510925
287.1484985 287.1706543 287.2625732 287.2929687 287.3207703 287.3388977 287.4408569 287.5409241 287.5405884 287.5604248 287.6551514 287.6704712 287.6790466 287.4778137 287.5632935 287.5692749 287.5793457 287.5757751 287.572998 287.6363525 287.4350891 287.4180603 287.3996582 287.3883057 287.3948975 288.306427 288.3127747 288.3175659 288.3571777 288.3670654 288.2797241 288.2797546 289.864563 289.9113159 289.9606628 290.0067139 290.1035767 290.125824 290.2184448 290.2183838 290.9789734 292.0240173 292.0317078 292.0392761 292.0940552 294.0334167 292.4330444 300.0406189 300.1251221 304.3131714 304.336731 306.5398254 293.2612915 294.6704712 295.3305359 295.3312378 295.5531006
286.8581238 286.9126892 287.1018372 287.202301 287.2891235 287.3270874 287.5947571 287.6688843 287.7221375 287.7589417 287.894165 287.9050903 287.7006836 287.6969299 287.7365723 287.7599792 287.7428284 287.7189331 287.7631226 287.7627258 287.5774536 287.5707092 287.5837097 287.5727844 287.5627136 287.5585022 288.5052185 288.4133911 288.4076538 288.4008484 288.4723511 289.6574707 289.6289368 289.6484985 289.7243652 290.0256348 291.1065674 291.0813599 294.0288086 299.4580383 302.058075 306.4414978 295.3156128 294.8417969 294.7822571 293.9672241 294.3182983 294.0342407 293.7610779 293.7972717 293.4264221 292.9317322 292.7912292 291.7240601 290.6564026 290.3864441 289.8657227
286.7106628 286.7182617 286.7660828 286.6164856 286.61203 286.5998535 286.5770874 288.8661499 288.9330444 289.6832581 289.1130981 289.553894 287.5350647 289.0091248 288.9927979 288.9879761 288.9962769 289.0150757 289.0267944 288.9963074 288.9736328 288.8093872 288.760437 288.7759705 289.6795044 289.6739502 290.0730896 290.0925598 291.1082458 292.4200439 291.3746338 291.3992615 292.4044495 294.3113708 294.3199463 294.310791 296.9361877 300.1808472 304.0370483 295.0745239 294.2401733 293.6794739 293.4191589 293.068512 293.3265076 293.2903748 293.5108337 293.3340149 293.4332886 293.2039185 292.1176758 291.5696411 290.3194275 290.2724609 290.0945129 290.0804749 289.0627136
286.7494507 286.7364807 286.7841187 286.6469727 286.6978149 288.9220581 288.9412842 288.9202576 288.9293823 288.9992981 289.0577393 289.0109253 290.1098328 290.2330322 290.190155 290.0612793 290.047699 290.4896851 290.4219055 290.3632202 290.2190247 291.2299805 290.1767273 292.3563843 294.1989746 294.1565247 296.7344055 303.8861389 306.8260193 309.418335 311.0296326 297.348114 297.4655151 297.3935242 297.1497192 295.6644287 295.2986145 294.9851685 294.6853333 293.9835815 293.3552551 293.104187 292.8734131 292.4404602 292.1617126 291.6286316 290.875885 290.1012268 287.9628906 286.7475891 286.7270813 287.0351868 292.7726746 294.955658 294.7207947 289.6496582 291.8560791
287.5071106 287.4812317 287.3482971 287.3431702 287.1575012 288.791687 288.8771973 288.9223328 288.8852844 288.8450317 288.9455566 289.3948975 290.9430847 290.9078979 291.9554138 293.2885742 293.2363586 295.2268982 297.7813721 304.1775513 306.964325 309.4729309 299.0221863 300.9004211 301.7848206 301.6680298 296.2378845 296.0258789 295.9979858 295.9298706 296.0394897 296.0036316 295.9147949 295.6567688 295.4699097 295.2749634 294.882782 294.7614136 294.1968079 292.5254211 290.2738037 287.6066589 288.3948975 289.0989685 289.2539368 288.4139099 288.3193665 288.6313782 288.0203857 286.3414612 286.2598877 286.7836609 288.9696655 277.7935791 285.3414001 283.4360352 281.7677307
288.1165771 287.7783813 288.5891724 289.3687134 292.6736755 293.543335 289.9924011 291.3103027 291.1579895 293.2123718 293.1221313 302.9770203 302.9192505 305.644928 308.4333801 304.6873779 306.4291992 307.1506348 296.4695435 296.2479858 295.6184082 295.4142151 295.7941284 295.8303833 295.9006042 295.5306396 295.4804687 295.472168 294.9286804 294.7514954 295.6462402 295.6291199 294.4977112 294.5104675 294.4612427 294.1890869 293.9434814 293.5125732 293.2389832 293.0047302 292.5595703 289.8695984 287.5429382 307.9378357 315.2363586 314.6984558 314.5761719 326.4163818 286.8243103 287.0380554 285.0413513 284.5419617 301.4950562 299.4615784 300.9038696 299.5270691 288.165554
291.1986389 291.9302979 291.8667908 291.9477539 291.9633484 293.0654297 294.9978333 295.0474854 298.4780579 301.0410461 303.5566711 306.7826843 306.449707 306.8893127 297.2267761 296.1365356 296.2477417 296.2523193 296.3938599 296.2703552 296.2793884 296.2011108 296.1703491 296.1239929 296.0862122 296.1113281 295.4856567 295.3998108 295.9584351 295.3883057 294.4596863 292.0824585 292.1000977 292.2311401 291.9634705 292.9780273 292.5851746 290.4173889 290.6244507 289.9057007 289.3362427 290.1713257 292.2506714 291.2176819 288.2510376 286.5319214 290.3217773 298.646637 296.3711548 315.4286194 298.5087891 296.9171143 280.4712524 303.5806274 304.9669495 293.8831577 288.7040925
289.375885 291.3329163 291.2618103 291.8796082 292.9659729 293.0866089 295.0932617 297.6075134 298.5984802 301.1752625 300.0022583 304.3369446 304.7737122 303.8916626 296.3045959 297.1444092 297.3022156 297.2364807 297.111969 296.9488525 296.7944641 296.8742676 296.7844849 296.5052795 296.3887634 295.7272339 295.8351746 294.3657837 293.6922607 293.1957703 292.2782898 290.744873 289.5626831 285.480835 325.065094 289.9481812 283.9332275 286.7450256 289.787323 293.8740845 287.567749 287.7072754 293.9428711 292.6650696 286.9122925 286.5479126 286.5551147 286.3646851 295.1591187 294.2772522 288.0698853 284.5033569 281.0905151 283.6832886 288.9537354 284.2150269 281.0220032
293.2914124 293.2346497 295.2889099 297.8626709 300.6911316 300.3204346 302.820282 304.559967 299.9724121 301.1556702 297.5122375 296.6556396 297.6646423 295.6611328 293.8753662 295.284668 295.9457397 294.3394165 293.8171387 319.0386658 334.142395 333.5821838 289.8056641 338.1712646 310.7579956 290.3125916 293.7353516 291.9071655 291.5463257 288.7997742 287.8616028 286.9580078 287.1399231 286.0450134 281.8814697 279.6591492 283.3060913 287.3760681 292.5289307 296.6714058 287.8095312 283.6637764 -9999.0 271.994873 269.903717 278.776825 278.5839539 279.1732788 267.3997498 296.4326477 299.6644287 297.2189636 274.4116516 283.3507996 279.67453 264.2404175 261.9994202
303.6893616 304.6512451 297.5837402 296.0747986 296.2524414 297.5317078 297.5975037 297.771698 294.535675 294.9141235 294.620575 297.1047058 295.3959045 293.8075562 298.0334167 297.823822 291.7407227 296.5682678 288.1749573 295.3452759 308.0713196 317.8598938 307.3110352 303.4006042 291.4378357 281.8805542 285.4553833 304.5989075 281.2533264 279.0721741 279.5763245 279.4714966 280.0875549 282.7984009 290.2982178 286.8929138 282.9751892 286.0706482 293.0658264 301.824585 280.7038269 276.4836426 276.531311 283.7714233 283.7417603 -9999.0 294.835022 299.7403259 287.1948853 310.4514465 319.9108582 312.0221558 301.8047991 -9999.0 -9999.0 278.7686024 269.7977142
294.4294128 295.0232544 294.2322388 294.0762939 293.7069702 294.1071167 295.9698486 292.0917053 291.6661682 291.710968 300.5970154 290.142395 290.1422424 316.4194336 327.3683777 336.4883728 341.7662354 281.9851074 265.7714539 303.6040955 313.400238 -9999.0 -9999.0 -9999.0 -9999.0 272.7836304 270.2903137 270.3214417 269.7861938 268.1216125 270.3800354 272.9544373 274.1832581 308.6173706 306.7457275 279.1817932 278.9785156 278.6373291 281.9000244 280.1987305 268.37854 270.4647827 271.6097412 272.2987366 272.2181702 276.2419434 288.3303223 322.393219 269.6154785 276.4340515 337.8557129 304.2616577 312.0583801 324.1010437 308.1732178 290.9796448 298.377655
