Environmental Parameters/Projection/Sea-bottom_temperature.asc
ncols 720
nrows 360
xllcorner -180.00
yllcorner -90.00
cellsize 0.5
NODATA_value -9999
[rows 225 to 249 of 360, columns 336 to 391 of 720]
2.443008423 2.206860065 2.064229488 2.08089757 2.113086462 2.099181175 2.097418308 2.106292963 2.10703063 2.07101202 2.065634489 2.066362381 2.063831806 2.064131975 2.063373089 2.062061071 1.941970587 2.054541111 2.05369544 2.051265478 2.048486233 2.034264803 2.034042001 2.031039596 2.021331429 1.94683671 2.011239529 2.030739069 2.01630187 2.03467834 2.038755655 2.0405792 2.061155558 2.138559818 2.247172356 2.766875744 2.779164791 3.277799368 2.353475809 0.828348339 0.828446507 0.828388989 0.952847421 0.940936983 1.036884427 1.606102467 2.126819372 2.277939796 2.967479944 5.167499542 10.90739727 15.17647076 16.52291107 19.32239246 -9999.0 -9999.0
2.072524071 2.075843573 2.081381559 2.101616621 2.086294651 2.08351779 2.114493608 2.108086824 2.111610889 2.101653099 2.083905697 2.07729578 2.068609238 2.063416004 2.062572479 2.065010548 1.942830086 2.038080454 2.052482128 2.046115875 2.055952787 2.047089577 2.01481688 2.025809288 2.031043172 2.012670279 2.02455771 2.022326708 2.037441254 2.039117336 2.05232954 2.059642076 2.102917433 2.209107161 2.621297836 2.937420607 2.848814726 2.913755417 0.947707772 0.831497073 3.555620909 0.837226093 0.830124378 0.928481877 1.064792395 1.607689142 2.169418335 2.37604332 3.080884218 4.285311699 10.0589962 14.45197487 16.3530407 18.83883333 -9999.0 -9999.0
2.120741129 2.110377789 2.083207369 2.109367371 2.096164942 2.097167015 2.106184483 2.106435299 2.095827341 2.066384077 2.063088179 2.070022821 2.071302414 2.067824602 2.064928055 2.064960718 2.062805653 1.94165194 2.010322094 2.049241304 2.011662364 2.013504624 2.014575601 2.047260761 2.038678527 2.027161598 2.028835297 2.029696941 2.040446758 2.024500608 2.044489384 2.066565037 2.099418879 2.372818947 3.120437384 3.48660183 3.06921649 2.454754353 0.946389794 0.824711263 0.824988484 0.823855698 0.860669017 0.919641852 1.062979758 1.252723217 1.977350831 2.308439732 2.675065756 3.711890936 10.42622948 13.17218113 15.54703426 18.41397548 -9999.0 -9999.0
2.161978245 2.090206623 2.208632708 2.094308138 2.103411436 2.094419718 2.102907896 2.100191593 2.087373734 2.066353559 2.065056324 2.070241928 2.077959776 2.070324659 2.069842577 2.061885834 2.058828354 1.943254352 2.060801029 2.051896334 2.048371315 2.057888508 2.031629205 2.048601866 2.041590691 2.034549236 2.044937134 2.03591609 2.035451889 2.046962261 2.04596138 2.052028179 2.069060802 2.15292716 2.621254444 3.566478252 3.243915796 2.438141346 2.052145123 0.824637234 0.826910257 0.823206484 0.853156984 0.920593381 1.060515642 1.239565372 1.591859937 1.943385959 2.339329958 3.254756212 6.079648972 11.57990932 15.18281555 18.08890724 -9999.0 -9999.0
2.381271839 2.091188192 2.088108063 2.092428446 2.100833654 2.092888355 2.096430302 2.0922966 2.083824873 2.083337069 2.066945791 2.080532551 2.086458445 2.081742287 2.072327375 2.0618155 2.011103988 2.056777 2.066253424 2.0638659 2.069480896 2.057487249 2.048011065 1.941752791 2.035661936 2.039418221 2.041548967 2.044385433 2.04466033 2.050979376 2.049929142 2.05712676 2.064045429 2.107274532 2.251124859 3.519847393 4.080917597 2.769020796 2.047017813 0.821194887 0.82028234 0.82027334 0.819743633 0.832921445 0.927004039 0.929932833 0.998481154 1.586581111 2.286789656 2.944950342 4.30817914 11.47279072 14.51671124 16.8353672 -9999.0 -9999.0
2.126936674 2.137894869 2.132977962 2.103503466 2.104397535 2.104689598 2.098578215 2.095238209 2.089146137 2.068319321 2.063588858 2.082061291 2.087798595 2.079954386 2.072986841 2.073556662 2.072021246 2.070118666 2.058550835 2.058678627 2.038398266 2.060799599 2.048985481 2.055470943 2.03814888 2.039319992 2.011530042 2.050035715 2.053879261 2.04383111 2.049182653 2.058017969 2.065724611 2.241342783 2.251973867 3.663489342 3.921171188 2.165659666 2.185056925 0.816433907 0.817541182 0.817048371 0.816408455 0.838326514 0.924389362 0.930724919 1.063275099 1.605723977 2.210804224 2.459043264 3.688102722 11.79407692 13.62205505 16.65505028 -9999.0 -9999.0
2.161345005 2.10768795 2.114725113 2.111439228 2.113966227 2.10109067 2.104926586 2.101648331 2.097932816 2.091716051 2.092156172 2.09103775 2.082638979 2.081496239 2.080600977 2.076929092 2.075321436 2.072812319 2.067914009 2.070147991 2.067042589 1.944290519 2.04080987 2.039604664 2.011919618 2.011371851 2.010943651 2.048714638 2.049767017 2.056219578 2.062793493 2.065127373 2.102963209 2.152575254 2.833341599 4.117273092 3.542910099 0.955045521 0.833803833 0.812321126 0.814266026 0.815271378 0.81674087 0.818836749 0.841941118 0.843139231 0.935945928 1.311012268 2.141687393 2.581278324 3.770467758 9.552747726 12.36249924 15.87577343 -9999.0 -9999.0
2.117288589 2.1722157 2.126060724 2.113740921 2.101007223 2.10259819 2.116053581 2.095724821 2.089195728 2.094919682 2.093537331 2.090010643 2.090131521 2.082105875 2.090520382 2.089328527 2.080991745 2.074959517 2.074351311 2.072444916 2.069639921 2.068147659 2.065729618 2.071945429 2.062539816 0.657157958 1.352270603 1.440973997 2.057914257 2.063426018 2.126424551 1.864915133 2.175494432 2.644138098 3.133273125 3.105674505 3.721514702 0.905505776 1.26627183 1.26842773 0.808969259 1.267758369 1.265899301 0.814323127 0.815361202 0.843561113 0.932210445 1.313040972 1.93382442 2.412002087 3.452428818 9.128491402 10.97584343 13.85559273 16.77057076 -9999.0
2.259647369 2.251883984 2.121854544 2.112257004 2.096425295 2.105970383 2.133853674 2.10373497 2.117359638 2.105651617 2.099816799 2.093632936 2.083622456 2.083469152 2.091486454 2.090995073 2.090352774 2.08133173 2.075705051 2.074137211 1.449814916 0.837580264 2.069047451 2.066917658 2.066165686 2.070036411 2.065295696 0.838947356 2.071827412 2.071633816 2.169015408 2.184619904 2.216653585 2.113110304 1.503274798 0.817916512 0.787480116 0.789712787 0.791906357 0.794161081 0.795095325 0.795938969 0.795655429 0.791955888 0.813312232 0.809877515 0.856567204 1.059154451 1.603221059 2.220434189 3.218611956 7.734831333 10.45511246 12.92286396 15.18368053 -9999.0
2.370985508 2.261170864 2.183022738 2.159494162 2.279287577 2.107903957 2.103663206 2.101038933 2.110430002 2.097177029 2.094688654 2.091071367 2.090732336 2.089762449 2.090590239 2.087396145 2.088622093 2.078665733 2.075998068 2.06640625 2.067169189 2.074196577 2.071706772 2.067927361 2.068742275 2.068808556 2.073003292 2.069732904 2.074151993 2.102910757 2.14401865 2.384632349 2.122810841 0.860384047 0.802602172 0.786203086 0.787441611 0.782282889 0.79789716 0.786071479 0.791294515 0.792553246 0.794676483 0.792806327 0.811433256 0.812875152 0.860850871 0.927873611 1.259632349 2.090539932 2.571474552 3.529338121 5.975625515 11.65186405 13.99686718 -9999.0
2.426004171 2.378287792 2.146393538 2.197345495 2.154466391 2.111584902 2.109284163 2.105429649 2.112630844 2.107023954 2.093485594 2.089246035 2.087994814 2.088119745 2.088557482 2.087258577 0.671704829 2.078824043 2.075641632 2.075889587 2.075570583 2.074982405 2.075094938 2.077087402 2.075135708 2.07542181 2.074916363 2.075807333 2.077060699 2.108476162 2.006175756 1.571890593 0.790005684 0.792612374 0.787383497 0.78939724 0.787350595 0.788674116 0.788652301 0.787066758 0.786786258 0.790421963 0.792871535 0.795107305 0.812722325 0.818109989 0.867059946 0.915838182 1.305564046 2.079288721 2.440685987 3.257466793 4.0797925 9.171426296 13.71457481 14.88942909
2.406182528 2.407951593 2.28018856 2.201751709 2.153514624 2.084831238 2.101377726 2.109293938 2.106301308 2.105778217 2.093319178 2.089344263 2.087795973 2.086382627 2.084915161 2.085390329 2.085753441 2.073209763 2.073512793 2.077821255 2.08151865 2.080303192 2.080326796 2.08580184 2.084074497 2.080490828 2.075746059 2.080515862 2.085539341 2.154860258 1.90538311 1.893693328 0.772202432 0.781198442 0.79336375 0.795636952 0.791920125 0.788257658 0.785126746 0.785978317 0.805469811 0.796526849 0.794946432 0.798731446 0.799077392 0.818291843 0.86673075 0.913981259 1.048354447 1.912279963 2.243986607 3.182267189 4.527987003 13.01721573 13.57784748 14.11747646
2.371103048 2.172283411 2.269513369 2.176037073 2.154074192 2.116609812 2.118439436 2.108694792 2.101518631 2.100342274 2.095416069 2.091006517 2.089055777 2.083889723 2.08361721 2.08498311 2.086494207 2.087139845 2.084188223 2.074755907 0.846885264 2.075165033 2.089022636 2.084743023 2.087275028 2.069642067 2.078238487 2.085015535 2.080404282 2.021183252 0.872889876 0.781186521 0.782377541 0.790276647 0.791637599 0.796631515 0.79467845 0.773879707 0.786767781 0.787001967 0.861698806 0.802646816 0.799089551 0.800994754 0.800234675 0.819637358 0.867801964 0.918621063 1.331544876 2.044195414 2.388197184 3.054424524 5.742007732 12.72573471 13.0644083 13.36803913
2.389438152 2.212965965 2.205314398 2.183691263 2.138859272 2.120882273 2.093152285 2.099583149 2.111143589 2.099588156 2.095692396 2.092238903 2.089181185 2.08671546 2.083164692 2.084171534 2.086200237 2.087865353 2.086775303 2.077742577 2.084529161 2.086913586 2.079151869 2.074794531 2.078831911 2.089486361 2.083120823 2.076841116 2.200493574 1.381093025 0.790215969 0.783308864 0.79169625 0.796301603 0.799081385 0.796327293 0.798972964 0.798201084 0.798092008 0.791231871 1.178447604 0.803135157 0.858001173 0.802784383 0.80026865 0.865020931 1.104068756 1.348324537 1.704324245 2.0224967 2.236850262 2.759046793 4.008884907 11.79134274 12.1066885 12.85044861
2.266321182 2.21696949 2.209991455 2.168005943 2.167536974 2.135077715 2.093209982 2.107805729 2.09430933 2.10202837 2.099321127 2.092646837 2.090513706 2.088721514 2.085289717 2.084847689 2.086814404 2.088263988 2.088284016 2.088660479 2.091908216 2.089698315 2.078468561 2.068618298 2.08749342 2.100284815 1.916532397 1.852570415 2.008081913 2.468558311 2.585360289 0.780759394 0.789337575 0.797605455 0.801212788 0.805573761 0.802178681 0.801228881 0.797009528 0.79530704 0.796414912 0.800077617 0.806705296 0.805095196 0.819320977 0.959278286 1.096146703 1.042441487 1.678715944 2.107800007 2.306157351 2.745188713 3.7600739 7.500031471 12.02379513 12.46072292
2.274716377 2.277472019 2.217020512 2.200618267 2.166359901 2.160603523 2.125365019 2.113080978 2.11230731 2.106891394 2.10405755 2.10246253 2.092867374 2.086827993 2.088434458 2.089276791 2.087950706 2.079699755 2.07986474 2.080720186 2.094416618 2.091500998 2.086809635 2.084264517 2.173274755 2.564787865 2.19122076 1.224493504 1.104568005 5.042750835 3.620259285 0.800801277 0.800273299 0.798719227 0.803491771 0.804124773 0.807084858 0.806166828 0.806350946 0.808299601 0.806260288 0.80271858 0.811631739 0.81313175 0.826148629 0.871988297 0.930809736 1.09612155 1.657888412 2.012705326 2.117013931 2.300466299 3.166425228 5.431037426 10.94379807 11.72942638
2.355788708 2.344395876 2.212706089 2.226467609 2.159064531 2.117079735 2.122503757 2.104202986 2.116124868 2.102579594 2.10454154 2.093728781 2.092978954 2.088286161 0.668199062 2.096728325 2.089308023 2.092028856 2.091191769 2.092402697 2.086977005 2.09500742 2.01011467 2.236756802 2.017598391 2.03264904 0.843198001 0.807500243 2.284979582 2.840845346 2.188535929 0.796352267 0.793809295 0.793475807 0.804166019 0.80739224 0.78959626 0.813055456 0.80677408 0.80670917 0.805383444 0.807081282 0.806889594 0.826508105 0.815215528 0.830682814 0.876769185 1.09026432 1.309734464 1.863067865 2.087309122 2.284616947 2.57050848 2.992632151 3.836843491 12.31597042
2.3409307 2.32690382 2.243779182 2.186564445 2.166782618 2.136322737 2.101742744 2.121482849 2.117445707 2.109759808 2.103550434 2.098985195 2.096013546 2.089789152 2.095635891 2.09029603 2.103740215 2.107783794 2.10000968 2.09149766 2.08409667 1.94067502 2.109837055 1.885609984 0.849201977 1.198848963 0.955912769 2.014081001 1.519682407 2.959920168 0.762012362 0.768334806 0.775100231 0.789674938 0.802691877 0.821712375 0.833821356 0.810392678 0.80817318 0.807133496 0.814210355 0.81479758 0.815566182 0.819170475 0.820462465 0.817763269 0.877892256 0.923695505 1.350477934 1.835407853 1.983985782 2.149075747 2.262040615 2.558367252 3.235379696 7.120436192
2.198011398 2.254061699 2.229041338 2.186923981 2.171558142 2.151869297 2.122695446 2.114024401 2.094643831 2.102864504 2.108735085 2.105993032 2.10386157 2.10174942 2.097130537 2.090377092 2.097697735 2.196477652 2.092038631 2.106137037 1.919201851 2.146127701 1.631692171 1.216352105 0.861842811 1.145966649 0.692380905 1.644560337 3.735500574 0.776936054 0.757385969 0.762266576 0.767053127 0.791643679 0.803319871 0.8196944 0.805175602 0.81011349 0.809516668 0.813453913 1.306745648 0.815125048 0.819021642 0.823399186 0.824760735 0.820583463 0.87709415 1.072978973 1.039427161 1.592838764 1.790323377 1.941275358 2.051944494 2.454394341 3.037753105 4.217650414
2.173870564 2.202232122 2.179400206 2.132553816 2.129907846 2.122848749 2.127292871 2.103369474 2.089634895 2.101098776 2.109462023 2.114472628 2.100423813 2.144482136 2.127519846 2.131380558 2.185925961 2.094931841 2.097654343 1.930953383 1.814204574 1.703395486 0.924880385 2.645905495 1.111775041 0.725645065 0.792575836 1.185906291 0.994717002 0.754079938 0.755866468 0.760815203 0.766384006 0.792244971 0.807517767 0.802969933 0.802770615 0.814189315 0.809710324 0.819383085 0.819126785 1.123425901 0.815978944 0.823506474 0.826821387 0.824462533 0.8408674 0.912938058 1.04328692 1.252062917 1.752701044 1.753622532 1.931168795 2.129413128 2.217322826 2.858311415
2.231818438 2.195355654 2.131078959 2.125213623 2.134430408 2.140034676 2.120849848 2.130592108 2.108514786 2.107526064 2.10654974 2.123325825 2.148721457 2.123927116 2.103554487 2.132210016 2.098769665 2.124181986 2.361126423 1.955092788 1.752923489 1.201343179 2.887832403 2.820389748 0.761032522 0.748274088 0.73414737 3.525463343 2.043930054 0.758655071 0.750537455 0.764772475 0.798705995 0.793555856 0.818259835 0.82249248 0.837672234 0.832329214 0.832867026 0.813877225 0.817349315 0.82124579 0.82306242 0.821356416 0.827908278 0.824612021 0.838123024 0.868677676 0.884350896 1.207974434 1.4871521 1.480792046 1.486605883 1.753295064 1.927211761 2.304308653
2.164923906 2.174328566 2.1483078 2.115222692 2.113140821 2.118991375 2.111366987 2.108580112 2.107824564 2.108558893 2.109010696 2.123155594 2.138879299 2.107245684 2.633220911 2.54810214 2.177929401 1.808472872 2.578389406 2.693615913 2.214223146 1.165106535 2.719278812 1.526601076 0.722601593 0.77525562 0.727061927 0.681659698 4.140856743 0.765944362 0.768372297 0.78622514 0.789836526 0.80266279 0.819381893 0.822534084 0.826828182 0.8259902 0.819926023 0.831953049 0.825461507 0.827610493 0.827917695 0.829063892 0.817711771 0.824475944 0.816739142 0.828253508 0.853874862 0.872380793 0.83366859 0.975864589 0.90599972 1.142226934 1.468101978 1.900594234
2.182357788 2.158218622 2.146175385 2.13013792 2.102017641 2.115006685 2.112502337 2.109477997 2.109902859 2.114979267 1.949649215 1.898805618 2.128149748 2.138797283 2.135073662 2.009322882 2.916159868 2.495789051 1.814180493 1.786940217 2.619425058 2.739449263 0.792121708 0.788279593 0.79723376 0.797105134 0.780469179 1.00660181 0.772731602 0.770297348 0.789944708 0.812015295 0.821457684 0.825102746 0.827860296 0.828501344 0.828397334 0.826300144 0.823593318 0.832210898 0.830820203 0.832254231 0.828291774 0.822142959 0.81622082 0.807624996 0.817644298 0.825842321 0.822657943 0.822101295 0.778598249 0.745231807 0.786134899 0.765889764 0.903314173 1.146496892
2.146886349 2.126353502 2.128808737 2.107986689 2.101806164 2.114374638 2.114518642 2.109597683 1.700275183 2.1124053 2.123024702 2.138854265 2.137102127 2.137809038 2.130286455 2.168412209 2.189872503 0.643563032 0.646924376 0.665050805 1.972773552 0.868159711 0.869901299 0.726548135 0.813216329 0.748984039 0.779690385 0.779790878 0.781918108 0.789937615 0.806647837 0.815785706 0.821858585 0.827337086 0.82992655 0.834502995 0.832684994 0.835434496 0.834899247 0.833401084 0.835573256 0.833415926 0.83085072 0.827502608 0.813453615 0.820526898 0.817962825 0.815025568 0.812919319 0.820336044 0.795299649 0.771462679 0.737253249 0.7032336 0.755239367 0.897398114
2.099942446 2.099302769 2.118282318 2.115183353 2.11205101 2.109694004 2.111742735 2.105723858 2.108879805 2.111923933 2.119146347 2.131267071 2.149308681 2.63995266 2.495411396 2.690256357 1.334123373 0.566556036 0.614157796 0.750909805 0.717707574 1.401470184 0.753040016 0.764441371 0.724574924 0.774970293 0.778832316 0.781712055 0.788091183 0.79771781 0.808361828 0.817209542 0.823682785 0.828594983 0.830958903 0.833260477 0.837152123 0.83442533 0.834557354 0.837768972 0.829079986 0.829712808 0.82247901 0.820260704 0.823732316 0.809877455 0.816246867 0.818217814 0.828585267 0.910351336 0.820911288 0.812654674 0.804771781 0.744405568 0.713365018 0.766531229
