Environmental Parameters/Projection/Sea-bottom_temperature.asc
ncols 720
nrows 360
xllcorner -180.00
yllcorner -90.00
cellsize 0.5
NODATA_value -9999
[rows 175 to 199 of 360, columns 112 to 167 of 720]
1.038591862 1.03631413 1.039698124 1.040736079 1.041691065 1.04285264 1.042850137 1.052782297 1.056382418 1.058789849 1.05926609 1.081581116 1.086128831 1.125058413 1.088487864 1.133880734 1.092587709 1.094033718 1.149566054 1.148193836 1.17531991 1.13608849 1.139550328 1.180390596 1.181683064 1.153194666 1.188495994 1.19001615 1.192180634 1.193713069 1.198244691 1.202118993 1.208243966 1.216275692 1.264324069 1.216284156 1.269495845 1.270620823 1.274664164 1.281775475 1.342567444 1.282914877 1.363432288 1.412385583 1.403602362 1.224676251 1.414703727 1.417293429 1.55712986 1.485465527 1.491578102 1.549133778 1.457584381 1.519889116 1.765262842 1.651801825
1.038602591 1.037283778 1.039788127 1.036812544 1.041240931 1.047474861 1.042873383 1.052196026 1.055153131 1.057712436 1.05888319 1.085900426 1.087647796 1.088233232 1.08902514 1.137524962 1.141174555 1.143941998 1.14396894 1.141063809 1.136672974 1.136302233 1.14154911 1.146946192 1.150583029 1.150818944 1.192650557 1.198628664 1.20542109 1.208533883 1.209914327 1.214053631 1.220416546 1.224631071 1.265157819 1.223372459 1.272289872 1.224278808 1.279930234 1.28692615 1.344486594 1.357091069 1.364996552 1.415949821 1.404736876 1.486135721 1.437818766 1.226270199 1.416631818 1.4144907 1.439940214 1.414618731 1.491505742 1.501416564 1.439921737 1.418863893
1.039576173 1.037628531 1.040516138 1.041090488 1.042032957 1.037440419 1.050911903 1.052063465 1.054342508 1.057041049 1.085610151 1.116767406 1.090036988 1.089398026 1.130273461 1.190881491 1.13667953 1.137117982 1.13591826 1.097596169 1.132863045 1.135069728 1.140955448 1.147336602 1.149317384 1.18950367 1.195224047 1.203441501 1.211059809 1.217094541 1.22066927 1.221640944 1.262921333 1.229667306 1.231485605 1.225751877 1.270819068 1.275730133 1.281896472 1.288772464 1.290361285 1.290591359 1.36408174 1.417618513 1.422622919 1.42814672 1.36971426 1.403948307 1.404078007 1.405190349 1.40640223 1.413260341 1.434813738 1.435223579 1.407509446 1.437418938
1.046021581 1.045985579 1.046370029 1.047036052 1.04254055 1.050670743 1.051867604 1.052671909 1.080501795 1.113703251 1.086901426 1.08806622 1.087827802 1.120484471 1.123610616 1.125846624 1.126941681 1.127483606 1.126695633 1.098258615 1.09882009 1.130113602 1.133563042 1.138508081 1.143609047 1.146604061 1.146838546 1.14904356 1.210422993 1.215639949 1.218783379 1.219557285 1.220812321 1.223558068 1.225798845 1.226042151 1.224477053 1.272236466 1.22377193 1.285694718 1.342235088 1.35167253 1.413636923 1.493200898 1.419182062 1.408507586 1.409472227 1.408394337 1.408434629 1.405409575 1.410199523 1.411000252 1.411711574 1.407247543 1.415076971 1.416732669
1.040029883 1.040341854 1.040614486 1.04774344 1.049265385 1.051248431 1.052454948 1.076844454 1.079643726 1.080941916 1.081973672 1.083362341 1.084491849 1.085283518 1.087005138 1.088331223 1.119146705 1.09198463 1.095282555 1.097254038 1.098398447 1.098652482 1.125536442 1.129466534 1.135932922 1.143005967 1.146004438 1.147274971 1.202676535 1.207515001 1.210140824 1.211009622 1.212663531 1.214634418 1.217029691 1.219790459 1.223177314 1.223426104 1.280588865 1.286519647 1.341966033 1.351843596 1.413751245 1.413904548 1.415318847 1.41679585 1.406210065 1.405664206 1.406104803 1.406742573 1.425679564 1.4093045 1.427358031 1.42802155 1.414680004 1.415703893
1.046768785 1.040177941 1.040754437 1.041329503 1.04914403 1.051697016 1.053556442 1.073625922 1.07522583 1.075404525 1.075791836 1.077251434 1.079298377 1.081979036 1.084327579 1.086635709 1.088013053 1.090130091 1.091639519 1.093707919 1.095542431 1.097677469 1.099693894 1.101001501 1.131698966 1.139199972 1.143394947 1.194565892 1.147321939 1.198778868 1.20065105 1.202267289 1.204063892 1.207054973 1.209166408 1.213082194 1.218665957 1.223553658 1.280281305 1.286423206 1.288171172 1.351643205 1.359146714 1.412270308 1.395692229 1.401887774 1.403318524 1.403658152 1.404492855 1.405691624 1.407344818 1.408774734 1.410036206 1.411782146 1.413451433 1.428058863
1.07446897 1.039767504 1.040727019 1.04171598 1.042111039 1.042270064 1.054824591 1.071521044 1.071225166 1.071842194 1.072025776 1.062996864 1.075144768 1.077364206 1.080873609 1.075894594 1.081959844 1.084173799 1.087884188 1.084876776 1.085332751 1.09666419 1.099859834 1.102062464 1.103772044 1.135982513 1.141019464 1.194246888 1.147147894 1.149930358 1.195393801 1.157136679 1.197287917 1.201018453 1.205887914 1.209091425 1.217091918 1.224751949 1.279672742 1.284862518 1.286804795 1.348804116 1.360026121 1.379312515 1.410491824 1.415374637 1.404206038 1.405653596 1.407163978 1.408936143 1.409927845 1.41149497 1.413558483 1.430326819 1.417429447 1.418443561
1.038526058 1.039382458 1.040629506 1.042030454 1.042317033 1.053135037 1.055900574 1.056702137 1.069624662 1.069474101 1.060347795 1.062932253 1.065158725 1.076812267 1.078671336 1.0762254 1.083824396 1.085364699 1.084519267 1.085099697 1.086033702 1.097967386 1.102153778 1.105176926 1.129028559 1.132963538 1.137804389 1.142153382 1.145832896 1.151209354 1.106186748 1.158177614 1.16003859 1.19621253 1.201286316 1.207970023 1.216246605 1.223493695 1.232565165 1.281502008 1.281916261 1.33744657 1.354066968 1.38077426 1.397837043 1.401619792 1.425684333 1.428658485 1.410378575 1.41204536 1.413534284 1.415338039 1.417353868 1.41936934 1.420535207 1.421372294
1.039000869 1.039877653 1.041611671 1.042616606 1.042898655 1.052933097 1.054833651 1.055671692 1.055962682 1.056531191 1.071554184 1.06233418 1.066319227 1.06849134 1.068980932 1.08372283 1.08658886 1.085745692 1.085757732 1.087373257 1.08789587 1.102591395 1.107322812 1.10910809 1.10891819 1.108203053 1.108080029 1.141139388 1.145513415 1.151110411 1.157806754 1.160433173 1.162558556 1.191616535 1.163536549 1.204486847 1.214834332 1.222407937 1.271410823 1.273347974 1.327487707 1.329383254 1.381821752 1.523394704 1.394914031 1.40165484 1.39899683 1.41113472 1.41362977 1.406952977 1.40867734 1.417109132 1.419503331 1.42183888 1.423442245 1.424274445
1.04007113 1.042029023 1.043297887 1.043415785 1.051796794 1.04355073 1.054805756 1.055651784 1.056385756 1.057201147 1.058993101 1.062265992 1.067746639 1.069602728 1.083573818 1.087154269 1.087772489 1.087161183 1.088011146 1.090293169 1.090910792 1.10854125 1.111287594 1.111152768 1.131843686 1.134947062 1.109398007 1.142073035 1.146820426 1.152747989 1.157479286 1.183366179 1.184819579 1.189009547 1.163560033 1.204527974 1.214027762 1.219578505 1.222790837 1.264228702 1.265398383 1.314609289 1.375367045 1.378097057 1.392312765 1.399732351 1.406623125 1.412259221 1.40499258 1.406614661 1.4076823 1.415825367 1.410770535 1.412116051 1.420135856 1.420938849
1.041927576 1.042755485 1.043527842 1.043681264 1.054391742 1.056584716 1.058323145 1.059231162 1.060180068 1.059134483 1.061043501 1.065943003 1.069086909 1.08455503 1.074963212 1.085380793 1.092960238 1.089689612 1.090860486 1.092939973 1.093662739 1.111957073 1.114137292 1.11435163 1.134346366 1.138256907 1.142338395 1.146669984 1.150986433 1.155221343 1.158066273 1.182747722 1.162779093 1.191158533 1.163224459 1.237294078 1.212251067 1.216709733 1.220173597 1.259831429 1.261628509 1.292956948 1.386902094 1.370665908 1.401240468 1.397309184 1.400870085 1.401939392 1.404281139 1.406851172 1.407694578 1.408890963 1.409956455 1.40389967 1.411673903 1.41246748
1.042359948 1.052925348 1.055310249 1.057544708 1.059782147 1.062396169 1.063797593 1.065070033 1.065878987 1.083195448 1.068193913 1.086244345 1.071947336 1.074258447 1.092005968 1.094876528 1.09286499 1.092413425 1.093708277 1.095962882 1.096644282 1.114400148 1.116728902 1.132279992 1.116979122 1.141293168 1.146964431 1.151172519 1.152634501 1.15571034 1.158219337 1.161073923 1.16159904 1.19455564 1.125956059 1.204850197 1.234671712 1.238019943 1.241618156 1.248946071 1.282781959 1.309434414 1.319282413 1.359147787 1.392618537 1.398738027 1.399608135 1.401648521 1.40344882 1.405602217 1.407441378 1.404460311 1.403933764 1.410835624 1.404445529 1.404265165
1.042957664 1.056588888 1.060924888 1.06334877 1.064716816 1.066517234 1.067307234 1.082259655 1.070890665 1.073208094 1.073996902 1.076096416 1.076508045 1.092150569 1.094925165 1.093713284 1.095216274 1.095962763 1.096965194 1.099026799 1.099599719 1.116595984 1.118183017 1.132758498 1.118662596 1.145408273 1.150523663 1.184345245 1.184474707 1.155688643 1.187340021 1.189484239 1.227421522 1.295528173 1.22672379 1.229894996 1.232973456 1.425732017 1.565783739 1.261668205 1.326338172 1.341386795 1.400726438 1.496241808 1.405345798 1.414633512 1.399277329 1.401215076 1.403542161 1.404892802 1.405846834 1.405774117 1.405970216 1.405792594 1.399070501 1.405675054
1.04416573 1.059544325 1.065057993 1.067276955 1.068202019 1.068184495 1.08109045 1.082179904 1.073491335 1.0749017 1.076431036 1.089029551 1.07992208 1.083457708 1.096170187 1.099026322 1.098162055 1.098634005 1.099763036 1.101579666 1.102599621 1.116716027 1.118880153 1.118949056 1.140721917 1.14779675 1.150814533 1.186501145 1.229432225 1.188644052 1.189882994 1.22971046 1.304349065 1.303108931 1.231133699 1.230792165 1.445971966 1.444818258 1.458898425 1.474837303 1.403020263 1.400880933 1.423471689 1.418640733 1.415681958 1.432970047 1.4032619 1.404656529 1.399587393 1.40154016 1.404240847 1.405874848 1.406788468 1.406498075 1.406110168 1.405772805
1.056078911 1.060427189 1.081573009 1.068145514 1.069327474 1.068549395 1.080609918 1.082110405 1.073748708 1.075319171 1.077689052 1.07969439 1.083754063 1.088626504 1.096666455 1.097869992 1.099527121 1.101035833 1.102222443 1.103124619 1.112688065 1.115371466 1.132314563 1.117329597 1.142115831 1.184262753 1.225717664 1.234493971 1.309729457 1.462044477 1.238805413 1.327894688 1.229789853 1.325842381 1.489709377 1.483114004 1.384830952 1.417052865 1.489125848 1.445460439 1.440384388 1.428971767 1.426767349 1.453945518 1.410643816 1.402985454 1.40030086 1.403214097 1.40163219 1.408770919 1.404059768 1.404636502 1.412999392 1.404690027 1.399306297 1.40472281
1.047384381 1.048974156 1.06349051 1.066009045 1.066636086 1.066098452 1.06712997 1.069954395 1.073483825 1.07618928 1.078806996 1.091687918 1.084368944 1.088643074 1.094892859 1.098332286 1.100033522 1.101210594 1.102477193 1.104312301 1.104640841 1.113335133 1.115774989 1.116883278 1.142352462 1.221302509 1.189076424 1.242209315 1.188071609 1.247467399 1.361449361 1.372431874 1.365623951 1.506780028 1.512602925 1.51798749 1.460943222 1.467587233 1.443763494 1.440543652 1.437595248 1.459771514 1.412349939 1.407297015 1.410122275 1.405318618 1.399421215 1.397318482 1.396921873 1.396245122 1.403669715 1.394769788 1.392256856 1.397115231 1.403032422 1.403622031
1.04847753 1.05037868 1.052803516 1.063415766 1.064480782 1.064851642 1.066255093 1.069431543 1.073428512 1.077074289 1.080262542 1.083685398 1.062658906 1.095191121 1.098301888 1.101216316 1.103175521 1.101307511 1.106603503 1.108502626 1.104492188 1.113477111 1.102447152 1.139858723 1.181977868 1.221338391 1.230629206 1.244665742 1.250136852 1.377603173 1.254319668 1.250969529 1.386482239 1.519520879 1.542986274 1.526989341 1.527301788 1.44586277 1.414770842 1.437582374 1.43313849 1.429987907 1.41152668 1.408147693 1.405185342 1.404169917 1.401199698 1.396849036 1.398751259 1.398864508 1.398633599 1.393167853 1.402428508 1.39184165 1.396858215 1.402358651
1.035134912 1.051865458 1.054122686 1.036853552 1.057198167 1.065911531 1.06708777 1.070237756 1.073601604 1.090753675 1.092454433 1.082888961 1.093706369 1.09470892 1.090445876 1.093842387 1.096958876 1.10480392 1.107342482 1.110267639 1.10443306 1.11563611 1.116377115 1.117833018 1.144967675 1.189700842 1.228450537 1.244806051 1.251860261 1.399766207 1.541163802 1.515538335 1.411010385 1.548007846 1.554833412 1.531996846 1.485678554 1.445142269 1.426185489 1.411595106 1.417853236 1.407102346 1.40647459 1.408268094 1.404473901 1.403616905 1.406430125 1.398295045 1.39720583 1.397710443 1.397729993 1.422835827 1.425147891 1.392082572 1.395271182 1.397105217
1.052210927 1.061985135 1.056241035 1.067863822 1.069031239 1.069483399 1.083163023 1.07226491 1.063726068 1.062900066 1.062444329 1.080162764 1.093255162 1.093954682 1.096830726 1.089010358 1.104982257 1.097159863 1.110881925 1.1135391 1.115085721 1.116509795 1.171054006 1.119149923 1.18702507 1.188192129 1.187844157 1.248719811 1.252510667 1.411015034 1.428171992 1.522054791 1.456192613 1.535380721 1.535762072 1.538229942 1.491009474 1.446393967 1.439905047 1.424622416 1.433889627 1.433908463 1.40513742 1.407966733 1.410297871 1.404451728 1.409342051 1.400231361 1.400289178 1.40243721 1.402833343 1.438133001 1.400122762 1.407782435 1.397796273 1.398206234
1.005691886 1.065915346 1.059343696 1.071663022 1.073407769 1.073072553 1.073181152 1.087026358 1.076281905 1.076537967 1.062124491 1.062023997 1.081143022 1.083168149 1.086250901 1.10175705 1.107450247 1.130673051 1.115974665 1.138406277 1.140883088 1.117295027 1.118412852 1.180216074 1.494724154 1.237875104 1.246196508 1.250362277 1.415219784 1.501754999 1.438924432 1.553877473 1.535461426 1.537504911 1.514950275 1.469980597 1.457605839 1.448859215 1.431151032 1.428459764 1.416103959 1.419628739 1.407390833 1.441389918 1.414820194 1.405839324 1.402829766 1.402082443 1.403290272 1.417870879 1.407025695 1.411412001 1.416059136 1.406351089 1.402768254 1.400856733
1.056547284 1.057798505 1.082560539 1.084810257 1.066262245 1.065794945 1.074923515 1.076645255 1.078152299 1.063079 1.079012752 1.079729557 1.08108747 1.083105564 1.086739421 1.08763957 1.087960005 1.088827014 1.095343113 1.140739083 1.176551461 1.150179863 1.178854704 1.236275673 1.180002332 1.247704148 1.249248624 1.417054772 1.433004141 1.436001182 1.447486758 1.605053067 1.540418983 1.543312311 1.48463881 1.513888717 1.442870498 1.454999804 1.433637261 1.419100404 1.417612076 1.414377689 1.038487315 1.403556466 1.224383712 1.400790095 1.400144577 1.39986968 1.399774194 1.402000666 1.397041321 1.402725697 1.402547717 1.402126074 1.426578164 1.407578468
1.036383748 1.058286428 1.073278308 1.066561699 1.077377677 1.066102982 1.076912522 1.077792168 1.079508424 1.081028819 1.081919312 1.0825212 1.083699703 1.063127041 1.087315559 1.088064432 1.109898925 1.117559791 1.09187758 1.095476866 1.511751652 1.188111901 1.244965434 1.175014377 1.175616741 1.251614571 1.420313478 1.431046128 1.24974966 1.516525507 1.52439189 1.532673597 1.541331053 1.528517962 1.552846313 1.514081001 1.472109318 1.462596059 1.458670974 1.420823216 1.429549336 1.425256133 1.394626141 1.399640918 1.403835535 1.400903344 1.399516106 1.399296641 1.406587124 1.409294963 1.397971392 1.404147506 1.394621849 1.416101336 1.542630196 1.411245108
1.066849828 1.069153905 1.28124094 1.077102184 1.080098748 1.06626904 1.065661192 1.081146479 1.036527276 1.064349055 1.064262033 1.085412145 1.086922169 1.087771058 1.130108595 1.131793976 1.115843534 1.142495155 1.12019217 1.189107656 1.144880652 1.265107274 1.429027915 1.448180795 1.446616769 1.450367808 1.537508607 1.536107659 1.55587256 1.484849095 1.512146235 1.539739728 1.53046155 1.528939724 1.551723719 1.486982107 1.45717454 1.450631857 1.467866659 1.42224443 1.40789783 1.460770249 1.399128318 1.395424843 1.393678069 1.397803187 1.426880717 1.395867586 1.397719622 1.402826905 1.404797673 1.396771312 1.404169083 1.420990348 1.510902643 1.446436763
1.188806534 1.095485687 1.104148984 1.108440757 1.134188652 1.102370977 1.084270239 1.065720201 1.065357447 1.097616792 1.064561605 1.064309955 1.088220954 1.129818797 1.087827325 1.133938313 1.120257139 1.248674989 1.145837188 1.191389918 1.283640027 1.294065952 1.295179963 1.477369189 1.487563014 1.546558619 1.566204786 1.607365727 1.57162118 1.552458286 1.547993422 1.518258929 1.515303969 1.528986096 1.504003525 1.520517468 1.460809469 1.455694675 1.430622578 1.410943985 1.415470719 1.030360341 1.029927135 1.392277718 1.396621704 1.39278388 1.393768549 1.411796331 1.398335814 1.399815917 1.405935168 1.405689716 1.405361652 1.449468613 1.454089761 1.454310775
1.198033929 1.152393579 1.488691211 1.138370156 1.061469913 1.107367873 1.085381866 1.102403283 1.087669611 1.089252353 1.089804888 1.089586139 1.104598045 1.064028859 1.136987448 1.140584707 1.090694904 1.25894165 1.185314417 1.293412209 1.31430459 1.447404265 1.466698289 1.492567539 1.508039832 1.551783204 1.55432868 1.578924179 1.564815402 1.560577631 1.541724563 1.558279991 1.532371283 1.529369593 1.472305417 1.494219899 1.46114552 1.439491272 1.45182693 1.427372694 1.408435702 1.396879435 1.028494477 1.391277552 1.391151547 1.391403675 1.400137782 1.397098422 1.4044801 1.399649739 1.407928109 1.408538342 1.408058882 1.408175588 1.439599395 1.460971832
