Environmental Parameters/Projection/Sea-bottom_salinity.asc
ncols 720
nrows 360
xllcorner -180.00
yllcorner -90.00
cellsize 0.5
NODATA_value -9999
[rows 225 to 249 of 360, columns 0 to 56 of 720]
34.61716461 34.56832123 34.36213684 34.64897537 34.61415482 34.64942169 34.61791611 34.56468964 34.42860031 34.68322372 34.67599106 34.67812347 34.67924118 34.67892456 34.67843628 34.67822266 34.67859268 34.67891312 34.6793251 34.67959595 34.68046951 34.68110657 34.68186188 34.68257904 34.68325043 34.68388367 34.68441772 34.68395615 34.68374252 34.68355179 34.68997955 34.69054794 34.69101334 34.69141769 34.69157028 34.69197464 34.69229507 34.6910553 34.69342422 34.69135284 34.68560791 34.69113541 34.69015503 34.69127655 34.69148636 34.691185 34.69122696 34.69149017 34.692276 34.69234848 34.68618774 34.68535995 34.6807251 34.68468475 34.67980194 34.68479919 34.68478012
34.61880875 34.51811218 34.45168304 34.6150856 34.61414337 34.61525726 34.61750412 35.0480957 34.53647995 34.67701721 34.67539978 34.67627716 34.67778397 34.67828751 34.67852402 34.6789856 34.67924881 34.67933655 34.6794281 34.67963028 34.67990875 34.68024445 34.6805954 34.68128204 34.68186569 34.68198395 34.68173981 34.68154526 34.6873703 34.688591 34.69009018 34.68959808 34.68986893 34.68969727 34.68993378 34.69020081 34.66719055 34.6916008 34.69041824 34.68997955 34.68952179 34.68957138 34.68914032 34.6890831 34.68721771 34.6889267 34.68867111 34.68907166 34.68957901 34.68982315 34.68492126 34.68421173 34.68388748 34.68402481 34.68447876 34.69147491 34.69174957
34.61983109 34.40254211 34.32184219 34.61680984 34.58634567 34.56512833 34.58518219 34.31978607 34.65326691 34.67292786 34.67250061 34.67330933 34.67543411 34.6769371 34.67755127 34.67826843 34.67873001 34.67913055 34.67938232 34.67960358 34.67982483 34.68003082 34.68029404 34.68069077 34.68109894 34.68095398 34.68050385 34.68004227 34.68019104 34.68792725 34.68039703 34.68035889 34.68041229 34.68982697 34.68980026 34.6898613 34.69007111 34.69001389 34.68971634 34.68891907 34.68823242 34.68774796 34.68725204 34.68705368 34.68697739 34.68664551 34.68642426 34.6865387 34.68273163 34.68206787 34.68175888 34.66469574 34.68183136 34.67752838 34.68217468 34.68267822 34.68307877
34.592556 34.39581299 34.39499283 34.61850739 34.56682968 34.58580399 34.47513199 34.31506348 34.67576981 34.6715126 34.67042923 34.6709137 34.67288589 34.67495728 34.67603302 34.67664719 34.67717361 34.67739868 34.67806244 34.67830276 34.67848969 34.68027496 34.67837906 34.67884064 34.67906952 34.67913055 34.67878723 34.67913437 34.67940521 34.67917252 34.67957687 34.67996597 34.68019485 34.68002701 34.68968964 34.6897583 34.68976593 34.68968964 34.68877411 34.68770981 34.68666458 34.68713379 34.68632889 34.68596649 34.68574142 34.68548965 34.68339157 34.68223953 34.68146133 34.68461609 34.68016815 34.68476486 34.68506241 34.67947006 34.67988586 34.68018341 34.68651962
34.59056473 34.48012161 34.47855759 34.58616257 34.5054512 34.47593689 34.37216949 34.45279312 34.67503357 34.67127991 34.67041397 34.67002487 34.67147827 34.67362595 34.67479706 34.67545319 34.67567062 34.67554855 34.6753273 34.67521667 34.67473984 34.6745224 34.67499161 34.67534637 34.67559052 34.67564011 34.67569733 34.6754837 34.67523575 34.67559433 34.69184875 34.67760849 34.67808151 34.67832184 34.67825699 34.6882515 34.68907928 34.68821716 34.68714142 34.68632507 34.68586731 34.68572998 34.68544769 34.6848259 34.68431854 34.68408585 34.68383789 34.68359756 34.68343353 34.68330002 34.67933273 34.68367767 34.68414307 34.67937469 34.6847496 34.68488693 34.68503952
34.62325287 34.50439835 34.56665039 34.58548737 34.5641098 34.49289703 34.35958862 34.51451874 34.6750946 34.67318344 34.67237091 34.6713829 34.67430878 34.67352295 34.67433548 34.67498398 34.67470551 34.67410278 34.67344284 34.67285538 34.67237473 34.67176437 34.67194748 34.67282486 34.67311096 34.67333221 34.67336273 34.67301559 34.67261887 34.67288208 34.67340469 34.67422485 34.67537689 34.67546082 34.67582321 34.67617416 34.68510818 34.68473434 34.6842041 34.68562698 34.68389511 34.68436813 34.6836853 34.68323898 34.68323898 34.68304825 34.68301773 34.68276596 34.68238068 34.68244934 34.68283844 34.68328094 34.68356323 34.67444229 34.68440247 34.67931366 34.67910004
34.62659836 34.33626938 34.58643723 34.62347412 34.56459045 34.30899811 34.43852997 34.68520355 34.67642212 34.6755867 34.67737579 34.67679977 34.67635345 34.67571259 34.67517853 34.67528534 34.67459488 34.67333221 34.67243958 34.67141342 34.67120361 34.67084122 34.6711235 34.67159271 34.67145538 34.67140198 34.67142487 34.67134476 34.6712265 34.67113113 34.67116165 34.67164612 34.67203522 34.67256546 34.67909622 34.6737709 34.68072891 34.68041611 34.68044662 34.68095016 34.68109894 34.6805954 34.68009186 34.68058395 34.68102646 34.68123627 34.681427 34.68162537 34.68167114 34.6820488 34.68220901 34.68217468 34.68271255 34.68321991 34.67937088 34.67934036 34.67928314
34.59241486 35.02759933 34.58591843 34.62647247 34.58421707 34.51115036 34.61933899 34.68887711 34.67778397 34.67745972 34.68082047 34.67765427 34.67731476 34.67566299 34.67541122 34.67499542 34.67416 34.67284393 34.67379761 34.67137527 34.67454147 34.67159653 34.67152405 34.67152023 34.6708374 34.66976929 34.66961288 34.66980743 34.6698494 34.66994095 34.67286301 34.66973877 34.67001724 34.67050552 34.67100143 34.6758728 34.67612076 34.6758461 34.67146301 34.6716423 34.6774292 34.67221832 34.67677689 34.67687225 34.67733765 34.67782211 34.67495346 34.67907333 34.68004227 34.68082428 34.68104935 34.6808815 34.67807007 34.68182373 34.68219376 34.67778397 34.67851257
34.63204956 34.33641815 34.63143539 34.62914276 34.58795929 34.39403915 34.58145905 34.69309616 34.67944336 34.67767334 34.68239594 34.67799377 34.67741394 34.67672348 34.67500305 34.67439651 34.67375565 34.67294312 34.67243576 34.67221832 34.67267609 34.67258453 34.67196274 34.67147064 34.67084885 34.66975784 34.66926575 34.6697731 34.67010117 34.6699791 34.67311096 34.66924286 34.66929626 34.66966629 34.66961288 34.67341232 34.66942596 34.67343903 34.67416 34.67466354 34.67393112 34.67341614 34.67292404 34.67399979 34.67401123 34.67169189 34.67527771 34.67630005 34.67769241 34.67745972 34.67909241 34.67842484 34.6784668 34.6789856 34.67583466 34.68047333 34.6772728
34.59591675 34.33121109 34.63198471 34.62854004 34.58872986 34.56532669 34.58424759 34.68453217 34.67815018 34.67685699 34.67930984 34.67859268 34.67572021 34.67488861 34.67665482 34.67486954 34.67654037 34.67634583 34.6734848 34.67613983 34.67300415 34.67226791 34.67134857 34.67065811 34.67051315 34.66996765 34.66957092 34.67017746 34.67062759 34.67103195 34.67057419 34.67028809 34.67032623 34.67019653 34.6699028 34.67329025 34.67232895 34.67222214 34.67550278 34.67288589 34.67175674 34.67096329 34.67114258 34.67155075 34.67200089 34.66959763 34.67297745 34.67401123 34.67526245 34.67522049 34.67607498 34.67689514 34.67627716 34.67723846 34.67414093 34.67890549 34.67556763
34.59498978 34.52015305 34.63017654 34.62776947 34.43408203 34.58683014 34.6676445 34.68265915 34.6776886 34.6769371 34.67628098 34.61687088 34.67827988 34.67746735 34.67473221 34.67773819 34.67538834 34.67760849 34.67721176 34.67333221 34.67263031 34.67171478 34.67063904 34.67028046 34.67002869 34.67011642 34.6697464 34.67017746 34.67062378 34.6713028 34.67464066 34.67115784 34.67510605 34.67058182 34.67427063 34.66938019 34.67207718 34.67157364 34.67176056 34.67218018 34.67151642 34.67117691 34.67108536 34.67145538 34.67151642 34.67154694 34.67156982 34.6696434 34.67233658 34.67300034 34.67314529 34.67380142 34.67416 34.67597198 34.67674255 34.67710876 34.67356491
34.56882477 34.59432983 34.62785721 34.56845474 34.42930603 34.66630554 34.69247055 34.67826843 34.67712402 34.67651367 34.67581558 34.67522049 34.68370438 34.67812729 34.67491913 34.6780014 34.67508316 34.67793274 34.67436218 34.67713547 34.67280579 34.67178345 34.67116165 34.67103195 34.67072678 34.67053604 34.67015457 34.67035294 34.67059708 34.67380524 34.67111206 34.67105865 34.67093277 34.67450333 34.67349625 34.67275238 34.67235947 34.67219925 34.67264557 34.66959381 34.6727066 34.66976166 34.67273331 34.67280579 34.67038345 34.67325974 34.67044449 34.67022324 34.67059708 34.67117691 34.67236328 34.67209625 34.67341614 34.67301559 34.67337418 34.67277527 34.6721344
34.38762283 34.6269455 34.59414673 34.59337997 34.34384537 34.66614532 34.68893051 34.67722321 34.67677307 34.6762085 34.67554092 34.6752243 34.67828751 34.67869949 34.67485046 34.67475128 34.67478561 34.67767334 34.67446136 34.67414474 34.6771431 34.67340851 34.67339706 34.67288589 34.67861176 34.67435455 34.67123032 34.67109299 34.6710968 34.67395782 34.67124557 34.67121124 34.67086411 34.67028427 34.67290497 34.67247772 34.67287064 34.67057037 34.67114639 34.67163086 34.67443848 34.67434311 34.6720047 34.67511749 34.67538071 34.67591858 34.67480087 34.67206192 34.67230988 34.67215347 34.67177582 34.67296982 34.6722374 34.67309952 34.67234802 34.67139435 34.67074203
34.51044846 34.62603378 34.62552261 34.46553421 34.59189606 34.62538528 34.68015289 34.67741394 34.67700958 34.6765976 34.67619324 34.6759491 34.67887878 34.6178093 34.67551422 34.6753006 34.67541504 34.67549515 34.67556 34.67567825 34.67603683 34.67637253 34.6793251 34.6769104 34.67556763 34.67428589 34.67605209 34.6726799 34.67507553 34.67212296 34.67210388 34.67186356 34.67505264 34.67118073 34.67100525 34.67108536 34.67194748 34.6726799 34.6733284 34.67370605 34.679245 34.67409897 34.67620468 34.67638779 34.67802429 34.67750931 34.67627335 34.67406082 34.67549515 34.67491531 34.67369843 34.67408752 34.67385101 34.67353439 34.67267227 34.67166138 34.67118835
34.59749985 34.5982132 34.59849548 34.33249283 34.67012024 34.69055557 34.68332291 34.67874146 34.67854691 34.67787933 34.67752838 34.67765045 34.67734528 34.679039 34.67646027 34.67637634 34.67655563 34.67681885 34.67971802 34.67764664 34.678936 34.67970276 34.68254089 34.68027115 34.68365097 34.67711258 34.6789093 34.67457962 34.67702866 34.67410278 34.67391586 34.676651 34.67415619 34.6762352 34.67563248 34.67524719 34.67389679 34.67401123 34.67448807 34.67718506 34.67504501 34.67513657 34.67739105 34.67725754 34.67723846 34.67712402 34.67708206 34.67711639 34.6769371 34.67657852 34.6760788 34.67567062 34.67525864 34.67484283 34.67406082 34.67298126 34.67279434
34.62615204 34.62720108 34.50479507 34.46264267 34.70015335 34.68209457 34.68035507 34.68025208 34.68043518 34.68056488 34.68045807 34.68021011 34.67995834 34.69021225 34.67866898 34.67818832 34.67815018 34.67815399 34.67841721 34.67899323 34.67975998 34.6804657 34.68115616 34.68140411 34.68128204 34.67952728 34.67787552 34.6770668 34.67924881 34.67649078 34.67660904 34.67658234 34.67686844 34.67692184 34.6780014 34.67735672 34.67722321 34.67729568 34.67486572 34.6749115 34.67507935 34.67751694 34.67524338 34.67741394 34.67726135 34.67716599 34.67494202 34.67570114 34.67615509 34.67734528 34.67699814 34.67666245 34.67641068 34.6759758 34.67541885 34.67456436 34.6736908
34.6269455 34.60289383 34.4667511 34.62885666 34.69213867 34.68213654 34.68136978 34.68156433 34.68205261 34.68243408 34.6824646 34.68217087 34.68193054 34.6816597 34.65190125 34.68047333 34.68013 34.67982864 34.67965317 34.67987823 34.68042374 34.68066406 34.68238449 34.68190384 34.68096924 34.68050385 34.67914581 34.67818832 34.67786789 34.67790985 34.67944336 34.67845154 34.67972183 34.6798439 34.67867279 34.67803574 34.67717743 34.6778717 34.675354 34.67494965 34.67490387 34.67731094 34.67749786 34.67754364 34.67747879 34.67739868 34.67528152 34.67771149 34.67790604 34.6762085 34.6778717 34.67776871 34.67755508 34.67702866 34.67632675 34.67565155 34.67473602
34.62871552 34.60511398 34.37388229 34.70162582 34.68373871 34.68309402 34.68289185 34.68320465 34.68366241 34.68392181 34.68395615 34.68366623 34.6834259 34.68323898 34.68287277 34.56632233 34.68181229 34.68154907 34.68128586 34.68124771 34.68132401 34.68129349 34.68144608 34.68131256 34.68102264 34.6804924 34.68016815 34.67975616 34.67839813 34.67857361 34.67988205 34.67935944 34.67970276 34.68001556 34.67985153 34.67935181 34.67930222 34.67891693 34.67634583 34.67552948 34.67747879 34.67528152 34.67559433 34.67815018 34.67595673 34.67827225 34.67950821 34.67686081 34.6787262 34.67706299 34.67904663 34.67918396 34.6789093 34.67833328 34.67757797 34.67683411 34.67563629
34.68014145 34.57147217 34.57077789 34.68855286 34.68480301 34.68397141 34.68409729 34.68452835 34.68533707 34.68525314 34.68571091 34.68477249 34.6846199 34.68444443 34.68426895 34.68394852 34.68367386 34.68329239 34.6831398 34.68284607 34.68244553 34.68298721 34.68235779 34.68228149 34.68193817 34.68149948 34.68101883 34.68086243 34.67968369 34.67935181 34.6925621 34.67986679 34.68122101 34.68148422 34.68161392 34.68086243 34.68141937 34.68013763 34.68021774 34.67705154 34.67861557 34.67638397 34.67673111 34.67942429 34.67741013 34.68033218 34.6785202 34.67894745 34.68051147 34.67873764 34.67918396 34.68104553 34.68093491 34.6776123 34.68054962 34.6798172 34.67828369
34.68186569 34.50486374 34.6812439 34.6867218 34.68595123 34.6853714 34.68557739 34.68557358 34.68899918 34.68572998 34.68561172 34.68546677 34.68545914 34.68553925 34.68547058 34.68541336 34.68808365 34.68468094 34.68424225 34.68388367 34.68368149 34.68348694 34.68354797 34.68344879 34.68354797 34.68332291 34.68273926 34.68273926 34.68152618 34.68239212 34.68731308 34.68127441 34.68119431 34.68249893 34.68209839 34.68283844 34.6827507 34.68176651 34.68073654 34.67962265 34.68098068 34.67820358 34.67870712 34.67894745 34.67905045 34.68199539 34.68233109 34.68066025 34.68280792 34.68307114 34.68307114 34.68352509 34.68359756 34.68353653 34.6827507 34.68286896 34.68218613
34.6823616 34.42834091 34.70227432 34.68701935 34.68649292 34.6863327 34.68605042 34.6859169 34.68579865 34.68661118 34.68572617 34.68557358 34.68557739 34.68570709 34.68590164 34.68584824 34.68888092 34.68555832 34.68522644 34.68491745 34.68475723 34.68471909 34.68471527 34.68479919 34.68464279 34.68460464 34.68769455 34.68458557 34.68357086 34.68351746 34.68338776 34.68328094 34.68352127 34.6835022 34.68372726 34.68378067 34.6844368 34.68470383 34.6825676 34.68173218 34.68110275 34.68331528 34.68077087 34.68075562 34.68066406 34.68103027 34.68188858 34.68224335 34.68442917 34.68300629 34.6852417 34.68541718 34.68458176 34.68582153 34.68585205 34.68571091 34.6853447
34.56952667 34.68157196 34.68825912 34.68684387 34.68640518 34.68605423 34.68584442 34.68577576 34.68678284 34.68670273 34.68554688 34.68529892 34.68522644 34.68540192 34.68554687 34.68559265 34.68612671 34.68592072 34.68560028 34.68541336 34.68529129 34.68523026 34.68524933 34.68520355 34.68515015 34.68516159 34.68532944 34.68504715 34.68584824 34.68596649 34.68523026 34.68518066 34.68529892 34.68538666 34.68548965 34.68514633 34.68503571 34.68622971 34.686203 34.6837883 34.68332291 34.68553925 34.68294525 34.68554688 34.6822052 34.682724 34.68506622 34.68515396 34.68351746 34.68413925 34.68579102 34.6861763 34.68567276 34.68716812 34.68747711 34.68642807 34.68610764
34.60218811 34.70413971 34.6865387 34.68624115 34.68582916 34.68536377 34.68867493 34.68526077 34.68535995 34.68584824 34.68508911 34.68482971 34.68464661 34.68468857 34.68877411 34.68488693 34.68570709 34.68856812 34.68486023 34.68502808 34.68490219 34.68484879 34.68486786 34.6848793 34.68489456 34.68498993 34.68507385 34.68564606 34.68516922 34.68552017 34.68579865 34.68602753 34.68615341 34.68616486 34.68594742 34.68555069 34.6853447 34.68521118 34.68737793 34.6873436 34.68711853 34.68688583 34.68371582 34.6831665 34.68285751 34.68322754 34.68533325 34.68520355 34.68338776 34.68543243 34.68571472 34.68518066 34.68680573 34.68727875 34.68755341 34.68644333 34.68624496
34.70251083 34.69098282 34.68507385 34.68509674 34.68481827 34.68460464 34.6844101 34.68449402 34.68468857 34.68460846 34.68441391 34.68415451 34.68395996 34.68391037 34.68410873 34.68382645 34.68355179 34.68362427 34.68795395 34.68423462 34.68440628 34.68446732 34.68440628 34.68437576 34.68429947 34.68444443 34.68458557 34.68518066 34.68563461 34.68525314 34.68561554 34.68576813 34.68583298 34.68544388 34.68503571 34.68451691 34.6843071 34.68678665 34.6842804 34.68708801 34.68397903 34.68369675 34.68292999 34.68554306 34.68216324 34.6824646 34.68238068 34.68222046 34.6841507 34.68436432 34.68503571 34.68443298 34.68483734 34.68502045 34.68519592 34.68512726 34.68488693
34.70068741 34.68331146 34.68288422 34.68318176 34.68359375 34.68370056 34.68434525 34.68369293 34.68393707 34.68378448 34.6833992 34.6830101 34.68279648 34.68268585 34.6828804 34.682827 34.68288803 34.68309402 34.65463257 34.68455124 34.68444824 34.68413544 34.68405914 34.68378448 34.68356323 34.6836319 34.68392563 34.68389893 34.68906784 34.68544388 34.68499756 34.68521118 34.68399048 34.68318939 34.68249893 34.68186569 34.68442917 34.68188858 34.68499374 34.68514252 34.68490219 34.68158722 34.68120575 34.68070602 34.68061447 34.6806221 34.68032455 34.68025589 34.6823349 34.68133163 34.68175507 34.68215561 34.68283463 34.68313599 34.6832695 34.68317795 34.68247223
