Environmental Parameters/Projection/Sea-bottom_salinity.asc
ncols 720
nrows 360
xllcorner -180.00
yllcorner -90.00
cellsize 0.5
NODATA_value -9999
[rows 25 to 49 of 360, columns 114 to 170 of 720]
32.53451347 32.55026627 32.34186745 32.35966682 32.3755188 32.39087868 31.19650078 31.94411278 32.35789108 32.36026764 32.21417999 32.25644493 32.36510277 31.83664894 31.18741989 30.17781639 31.00026131 32.34724426 33.22779274 33.28334427 33.20652962 30.88855743 30.97843552 33.21279335 33.44090462 33.31471443 33.36538887 33.43853378 33.4191227 33.43338585 33.24640083 33.34555244 33.32112503 33.1438694 31.02269554 32.52861404 33.07305527 33.26327515 33.25392723 33.24478912 33.23628044 33.04106903 33.03589821 32.70777893 32.66744041 32.62319756 32.32089806 32.30676079 32.29140472 32.51499557 32.23687553 32.53839874 32.58820915 32.26184464 31.92436218 32.29683685 30.68873596
32.42998314 31.70505333 30.06912422 29.56225777 31.24448013 31.83616257 -9999.0 -9999.0 32.58268595 32.74854195 32.45005798 -9999.0 32.4896965 32.27789116 32.08206558 33.42294312 32.70723724 32.37934685 32.27242279 31.141819 33.58375168 33.56504822 33.56258202 33.59651375 33.47216034 33.48016167 33.13245773 33.25833321 33.34966469 33.51319504 33.49337959 33.37116051 32.94117355 32.56003571 32.52422714 32.47781563 32.89487648 32.84280205 33.33523941 33.33363914 33.32997513 33.03272438 33.02354622 32.70012856 32.33297729 33.20517159 32.91823578 33.1977787 33.17974281 32.47929001 32.19090843 32.38764763 32.50058174 32.13786066 -9999.0 -9999.0 -9999.0
32.27938652 32.37535667 31.75054741 30.98058319 31.37944937 -9999.0 32.73846436 32.6683445 32.90960312 33.22884178 32.36530495 32.22639847 32.17426491 32.31136703 32.89581871 33.22395706 -9999.0 32.35532761 31.69691277 31.83159447 32.04672241 33.29601288 33.26555824 33.36306381 32.54953384 32.81627655 32.79139137 32.86950302 -9999.0 32.87539291 32.6000309 33.45020294 32.95552635 33.24881172 33.24187279 33.23149109 32.09701538 32.69158936 32.60573578 32.6997602 32.80483782 32.81525493 32.68437147 32.12720847 30.89477491 32.05091095 -9999.0 32.79959631 -9999.0 -9999.0 31.99843407 32.21782494 32.77594948 31.95767975 31.57898521 31.37917328 31.16046143
33.19576836 32.84354401 33.2148571 32.37153435 31.53349686 32.68477058 33.26865196 32.62141991 33.24209785 32.9595356 30.27439308 31.84266281 32.49924088 32.9670977 33.38666362 33.53783774 -9999.0 -9999.0 -9999.0 -9999.0 -9999.0 -9999.0 32.8842926 32.4520874 33.16876602 32.4562912 32.42429161 32.4122448 32.658584 -9999.0 32.81910396 33.00511634 33.03398883 -9999.0 32.62042427 31.95841217 32.59597397 32.93059921 31.64623833 32.22040367 32.40630531 32.5275383 32.54691136 32.08356011 31.30194223 31.79163194 32.25138485 -9999.0 -9999.0 -9999.0 31.81383586 31.13194859 31.71152306 31.12350273 31.1274128 31.15710831 31.1062851
33.79403114 33.7917366 33.81288147 33.73039246 33.95450974 34.05579376 34.07233238 34.10939598 34.12285805 34.15096664 31.74687386 32.91346359 33.38479233 33.69044685 -9999.0 34.02256203 33.65483665 32.61603165 32.45363498 32.92005396 33.29523903 33.42379969 33.05442905 31.64770973 29.84355032 -9999.0 -9999.0 -9999.0 32.58950055 -9999.0 32.88161492 -9999.0 -9999.0 33.00189018 32.9468708 32.31927681 32.7440052 32.67806053 32.32069969 32.28786659 32.01691437 32.35404205 32.67672348 32.36320305 31.40684319 31.70345879 32.04392433 32.28161991 32.25770676 31.92271805 31.73985863 31.89858246 31.86628151 31.39876366 31.03367424 -9999.0 -9999.0
34.17637253 34.14632034 34.12491035 34.06157112 34.25261497 34.22738075 34.20752525 34.23111153 34.23828316 34.25041771 34.25312233 34.26533699 34.28344727 34.2832756 34.29014778 34.17752266 34.15941238 32.04298019 33.00424576 33.53895569 -9999.0 -9999.0 33.57009888 31.5887146 26.02127647 31.62298012 32.68735695 32.68940544 32.37675285 33.00926781 33.00475121 32.69707108 32.70080566 33.01143265 33.42266655 33.41552162 33.02140045 33.01578903 32.94299507 32.89562416 32.64196587 32.11112976 32.77992821 32.51708221 32.5659523 31.73049545 31.73445129 32.15169525 32.3815136 31.61512184 32.20892906 32.86137581 32.74776077 31.77328491 31.23750305 30.05975914 31.36871529
-9999.0 -9999.0 -9999.0 -9999.0 32.4995842 31.53383064 34.26127625 34.23147392 34.09239197 31.81698799 32.1457901 34.17746162 33.94297218 33.95557976 33.96276283 33.96720123 33.9652462 33.96434975 33.9479866 34.215065 34.20672035 34.20391273 34.19383812 34.19171906 33.92513466 33.92501259 33.91722488 33.91635704 33.91440773 33.91296005 33.89580727 33.88852501 33.87775993 33.87391472 34.10874176 34.11078072 34.03313065 33.96587563 33.95677185 33.63489151 33.63834763 33.26336479 33.28495979 33.26098442 33.24983978 32.84158707 32.75667953 31.87050438 31.58772087 32.27900887 32.57303619 32.73671913 32.48448944 32.56884956 32.55115318 32.48564148 32.48545265
-9999.0 -9999.0 -9999.0 -9999.0 -9999.0 -9999.0 -9999.0 -9999.0 -9999.0 -9999.0 -9999.0 -9999.0 -9999.0 21.90150642 34.0402565 34.1617794 34.15411377 34.15443802 33.89086151 34.15775681 34.1589756 34.07320595 33.87576866 33.64271355 33.02659225 32.65081406 32.34559822 32.31226921 32.60051537 32.57997322 32.5632534 32.21175957 32.0488987 31.50260925 31.87603951 32.01000595 33.13548088 33.7972641 33.80685616 33.82736588 33.11567307 32.22322845 31.76340866 31.73994446 30.32892799 28.52241135 30.40312386 31.45330137 30.84193933 29.43947864 30.27292061 29.30606079 32.74711609 32.74610138 32.23787308 31.5028038 31.4127121
-9999.0 -9999.0 -9999.0 -9999.0 -9999.0 -9999.0 -9999.0 -9999.0 -9999.0 -9999.0 32.16632462 30.29642487 27.16651154 23.66921616 32.25735855 31.6183548 29.11063194 24.23469734 32.3943634 33.61179543 33.61277008 33.81723785 33.80946159 33.57017326 33.72398376 33.88790131 33.627491 32.84996033 32.48493958 31.89538383 25.15892792 31.43540192 30.84331322 26.75280762 28.5593459 -9999.0 27.23086357 33.42781448 33.75526047 33.76241493 32.71261978 31.94507027 32.1393528 31.89092827 27.75579643 28.10818481 -9999.0 -9999.0 -9999.0 29.5833416 29.67280197 31.4996109 32.69666862 32.3371563 32.17980194 -9999.0 -9999.0
-9999.0 -9999.0 -9999.0 -9999.0 -9999.0 -9999.0 -9999.0 29.72230417 28.36747509 31.85012829 32.16792297 29.81692886 -9999.0 -9999.0 -9999.0 -9999.0 -9999.0 24.80071574 30.4763397 30.5100646 -9999.0 29.08753395 25.45163727 32.00887299 32.34648323 31.37699318 28.86022568 25.12442589 32.46104622 33.53947449 27.52755356 -9999.0 -9999.0 -9999.0 -9999.0 27.44823647 32.49742508 33.44415855 33.75969124 33.42778587 27.58130836 30.51651382 30.27769279 30.14530373 30.08038712 27.71092033 -9999.0 -9999.0 -9999.0 29.28875566 -9999.0 28.9262166 28.96707916 33.07667732 31.0267868 30.68051445 -9999.0
-9999.0 -9999.0 -9999.0 -9999.0 -9999.0 28.49970484 28.48689032 31.68212569 32.00671464 30.21427059 -9999.0 -9999.0 -9999.0 -9999.0 -9999.0 -9999.0 -9999.0 -9999.0 -9999.0 -9999.0 -9999.0 -9999.0 -9999.0 25.23798263 27.25061655 -9999.0 -9999.0 -9999.0 24.74588108 31.88878036 24.78327703 26.26854217 -9999.0 -9999.0 -9999.0 27.55006409 31.96783447 32.72784615 33.42034149 33.71972466 33.03418922 31.47197151 27.64945602 27.63867378 29.93857002 29.3404808 -9999.0 -9999.0 -9999.0 -9999.0 -9999.0 -9999.0 28.25781059 32.93800354 32.96549225 30.2843914 -9999.0
-9999.0 -9999.0 -9999.0 -9999.0 30.2405262 31.51024055 32.0543251 30.85759163 31.84869576 31.51191902 31.67973518 -9999.0 28.69760698 28.3013764 28.208951 -9999.0 -9999.0 -9999.0 -9999.0 -9999.0 -9999.0 -9999.0 -9999.0 -9999.0 -9999.0 -9999.0 -9999.0 -9999.0 -9999.0 24.47913897 31.14204073 24.69736505 -9999.0 -9999.0 -9999.0 -9999.0 27.55599403 31.53930664 32.43709183 33.04640007 33.43314743 33.04875374 32.64300156 32.10484695 31.6805191 30.99071312 27.4565773 28.00841331 -9999.0 29.40254402 30.2980957 30.32862091 29.78067017 32.81070518 31.87716293 28.33617401 28.86218643
30.35435295 28.27948952 31.20046616 31.53674507 32.02323723 32.36073875 32.36968994 32.38600922 32.98813057 32.97276688 32.97139359 32.39750671 28.19468081 28.6546669 -9999.0 -9999.0 -9999.0 -9999.0 -9999.0 -9999.0 -9999.0 -9999.0 -9999.0 -9999.0 -9999.0 -9999.0 -9999.0 -9999.0 -9999.0 -9999.0 -9999.0 -9999.0 -9999.0 -9999.0 -9999.0 -9999.0 28.46933365 30.9211731 31.8083992 32.17263031 32.44683266 32.68226433 33.06570053 32.66618156 32.283535 32.35373878 32.02715683 31.29008293 26.51781654 31.07775116 31.55476189 31.90384102 26.45006561 26.71956253 27.36434698 -9999.0 -9999.0
33.6564045 33.33022881 33.57209587 33.49720001 33.50780869 33.29716301 33.30145073 33.51893234 33.28583336 32.10241318 32.96914673 32.48799491 30.64488804 29.4767437 28.65177727 27.54768562 26.42212307 25.82494044 25.60158825 25.36684012 24.94388855 24.55853641 -9999.0 -9999.0 -9999.0 -9999.0 -9999.0 -9999.0 -9999.0 -9999.0 -9999.0 -9999.0 -9999.0 -9999.0 -9999.0 -9999.0 -9999.0 29.78529775 30.15420341 30.76278305 31.20091438 31.10197067 30.99089241 30.2229805 30.09357452 30.61468124 32.1480732 32.45141983 32.18707085 31.81146812 31.40030098 31.28844452 29.90637398 28.1157608 -9999.0 -9999.0 -9999.0
33.70602608 33.67000771 33.64171028 33.61086273 33.63168907 33.64715576 33.61606407 33.60338593 33.54464912 33.47531509 33.38481331 33.22217178 32.69123459 32.17436218 31.2391758 27.59464073 26.47754967 25.50564814 24.66620779 24.31256211 24.34030581 24.13049126 24.16208172 -9999.0 -9999.0 -9999.0 -9999.0 -9999.0 -9999.0 -9999.0 -9999.0 -9999.0 -9999.0 -9999.0 -9999.0 -9999.0 -9999.0 -9999.0 -9999.0 -9999.0 -9999.0 26.88645744 26.47467041 29.25500679 28.60470772 30.2211647 32.02842903 32.26390457 32.05039597 31.78938866 31.359375 31.30893326 30.92697716 28.35910225 -9999.0 -9999.0 -9999.0
28.67230797 28.66644859 28.54912949 32.33361816 33.23203659 33.51336098 33.49313736 33.50688171 33.43774605 33.21115875 33.14988899 28.607584 31.44565201 -9999.0 -9999.0 -9999.0 -9999.0 -9999.0 -9999.0 -9999.0 -9999.0 -9999.0 -9999.0 -9999.0 -9999.0 -9999.0 -9999.0 -9999.0 -9999.0 -9999.0 -9999.0 -9999.0 -9999.0 -9999.0 -9999.0 -9999.0 -9999.0 -9999.0 -9999.0 26.05583513 25.95496941 28.05617142 27.31202888 28.10382271 28.35536385 29.84371758 31.45019531 31.46822166 31.65553665 28.12244225 28.31240463 27.94149208 29.83166122 29.17546082 25.14695716 26.80446637 26.99792576
-9999.0 -9999.0 -9999.0 -9999.0 -9999.0 28.68691826 28.39016342 28.50703621 31.70090294 32.54484558 33.02992821 32.83638954 31.97716713 31.48983574 28.64622688 28.55196381 28.60764313 28.44234085 28.14296722 -9999.0 -9999.0 -9999.0 -9999.0 -9999.0 -9999.0 -9999.0 -9999.0 -9999.0 -9999.0 -9999.0 -9999.0 28.52391958 27.78577423 24.61444902 24.83218336 27.33747673 28.76997375 -9999.0 -9999.0 26.99513531 26.22423196 25.36353874 27.27169418 28.1148777 28.86714363 28.64684677 28.02914619 25.63273048 27.96858025 27.18930948 -9999.0 -9999.0 26.73469126 25.16560125 24.98079753 27.99837458 28.38839078
-9999.0 -9999.0 -9999.0 -9999.0 -9999.0 -9999.0 -9999.0 -9999.0 -9999.0 -9999.0 -9999.0 30.10921729 30.25365448 28.71370888 28.82904243 29.07989883 30.13549805 30.53499985 30.10305214 29.73583412 29.59013367 27.66968727 26.79140472 27.58473539 28.79796815 28.98072362 29.02140617 29.06377792 29.06369972 29.91364098 29.78013802 28.63044357 23.54228544 24.97941375 24.63059425 29.04941177 30.50885773 30.28359222 28.34914207 28.18149948 26.53154945 27.44120026 24.28068924 27.64725494 26.4948082 24.15884209 27.03380203 26.82968521 25.34571838 26.04140282 26.07445657 25.93978846 25.69959033 25.87944067 24.8759892 28.62650573 28.18272114
-9999.0 -9999.0 -9999.0 -9999.0 -9999.0 -9999.0 -9999.0 -9999.0 -9999.0 -9999.0 -9999.0 -9999.0 -9999.0 -9999.0 -9999.0 28.71561623 29.26779366 30.06891823 30.61125565 30.69229126 31.47708511 31.42162514 23.19428825 30.34586906 30.00885963 31.19681931 30.59247208 30.16212845 22.75674057 27.41395378 26.9953804 22.6357193 28.41718483 26.35135031 24.89461565 23.73036003 24.58201361 27.65324593 28.22087479 28.12082481 27.94124413 29.85218811 31.20519638 31.13301277 31.07120705 25.77795029 27.65247536 26.38372612 24.82253838 25.29595947 25.3232106 25.14269662 24.75523889 28.50517964 29.02761221 30.74982703 30.75977397
-9999.0 -9999.0 -9999.0 -9999.0 -9999.0 -9999.0 -9999.0 -9999.0 -9999.0 -9999.0 -9999.0 -9999.0 -9999.0 -9999.0 -9999.0 28.32494736 28.32492447 29.90465355 30.43774605 30.47866821 31.58913994 30.31341553 30.20814705 23.2675705 23.53276634 23.46304512 22.95936775 28.27112007 29.92111206 29.94372749 24.88747406 -9999.0 -9999.0 -9999.0 -9999.0 -9999.0 -9999.0 -9999.0 -9999.0 24.15051675 23.50269127 23.50204849 23.49464989 23.48859596 23.71489716 23.60822487 23.42740631 23.96324921 24.65857887 24.93868351 24.95209503 24.71141016 -9999.0 24.74345875 24.77256918 27.26446712 -9999.0
-9999.0 -9999.0 -9999.0 -9999.0 -9999.0 -9999.0 -9999.0 -9999.0 -9999.0 -9999.0 -9999.0 -9999.0 -9999.0 -9999.0 -9999.0 -9999.0 -9999.0 -9999.0 -9999.0 -9999.0 -9999.0 -9999.0 -9999.0 -9999.0 -9999.0 -9999.0 -9999.0 -9999.0 23.523206 22.8275485 22.75816298 24.3120954 -9999.0 -9999.0 -9999.0 -9999.0 -9999.0 -9999.0 -9999.0 -9999.0 -9999.0 -9999.0 -9999.0 -9999.0 -9999.0 -9999.0 -9999.0 -9999.0 -9999.0 -9999.0 -9999.0 -9999.0 -9999.0 24.73291028 24.78229046 24.78345561 -9999.0
-9999.0 -9999.0 -9999.0 -9999.0 -9999.0 -9999.0 -9999.0 -9999.0 -9999.0 -9999.0 -9999.0 -9999.0 -9999.0 -9999.0 -9999.0 -9999.0 -9999.0 -9999.0 -9999.0 -9999.0 -9999.0 -9999.0 -9999.0 -9999.0 -9999.0 -9999.0 -9999.0 -9999.0 -9999.0 23.4837606 22.92016482 23.65257168 -9999.0 -9999.0 -9999.0 -9999.0 -9999.0 -9999.0 -9999.0 -9999.0 -9999.0 -9999.0 -9999.0 -9999.0 -9999.0 -9999.0 -9999.0 -9999.0 -9999.0 -9999.0 -9999.0 -9999.0 -9999.0 -9999.0 -9999.0 -9999.0 -9999.0
-9999.0 -9999.0 -9999.0 -9999.0 -9999.0 -9999.0 -9999.0 -9999.0 -9999.0 -9999.0 -9999.0 -9999.0 -9999.0 -9999.0 -9999.0 -9999.0 -9999.0 -9999.0 -9999.0 -9999.0 -9999.0 -9999.0 -9999.0 -9999.0 -9999.0 -9999.0 -9999.0 -9999.0 -9999.0 -9999.0 -9999.0 -9999.0 -9999.0 -9999.0 -9999.0 -9999.0 -9999.0 -9999.0 -9999.0 -9999.0 -9999.0 -9999.0 -9999.0 -9999.0 -9999.0 -9999.0 -9999.0 -9999.0 -9999.0 -9999.0 -9999.0 -9999.0 -9999.0 -9999.0 -9999.0 -9999.0 -9999.0
-9999.0 -9999.0 -9999.0 -9999.0 -9999.0 -9999.0 -9999.0 -9999.0 -9999.0 -9999.0 -9999.0 -9999.0 -9999.0 -9999.0 -9999.0 -9999.0 -9999.0 -9999.0 -9999.0 -9999.0 -9999.0 -9999.0 -9999.0 -9999.0 -9999.0 -9999.0 -9999.0 -9999.0 -9999.0 -9999.0 -9999.0 -9999.0 -9999.0 -9999.0 -9999.0 -9999.0 -9999.0 -9999.0 -9999.0 -9999.0 -9999.0 -9999.0 -9999.0 -9999.0 -9999.0 -9999.0 -9999.0 -9999.0 -9999.0 -9999.0 -9999.0 -9999.0 -9999.0 -9999.0 -9999.0 -9999.0 -9999.0
-9999.0 -9999.0 -9999.0 -9999.0 -9999.0 -9999.0 -9999.0 -9999.0 -9999.0 -9999.0 -9999.0 -9999.0 -9999.0 -9999.0 -9999.0 -9999.0 -9999.0 -9999.0 -9999.0 -9999.0 -9999.0 -9999.0 -9999.0 -9999.0 -9999.0 -9999.0 -9999.0 -9999.0 -9999.0 -9999.0 -9999.0 -9999.0 -9999.0 -9999.0 -9999.0 -9999.0 -9999.0 -9999.0 -9999.0 -9999.0 -9999.0 -9999.0 -9999.0 -9999.0 -9999.0 -9999.0 -9999.0 -9999.0 -9999.0 -9999.0 -9999.0 -9999.0 -9999.0 -9999.0 -9999.0 -9999.0 -9999.0
