Environmental Parameters/Projection/Sea-bottom_salinity.asc
ncols 720
nrows 360
xllcorner -180.00
yllcorner -90.00
cellsize 0.5
NODATA_value -9999
[rows 225 to 249 of 360, columns 57 to 113 of 720]
34.55905533 34.68305969 34.68241119 34.68215942 34.69110107 34.68200684 34.69096375 34.69093704 34.69101715 34.69134521 34.69162369 34.69223404 34.69293213 34.6922226 34.68134689 34.68117142 34.68142319 34.68172836 34.69241333 34.68134308 34.68024063 34.67975616 34.67928696 34.67498016 34.67915344 34.6793251 34.67963409 34.67598724 34.67621231 34.67598343 34.67660141 34.67687988 34.67654037 34.67650223 34.67707062 34.62285233 34.66146088 34.67049408 34.66987228 34.6615715 34.66142273 34.6612587 34.66743469 34.66643906 34.65890121 34.67063522 34.66437912 34.66978455 34.66906357 34.6690979 34.66969681 34.6695137 34.6687355 34.66740036 34.6618576 34.66520691 34.66172409
34.68502045 34.6390686 34.69145966 34.66873932 34.67834473 34.66882706 34.67768097 34.68179703 34.68118668 34.69053268 34.6907959 34.67631531 34.68150711 34.6759491 34.68114853 34.69198227 34.69170761 34.68112946 34.68117523 34.68091202 34.68072891 34.68078613 34.68103409 34.68051147 34.67634201 34.67616272 34.68005371 34.67647934 34.65766525 34.67663193 34.67648697 34.67629623 34.62032318 34.66980362 34.67674255 34.67711639 34.67699814 34.66968155 34.66051865 34.66035461 34.66049194 34.64847946 34.66871643 34.66199875 34.66240692 34.6706543 34.67095566 34.66959381 34.66947937 34.66894531 34.66890335 34.66904449 34.66883087 34.66813278 34.66667557 34.66503906 34.66281509
34.68995667 34.69030762 34.68375015 34.68400574 34.67898178 34.6911087 34.6909256 34.55386353 34.67735672 34.68106842 34.68105316 34.68133163 34.69171143 34.67622375 34.68128586 34.6919899 34.68111038 34.68098831 34.68061066 34.69076538 34.67928314 34.67969513 34.67652512 34.68054581 34.68099594 34.68147659 34.68186569 34.68221664 34.67829132 34.68188858 34.67774963 34.67707825 34.676754 34.67658615 34.67690277 34.64546967 34.66054153 34.67642975 34.67613983 34.6211319 34.66848373 34.66859436 34.66880035 34.66842651 34.66110992 34.66137314 34.67038727 34.67061234 34.67097855 34.66405106 34.66405869 34.6639595 34.66380692 34.6635704 34.67160797 34.66957855 34.65881348
34.68054581 34.68781662 34.6893158 34.68243408 34.68292618 34.66848373 34.65341568 34.61686325 34.66998291 34.66998291 34.6819191 34.68209457 34.69253922 34.68212128 34.69258499 34.68133163 34.68113708 34.68103409 34.68053818 34.691082 34.67952347 34.6770134 34.68012238 34.68039322 34.68048096 34.68074799 34.67769623 34.67789841 34.67817688 34.67846298 34.67852402 34.68247223 34.67772675 34.67815781 34.67814255 34.67715454 34.67726517 34.67761993 34.67128372 34.67067719 34.67034149 34.66992187 34.66912079 34.66079712 34.66943359 34.66100693 34.64868546 34.66175842 34.66916656 34.66939163 34.66202927 34.66242599 34.65038681 34.64983368 34.66152954 34.67011261 34.64864731
34.68518066 34.68593597 34.68687057 34.68772507 34.67815781 34.6832962 34.67884827 34.67871857 34.67868423 34.67826462 34.67003632 34.670578 34.68290329 34.68314743 34.6934967 34.68213272 34.68175507 34.68175507 34.68143845 34.68106461 34.68094254 34.68090439 34.68109131 34.68114853 34.68125153 34.67213821 34.67821503 34.677948 34.67787933 34.67803955 34.67819977 34.67829132 34.6782341 34.67782974 34.67114258 34.67657471 34.67623138 34.67642212 34.67675018 34.67689514 34.67048264 34.6706543 34.67082596 34.67105865 34.67068481 34.67028809 34.66945267 34.66902924 34.66896057 34.66891479 34.66900635 34.66889191 34.67269516 34.66014099 34.64812469 34.66031647 34.66856384
34.67876816 34.68488312 34.6794014 34.68093109 34.68201447 34.68293762 34.65322495 34.6837616 34.67799377 34.68110275 34.67727661 34.61725235 34.67734146 34.68205261 34.68217087 34.68232727 34.67759705 34.68289566 34.6830101 34.6833725 34.68350601 34.68319321 34.68265533 34.68235779 34.68059921 34.68019104 34.67970657 34.68175507 34.67873764 34.67857361 34.67895126 34.67923355 34.67934799 34.67934036 34.67891693 34.6777153 34.6768837 34.67645645 34.67647934 34.67666245 34.67667389 34.6703949 34.67015839 34.66205215 34.66238785 34.67017746 34.67023087 34.66996002 34.66912842 34.66893387 34.6688118 34.66854858 34.66843033 34.66819 34.66764069 34.66751862 34.66750717
34.67916489 34.67952728 34.6751709 34.68094635 34.68193817 34.68248749 34.682827 34.67765427 34.6831665 34.63932419 34.67652893 34.67518234 34.66872787 34.67608643 34.68110657 34.68132782 34.68151093 34.6776123 34.68176651 34.68235779 34.68289948 34.68301392 34.68306732 34.68295288 34.68306351 34.68200302 34.68154526 34.68067932 34.6821785 34.68190384 34.6791153 34.68257141 34.67988586 34.68002319 34.67993546 34.67854691 34.69406509 34.67636871 34.67626953 34.67647552 34.67660522 34.67644882 34.67022705 34.6762352 34.67596054 34.67576218 34.67524338 34.67490387 34.67075729 34.67030334 34.67310715 34.65994644 34.66856766 34.66807938 34.66736221 34.66707993 34.66698074
34.67903137 34.67957687 34.68022156 34.68056488 34.68103027 34.68165588 34.68186569 34.6764183 34.67676544 34.63930511 34.65342331 34.64075851 34.65470505 34.67388535 34.67407227 34.6739502 34.67451477 34.67578506 34.67966461 34.68001938 34.68043518 34.68065643 34.68058395 34.68032837 34.67966843 34.67977142 34.67982483 34.68012619 34.68002319 34.67971802 34.67933655 34.68483353 34.67910004 34.67908096 34.67903137 34.67861938 34.6772995 34.6764183 34.67628098 34.67634964 34.67623138 34.67073059 34.67035294 34.67024994 34.6704483 34.67501831 34.67480469 34.67473984 34.67453766 34.67093277 34.67078018 34.6739502 34.67073059 34.67043686 34.66921997 34.66828918 34.66761398
34.67793655 34.67844009 34.67915344 34.6830864 34.67952347 34.67996979 34.68082428 34.67580414 34.68312836 34.63922501 34.66623306 34.67657852 34.66625977 34.64188385 34.65501785 34.6732254 34.67304611 34.67377472 34.67452621 34.67536926 34.67771149 34.67779922 34.67763138 34.67742538 34.67609024 34.67690659 34.6770668 34.67745209 34.67874146 34.67760086 34.67720413 34.68817139 34.67731476 34.67759323 34.67739868 34.67702484 34.67632294 34.67563248 34.6757431 34.67537689 34.67043686 34.67539978 34.67490005 34.67450714 34.67362213 34.67320633 34.67006683 34.67373657 34.67367935 34.67356491 34.67044449 34.67323685 34.67327499 34.67043304 34.67036057 34.67016983 34.6701355
34.68047714 34.66091919 34.67699432 34.67744446 34.67749405 34.67798996 34.67925644 34.67485046 34.67562866 34.65130997 34.66589737 34.67799759 34.66630554 34.65492249 34.65535355 34.61646652 34.6653595 34.65478516 34.66500092 34.66553497 34.65605927 34.67720032 34.67551422 34.67626953 34.6758194 34.67536163 34.67711258 34.67390442 34.68083954 34.68339157 34.67412567 34.67442322 34.67463303 34.67460632 34.68910599 34.67446899 34.67432022 34.67385483 34.67351913 34.67404175 34.66864777 34.67405319 34.67326355 34.67237473 34.67149734 34.67092514 34.67098618 34.66856384 34.67194748 34.67217636 34.67235565 34.67254639 34.67021942 34.67327499 34.67373276 34.67102814 34.67079926
34.6733284 34.67406845 34.67095566 34.67498779 34.67442703 34.67575073 34.67710876 34.67907715 34.6743927 34.67487717 34.6831398 34.67649078 34.68647385 34.68755722 34.58319092 34.64294052 34.6421051 34.64132309 34.66306305 34.66370773 34.66452408 34.67359543 34.67350388 34.67350769 34.68033981 34.6816597 34.67246246 34.68268967 34.67195511 34.68432617 34.68470001 34.67264557 34.67324829 34.67304611 34.67246628 34.67174911 34.67099762 34.6713028 34.67166138 34.67144775 34.67157745 34.67204666 34.68742371 34.67034912 34.66603088 34.66824722 34.66582108 34.66902542 34.66687775 34.66730118 34.66809082 34.66856384 34.67171097 34.66974258 34.67010117 34.67054367 34.67077255
34.66931915 34.6705246 34.67268753 34.67312241 34.67249298 34.67409897 34.67567825 34.67757797 34.67686081 34.67800522 34.68002701 34.68138123 34.68317413 34.67336273 34.67426682 34.66263962 34.65205002 34.63907623 34.66048431 34.66123962 34.67307281 34.66279221 34.66291046 34.67223358 34.67217636 34.6836319 34.68350601 34.68336868 34.67134094 34.67163086 34.67191696 34.67241287 34.67284012 34.67298889 34.67254257 34.67156219 34.67058182 34.66998672 34.66992569 34.66970825 34.66950607 34.66965485 34.66906738 34.66821671 34.66369629 34.66625595 34.66675186 34.66744232 34.66819382 34.66893005 34.66680908 34.66724014 34.66769791 34.67080688 34.66880035 34.66960526 34.67007065
34.66889572 34.66934586 34.67039871 34.67161942 34.67227173 34.67438126 34.67562866 34.6765213 34.67554092 34.66976547 34.67755508 34.67941666 34.68063354 34.67108154 34.67180252 34.67216873 34.67181396 34.67103577 34.67049026 34.65867996 34.65995789 34.66088867 34.66142654 34.68287277 34.67258453 34.67266083 34.68373871 34.6838913 34.6726265 34.67289352 34.67317581 34.68533707 34.68582916 34.67405701 34.67390823 34.67317963 34.6855545 34.67073059 34.66963577 34.66910553 34.66314697 34.66888046 34.66902924 34.668293 34.66698837 34.66614151 34.66630554 34.66717148 34.66839981 34.66915512 34.66708755 34.6700058 34.66764069 34.66792679 34.66837692 34.66898346 34.66973877
34.67118835 34.67070389 34.67152023 34.67367935 34.67330551 34.67578506 34.67470169 34.67689133 34.67717361 34.67573547 34.67650986 34.67711258 34.6778183 34.67955399 34.6800499 34.68008423 34.66983414 34.66944122 34.67843628 34.66996002 34.67088699 34.67139435 34.67175674 34.67188263 34.67268753 34.68317795 34.68375778 34.68426514 34.67418289 34.68564987 34.68600464 34.68627167 34.67516327 34.68716431 34.68728638 34.67479706 34.67388535 34.67227554 34.67066193 34.66948318 34.66897964 34.66893768 34.68471909 34.68508911 34.66786194 34.66690445 34.66703415 34.66793442 34.66873169 34.66698456 34.66748047 34.66778946 34.67054367 34.66815948 34.66856003 34.66913986 34.66986084
34.67207336 34.67316818 34.65710068 34.67307663 34.67375565 34.67444229 34.6689949 34.67516708 34.67516708 34.67505646 34.67541885 34.6756897 34.67593002 34.67601395 34.676548 34.67741394 34.67718124 34.67703247 34.67765808 34.67864227 34.67060089 34.67107773 34.67988205 34.68011093 34.65995026 34.67292786 34.67375183 34.68411636 34.6752243 34.67560577 34.67537308 34.67531204 34.67580032 34.68726349 34.67601776 34.67572021 34.67518616 34.68673325 34.67202377 34.68488693 34.68461609 34.66934204 34.66917801 34.66861725 34.66806412 34.66781998 34.66810608 34.66597366 34.66931534 34.66735077 34.67034912 34.67070007 34.67103958 34.66873932 34.67337799 34.67544556 34.67023849
34.67335129 34.67334747 34.67221832 34.67266464 34.67319489 34.66827393 34.67399597 34.67623138 34.67424393 34.67416763 34.67399216 34.67421341 34.67473602 34.6752243 34.67550659 34.67552185 34.67573166 34.67634583 34.67723083 34.67816544 34.67910004 34.67948151 34.67062759 34.67061234 34.6712265 34.67204666 34.67313385 34.67421341 34.67488098 34.67524338 34.67504883 34.6750679 34.67550659 34.68600845 34.68664551 34.68710327 34.67520905 34.68697739 34.67324448 34.68569946 34.68543625 34.68536377 34.68528366 34.68526077 34.68535233 34.66810226 34.66827774 34.66884995 34.66924667 34.66981125 34.67023087 34.67069244 34.67141342 34.66881561 34.6690979 34.67711258 34.67005157
34.67427444 34.67201614 34.67288589 34.67179108 34.67225266 34.66791916 34.67538452 34.67340088 34.6734314 34.67542648 34.67567062 34.67365646 34.67413712 34.67499924 34.67470932 34.67497253 34.67546463 34.67612457 34.67686844 34.67756271 34.67812729 34.67866135 34.67892456 34.67904663 34.67141724 34.67241287 34.66073608 34.67395401 34.67443848 34.67401505 34.67394638 34.67399979 34.68357468 34.67470169 34.67469788 34.68541336 34.68574524 34.67378235 34.67311859 34.67208481 34.67108536 34.67044067 34.6697464 34.66898727 34.66819763 34.66820145 34.66844177 34.66899872 34.66975403 34.67016602 34.67053604 34.67116547 34.67269897 34.6744194 34.67626953 34.67662048 34.66881561
34.67512131 34.67392731 34.67382812 34.67175674 34.66809082 34.67261124 34.67305756 34.67327118 34.67533493 34.67542267 34.6757164 34.67590714 34.67421722 34.67448807 34.67486572 34.67495728 34.67530823 34.67575073 34.67623138 34.67675018 34.67702103 34.67731857 34.67788315 34.67126083 34.67198181 34.64683533 34.67363739 34.67378998 34.67320251 34.68114853 34.68094635 34.68118668 34.68152618 34.68198776 34.66042709 34.67251587 34.67206573 34.67178726 34.67169571 34.67136002 34.67078018 34.66995621 34.68420029 34.66828918 34.66779709 34.66799545 34.66414642 34.66509247 34.66955948 34.66717529 34.67107391 34.66806793 34.66796494 34.66772461 34.67538071 34.66739273 34.6673584
34.67687225 34.67634964 34.67541504 34.6751709 34.67533112 34.67611313 34.67406845 34.67438507 34.67651749 34.67638397 34.67655182 34.67678452 34.67790985 34.6755867 34.67515945 34.67822647 34.67829514 34.67541122 34.67562485 34.67591858 34.67609406 34.6762085 34.67664337 34.67613983 34.67668152 34.67130661 34.67188644 34.67247772 34.67202377 34.67179871 34.67131424 34.67102814 34.67827606 34.66918945 34.66878128 34.67805862 34.66938782 34.66922379 34.65901947 34.66973877 34.66960144 34.66863251 34.66785812 34.66726685 34.66638184 34.68335724 34.66654587 34.66268921 34.66368103 34.65518951 34.66496658 34.66524506 34.66499329 34.66461182 34.66500473 34.66455841 34.66436005
34.6811676 34.67917633 34.67820358 34.67757416 34.67741013 34.67756653 34.67782974 34.67056656 34.67786789 34.67798615 34.67798233 34.67785263 34.67745209 34.676651 34.67598343 34.6787529 34.67870712 34.67572021 34.67575455 34.67871094 34.67536163 34.67543793 34.67519379 34.67515564 34.67483902 34.675457 34.67609024 34.67655945 34.67682648 34.6771965 34.67683411 34.67663193 34.67632294 34.67586899 34.67541885 34.66652298 34.66643906 34.67638779 34.67805481 34.66745758 34.66791153 34.65779114 34.66705704 34.66619492 34.66459656 34.66345596 34.6628418 34.68127441 34.66001129 34.65114975 34.66136551 34.66155624 34.66123199 34.67398834 34.6760025 34.69525146 34.66364288
34.68464661 34.68362427 34.68120956 34.67938995 34.67856979 34.67967987 34.67965698 34.67962646 34.67702103 34.67711258 34.67710114 34.68009949 34.67692947 34.6778717 34.6774826 34.67686081 34.67644119 34.67647934 34.67673111 34.67618942 34.67635345 34.67449188 34.67435074 34.67310715 34.67391205 34.6734581 34.6738739 34.66832352 34.67431641 34.67407227 34.67442322 34.67440414 34.67425537 34.67386246 34.67332077 34.67291641 34.6729126 34.6733284 34.6737175 34.67490387 34.66408539 34.60269165 34.5683136 34.65382385 34.64260864 34.66250992 34.66213226 34.6634407 34.63576889 34.67415619 34.6967659 34.72105789 34.74751663 34.76487732 34.78073883 34.79819489 34.80767822
34.68568039 34.68619537 34.68370819 34.68434525 34.68160629 34.68200302 34.67845535 34.67818832 34.67816925 34.67822266 34.67789459 34.68038177 34.67754745 34.67907715 34.67700195 34.67945099 34.67709351 34.67700577 34.67678833 34.67599869 34.6764679 34.67529678 34.67294312 34.67247391 34.67156982 34.67464066 34.67092896 34.67092133 34.67083359 34.67087936 34.67092896 34.67076492 34.67090607 34.67154312 34.67104721 34.66969681 34.66884613 34.66830063 34.66851807 34.65885925 34.67091751 34.68549728 34.68397141 34.68460464 34.6999321 34.71894836 34.7261734 34.73745728 34.74210358 34.76070404 34.77797318 34.78824997 34.82624817 34.83367538 34.85571671 34.88713074 34.87704086
34.68599701 34.68554688 34.68483353 34.68418503 34.68314743 34.68424988 34.68368149 34.68317795 34.68259048 34.67885208 34.67781448 34.68008804 34.67925262 34.67801285 34.67512894 34.67646408 34.6556778 34.6734581 34.67494965 34.67531586 34.67411041 34.67365646 34.67204285 34.67097473 34.67168808 34.67264938 34.67326355 34.67310333 34.66744232 34.66706085 34.66685867 34.67236328 34.66677856 34.66681671 34.66646957 34.66889572 34.67818832 34.68110275 34.6945343 34.71181107 34.71848679 34.74375534 34.75331879 34.77500153 34.77296066 34.78429031 34.80561447 34.80843353 34.82511902 34.81698227 34.84692383 34.83450699 34.82506943 34.82709503 34.84273911 34.85355759 34.86624908
34.68453979 34.68421173 34.68389893 34.68444443 34.68191147 34.68147278 34.68283844 34.68221283 34.68128204 34.68008423 34.67881012 34.67480469 34.67611694 34.67513657 34.67427063 34.67373657 34.67316818 34.67278671 34.67241669 34.67199707 34.67101669 34.67051315 34.66830826 34.65424728 34.6531105 34.65972519 34.6631279 34.66543961 34.66771698 34.66755676 34.66732025 34.66181183 34.67449188 34.6822052 34.68510818 34.68133926 34.67128754 34.64666367 34.67819214 34.71664429 34.72439957 34.72816467 34.75343704 34.70936966 34.796978 34.84183884 34.83916473 34.83324051 34.80900955 34.80390167 34.78404236 34.7528038 34.72977448 34.71219635 34.7011261 34.70472717 34.71867752
34.68122101 34.67933273 34.67830276 34.67759323 34.67973328 34.67985153 34.67981339 34.67923737 34.67812729 34.67673492 34.67474365 34.67364883 34.67253494 34.67160797 34.67077255 34.67025375 34.66994858 34.66950989 34.66887283 34.64116287 34.61125565 34.5870285 34.57480621 34.55825424 34.55906677 34.56496811 34.57242203 34.5712204 34.56779099 34.57948303 34.58955383 34.6074295 34.61898041 34.62026596 34.61106873 34.57821274 34.58720779 34.52470016 34.54152679 34.58324814 34.59222794 34.66541672 34.68599319 34.72255325 34.74865723 34.75596619 34.75105286 34.74412155 34.76885223 34.74938202 34.72888565 34.68455505 34.66381836 34.64435577 34.64027405 34.64679337 34.66152954
