Environmental Parameters/Projection/Sea-bottom_dissolved_oxygen.asc
ncols 720
nrows 360
xllcorner -180.00
yllcorner -90.00
cellsize 0.5
NODATA_value -9999
[rows 225 to 249 of 360, columns 513 to 569 of 720]
182.3231964 189.5282745 188.881897 188.0901184 183.5215607 187.6541595 187.503067 185.9985352 186.1742859 185.6515961 184.8792114 184.0548401 183.1446838 182.2458496 184.2007599 179.6514282 183.1519928 183.4732971 183.5753784 182.5257111 195.9756622 185.5373383 187.2596436 196.774292 196.3840332 196.447052 196.1767426 196.849823 196.0395813 196.0879974 196.1215515 197.3547821 197.5729065 197.7966156 198.0173798 197.3849945 197.3570251 197.4097595 197.7027435 198.3363342 198.7037201 199.0186615 199.405426 199.852478 200.0046692 200.1851349 200.1761932 199.8503876 199.694397 196.5497589 199.2337189 199.1149445 200.0656128 182.8464203 201.0231628 193.7022858 183.0512695
190.6373444 189.554718 188.5524902 189.4020233 189.2455902 188.6532288 183.1085052 187.6928711 187.9592133 182.8331146 182.756485 185.5629883 180.081131 180.0637817 185.509964 183.1674194 184.8891754 183.3254547 184.8700104 183.5165253 183.0054779 184.325592 179.3339996 190.2285767 195.4356079 195.5583954 195.8109741 196.7669678 196.0619202 196.036087 196.0970612 196.3699493 196.5651398 196.6109161 196.5598145 196.4745789 196.4395294 196.5306702 196.6213226 197.3797607 197.772583 198.3052673 198.6570587 198.9849243 199.1374512 199.0897675 198.9255371 198.7709045 198.826416 198.9294128 200.3399811 200.204895 200.1410675 200.4084015 200.7672272 193.8730164 198.9806671
189.9382172 191.0673981 190.2183075 190.4438934 189.9210205 188.8011932 188.6976013 189.0638428 179.9063873 182.8271027 187.5073547 188.1537628 187.5294952 187.2763519 186.9736786 183.6786804 186.4197235 185.7388611 183.9619904 183.5792694 182.4207001 164.4650116 175.5622559 194.2384644 194.6305237 195.3609161 195.8062744 196.8184509 196.4401245 196.1101227 196.0184937 196.1149292 195.5440979 196.1094208 196.0449829 195.9235687 195.8728485 196.0189514 196.4364319 197.0252075 197.6596832 198.3282013 198.7059937 198.9166718 198.8403778 198.6386719 198.4647522 198.4361267 198.4708099 197.5010986 199.7739105 200.3735504 200.5251923 200.0935059 200.0221863 200.1591034 179.3375397
192.1426697 188.8078918 191.2585754 191.1551666 191.1130371 190.4026337 188.8188477 190.2702942 190.4892578 190.7483215 188.0234528 190.2316284 187.8595123 187.7614136 188.1760559 186.0635834 187.1052246 186.2869568 183.045639 185.0917511 181.9253082 171.9351959 172.3448944 192.5236969 194.8690948 195.4347534 196.0135651 196.7065277 196.1053162 196.063446 194.8768616 194.77948 196.0149994 196.4038849 196.0887604 196.011795 196.1587372 196.1967163 196.6901855 197.3613129 197.9820099 198.4588318 198.9688568 199.0634613 198.9736328 198.7855682 198.5882721 198.5155334 198.0744629 198.9062347 199.6191864 200.1235504 199.0631561 198.9914093 200.1550293 200.1705475 199.8250427
192.669632 191.3580475 189.7907867 191.6404724 189.5844879 183.6969147 191.1775665 189.097641 192.5120239 192.6716003 188.7725983 191.5419922 190.532486 188.8471832 188.9209137 188.4393921 183.7206573 183.3822174 185.8020325 185.3186798 182.087616 156.6383972 152.3796844 191.5338898 195.0786591 195.3292084 195.4968414 196.3124695 195.7204285 195.7037048 195.2814484 195.3329163 196.2099609 197.0227051 196.7896118 197.1116333 197.1871338 197.2010803 197.507019 197.943161 198.1652222 198.6846619 198.9340363 198.842392 198.8500061 198.9734039 199.0023956 196.8305054 196.7754974 199.6342316 199.1188812 199.9281769 198.9271393 198.327774 199.5924377 199.7863922 200.2639008
192.4306183 191.2836456 192.1008606 189.6941376 191.6415863 189.7209778 191.561264 192.858902 193.9736938 194.3427124 193.6548309 192.4006805 191.5919952 190.8622894 184.3231506 188.5119324 183.7896271 183.4990692 184.1741333 188.854538 180.5002441 158.375885 159.3560638 184.9194641 194.8799133 194.9301605 195.5421295 195.812149 195.5339966 195.03685 192.9510498 193.1089783 195.6663666 185.860672 197.3058472 197.8650665 198.0831909 198.1490784 198.4273834 198.2906647 198.5887451 198.7254486 198.4135132 198.3701172 198.5718536 198.9882355 199.2905273 186.0918884 191.314621 199.3582458 200.2211151 200.3471985 200.2620697 199.989212 200.0797424 200.2581482 200.6307068
191.3347626 191.3913727 193.1539154 184.240036 191.7804108 191.884964 193.3868103 194.6141205 195.6927032 192.6500854 194.6298981 193.2236023 189.620224 189.4848022 189.0228119 184.0923615 184.6112823 186.6642761 186.8966675 185.8594666 182.3136139 156.2353516 166.0406647 173.6711121 195.6529846 194.9145355 194.9418488 195.0691986 195.8000031 195.273056 194.7419281 195.1036377 196.493576 197.1160278 195.6401672 197.7045898 198.2868195 198.3408508 198.1222687 198.6580811 198.5990295 198.4024506 197.9641266 197.8504639 198.1980133 198.5392303 167.953537 154.4752045 185.7386932 199.4806366 200.2109222 200.2635956 200.0995636 200.1731873 200.3415527 200.5072937 201.1661987
195.0677948 193.001709 193.1855621 193.6061401 191.584259 194.8266907 195.293045 195.8864288 189.5384674 189.6912537 194.0324402 193.9578857 193.5144501 192.2447968 188.7718811 184.0769806 187.6967773 186.5887604 190.0934601 184.5827789 177.5301056 158.5567322 170.8884735 182.838913 194.6922455 193.9892273 195.1061096 195.1470642 196.4511871 195.0472107 194.6640472 194.3321533 194.7998047 196.2326355 196.5502014 196.6890869 196.7618256 197.9063263 198.4185486 197.9676056 197.7550659 197.7807312 197.4137878 197.2420197 197.3227692 197.076767 192.8487701 191.4556274 200.7546539 199.9023132 200.0155029 199.6772614 199.746582 199.5552368 199.7531128 199.9550629 200.1872559
195.0818787 194.4106903 180.2008362 194.6993103 194.779892 191.8429565 196.1250763 195.8996887 194.706192 195.0678864 194.0979614 189.0503998 188.881897 191.6611176 188.4385071 186.2896423 184.7063904 185.0035858 184.7475128 184.6650848 184.1724396 163.3933868 161.154129 183.0099487 193.5547791 192.7327423 194.3512421 194.8404236 195.7168732 194.5475464 194.9472351 194.7601471 193.5157928 193.8708954 195.069519 194.2424469 197.4969788 196.2873993 194.3484192 197.4294128 196.350235 196.9690399 196.6424561 195.7098236 190.5780182 191.5813904 198.411499 199.3786316 199.6365051 199.9115601 199.7840118 199.9001617 199.5980377 199.3739777 199.225174 199.2840424 199.4169464
194.6896973 195.1144104 195.3492737 180.4449768 195.9682312 195.8571625 192.5273285 195.556427 195.2288971 194.7265778 194.1389618 193.5013428 192.4657593 188.3043518 189.5406342 187.8763733 187.5120239 186.9771423 184.3491974 184.2871857 183.9676056 150.5293427 166.6690826 183.4586029 191.5447388 192.3518982 192.5897064 193.7233887 196.3567352 193.98172 194.9886932 192.9990082 193.0202332 192.311615 193.4691315 194.4948273 194.5556793 193.6972961 194.6967773 193.8835754 196.9830933 193.8559418 195.9683533 188.7847443 194.8505402 194.6085815 198.4529572 199.1959991 199.4529266 199.7522125 199.9082031 199.9309387 199.6568451 199.2464294 199.4021606 199.3014069 199.414917
195.7436066 195.0456238 195.4709015 195.0910492 194.5684814 192.2146759 193.5688934 194.7300415 194.8445435 188.6206665 194.1457977 193.4687805 192.2033081 188.0627594 183.8765717 185.7229309 187.7774658 186.6340942 183.6875458 184.7271576 184.7772369 182.5914917 183.0896912 183.1187744 193.1935577 192.247879 193.4437561 192.8807068 195.7372894 193.2700043 194.5428467 192.0850372 191.8901672 191.73526 191.734726 191.9192963 192.0234222 192.1894836 191.1799622 193.6361847 193.8430176 194.0416718 192.1242828 162.3290558 181.0112915 198.1057281 199.3114777 199.3625031 199.831543 199.6564331 199.5013428 199.0919037 199.8256073 199.341156 199.6926727 199.7200165 199.8114319
195.3569641 194.9103851 195.342926 195.2147217 195.2544556 194.9127808 191.8828735 191.8117523 193.5085602 193.8608398 187.7751007 192.0207977 191.050354 190.499115 189.6220551 189.1147766 186.9147186 185.5234528 186.5678864 185.708313 183.0680237 184.1828613 189.6472015 189.7878723 189.8312836 191.2425079 191.5597076 190.7686462 194.3154144 193.030365 193.7162323 191.8603516 192.4241638 189.0935974 190.1263733 186.9903412 185.4927521 183.8326111 187.5892334 185.7208252 193.7064667 194.9419098 190.8818359 138.2824097 138.5685425 190.063858 197.4361267 200.3892822 199.0052338 199.4993744 199.4246063 189.4738922 198.2137604 198.6169281 199.9120636 200.6099854 200.2889404
195.203064 195.5183258 195.5400085 195.3029633 195.123642 194.9226532 194.6155243 194.1634979 193.7284851 187.372818 190.7872009 191.3456726 190.5099182 190.0279083 188.5334778 188.6997223 188.4200592 186.6419373 185.7576294 192.5097046 184.6660614 181.5018921 187.3066864 183.7970428 183.278656 189.895462 190.2965851 189.3275146 192.8493958 190.9890747 190.8752289 191.5799866 190.400177 184.2780457 180.1882324 179.9250793 173.8764038 179.6273041 183.6065216 187.8576508 191.4154358 188.5458832 176.6979218 141.5757141 161.3113708 174.8147736 190.6832428 195.809845 197.8203735 199.0162048 199.4518127 200.1257019 200.0391846 199.7312317 200.6976624 200.5649261 200.1198273
193.3611908 195.7649384 194.9877777 195.6213226 195.4924164 195.2069092 194.4573059 190.8557434 192.6034546 192.3349457 191.4190369 186.4854736 190.3738098 189.8539734 188.1231689 188.629776 187.0756989 188.1244965 186.6248322 186.5290222 185.286499 164.2671661 163.4945526 175.784317 178.6224213 186.8001099 189.0419312 187.7183075 184.8167267 184.841095 184.7762604 189.1138611 188.9611816 173.4206085 179.8039551 179.3141022 176.5262451 181.2115021 181.0691681 178.858902 185.7465668 188.0815277 192.8989868 150.1481781 166.438736 180.8097687 187.7476959 198.5226593 200.2107086 199.9587708 199.9333038 199.9798737 200.4494934 199.5472565 200.2216644 199.979187 199.7739868
196.0531921 195.6876373 195.1456146 195.5999908 195.3528442 195.41539 194.9597931 194.5393677 191.4885712 192.8725891 191.7440796 191.5079803 190.8032379 190.2868042 188.8431702 187.2807617 189.3563232 186.8048096 186.5908051 187.9651642 186.1441803 188.3555603 154.0754089 167.391861 167.2231293 171.801239 178.7712097 179.1206055 175.853775 178.5426025 182.8240356 184.8811951 173.9168549 172.9987183 172.2367401 175.9669189 175.7443542 175.472641 175.1783752 177.8206177 185.1616364 187.7142181 185.7883759 175.7770996 178.0854797 187.7224426 187.7879944 196.9172516 199.7719879 200.2281036 200.2110596 200.2838745 200.4782562 200.2478638 200.2939606 199.3807068 198.8489532
196.7921906 196.6266479 196.6479645 193.1087494 195.9892731 196.2169037 196.137146 191.8253479 194.8787994 194.5034027 192.9771576 192.4621124 191.0424957 190.3720703 190.0678101 189.9456024 189.7753448 188.9936676 186.9356232 187.4657288 186.9202423 177.2802734 175.088974 169.2064667 163.2467346 154.7915802 169.298996 169.5657501 163.4684753 181.731781 185.5700073 178.6324921 171.8105621 169.9245453 168.0095978 161.6927643 149.877243 165.8856812 174.1556244 176.9187164 177.0557098 184.8484192 183.0576782 178.2923737 177.3908081 169.0080261 187.7053375 191.8400116 198.7777863 199.0388336 199.9210663 196.6990509 200.4177246 199.9489594 199.538559 199.1443481 198.7214966
196.4908447 197.331192 196.3988037 197.0024719 197.2074127 197.2679901 193.2058258 192.4609375 196.2440948 193.7602539 193.8835297 192.3796997 190.396347 190.8369446 191.3063965 191.2063446 188.1355591 188.7517853 189.1983185 187.9933472 187.1996307 167.4191132 157.9286804 164.8500214 175.9137726 177.8325348 160.8304443 182.3098755 186.8711243 176.2758789 162.3194733 150.6222839 153.8478241 149.9881134 147.1273041 146.6614838 146.3541412 150.3908234 169.7345581 176.5470428 176.7121124 177.103775 169.6778717 169.0115509 163.8410339 167.6908875 184.1416016 188.3847351 195.6365051 163.2265625 199.9803467 200.0352173 200.0300598 199.7752533 199.498703 199.2040558 198.4826965
194.3184814 195.2371674 197.8973083 197.8601227 198.128418 198.076004 196.9132996 197.3950348 193.4356537 195.8161774 194.5842896 193.317749 193.0950928 191.9302063 191.5797729 191.4539642 193.7711945 188.7789917 191.0185699 190.1723938 188.1312256 168.6584625 158.9371948 159.0283813 187.9313202 200.7661133 200.5357208 201.128418 200.9324493 200.7724915 200.7027435 196.7068787 196.9098816 197.1260986 198.3234558 159.5701752 150.3304596 150.0486603 156.7802429 170.7424774 169.0283508 179.141571 164.0341644 149.5693665 174.7125549 163.681366 172.0934296 189.0337524 190.3480682 173.8956757 199.9335785 200.1399841 200.1055908 199.9537964 199.7636261 199.5502167 198.3628082
194.0249634 195.7844849 197.6575775 197.7037659 198.5249329 198.8036957 198.5473328 197.6809692 197.0272522 195.966568 196.5418701 194.1904907 193.1704254 192.8366394 192.2316895 192.2698212 191.9375763 189.3777008 190.0714417 190.0379791 188.4888916 163.483902 163.7169037 187.9999542 199.2142487 201.7798004 201.6373138 201.2036285 200.9974213 200.8064423 200.7823944 197.1201782 197.3677979 200.7001801 200.4939728 196.7519531 200.439743 225.5317078 151.9787445 164.8091583 174.6692352 173.7458649 167.2207489 154.8476105 165.5019073 169.6938019 176.6969757 164.7067261 169.3021088 169.1131134 185.6945953 199.8722687 199.7718811 199.7526093 199.8123474 199.7930908 199.4188538
192.6242676 193.278595 196.4063721 196.6050262 198.9487152 198.8632965 197.998291 198.7660828 198.4779053 196.5919647 197.4255829 196.5290222 195.2541046 193.7365112 192.2549133 195.4499817 196.2588501 167.0602722 195.2100677 190.2262573 188.5898285 182.5919189 179.4666595 196.6781464 202.0799561 202.0877533 201.8772583 201.3784637 201.1819916 200.9875641 200.956131 197.4747314 200.8451538 200.7866211 200.7250214 200.5496216 200.4495087 200.0630188 199.5142212 193.6468964 148.7739563 162.0050201 148.6170654 152.7877502 176.5079803 174.8396759 187.8688812 147.2970581 165.1958771 158.6148834 176.1955566 199.7328949 199.6384277 199.6512451 199.7655182 199.7429657 199.565506
191.7504883 193.0962982 194.0391083 199.0547028 199.6380768 199.1666718 199.5827484 199.3222809 198.8630219 197.2304535 198.8709106 198.6103058 197.9313049 197.4587097 199.8998413 200.2206726 199.0557709 200.7971802 198.6724243 193.534729 189.6194153 187.338974 193.8553619 199.2739868 202.5575714 202.3518066 201.970047 201.689209 201.4808044 201.2406006 201.2211761 201.0834961 201.0050201 200.8825378 200.7430115 200.5512695 200.5111084 200.5646667 200.4458771 200.359848 200.2765656 200.2729034 200.2430267 199.8747864 200.1121368 200.1434631 200.2074432 200.1937561 199.2455902 198.2559662 199.9708405 199.8200378 199.8392792 199.9125671 199.8934937 199.8996582 199.852829
191.3624115 193.3757324 188.3733215 199.3191681 198.1958466 197.3559418 198.3439941 199.7781372 197.3716278 199.9161835 200.0458679 199.3425293 200.0955353 201.3864899 201.897934 198.3187561 201.1769257 201.502121 201.9846497 192.8739929 192.1380615 192.4434509 199.122345 201.3427277 202.4865417 202.7107697 202.5804596 202.2155151 201.9356537 201.9007568 201.7579193 201.4508362 201.3468781 201.1751556 200.996994 200.8196259 200.6686707 200.6684723 200.8585052 200.9444275 200.4875641 200.7309875 200.1564789 199.9309235 200.418457 200.3564453 200.3550415 200.3744659 200.4193878 198.7622223 200.3624725 200.3839111 200.3995972 200.4420471 200.3728333 200.2798309 199.3711395
192.2304993 197.1911316 194.9598694 196.0141907 190.2431946 197.7541656 199.3829956 199.6029663 200.0474243 200.3124542 200.3040771 200.717865 182.7745361 202.3071594 202.3063049 202.1628418 202.0058746 202.1278687 194.9717407 192.778244 190.3412476 184.8212433 203.3560028 203.237442 202.7373505 202.8031464 203.0260468 202.8838196 202.7619781 202.5905457 202.1305389 202.1547394 201.8628693 201.629715 201.2858429 201.2609711 200.9165192 201.1766968 201.1879425 200.95047 200.8425446 200.7113647 200.6138306 200.4830933 200.4426117 200.4194489 200.432724 200.370575 200.08255 198.7685547 194.6453552 193.7951202 199.9780884 200.8321838 199.5438538 199.6620178 200.6975098
192.4734039 192.9097137 193.1671295 195.9420929 196.6234131 196.9383392 198.3018341 199.6166687 200.3649139 198.6721802 199.2371368 181.5711212 202.0163574 202.524231 202.6047211 202.2683105 201.8115082 202.0341949 202.0468903 198.5114746 194.6340027 202.4338684 203.3924561 203.5520935 203.4740906 203.434845 203.3668213 203.3097382 203.3821716 203.2776794 203.157608 202.9045868 202.664032 202.1262665 201.6504974 201.6701508 201.5332336 201.4805603 201.3720703 201.2408752 201.0488281 200.8414459 200.5883331 200.4646149 200.3525696 200.1977386 200.2033081 200.2001953 200.3255157 200.4008026 198.7104187 200.7680817 200.7715454 200.6168823 201.0160065 200.7332916 200.7818451
193.0892944 193.2506561 195.066803 195.7726746 191.7342682 197.2802124 198.7987518 199.9293671 194.3978729 199.1021423 199.6208954 199.7562256 203.1434479 202.7398682 202.9011841 202.7184906 202.4629974 202.4445038 202.2353821 202.3446198 200.3199768 203.0104675 203.2908478 203.420578 203.5492554 203.5584412 199.9215851 203.4328308 203.5605927 203.6120148 203.5646362 202.7814484 203.0296631 202.5537872 202.2884674 202.0755157 201.8999329 201.7418976 201.2526398 201.2272339 200.806839 200.6887665 200.4237061 200.1993408 200.3120117 200.3065491 200.1929321 200.4674377 200.4789734 200.7675934 200.7570343 200.4467316 200.3164215 200.8399353 200.9884491 200.7476501 199.7373962
