Environmental Parameters/Projection/Sea-surface_salinity.asc
ncols 720
nrows 360
xllcorner -180.00
yllcorner -90.00
cellsize 0.5
NODATA_value -9999
[rows 150 to 174 of 360, columns 513 to 569 of 720]
-9999.0 -9999.0 -9999.0 -9999.0 -9999.0 -9999.0 -9999.0 32.63339233 32.93400192 33.01751709 33.04193115 33.0932045 33.14988327 33.25349808 33.33626175 33.38114548 33.42372131 33.45781326 33.46563721 33.46095276 33.46944046 33.4549408 33.3675499 33.19917679 33.02985382 32.86894226 32.72491837 32.62570953 32.49937439 32.30621719 32.10168839 31.87467957 31.56901169 31.20985794 30.94460487 30.85339546 30.5790081 30.20455551 29.93546677 29.67145729 29.17156029 28.40773582 27.99847794 -9999.0 -9999.0 -9999.0 -9999.0 -9999.0 -9999.0 -9999.0 -9999.0 -9999.0 -9999.0 -9999.0 -9999.0 -9999.0 -9999.0
-9999.0 -9999.0 -9999.0 -9999.0 -9999.0 -9999.0 -9999.0 32.6595459 33.00844193 33.10412598 33.1460762 33.20884323 33.28433228 33.37475586 33.42677689 33.47242355 33.50219345 33.52147293 33.52614594 33.50720596 33.49333572 33.45491791 33.35621262 33.2105751 33.07180023 32.92266464 32.78147888 32.68681717 32.57295609 32.42834473 32.29328537 32.1286087 31.89723969 31.60363388 31.30905342 31.16870499 31.00381851 30.70748711 30.34136581 29.98915672 29.52529716 29.02497101 28.89553833 27.32816422 -9999.0 -9999.0 -9999.0 -9999.0 -9999.0 -9999.0 -9999.0 -9999.0 -9999.0 -9999.0 -9999.0 -9999.0 -9999.0
-9999.0 -9999.0 -9999.0 -9999.0 -9999.0 -9999.0 -9999.0 32.69318771 33.08965302 33.16848373 33.20404434 33.29219437 33.36125183 33.40392685 33.4655838 33.5390892 33.56135941 33.56868744 33.55880356 33.5092926 33.46155548 33.40646744 33.30063629 33.18345642 33.0644722 32.91785812 32.80952072 32.72518539 32.6085968 32.49260712 32.35801315 32.24178696 32.13208389 31.92847824 31.55512238 31.3894825 31.22166824 30.92701149 30.50179291 30.038311 29.614851 29.28359222 29.30349731 28.55114555 -9999.0 -9999.0 -9999.0 23.64898491 24.48590279 -9999.0 -9999.0 -9999.0 -9999.0 -9999.0 -9999.0 -9999.0 -9999.0
-9999.0 -9999.0 -9999.0 -9999.0 -9999.0 -9999.0 -9999.0 32.9131279 33.17079163 33.27110291 33.31232071 33.38826752 33.41306686 33.44068909 33.49013901 33.55660248 33.57506561 33.57030106 33.53350067 33.47009659 33.41649628 33.34754181 33.2490387 33.1330452 33.01950836 32.89731216 32.78272629 32.68569565 32.57823563 32.46438217 32.34851837 32.26100922 32.20911407 31.87267303 31.64706993 31.51077271 31.36020851 31.10685921 30.71827126 30.2201519 29.74963188 29.52097511 29.60612679 30.05823135 28.06773436 -9999.0 24.46506489 22.40911674 22.89822578 25.14911271 -9999.0 -9999.0 -9999.0 -9999.0 -9999.0 -9999.0 -9999.0
-9999.0 -9999.0 -9999.0 -9999.0 -9999.0 -9999.0 -9999.0 33.04205322 33.2548027 33.37133026 33.40960693 33.4602623 33.4849472 33.50280762 33.51324463 33.55802917 33.58311081 33.5542717 33.51069641 33.45422363 33.39223862 33.31166458 33.20680618 33.08820343 32.99956512 32.8992157 32.78245926 32.65909195 32.55289459 32.43314743 32.32424927 32.19205475 32.05698013 31.84706116 31.65847397 31.561409 31.42693329 31.18141556 30.86905289 30.46797943 30.07042122 29.87746811 30.07176971 30.45637131 29.09756303 -9999.0 26.33122005 25.43711281 25.83721542 26.95451736 28.48045921 28.53065497 -9999.0 -9999.0 -9999.0 -9999.0 -9999.0
-9999.0 -9999.0 -9999.0 -9999.0 -9999.0 -9999.0 33.15122604 33.1239357 33.40164948 33.47981262 33.48148727 33.4932518 33.52964401 33.55890656 33.55183792 33.55849457 33.58640671 33.55732727 33.50983429 33.44306564 33.37340546 33.27944946 33.18392944 33.09617233 33.00904465 32.91146851 32.80098724 32.66150665 32.53238678 32.39768982 32.25994873 32.09601593 31.98751068 31.82676315 31.67358017 31.60273743 31.49185944 31.27295494 31.0146389 30.69617081 30.34814262 30.22965622 30.46902657 30.67699432 29.95688489 -9999.0 28.01475412 28.61857796 29.31469917 29.37793541 29.19633484 28.3118782 28.82079461 -9999.0 -9999.0 -9999.0 -9999.0
-9999.0 -9999.0 -9999.0 -9999.0 -9999.0 -9999.0 33.14137268 33.22185135 33.48917389 33.51808548 33.5269165 33.54297638 33.56160355 33.59044266 33.58559418 33.57127762 33.5751915 33.55034256 33.50260162 33.45215988 33.37710571 33.28926849 33.21500397 33.12179947 33.02823639 32.91983414 32.80940247 32.68707657 32.54466629 32.38866425 32.21956253 32.01452255 31.91043472 31.84588242 31.73021698 31.67947006 31.57781792 31.38634491 31.17098999 30.9154911 30.59838104 30.50980568 30.65573692 30.75738335 30.80329376 -9999.0 28.89113426 29.96073341 30.43360329 30.41578102 30.28599358 29.57141876 28.81739235 29.01769021 -9999.0 -9999.0 -9999.0
-9999.0 -9999.0 -9999.0 -9999.0 -9999.0 -9999.0 33.14075851 33.24900436 33.50061798 33.54016876 33.5590477 33.58366394 33.61265182 33.60873795 33.5916748 33.56155396 33.55424118 33.53997421 33.50534439 33.45995331 33.39572144 33.30060577 33.22938538 33.13865662 33.04176331 32.92731476 32.81585693 32.68580627 32.53857422 32.36433029 32.20627975 32.06147766 31.94346237 31.8733902 31.81879425 31.77178192 31.6726265 31.51778412 31.30276871 31.07943153 30.80358887 30.68818855 30.82866859 30.98193359 30.71161079 -9999.0 29.51833725 30.32792282 30.51991653 30.52946091 30.44703293 30.13257217 29.56134987 29.1186685 29.1927762 -9999.0 -9999.0
-9999.0 -9999.0 -9999.0 -9999.0 -9999.0 -9999.0 33.14168167 33.23625946 33.48559189 33.54349136 33.57798386 33.6174469 33.66275406 33.64440155 33.61785889 33.5904808 33.57258606 33.54454803 33.51661682 33.46622849 33.407547 33.32172012 33.23035431 33.1344986 33.04658508 32.91583252 32.78625107 32.64932632 32.51276398 32.35169601 32.1960144 32.11724472 31.99768448 31.91413879 31.86714172 31.83037186 31.74214172 31.61327934 31.44018745 31.24693489 31.01551628 30.87772942 30.97284317 31.0405941 30.41662076 29.85834312 29.72274208 30.35382843 30.53786087 30.57551003 30.50520515 30.31461334 30.06949234 29.55766869 29.30653602 29.24854398 -9999.0
-9999.0 -9999.0 -9999.0 -9999.0 -9999.0 33.13585281 33.12092209 33.24157715 33.4336853 33.55317688 33.61376572 33.65391922 33.69449615 33.67396164 33.6522522 33.6365242 33.62039566 33.58285522 33.54403687 33.48415756 33.4234314 33.352211 33.25833893 33.1483345 33.04413223 32.92068481 32.77731323 32.6504097 32.52488708 32.37522888 32.21645737 32.11088181 32.02056503 31.95153046 31.91337585 31.87612152 31.78835297 31.66882324 31.54333878 31.39030838 31.18325424 31.06593704 31.06959152 31.0568676 30.27617061 29.46351433 29.79218102 30.22711372 30.57157898 30.68481827 30.59307671 30.39815903 30.2085228 29.8946743 29.57599449 29.4575882 29.37273788
-9999.0 -9999.0 -9999.0 -9999.0 33.41566408 33.22818756 33.29449844 33.31456375 33.3454628 33.50894547 33.62152863 33.66010666 33.68585587 33.67481232 33.64988708 33.6341095 33.64529037 33.62383652 33.57392502 33.50570297 33.44927216 33.38555527 33.30421066 33.19853592 33.08203506 32.96064377 32.83068848 32.7064743 32.56839752 32.43635559 32.29821777 32.18747711 32.09128571 32.01800156 31.97475052 31.93571854 31.8503685 31.73441315 31.62416077 31.4985199 31.33963203 31.26262093 31.26583481 31.1825943 30.38978803 29.5826664 29.89296532 30.26398468 30.68574333 30.78611183 30.6509819 30.42290115 30.28314972 30.03987122 29.77084923 29.56466866 29.39784431
34.26559661 -9999.0 -9999.0 33.7304671 33.47795105 33.37343979 33.42436981 33.5038414 33.42002869 33.40291214 33.55291748 33.60361099 33.62050247 33.64738464 33.6462822 33.62604904 33.63917542 33.63721848 33.59857941 33.54857635 33.48397446 33.42266464 33.35467529 33.26953506 33.15711975 33.046772 32.91690826 32.79029083 32.65766907 32.53178787 32.41930771 32.31147385 32.22894287 32.12904739 32.06334305 32.02180862 31.9524231 31.84715652 31.73101044 31.6116066 31.49002457 31.4425087 31.4564991 31.35260963 -9999.0 29.72868156 30.02103615 30.29980278 30.72864532 30.84336281 30.73879814 30.54756355 30.51264954 30.45918274 30.17156982 29.89381027 29.64833641
34.27082825 -9999.0 -9999.0 33.90563202 34.03952026 33.98137665 33.96757507 -9999.0 -9999.0 33.28735352 33.41222382 33.52169037 33.56794357 33.6149559 33.60786057 33.62851334 33.66352844 33.6598053 33.62279892 33.57943726 33.52682495 33.45985794 33.39804077 33.33963013 33.25660706 33.14653778 33.02088547 32.90049744 32.780159 32.65970612 32.55867004 32.46246719 32.39499283 32.31282043 32.2115097 32.13697433 32.07778168 31.99679184 31.90782166 31.78430557 31.65836143 31.59980011 31.57108116 31.39943695 -9999.0 -9999.0 30.31966627 30.36555099 30.7008152 30.88123322 30.83905411 30.77663231 30.83334732 30.94709396 30.9520092 30.54047585 30.10932922
34.28835678 34.22829056 34.16398621 34.14263535 34.22780228 34.2166481 34.29486084 -9999.0 -9999.0 33.38594818 33.29764175 33.43198776 33.53628922 33.61257935 33.63245392 33.66846848 33.69963455 33.6814537 33.62866592 33.5712471 33.53062057 33.48782349 33.4366188 33.39094925 33.32715607 33.21945572 33.08724976 32.98045731 32.89251328 32.81238937 32.70583725 32.61767578 32.56023026 32.53521347 32.39007568 32.28476715 32.22301483 32.15729141 32.07522964 31.97310257 31.8513031 31.78732681 31.77181625 31.68583679 31.32429254 31.00541508 -9999.0 30.57192993 30.77511787 30.95003891 30.91671562 30.95645332 31.08211327 31.30236816 31.50222397 31.45040894 31.15089035
34.33682632 34.31188965 34.30996323 34.32608032 34.31079865 34.30266953 34.28249359 -9999.0 -9999.0 -9999.0 33.25309372 33.40405273 33.5586319 33.65035248 33.68889999 33.72930145 33.7432251 33.72121429 33.66140366 33.59372711 33.54602051 33.50258636 33.45869064 33.41553497 33.35212708 33.24380875 33.12724686 33.0342865 32.96448898 32.90805817 32.82639313 32.73871613 32.66516495 32.57954788 32.4857254 32.40063095 32.32932281 32.27404022 32.22592163 32.15298462 32.06808853 31.97638321 31.9180336 31.93252182 31.86422729 31.48264122 -9999.0 30.90618855 30.83750916 30.98731041 31.01026344 31.09952545 31.31738091 31.60542679 31.77313614 31.81048584 31.83073044
34.37820053 34.39020538 34.39001083 34.38080597 34.34764099 34.29017258 34.1604805 -9999.0 -9999.0 -9999.0 33.38009262 33.42154694 33.60615158 33.70189285 33.75483704 33.78790665 33.77716064 33.73757935 33.68242645 33.61876297 33.55605698 33.51744843 33.47111893 33.43055344 33.37327576 33.28824615 33.19530487 33.12804413 33.06190872 32.99386215 32.907444 32.81663513 32.73937225 32.69023895 32.56581116 32.49459457 32.43383408 32.38223267 32.35372925 32.30647659 32.23934937 32.12275314 32.00941467 32.00791168 32.01277542 31.7940979 31.429882 31.11184525 30.770298 30.92788506 31.01172638 31.16866112 31.40528679 31.68057632 31.89441681 31.97756195 31.9894104
34.38705826 34.36619568 34.34470749 34.31732178 34.29060745 34.2341156 34.07646561 33.93893969 -9999.0 -9999.0 33.46813583 33.52603531 33.6957016 33.78010559 33.83276749 33.84716034 33.81412125 33.75824356 33.69799805 33.63287354 33.57803345 33.53295135 33.49358368 33.45069122 33.40756226 33.33601761 33.26337814 33.21849442 33.15653229 33.07523727 32.9860611 32.89653778 32.80601883 32.72663879 32.66753387 32.59556961 32.5655365 32.52193832 32.47003174 32.42013931 32.35794449 32.26548004 32.12761307 32.04997635 32.00612259 31.91323471 31.6137352 31.26360893 31.03523067 30.85785574 30.68405342 31.01817513 31.31346703 31.58592224 31.93059921 32.03482819 32.06525421
34.44139862 34.39970398 34.34708405 34.29130173 34.2265358 34.15930176 34.00814056 33.92414055 33.79207993 33.7088356 33.5884819 33.66775894 33.82478333 33.88619232 33.91905975 33.90690994 33.8793335 33.83348465 33.77832794 33.71225357 33.64466476 33.58747101 33.52903366 33.47668457 33.42776871 33.36914444 33.29698563 33.24792099 33.19820023 33.13267517 33.06778717 33.00649643 32.91221237 32.82920837 32.75735474 32.70476913 32.65523911 32.58069611 32.51126862 32.46349716 32.40787125 32.36650848 32.27968216 32.13833237 31.97087097 31.82496262 31.62526703 31.4067955 -9999.0 -9999.0 30.22487274 29.55530357 30.94449806 31.37039757 31.91619873 32.05674744 32.08145523
34.47914505 34.45343018 34.37695694 34.30416107 34.23344803 34.16526794 34.05567932 33.94272995 33.87786865 33.83793259 33.79454803 33.84777069 33.93704605 33.99031067 34.01048279 33.98753357 33.95792007 33.91707993 33.8608017 33.78581619 33.7149353 33.65504456 33.59905243 33.53266907 33.46451187 33.40259933 33.33918762 33.2917366 33.25730896 33.19637299 33.14458847 33.0939064 33.01846313 32.94622421 32.87683105 32.79721069 32.73522186 32.65908051 32.545578 32.50673676 32.43781281 32.39148712 32.35094833 32.23929214 31.99009323 31.70689964 31.50001144 31.31870651 -9999.0 -9999.0 -9999.0 29.87563539 29.73417282 30.73238373 31.82297897 32.06109619 32.08372498
34.46029663 34.44252014 34.41189957 34.36469269 34.30928421 34.27556229 34.21759033 34.12458038 34.05678177 34.00450134 33.97089005 33.99399948 34.03020477 34.06970215 34.0893364 34.06309891 34.02206421 33.97455215 33.90826035 33.83824921 33.77570343 33.71100998 33.65391541 33.59341049 33.52750778 33.47137833 33.42578125 33.38214493 33.33567047 33.28078842 33.22790527 33.16919327 33.10318756 33.03835678 32.96974945 32.89574814 32.82435989 32.81375122 32.66079015 32.59492493 32.49420166 32.40810776 32.29306412 32.1409874 31.932827 31.63249969 31.30323219 31.02627945 -9999.0 -9999.0 -9999.0 -9999.0 -9999.0 30.40478134 31.64212799 32.03839493 32.08245087
34.46245956 34.45903015 34.43951035 34.40164185 34.3634758 34.31950378 34.29816055 34.24516678 34.19371414 34.14440536 34.12104034 34.13474274 34.14237976 34.14670563 34.14186859 34.1104393 34.07161331 34.02554321 33.96121979 33.88887787 33.82666397 33.76663589 33.7093277 33.65656662 33.59832382 33.55075455 33.50899887 33.46268463 33.41483688 33.36290359 33.3107605 33.2475853 33.1795578 33.11439514 33.04288864 32.9698143 32.87854767 32.83071136 32.68733597 -9999.0 -9999.0 -9999.0 32.12996292 31.88932419 31.83409309 31.59457207 31.33014297 30.55032921 30.61058235 -9999.0 -9999.0 -9999.0 -9999.0 30.72459602 31.52312851 31.99477005 32.07833481
34.46875763 34.46598434 34.44272995 34.41638947 34.38423538 34.35398102 34.31918335 34.29203796 34.27262878 34.26422882 34.25231934 34.24578857 34.2404213 34.2284317 34.20121384 34.15224075 34.10688019 34.06280136 34.00984955 33.94126129 33.87427521 33.82836151 33.78298569 33.73727798 33.69247818 33.63705444 33.58465576 33.53213882 33.48214722 33.43998718 33.39546585 33.33382416 33.26483917 33.19108582 33.11344147 33.03525925 32.94908905 32.87026978 32.82408905 32.62373734 -9999.0 -9999.0 -9999.0 31.4619236 31.64383316 31.63976479 31.42237663 30.91495514 30.44946861 -9999.0 -9999.0 -9999.0 -9999.0 30.84619713 31.51978302 31.96311569 32.06851196
34.46694183 34.46049118 34.455513 34.44208527 34.41804504 34.39449692 34.37876129 34.35233307 34.33934402 34.32510376 34.31709671 34.3111763 34.29692078 34.27142334 34.2316246 34.18005371 34.12781525 34.07966614 34.02748871 33.97872925 33.9188385 33.88069916 33.84998703 33.81639099 33.77511597 33.7240448 33.66794205 33.61468506 33.5623436 33.51301575 33.46634674 33.40686798 33.34043884 33.27321243 33.19497681 33.10830688 33.02131653 32.93736267 32.90075684 32.72205734 32.4909935 32.25922108 -9999.0 -9999.0 31.27135849 31.3885498 31.29446983 30.88746643 30.3363018 30.07847786 -9999.0 -9999.0 -9999.0 30.61933899 31.39940262 31.90011215 32.04927063
34.48262024 34.47743607 34.47357559 34.46485519 34.444664 34.41462326 34.40655899 34.39561462 34.37430191 34.35070419 34.33620453 34.32405853 34.30466461 34.27737427 34.23234558 34.18820572 34.14070129 34.09726715 34.05102158 34.0077095 33.96673584 33.93198395 33.90469742 33.87786865 33.84726334 33.80633926 33.75785828 33.70447922 33.6522522 33.60047531 33.54807663 33.49283218 33.43721771 33.3645668 33.28366852 33.18957138 33.0879631 33.00097275 32.95679855 32.92456055 32.7495079 32.46020508 -9999.0 -9999.0 -9999.0 31.37966156 30.96033096 30.57782173 30.21555138 29.68430138 -9999.0 -9999.0 -9999.0 30.031847 31.19250298 31.71197128 31.98477173
34.46179199 34.45983505 34.45214844 34.44823456 34.43429184 34.41225815 34.39855957 34.38467789 34.36408997 34.34520721 34.32197952 34.29878998 34.27697372 34.25377655 34.21965027 34.18667221 34.15007401 34.10958481 34.07500458 34.03546143 34.00014877 33.96933365 33.94059753 33.91693497 33.88763046 33.85278702 33.81111908 33.76854324 33.72457504 33.68359375 33.63384628 33.57739639 33.51293945 33.44685745 33.37133026 33.26899338 33.15682983 33.0723381 33.04888153 32.97036362 32.933918 32.76540756 32.46731567 -9999.0 -9999.0 -9999.0 30.86129189 29.91170311 29.49909401 28.63796425 27.59306717 -9999.0 -9999.0 29.25363293 30.85971069 31.406744 31.83727264
