Environmental Parameters/Projection/Sea-bottom_temperature.asc
ncols 720
nrows 360
xllcorner -180.00
yllcorner -90.00
cellsize 0.5
NODATA_value -9999
[rows 75 to 99 of 360, columns 336 to 391 of 720]
11.12060642 9.801315308 9.947772026 10.93029785 11.3069849 -9999.0 -9999.0 -9999.0 12.44985461 12.22982371 12.03423309 12.31201839 11.29213238 11.38425732 12.40923882 13.13820481 -9999.0 -9999.0 -9999.0 -9999.0 -9999.0 -9999.0 -9999.0 -9999.0 -9999.0 -9999.0 14.04809761 13.55299091 11.39317799 12.23602486 13.39571762 13.5946331 13.9518404 14.0424757 14.1007309 14.22207451 -9999.0 -9999.0 -9999.0 -9999.0 -9999.0 -9999.0 -9999.0 -9999.0 -9999.0 -9999.0 -9999.0 -9999.0 -9999.0 -9999.0 -9999.0 -9999.0 -9999.0 -9999.0 -9999.0 -9999.0
9.767885208 10.17785358 10.05086899 11.5558157 12.70539644 12.51732922 13.31935787 13.36249828 11.85922146 11.7863121 11.72752857 11.42103291 11.48158073 13.11692238 12.30504513 13.02629673 13.76529491 14.07575798 14.17530465 14.16915536 -9999.0 -9999.0 -9999.0 -9999.0 -9999.0 14.33334756 14.62429333 13.47342491 12.81044006 13.78145885 14.24520111 14.24733734 14.16892719 14.21836495 -9999.0 -9999.0 -9999.0 -9999.0 -9999.0 -9999.0 -9999.0 -9999.0 -9999.0 -9999.0 -9999.0 -9999.0 -9999.0 -9999.0 -9999.0 -9999.0 -9999.0 -9999.0 -9999.0 -9999.0 -9999.0 -9999.0
10.23733139 10.53684998 10.29465675 10.97530079 11.38244629 11.59864044 11.61773491 11.57520676 11.51028252 11.41525745 11.35089779 11.49252605 11.4247551 11.53343773 12.2469511 12.6325016 14.03988743 14.27108252 14.28994036 -9999.0 -9999.0 -9999.0 -9999.0 -9999.0 14.46862984 14.64085293 14.61106682 13.99034977 14.37897396 14.68245411 14.63343525 14.46210885 14.39015222 -9999.0 -9999.0 -9999.0 -9999.0 -9999.0 -9999.0 -9999.0 -9999.0 -9999.0 -9999.0 -9999.0 -9999.0 -9999.0 -9999.0 -9999.0 -9999.0 -9999.0 -9999.0 -9999.0 -9999.0 -9999.0 -9999.0 -9999.0
3.252722502 10.91683102 10.5335083 10.76656628 11.18516827 11.44207764 11.59222317 11.52862263 11.47247696 11.34920692 11.16345692 11.15666389 11.26519871 11.76971722 12.7434454 -9999.0 -9999.0 13.60964131 13.88488269 14.3619585 14.5221138 14.80205727 14.79120541 14.64471531 14.822258 14.45000362 14.67851353 14.8059864 -9999.0 -9999.0 -9999.0 -9999.0 -9999.0 -9999.0 -9999.0 -9999.0 -9999.0 -9999.0 -9999.0 -9999.0 -9999.0 -9999.0 -9999.0 -9999.0 -9999.0 -9999.0 -9999.0 -9999.0 -9999.0 -9999.0 -9999.0 -9999.0 -9999.0 -9999.0 -9999.0 -9999.0
3.109552383 10.7690239 10.19160652 10.54263687 10.93007946 11.35099983 11.37712955 11.37780476 11.23928642 11.29023457 11.25757027 11.19434261 12.46440697 13.28909588 12.72597885 12.15038586 13.95272446 12.56562805 12.68873787 12.86554337 12.87657261 12.89818096 12.89827061 13.22727394 13.9118166 13.91345501 14.87372494 14.9172883 -9999.0 -9999.0 -9999.0 -9999.0 -9999.0 -9999.0 -9999.0 -9999.0 -9999.0 -9999.0 -9999.0 -9999.0 -9999.0 -9999.0 -9999.0 -9999.0 -9999.0 -9999.0 -9999.0 -9999.0 -9999.0 -9999.0 -9999.0 -9999.0 -9999.0 -9999.0 -9999.0 -9999.0
10.3636694 11.44876575 10.08734226 10.54446697 11.18206501 11.26095009 11.26158905 11.13717461 11.12307262 11.0181179 10.93228054 11.02535343 11.30201912 11.45976448 11.57761097 11.65060616 11.56035328 11.73163795 11.4665308 12.27405167 12.88407803 13.0703907 13.32891273 13.47094059 14.37854671 15.02936554 15.1087184 -9999.0 -9999.0 -9999.0 -9999.0 -9999.0 -9999.0 -9999.0 -9999.0 -9999.0 -9999.0 -9999.0 -9999.0 -9999.0 -9999.0 -9999.0 -9999.0 -9999.0 -9999.0 -9999.0 -9999.0 -9999.0 -9999.0 -9999.0 -9999.0 -9999.0 -9999.0 -9999.0 -9999.0 -9999.0
11.29892731 10.44177246 10.51750851 10.51004887 10.97571468 11.15018749 11.15920448 10.8701601 10.82555771 10.87618446 10.74084282 10.86658764 10.95876408 11.07184887 11.12806606 11.34385872 11.43304348 11.6119709 11.62226486 13.3469944 14.87850761 14.69441795 14.78066349 14.91659927 15.47674179 -9999.0 -9999.0 -9999.0 -9999.0 -9999.0 -9999.0 -9999.0 -9999.0 -9999.0 -9999.0 -9999.0 -9999.0 -9999.0 -9999.0 -9999.0 -9999.0 -9999.0 -9999.0 -9999.0 -9999.0 -9999.0 -9999.0 -9999.0 -9999.0 -9999.0 -9999.0 -9999.0 -9999.0 -9999.0 -9999.0 -9999.0
2.697740078 4.349783421 7.507328987 10.39718056 11.55178928 10.66238022 10.96248341 10.91577339 10.73196888 10.82787037 10.56351757 10.54121113 10.59211922 10.85728931 11.05495358 10.87091064 12.36451435 13.75311756 14.76362324 14.8268261 15.29176998 15.25272512 -9999.0 -9999.0 -9999.0 -9999.0 -9999.0 -9999.0 -9999.0 -9999.0 -9999.0 -9999.0 -9999.0 -9999.0 -9999.0 -9999.0 -9999.0 -9999.0 -9999.0 -9999.0 -9999.0 -9999.0 -9999.0 -9999.0 -9999.0 -9999.0 -9999.0 -9999.0 -9999.0 -9999.0 -9999.0 -9999.0 -9999.0 -9999.0 -9999.0 -9999.0
2.703495026 2.333234787 2.376690149 2.366273165 10.76884365 11.0742197 11.00717926 10.33179855 10.64757156 10.84207916 10.75827503 10.53992844 10.50990963 10.66362381 12.64995003 14.30486679 -9999.0 -9999.0 -9999.0 -9999.0 -9999.0 -9999.0 -9999.0 -9999.0 -9999.0 -9999.0 -9999.0 -9999.0 -9999.0 -9999.0 -9999.0 -9999.0 -9999.0 -9999.0 -9999.0 -9999.0 -9999.0 -9999.0 -9999.0 -9999.0 -9999.0 -9999.0 -9999.0 -9999.0 -9999.0 -9999.0 -9999.0 -9999.0 -9999.0 -9999.0 -9999.0 -9999.0 -9999.0 -9999.0 -9999.0 -9999.0
2.306915998 2.189151525 2.25559926 2.245899916 2.300569296 2.303364277 2.695359468 8.50188446 11.1297884 11.29564381 10.80802917 10.82600689 10.88955307 11.21019173 11.5088377 13.66235638 14.00105476 13.9545517 15.26333237 15.79105806 -9999.0 -9999.0 -9999.0 -9999.0 -9999.0 -9999.0 -9999.0 -9999.0 -9999.0 -9999.0 -9999.0 -9999.0 -9999.0 -9999.0 -9999.0 -9999.0 -9999.0 -9999.0 -9999.0 -9999.0 -9999.0 -9999.0 -9999.0 -9999.0 -9999.0 -9999.0 -9999.0 -9999.0 -9999.0 -9999.0 -9999.0 -9999.0 -9999.0 -9999.0 -9999.0 -9999.0
2.181419611 2.180998325 2.181911469 2.194362402 2.222512484 2.220342875 2.239676237 2.529039621 2.230413914 2.271372318 2.442819357 9.000370979 11.33914852 11.40683746 11.54741764 11.85899639 11.8485651 12.50129318 14.84673119 16.28414631 16.31316161 -9999.0 -9999.0 -9999.0 -9999.0 -9999.0 -9999.0 -9999.0 -9999.0 -9999.0 -9999.0 -9999.0 -9999.0 -9999.0 -9999.0 -9999.0 -9999.0 -9999.0 -9999.0 -9999.0 -9999.0 -9999.0 -9999.0 -9999.0 -9999.0 -9999.0 -9999.0 -9999.0 -9999.0 -9999.0 -9999.0 -9999.0 -9999.0 -9999.0 -9999.0 -9999.0
2.155121803 2.159648657 2.176978588 2.174394608 2.168195963 2.162937641 2.153955221 2.149802685 2.146649837 2.157929659 2.157170773 2.171520948 2.266031265 7.302184105 11.39400291 11.68889999 11.98371124 11.91469765 12.73802662 15.0943985 16.58526802 -9999.0 -9999.0 -9999.0 -9999.0 -9999.0 -9999.0 -9999.0 -9999.0 -9999.0 -9999.0 -9999.0 -9999.0 -9999.0 -9999.0 -9999.0 -9999.0 -9999.0 -9999.0 -9999.0 -9999.0 -9999.0 -9999.0 -9999.0 -9999.0 -9999.0 -9999.0 -9999.0 -9999.0 -9999.0 -9999.0 -9999.0 -9999.0 -9999.0 -9999.0 -9999.0
2.145127535 2.154204845 2.159554005 2.161195278 2.15655899 2.152311087 2.148547888 2.145397186 2.142543077 2.141880274 2.146331787 2.149837255 2.151219368 2.188483715 4.28166151 11.12868214 10.72546387 12.05351353 12.09393883 13.88778019 15.47956371 17.05000877 -9999.0 -9999.0 -9999.0 -9999.0 -9999.0 -9999.0 -9999.0 -9999.0 -9999.0 -9999.0 -9999.0 -9999.0 -9999.0 -9999.0 -9999.0 -9999.0 -9999.0 -9999.0 -9999.0 -9999.0 -9999.0 -9999.0 -9999.0 -9999.0 -9999.0 -9999.0 -9999.0 -9999.0 -9999.0 -9999.0 -9999.0 -9999.0 -9999.0 -9999.0
2.145495415 2.151636839 2.158703089 2.166054726 2.157093763 2.154272079 2.151100636 2.14841938 2.145685434 2.144863844 2.145903349 2.147044897 2.152716875 2.164881468 2.179012537 2.246155262 7.535241604 11.88163376 12.24088383 12.47061729 13.82682896 16.32557964 17.18708897 -9999.0 -9999.0 -9999.0 -9999.0 -9999.0 -9999.0 -9999.0 -9999.0 -9999.0 -9999.0 -9999.0 -9999.0 -9999.0 -9999.0 -9999.0 -9999.0 -9999.0 -9999.0 -9999.0 -9999.0 -9999.0 -9999.0 -9999.0 -9999.0 -9999.0 20.69242668 21.17877007 21.34707451 20.14781141 -9999.0 -9999.0 -9999.0 -9999.0
2.162971735 2.169972897 2.163131237 2.16763711 2.17124176 2.158874273 2.154850006 2.153652906 2.152483463 2.152203083 2.149463892 2.148608208 2.155430794 2.157542706 2.183199883 2.199119091 2.249181986 10.4789238 11.62161827 11.26339054 13.24763012 17.38542271 17.63199139 -9999.0 -9999.0 -9999.0 -9999.0 -9999.0 -9999.0 -9999.0 -9999.0 -9999.0 -9999.0 -9999.0 -9999.0 -9999.0 -9999.0 -9999.0 -9999.0 -9999.0 -9999.0 -9999.0 -9999.0 -9999.0 -9999.0 -9999.0 -9999.0 -9999.0 21.4398098 20.43308926 19.75694752 19.56476498 19.31000519 18.77640057 -9999.0 -9999.0
2.192325354 2.180845261 2.159656048 2.164363384 2.165519238 2.162056684 2.156913042 2.15617609 2.156962872 2.155714512 2.153310537 2.151018381 2.158606529 2.15887332 2.182718039 2.198647738 2.247699976 2.428901911 2.686523438 7.024460793 12.85499096 17.41025925 -9999.0 -9999.0 -9999.0 -9999.0 -9999.0 -9999.0 -9999.0 -9999.0 -9999.0 -9999.0 -9999.0 -9999.0 -9999.0 -9999.0 -9999.0 -9999.0 -9999.0 -9999.0 -9999.0 -9999.0 -9999.0 -9999.0 -9999.0 -9999.0 -9999.0 -9999.0 22.25811768 19.74227047 19.32880211 18.2746582 19.59992313 17.87736559 18.83903074 -9999.0
2.110738754 2.109478235 2.10841918 2.164481401 2.165809155 2.521237373 11.14607048 12.1235857 2.540628672 5.711183071 2.250030756 2.158961058 2.160153151 2.978372097 9.058589935 2.998265982 2.674679995 3.268370628 10.63316727 10.9559803 12.83045578 15.89280987 -9999.0 -9999.0 -9999.0 -9999.0 -9999.0 -9999.0 -9999.0 -9999.0 -9999.0 -9999.0 -9999.0 -9999.0 -9999.0 -9999.0 -9999.0 -9999.0 -9999.0 -9999.0 13.54964352 13.56111622 13.57632351 16.18863964 18.13756609 -9999.0 -9999.0 -9999.0 20.44603729 20.23803902 17.99649525 17.65433311 17.3914032 17.74757767 18.91592407 19.12085104
2.109997034 2.108834982 2.107684612 2.343508482 3.044757366 9.916732788 10.92616844 12.7430687 16.90707207 13.49664116 12.03308773 11.80424976 12.24515152 11.6080513 11.05606079 4.723105907 11.03295422 10.41071606 11.69625568 4.965339184 12.72563839 15.36543941 -9999.0 -9999.0 -9999.0 -9999.0 -9999.0 -9999.0 -9999.0 -9999.0 -9999.0 16.7918973 16.22793341 -9999.0 -9999.0 -9999.0 -9999.0 14.1769709 13.59156036 13.20134926 13.09305954 13.12834167 13.21384907 15.42082596 20.12305641 -9999.0 -9999.0 -9999.0 -9999.0 20.50332689 21.96397972 17.31282234 16.29806042 15.97343254 15.9743824 19.21359825
4.64443779 2.633141756 2.235971212 2.469107389 4.496929646 13.54748535 13.70952606 14.71020317 -9999.0 -9999.0 -9999.0 -9999.0 -9999.0 -9999.0 11.83133602 11.51165104 11.40900993 11.30447102 11.61026573 12.18157578 12.76290321 -9999.0 -9999.0 -9999.0 -9999.0 -9999.0 -9999.0 -9999.0 -9999.0 -9999.0 18.42854023 16.18269539 16.04463005 15.69735432 15.79646969 15.49847126 13.56100178 13.31380844 13.0815115 13.07304382 13.07354355 13.1287632 13.23796749 15.68880558 15.79797459 18.43824196 -9999.0 -9999.0 -9999.0 -9999.0 -9999.0 22.51124954 16.39785576 15.199543 14.96620274 15.16034603
12.00215244 5.014085293 2.942150831 2.689311743 5.524502754 12.12248421 15.16256809 -9999.0 -9999.0 -9999.0 -9999.0 -9999.0 -9999.0 -9999.0 -9999.0 -9999.0 -9999.0 -9999.0 -9999.0 -9999.0 -9999.0 -9999.0 -9999.0 -9999.0 -9999.0 -9999.0 -9999.0 -9999.0 -9999.0 -9999.0 16.10726166 15.31903267 13.6362381 13.12941456 13.08334637 13.05643082 13.05489063 13.05762577 13.05770683 13.05767632 13.05803394 13.68717289 14.33532429 15.41323185 16.24305534 16.17310429 16.92101097 -9999.0 -9999.0 -9999.0 -9999.0 20.26714945 16.56571865 15.76165581 15.2286129 15.24975872
2.92586112 2.945358992 2.730475903 2.583078861 3.017839909 11.49771976 16.24057579 -9999.0 -9999.0 -9999.0 -9999.0 -9999.0 -9999.0 -9999.0 -9999.0 -9999.0 -9999.0 -9999.0 -9999.0 -9999.0 -9999.0 -9999.0 -9999.0 -9999.0 -9999.0 -9999.0 -9999.0 -9999.0 -9999.0 -9999.0 15.04925728 13.1252985 13.07245731 13.06856441 13.0601759 13.05553246 13.05320549 13.05635071 13.05752277 13.05782318 13.092556 13.49624348 15.63491344 15.64725018 15.96556473 15.71365261 16.49738789 17.609869 19.73971367 -9999.0 -9999.0 -9999.0 20.15824318 20.16050911 16.43579197 16.45645332
2.565331459 3.050761461 2.458613634 2.461912632 2.83240056 11.69295025 15.89281273 -9999.0 -9999.0 -9999.0 -9999.0 -9999.0 -9999.0 -9999.0 -9999.0 -9999.0 -9999.0 -9999.0 -9999.0 -9999.0 -9999.0 -9999.0 -9999.0 -9999.0 -9999.0 -9999.0 -9999.0 -9999.0 18.29553032 17.05427933 13.49647331 13.07500076 13.05486107 13.05674458 13.05527878 13.05216789 13.05284309 13.05332375 12.9349823 13.05765343 13.08657074 14.10728931 16.17228413 15.40173244 13.80611229 13.73001862 13.80875587 14.0659771 19.46873093 18.98884439 -9999.0 -9999.0 -9999.0 -9999.0 18.22065663 19.1297884
2.113589048 2.168870211 2.808521986 2.239946127 2.476711273 11.53613281 16.32051277 -9999.0 -9999.0 -9999.0 -9999.0 -9999.0 -9999.0 -9999.0 -9999.0 -9999.0 -9999.0 -9999.0 -9999.0 -9999.0 -9999.0 -9999.0 -9999.0 -9999.0 -9999.0 19.36735296 19.28382301 17.33628464 13.21233368 13.09871578 13.06950283 13.05869579 13.05499458 13.05420303 13.05374336 13.05350113 13.05463982 13.05414104 12.933074 13.05718231 13.42274666 14.66075706 19.61789703 15.34427738 13.58647346 13.54856014 13.57138157 13.70886993 13.7362299 16.1404438 16.85113335 20.8666954 -9999.0 -9999.0 -9999.0 -9999.0
2.089869261 2.100615025 2.10930419 2.288664341 2.697661161 11.85812569 17.42524529 -9999.0 -9999.0 -9999.0 -9999.0 -9999.0 -9999.0 -9999.0 -9999.0 -9999.0 -9999.0 -9999.0 -9999.0 -9999.0 -9999.0 -9999.0 -9999.0 -9999.0 -9999.0 21.1465168 15.92641449 13.13834 13.13426018 13.08612537 13.06471443 13.06039238 13.05572414 13.04824734 13.04872799 13.05032158 13.05373669 13.05593109 13.05686378 13.12003326 13.80766392 16.65387535 -9999.0 17.82212067 13.77466679 13.30524635 13.03481865 13.44244671 13.03764915 12.94605541 13.59013367 13.83416176 16.13114929 16.8891449 -9999.0 -9999.0
2.089903355 2.09675765 2.100361586 2.17688489 12.71181679 13.51217175 16.85949421 -9999.0 -9999.0 -9999.0 -9999.0 -9999.0 -9999.0 -9999.0 -9999.0 -9999.0 -9999.0 -9999.0 -9999.0 -9999.0 -9999.0 -9999.0 -9999.0 -9999.0 18.59620476 16.48499107 13.56958294 13.1377821 13.13479137 13.12744141 13.12750053 13.42451668 13.09061718 13.04724216 13.04811764 13.05052853 13.05493927 12.93282795 13.05801487 13.12482738 14.73504734 16.28369331 -9999.0 14.9980545 13.48236561 13.16689968 12.91742134 12.86809063 12.94524288 12.9464407 13.3566246 13.58630753 13.5971489 14.97460365 16.31470776 17.54630184
