Environmental Parameters/Projection/Sea-bottom_temperature.asc
ncols 720
nrows 360
xllcorner -180.00
yllcorner -90.00
cellsize 0.5
NODATA_value -9999
[rows 225 to 249 of 360, columns 112 to 167 of 720]
1.322937608 1.389962196 1.386817217 1.436413765 1.319116235 1.452314615 1.503765464 1.484024525 1.39509654 1.479488134 1.501702666 1.508967638 1.530313492 1.522436738 1.553562403 1.551494598 1.590396404 1.585784316 1.593784332 1.59241116 1.588459849 1.581475139 1.580113292 1.584826946 1.585955858 1.55829072 1.538463473 1.558856845 1.532780528 1.531213164 1.524288297 1.512641668 1.511773825 1.510388255 1.482428312 1.504974246 1.501662135 1.50938797 1.505792856 1.480499625 1.487034559 1.48498404 1.482849002 1.47817409 1.480519772 1.462299347 1.461398602 1.472758889 1.471577525 1.471088052 1.492363691 1.466399074 1.464996338 1.433030725 1.469185352 1.459358335
1.396973372 1.391780972 1.388900518 1.442927837 1.3898803 1.449621558 1.453085542 1.48335135 1.48841083 1.394755602 1.481765032 1.508568525 1.481264114 1.528477192 1.561262488 1.568044782 1.608149886 1.606774688 1.605893373 1.596887946 1.552979946 1.58421123 1.583843231 1.586570621 1.616883993 1.55922246 1.556523681 1.537771702 1.547183037 1.543834329 1.525699019 1.482922435 1.52022922 1.509774208 1.507457137 1.515357137 1.5140872 1.51200676 1.495000362 1.505606413 1.490549803 1.479807615 1.484683514 1.483245492 1.476812959 1.480224252 1.478319883 1.47323823 1.474606752 1.472425103 1.469475627 1.467014551 1.46329546 1.431547046 1.464154482 1.461996078
1.48554647 1.495719552 1.395496726 1.323361516 1.480893612 1.479620337 1.452743292 1.537544012 1.548324704 1.498252988 1.503328204 1.507421136 1.542116761 1.554699898 1.595082879 1.577560186 1.621756792 1.625994205 1.595415831 1.590353131 1.586232424 1.584733486 1.594771147 1.582863808 1.680175662 1.573498487 1.557968616 1.566604376 1.540557742 1.53774631 1.512050986 1.528540969 1.525465727 1.509309649 1.481710196 1.505150318 1.51900208 1.517535329 1.515435457 1.512560129 1.492779016 1.48950243 1.486522794 1.484637499 1.482593298 1.480267406 1.477796078 1.476930261 1.486133814 1.473715901 1.471001863 1.46828413 1.463555932 1.472173214 1.470739961 1.469931602
1.433684587 1.585995793 1.535137653 1.485295057 1.455183268 1.484159946 1.500857472 1.480089188 1.550036073 1.496113658 1.481303811 1.541838527 1.545980692 1.627446532 1.560887575 1.619161248 1.677027106 1.592268825 1.590866446 1.583238125 1.58716321 1.584367275 1.587306499 1.62048924 1.646257162 1.581708789 1.559068918 1.558043122 1.54351747 1.542347312 1.550700068 1.538874388 1.548778415 1.531870961 1.526881814 1.505911946 1.523315549 1.5204705 1.519656658 1.516422749 1.513866186 1.511928558 1.536462903 1.508039951 1.5038836 1.529485226 1.496238947 1.492558122 1.536905766 1.505813956 1.524631262 1.490185976 1.475780845 1.474576473 1.478970289 1.485482216
1.576836944 1.416047454 1.454897881 1.388756633 3.527969837 1.448907375 1.490016222 1.493895411 1.496798396 3.906106234 1.51196909 1.515254021 1.593152881 1.603151917 1.674545765 1.661690474 1.63452971 1.601944208 1.591514587 1.584672451 1.584092617 1.584092617 1.59498167 1.62962079 1.693693757 1.604863524 1.573583841 1.547220349 1.545443058 1.556070805 1.543334365 1.554607749 1.515833497 1.537223697 1.532036066 1.5295614 1.554418445 1.573188663 1.572374821 1.520366788 1.52011013 1.546844006 1.517876863 1.548329353 1.54534781 1.510192394 1.504294515 1.530378461 1.523493528 1.491202831 1.492605805 1.478280544 1.647180676 1.474871755 1.472603798 1.593594551
1.386476874 1.427835584 1.429234385 1.404381752 1.595079064 1.611148119 1.462165713 1.566657662 1.576488256 1.538996935 1.904554725 1.573519349 1.594230175 1.676421285 1.657249212 1.66584909 1.640711904 1.620600939 1.635115623 1.607978582 1.610023856 1.611693025 1.633126497 1.665830731 1.658936501 1.608396292 1.604825139 1.549270153 1.574535251 1.547411919 1.559165716 1.545017004 1.543646216 1.514512539 1.55489552 1.554735065 1.556330204 1.580152392 1.578262925 1.549170971 1.549443126 1.576174378 1.57562983 1.574291348 1.572271585 1.612555027 1.587230563 1.575709224 1.683526635 2.000216842 1.515823007 1.457965016 1.461755514 1.506473303 1.48892343 1.490178466
1.382121086 1.383237004 1.421655416 1.394405365 1.531769753 1.545571089 1.409362078 1.556597114 3.53213191 1.515304208 1.564657927 1.608264327 1.573833227 1.664090037 1.668459058 1.67186904 1.661866307 1.677741647 1.6077106 1.644062996 1.633375525 1.651060462 1.665736318 1.658045173 1.637101173 1.651492119 1.608884692 1.578047395 1.597706676 1.578205228 1.56182909 1.562201858 1.561600327 1.604532957 1.57693994 1.556707025 1.579558372 1.597996593 1.564083815 1.596292973 1.578886986 1.526955962 1.520124793 1.576598763 1.664876103 1.575647116 3.594290733 1.566473722 1.555709839 1.487804532 1.485327005 1.426999927 1.418465734 1.427837729 1.715073228 1.616964936
1.36496675 1.365231276 1.382692933 1.448014259 1.392295122 1.421738625 1.435413718 1.476562262 1.483056784 1.435216665 1.437909722 1.442659736 1.449952126 1.905185223 1.555448174 1.513709903 1.647334933 1.608304739 1.831076264 1.642217755 1.632240415 1.649850011 1.670307279 1.671661496 1.669440746 1.652514458 1.617134929 1.617903471 1.593808532 1.594346881 1.625213742 1.579272151 1.61455369 1.593429565 1.601884127 1.612315416 1.643526077 1.66414845 1.598219752 1.61396575 1.624670386 1.661860585 1.66606319 1.645400405 2.64486742 1.563270211 1.627135038 1.617416024 1.432205558 1.482193947 1.407234311 1.411273599 1.482202053 1.419065833 1.467519045 1.438066125
1.364207029 1.375991344 1.360674381 1.382778287 1.384891033 1.405212879 1.730228543 1.430591226 1.432111502 1.427647829 1.47674644 1.43718338 1.492997885 1.451362848 1.415871859 1.490971565 1.41209662 1.608707666 1.917413831 1.828134656 1.678671122 1.679034114 1.682297111 1.672971964 1.66775465 1.659754157 1.649025559 1.659761548 1.597871184 1.633403778 1.622213244 1.634990692 1.640827417 1.641173363 1.548120499 1.709021449 1.695793152 1.589384198 1.614997268 1.581668377 1.56423831 1.554792404 1.549954653 1.864478946 1.638530135 1.505637407 2.386766195 2.151619434 1.429459453 1.472875476 1.418896437 1.41366303 1.405128598 1.455895066 1.394984961 1.53267765
1.365341544 1.373214126 1.373988867 1.37683785 1.355210423 1.397398949 1.459635496 1.408720255 1.415302634 1.403990746 1.363516331 1.404887915 1.432631373 1.444430232 1.652026057 1.442631721 1.481196642 1.479479671 1.500929236 1.660799384 1.51475668 1.723783851 1.658518791 1.649120092 1.652208328 1.637935519 1.634040236 1.640769601 1.71973598 1.643652439 1.65915215 1.621498108 1.677127719 1.656538486 1.637158394 1.603711963 1.676307559 1.668798208 1.995417714 1.620898128 1.526840806 1.531004786 1.490630746 1.575459361 1.578343153 1.497482657 1.657724738 1.597898245 1.594290018 1.464979649 1.412736177 1.453959942 1.400624514 1.403556228 1.39583993 1.379853487
1.371140122 1.369260788 1.370902181 1.373924255 1.806391239 1.383907795 1.38926971 1.451452494 1.408885598 1.401248336 1.400366426 1.361095428 1.405611515 1.408134818 1.413171291 1.470283985 1.519924045 1.476399541 1.477408171 1.480871797 1.647432923 1.894743085 1.663910151 1.618063807 1.619998097 1.626029491 1.619027734 1.841213465 1.637083173 1.638542175 1.631187797 1.625424385 1.679786921 1.622002721 1.589344144 1.573171258 1.737996817 1.599325895 1.574988842 1.615319252 1.50938344 1.527224422 1.561237812 1.442455649 1.428681612 1.481767654 1.431380272 1.98305428 1.385125637 1.383947611 1.383391619 1.400476694 1.585053205 1.438831806 1.327682257 1.304674506
1.367082119 1.352148175 1.366272688 1.368953347 1.394831061 1.399671197 1.357203364 1.329583406 1.440120935 1.330325603 1.394480586 1.397139788 1.403111339 1.407193065 1.408161521 1.439837337 1.442988038 1.444102287 1.469778657 1.477111816 1.482156873 1.643435359 1.643795252 1.609530687 1.610993028 1.613772392 1.653735757 1.621454954 1.625205159 1.629101157 1.648815274 1.601955056 1.599666357 1.596702933 1.620890617 1.566180229 1.557567716 1.530279517 1.523446083 1.520666361 1.522829056 1.524692655 1.484995723 1.447639823 1.502141237 1.474104047 1.427401423 1.426662326 1.417739272 1.398891926 1.33801806 1.328638673 1.534726381 1.360812068 1.355922937 1.300765514
1.369564772 1.347771049 1.347903013 1.350501299 1.371134758 1.399989009 1.385564566 1.403561354 1.387699246 1.403064132 1.400845051 1.406037688 1.401549816 1.419543505 1.42922318 1.570752382 1.441723585 1.465994716 1.412784338 1.478620172 1.510215878 1.513968945 1.607773304 1.517469525 1.523483872 1.65056026 1.617908835 1.630616188 1.620380759 1.621673584 1.62312007 1.619709969 1.59275794 1.586420417 1.571666002 1.529698968 1.525931358 1.543235898 1.517388821 1.515209079 1.334741473 1.520391107 1.523606181 1.514879584 1.425413251 1.41731143 1.455420136 1.52733326 1.405771494 1.444003582 1.306807399 1.363141298 1.307446957 1.304199696 1.339440584 1.299537897
1.367982507 1.345141649 1.363577127 1.363784671 1.35114789 1.374553323 1.320734739 1.382028818 1.381292224 1.434776545 1.359125257 1.407642365 1.416220069 1.444484949 1.432267547 1.435153365 1.43922019 1.465759516 1.468679428 1.523977876 1.538016677 1.5694139 1.640320897 1.637267113 1.615994811 1.621435523 1.616868138 1.617896318 1.617364049 1.612003565 1.589117646 1.61245501 1.580283165 1.573734045 1.563675284 1.554195166 1.465413928 1.545724273 1.502639651 1.332625747 1.497149348 1.515025258 1.342244744 1.332767963 1.321163535 1.323993206 1.400996804 1.330973268 1.443600893 1.321248412 1.43999362 1.347900271 1.301176548 1.282330751 1.287430644 1.329619765
1.311068058 1.342822552 1.311097026 1.311556935 1.349406958 1.354411483 1.357716799 1.364800453 1.365010977 1.362264395 1.332226276 1.565231323 1.800022006 1.708138466 1.409392595 1.411254883 1.435091138 1.469897389 1.476265788 1.489263058 1.41957593 1.508246064 1.574528456 1.59228611 1.642678738 1.617075682 1.614436865 1.588015676 1.601660371 1.600010872 1.582290649 1.579219699 1.570762277 1.585515857 1.549475431 1.528759599 1.52923882 1.50530684 1.329888344 1.507946134 1.543434739 1.547849536 1.597504735 1.328653574 1.476776004 1.387928724 1.45771122 1.450018525 1.390898228 1.527459502 1.283720016 1.305861235 1.297685862 1.294138551 1.28826654 1.289121151
1.310403585 1.339116096 1.360554338 1.311670423 1.347891092 1.325716257 1.376925349 1.381206036 1.439765096 1.388412237 1.405180812 1.395086765 1.414548755 1.442871809 1.422757626 1.411931634 1.43896842 1.473702431 1.51135695 1.522508979 1.574495792 1.562690139 1.594761252 1.60456717 1.637244225 1.620725632 1.610608101 1.584435225 1.578392744 1.575546145 1.566903472 1.526229024 1.557784677 1.544988751 1.514613509 1.462764502 1.51344192 1.331472278 1.497175097 1.499285936 1.502370834 1.544221282 1.596744776 1.325816989 1.54009819 1.31639564 1.242307425 1.45618856 1.372154355 1.365743518 1.451674819 1.302537084 1.527325869 1.332036138 1.329362273 1.51706183
1.274765134 1.338872671 1.34131813 1.346160054 1.352713943 1.379225492 1.38327229 1.365993857 1.366346121 1.387964249 1.4325912 1.405940771 1.399532437 1.503777981 1.451366544 1.433237553 1.438137293 1.577199459 1.413137197 1.444157839 1.458609343 1.563512564 1.594742298 1.603844643 1.60712254 1.619740605 1.606837153 1.612934589 1.525093675 1.580779791 1.519568443 1.518694997 1.552218676 1.517038703 1.567715049 1.567932725 1.531250477 1.444949508 1.329714894 1.329755902 1.488227367 1.483747125 1.407186866 1.473849058 1.465142846 1.316477537 1.31655252 1.355126381 1.31077528 1.460984111 1.287662029 1.347077847 1.282317042 1.239143372 1.272424221 1.328821659
1.371629119 1.338869214 1.345854878 1.379310846 1.354207039 1.403043628 1.388148546 1.401340723 1.388201237 1.400804281 1.393803835 1.431467414 1.367464423 1.415113926 1.422431231 1.410916567 1.579055905 1.468696237 1.803452611 1.519364715 1.547587633 1.558885574 1.64444828 1.613848209 1.619473219 1.616765022 1.603804827 1.599147081 1.588777781 1.581571221 1.552891493 1.54806149 1.543211937 1.508208394 1.561635017 1.526393652 1.526962996 1.526330829 1.420148969 1.412878513 1.47238934 1.472552538 1.472382069 1.468153238 1.318058848 1.371127963 1.357865572 1.34966433 1.297020793 1.462719917 1.278531432 1.348075032 1.253154755 0.758227229 1.250371218 1.332801223
1.342451811 1.386251092 1.346011519 1.384785056 1.351787567 1.40313673 1.357266665 1.361298442 1.362349391 1.365164399 1.423447847 1.398749352 1.429806471 1.404494524 1.40407002 1.450676322 1.459935427 1.439432263 1.505828261 1.479404092 1.563222051 1.591099262 1.60140276 1.612874031 1.630461454 1.592229486 1.607699156 1.605285048 1.587683797 1.557157755 1.545788646 1.563211799 1.555537462 1.517847657 0.881132364 0.79920882 1.423631668 1.514801145 1.510181546 1.391694784 1.382119894 1.324570298 1.5628407 1.569422722 1.624292254 1.311787248 1.348058581 1.288153648 1.443738699 1.272523403 1.263016343 1.253530383 1.342528939 1.262428999 1.230235338 1.237281799
1.39353323 1.802984476 1.392822623 1.427299738 1.35681355 1.429709673 1.40727067 1.405392408 1.469223738 1.396154761 1.390156507 1.39740777 1.402505279 1.432025671 1.402098298 1.376174569 1.436064839 1.470523119 1.475161672 1.476267219 1.496215463 1.633318663 1.600031853 1.571024299 1.624269485 1.780581832 2.215498686 1.589391232 0.9204005 1.651239514 1.57385087 1.565313697 1.504603386 1.496000051 1.486527085 1.496591091 0.876531124 1.407253146 1.394710898 1.37994957 1.366563797 1.361186981 1.354249835 1.310885787 1.304074168 1.344498515 1.278729081 1.315991402 1.136809587 1.187358618 1.218390346 1.218820572 0.773357987 1.232417583 1.265633106 1.330872178
1.307973504 1.392406583 1.316612244 1.469217181 1.356999755 1.533877373 1.392806292 1.352281094 1.390731573 1.400229096 1.376834512 1.377691627 1.38129282 1.384658456 1.490315795 1.460167527 1.493135214 1.477549314 1.509805799 1.526534081 1.541253567 1.593819976 1.564695716 1.628350616 1.58968997 1.574665308 1.588813543 1.584685683 1.562957644 1.555260539 1.596510649 1.56593132 1.552051663 1.503777146 1.477334499 1.466392875 1.464848638 1.457095504 1.437894464 1.4228127 1.404466748 1.386446834 1.376780033 1.372171044 1.288608909 1.320077777 1.364010572 1.253275394 1.070268631 1.22414279 1.223778605 1.231713057 1.240565538 1.255814314 1.234602928 1.27701664
1.1433599 1.402138352 1.312876105 1.408557177 1.428217411 1.332617879 1.60716188 1.348788381 1.349902749 1.372740149 1.356339812 1.377337098 1.39230454 1.396933556 1.481295109 1.690841794 1.550041914 1.457612753 1.621046185 1.563817143 1.52506876 1.593060017 1.641600132 1.595350623 1.791157126 1.457791328 1.575457931 1.588367462 1.556268811 1.581121802 1.53414309 1.486175537 1.39665699 1.542931437 1.469820261 1.460051417 1.476977825 1.522869229 1.62851274 1.589967251 1.529244184 1.59003818 1.351516843 1.341232061 1.297723413 1.330561638 1.268527389 1.254170299 1.21729064 1.074621558 1.214144707 1.268678308 1.227149963 1.245514154 1.224369287 1.29410708
1.205210447 1.222285867 1.220447779 1.35303545 1.462551594 1.356000781 1.351142645 1.389866471 1.344379663 1.383914113 1.357506514 1.360468388 1.378650904 1.377677083 1.365947247 1.379084349 1.426399827 1.379801154 1.396439314 1.449695587 1.492630959 1.585307717 1.643200159 1.680715442 1.534311414 1.457294464 1.354083657 1.564143896 1.563167572 1.588983297 1.527317166 1.461732864 1.351796269 1.549463391 1.475477457 1.46124804 1.394663095 1.533447385 1.540914178 1.40535748 1.205050111 1.435233831 1.288512588 1.283973455 1.418015718 1.259991288 1.209070921 1.202415824 1.201795697 0.785001516 0.781993866 0.777464747 1.216981292 1.122591734 1.250432134 1.359400868
1.29219842 1.219846964 1.696253061 1.369116306 1.417118192 1.23391974 1.318309426 1.33870542 1.340849757 1.362718105 1.305549145 1.36395812 1.366668224 1.365324616 1.389138222 1.374047875 1.39404881 1.398032546 1.403136611 1.420110703 1.390509725 1.447057724 1.630585432 2.053014517 2.052223325 1.557147026 1.559332013 1.558518767 1.570877314 1.582978487 1.539676547 1.527942777 1.461043 1.499205947 1.487382531 1.474940419 1.445931673 1.441923141 1.472627163 1.336766481 1.434926271 1.286630869 0.873909354 1.285040498 1.226002574 1.299458027 1.222222805 1.196864724 1.067012906 1.201776743 1.083045363 1.079475045 1.747465134 1.257259369 1.27107513 0.772633791
1.263241053 1.266596079 1.264747381 1.262952805 1.410463929 1.23785758 1.307674408 1.331015944 1.354080677 1.458529711 1.382299185 1.296998382 1.302327752 1.357247233 1.383261561 1.383390188 1.384098887 1.377040267 1.399034619 1.387683392 1.355930448 1.326278329 1.422424793 1.572982311 1.273707867 1.563602924 1.578153849 1.557115316 1.43817091 1.520883679 1.473156571 1.47617054 1.568983912 1.499094248 0.901086688 1.478655457 1.309667945 1.316963911 1.054654717 1.453445673 1.431102157 1.348853827 1.096755505 1.288993955 1.421001911 1.417649746 1.300520658 1.212753296 1.194993734 1.214099646 1.070556283 1.086558223 1.360879779 1.214168549 1.392017245 1.253129125
