Environmental Parameters/Projection/Sea_Ice_Concentration.asc
ncols 720
nrows 360
xllcorner -180.00
yllcorner -90.00
cellsize 0.5
NODATA_value -9999
[rows 266 to 303 of 360, columns 430 to 515 of 720]
0.0 0.0 0.0 0.0 0.0 0.0 0.0 0.0 0.0 0.0 0.0 0.0 0.0 0.0 0.0 0.0 0.0 0.0 0.0 0.0 0.0 0.0 0.0 0.0 0.0 0.0 0.0 0.0 0.0 0.0 0.0 0.0 0.0 0.0 0.0 0.0 0.0 0.0 0.0 0.0 0.0 0.0 0.0 0.0 0.0 0.0 0.0 0.0 0.0 0.0 0.0 0.0 0.0 0.0 0.0 0.0 0.0 0.0 0.0 0.0 0.0 0.0 0.0 0.0 0.0 0.0 0.0 0.0 0.0 0.0 0.0 0.0 0.0 0.0 0.0 0.0 0.0 0.0 0.0 0.0 0.0 0.0 0.0 0.0 0.0 0.0
0.0 0.0 0.0 0.0 0.0 0.0 0.0 0.0 0.0 0.0 0.0 0.0 0.0 0.0 0.0 0.0 0.0 0.0 0.0 0.0 0.0 0.0 0.0 0.0 0.0 0.0 0.0 0.0 0.0 0.0 0.0 0.0 0.0 0.0 0.0 0.0 0.0 0.0 0.0 0.0 0.0 0.0 0.0 0.0 0.0 0.0 0.0 0.0 0.0 0.0 0.0 0.0 0.0 0.0 0.0 0.0 0.0 0.0 0.0 0.0 0.0 0.0 0.0 0.0 0.0 0.0 0.0 0.0 0.0 0.0 0.0 0.0 0.0 0.0 0.0 0.0 0.0 0.0 0.0 0.0 0.0 0.0 0.0 0.0 0.0 0.0
0.0 0.0 0.0 0.0 0.0 0.0 0.0 0.0 0.0 0.0 0.0 0.0 0.0 0.0 0.0 0.0 0.0 0.0 0.0 0.0 0.0 0.0 0.0 0.0 0.0 0.0 0.0 0.0 0.0 0.0 0.0 0.0 0.0 0.0 0.0 0.0 0.0 0.0 0.0 0.0 0.0 0.0 0.0 0.0 0.0 0.0 0.0 0.0 0.0 0.0 0.0 0.0 0.0 0.0 0.0 0.0 0.0 0.0 0.0 0.0 0.0 0.0 0.0 0.0 0.0 0.0 0.0 0.0 0.0 0.0 0.0 0.0 0.0 0.0 0.0 0.0 0.0 0.0 0.0 0.0 0.0 0.0 0.0 0.0 0.0 0.0
0.0 0.0 0.0 0.0 0.0 0.0 0.0 0.0 0.0 0.0 0.0 0.0 0.0 0.0 0.0 0.0 0.0 0.0 0.0 0.0 0.0 0.0 0.0 0.0 0.0 0.0 0.0 0.0 0.0 0.0 0.0 0.0 0.0 0.0 0.0 0.0 0.0 0.0 0.0 0.0 0.0 0.0 0.0 0.0 0.0 0.0 0.0 0.0 0.0 0.0 0.0 0.0 0.0 0.0 0.0 0.0 0.0 0.0 0.0 0.0 0.0 0.0 0.0 0.0 0.0 0.0 0.0 0.0 0.0 0.0 0.0 0.0 0.0 0.0 0.0 0.0 0.0 0.0 0.0 0.0 0.0 0.0 0.0 0.0 0.0 0.0
0.0 0.0 0.0 0.0 0.0 0.0 0.0 0.0 0.0 0.0 0.0 0.0 0.0 0.0 0.0 0.0 0.0 0.0 0.0 0.0 0.0 0.0 0.0 0.0 0.0 0.0 0.0 0.0 0.0 0.0 0.0 0.0 0.0 0.0 0.0 0.0 0.0 0.0 0.0 0.0 0.0 0.0 0.0 0.0 0.0 0.0 0.0 0.0 0.0 0.0 0.0 0.0 0.0 0.0 0.0 0.0 0.0 0.0 0.0 0.0 0.0 0.0 0.0 0.0 0.0 0.0 0.0 0.0 0.0 0.0 0.0 0.0 0.0 0.0 0.0 0.0 0.0 0.0 0.0 0.0 0.0 0.0 0.0 0.0 0.0 0.0
0.0 0.0 0.0 0.0 0.0 0.0 0.0 0.0 0.0 0.0 0.0 0.0 0.0 0.0 0.0 0.0 0.0 0.0 0.0 0.0 0.0 0.0 0.0 0.0 0.0 0.0 0.0 0.0 0.0 0.0 0.0 0.0 0.0 0.0 0.0 0.0 0.0 0.0 0.0 0.0 0.0 0.0 0.0 0.0 0.0 0.0 0.0 0.0 0.0 0.0 0.0 0.0 0.0 0.0 0.0 0.0 0.0 0.0 0.0 0.0 0.0 0.0 0.0 0.0 0.0 0.0 0.0 0.0 0.0 0.0 0.0 0.0 0.0 0.0 0.0 0.0 0.0 0.0 0.0 0.0 0.0 0.0 0.0 0.0 0.0 0.0
0.0 0.0 0.0 0.0 0.0 0.0 0.0 0.0 0.0 0.0 0.0 0.0 0.0 0.0 0.0 0.0 0.0 0.0 0.0 0.0 0.0 0.0 0.0 0.0 0.0 0.0 0.0 0.0 0.0 0.0 0.0 0.0 0.0 0.0 0.0 0.0 0.0 0.0 0.0 0.0 0.0 0.0 0.0 0.0 0.0 0.0 0.0 0.0 0.0 0.0 0.0 0.0 0.0 0.0 0.0 0.0 0.0 0.0 0.0 0.0 0.0 0.0 0.0 0.0 0.0 0.0 0.0 0.0 0.0 0.0 0.0 0.0 0.0 0.0 0.0 0.0 0.0 0.0 0.0 0.0 0.0 0.0 0.0 0.0 0.0 0.0
0.0 0.0 0.0 0.0 0.0 0.0 0.0 0.0 0.0 0.0 0.0 0.0 0.0 0.0 0.0 0.0 0.0 0.0 0.0 0.0 0.0 0.0 0.0 0.0 0.0 0.0 0.0 0.0 0.0 0.0 0.0 0.0 0.0 0.0 0.0 0.0 0.0 0.0 0.0 0.0 0.0 0.0 0.0 0.0 0.0 0.0 0.0 0.0 0.0 0.0 0.0 0.0 0.0 0.0 0.0 0.0 0.0 0.0 0.0 0.0 0.0 0.0 0.0 0.0 0.0 0.0 0.0 0.0 0.0 0.0 0.0 0.0 0.0 0.0 0.0 0.0 0.0 0.0 0.0 0.0 0.0 0.0 0.0 0.0 0.0 0.0
0.0 0.0 0.0 0.0 0.0 0.0 0.0 0.0 0.0 0.0 0.0 0.0 0.0 0.0 0.0 0.0 0.0 0.0 0.0 0.0 0.0 0.0 0.0 0.0 0.0 0.0 0.0 0.0 0.0 0.0 0.0 0.0 0.0 0.0 0.0 0.0 0.0 0.0 0.0 0.0 0.0 0.0 0.0 0.0 0.0 0.0 0.0 0.0 0.0 0.0 0.0 0.0 0.0 0.0 0.0 0.0 0.0 0.0 0.0 0.0 0.0 0.0 0.0 0.0 0.0 0.0 0.0 0.0 0.0 0.0 0.0 0.0 0.0 0.0 0.0 0.0 0.0 0.0 0.0 0.0 0.0 0.0 0.0 0.0 0.0 0.0
0.0 0.0 0.0 0.0 0.0 0.0 0.0 0.0 0.0 0.0 0.0 0.0 0.0 0.0 0.0 0.0 0.0 0.0 0.0 0.0 0.0 0.0 0.0 0.0 0.0 0.0 0.0 0.0 0.0 0.0 0.0 0.0 0.0 0.0 0.0 0.0 0.0 0.0 0.0 0.0 0.0 0.0 0.0 0.0 0.0 0.0 0.0 0.0 0.0 0.0 0.0 0.0 0.0 0.0 0.0 0.0 0.0 0.0 0.0 0.0 0.0 0.0 0.0 0.0 0.0 0.0 0.0 0.0 0.0 0.0 0.0 0.0 0.0 0.0 0.0 0.0 0.0 0.0 0.0 0.0 0.0 0.0 0.0 0.0 0.0 0.0
0.0 0.0 0.0 0.0 0.0 0.0 0.0 0.0 0.0 0.0 0.0 0.0 0.0 0.0 0.0 0.0 0.0 0.0 0.0 0.0 0.0 0.0 0.0 0.0 0.0 0.0 0.0 0.0 0.0 0.0 0.0 0.0 0.0 0.0 0.0 0.0 0.0 0.0 0.0 0.0 0.0 0.0 0.0 0.0 0.0 0.0 0.0 0.0 0.0 0.0 0.0 0.0 0.0 0.0 0.0 0.0 0.0 0.0 0.0 0.0 0.0 0.0 0.0 0.0 0.0 0.0 0.0 0.0 0.0 0.0 0.0 0.0 0.0 0.0 0.0 0.0 0.0 0.0 0.0 0.0 0.0 0.0 0.0 0.0 0.0 0.0
0.0 0.0 0.0 0.0 0.0 0.0 0.0 0.0 0.0 0.0 0.0 0.0 0.0 0.0 0.0 0.0 0.0 0.0 0.0 0.0 0.0 0.0 0.0 0.0 0.0 0.0 0.0 0.0 0.0 0.0 0.0 0.0 0.0 0.0 0.0 0.0 0.0 0.0 0.0 0.0 0.0 0.0 0.0 0.0 0.0 0.0 0.0 0.0 0.0 0.0 0.0 0.0 0.0 0.0 0.0 0.0 0.0 0.0 0.0 0.0 0.0 0.0 0.0 0.0 0.0 0.0 0.0 0.0 0.0 0.0 0.0 0.0 0.0 0.0 0.0 0.0 0.0 0.0 0.0 0.0 0.0 0.0 0.0 0.0 0.0 0.0
0.0 0.0 0.0 0.0 0.0 0.0 0.0 0.0 0.0 0.0 0.0 0.0 0.0 0.0 0.0 0.0 0.0 0.0 0.0 0.0 0.0 0.0 0.0 0.0 0.0 0.0 0.0 0.0 0.0 0.0 0.0 0.0 0.0 0.0 0.0 0.0 0.0 0.0 0.0 0.0 0.0 0.0 0.0 0.0 0.0 0.0 0.0 0.0 0.0 0.0 0.0 0.0 0.0 0.0 0.0 0.0 0.0 0.0 0.0 0.0 0.0 0.0 0.0 0.0 0.0 0.0 0.0 0.0 0.0 0.0 0.0 0.0 0.0 0.0 0.0 0.0 0.0 0.0 0.0 0.0 0.0 0.0 0.0 0.0 0.0 0.0
0.0 0.0 0.0 0.0 0.0 0.0 0.0 0.0 0.0 0.0 0.0 0.0 0.0 0.0 0.0 0.0 0.0 0.0 0.0 0.0 0.0 0.0 0.0 0.0 0.0 0.0 0.0 0.0 0.0 0.0 0.0 0.0 0.0 0.0 0.0 0.0 0.0 0.0 0.0 0.0 0.0 0.0 0.0 0.0 0.0 0.0 0.0 0.0 0.0 0.0 0.0 0.0 0.0 0.0 0.0 0.0 0.0 0.0 0.0 0.0 0.0 0.0 0.0 0.0 0.0 0.0 0.0 0.0 0.0 0.0 0.0 0.0 0.0 0.0 0.0 0.0 0.0 0.0 0.0 0.0 0.0 0.0 0.0 0.0 0.0 0.0
0.0 0.0 0.0 0.0 0.0 0.0 0.0 0.0 0.0 0.0 0.0 0.0 0.0 0.0 0.0 0.0 0.0 0.0 0.0 0.0 0.0 0.0 0.0 0.0 0.0 0.0 0.0 0.0 0.0 0.0 0.0 0.0 0.0 0.0 0.0 0.0 0.0 0.0 0.0 0.0 0.0 0.0 0.0 0.0 0.0 0.0 0.0 0.0 0.0 0.0 0.0 0.0 0.0 0.0 0.0 0.0 0.0 0.0 0.0 0.0 0.0 0.0 0.0 0.0 0.0 0.0 0.0 0.0 0.0 0.0 0.0 0.0 0.0 0.0 0.0 0.0 0.0 0.0 0.0 0.0 0.0 0.0 0.0 0.0 0.0 0.0
0.0 0.0 0.0 0.0 0.0 0.0 0.0 0.0 0.0 0.0 0.0 0.0 0.0 0.0 0.0 0.0 0.0 0.0 0.0 0.0 0.0 0.0 0.0 0.0 0.0 0.0 0.0 0.0 0.0 0.0 0.0 0.0 0.0 0.0 0.0 0.0 0.0 0.0 0.0 0.0 0.0 0.0 0.0 0.0 0.0 0.0 0.0 0.0 0.0 0.0 0.0 0.0 0.0 0.0 0.0 0.0 0.0 0.0 0.0 0.0 0.0 0.0 0.0 0.0 0.0 0.0 0.0 0.0 0.0 0.0 0.0 0.0 0.0 0.0 0.0 0.0 0.0 0.0 0.0 0.0 0.0 0.0 0.0 0.0 0.0 0.0
0.0 0.0 0.0 0.0 0.0 0.0 0.0 0.0 0.0 0.0 0.0 0.0 0.0 0.0 0.0 0.0 0.0 0.0 0.0 0.0 0.0 0.0 0.0 0.0 0.0 0.0 0.0 0.0 0.0 0.0 0.0 0.0 0.0 0.0 0.0 0.0 0.0 0.0 0.0 0.0 0.0 0.0 0.0 0.0 0.0 0.0 0.0 0.0 0.0 0.0 0.0 0.0 0.0 0.0 0.0 0.0 0.0 0.0 0.0 0.0 0.0 0.0 0.0 0.0 0.0 0.0 0.0 0.0 0.0 0.0 0.0 0.0 0.0 0.0 0.0 0.0 0.0 0.0 0.0 0.0 0.0 0.0 0.0 0.0 0.0 0.0
0.0 0.0 1.0E-6 1.0E-6 1.0E-6 0.0 0.0 0.0 0.0 1.0E-6 1.0E-6 1.0E-6 1.0E-6 1.0E-6 1.0E-6 1.0E-6 1.0E-6 1.0E-6 1.0E-6 1.0E-6 0.0 0.0 1.0E-6 0.0 0.0 1.0E-6 1.0E-6 1.0E-6 0.0 0.0 0.0 0.0 0.0 0.0 0.0 0.0 0.0 0.0 0.0 0.0 0.0 0.0 0.0 0.0 0.0 0.0 0.0 0.0 0.0 0.0 0.0 0.0 0.0 0.0 0.0 0.0 0.0 0.0 0.0 0.0 0.0 0.0 0.0 0.0 0.0 0.0 0.0 0.0 0.0 0.0 0.0 0.0 0.0 0.0 0.0 0.0 0.0 0.0 0.0 0.0 0.0 0.0 0.0 0.0 0.0 0.0
1.0E-6 2.0E-6 1.0E-6 1.0E-6 2.0E-6 2.0E-6 1.0E-6 1.0E-6 1.0E-6 1.0E-6 2.0E-6 2.0E-6 2.0E-6 2.0E-6 2.0E-6 2.0E-6 2.0E-6 1.0E-6 1.0E-6 2.0E-6 2.0E-6 1.0E-6 1.0E-6 1.0E-6 1.0E-6 1.0E-6 1.0E-6 1.0E-6 1.0E-6 1.0E-6 1.0E-6 1.0E-6 1.0E-6 1.0E-6 1.0E-6 1.0E-6 1.0E-6 1.0E-6 1.0E-6 1.0E-6 1.0E-6 1.0E-6 1.0E-6 1.0E-6 0.0 0.0 0.0 0.0 0.0 0.0 0.0 0.0 0.0 0.0 0.0 0.0 0.0 0.0 0.0 0.0 0.0 0.0 0.0 0.0 0.0 0.0 0.0 0.0 0.0 0.0 0.0 0.0 0.0 0.0 0.0 0.0 0.0 0.0 0.0 0.0 0.0 0.0 0.0 0.0 0.0 0.0
3.0E-6 3.0E-6 3.0E-6 3.0E-6 3.0E-6 3.0E-6 2.0E-6 2.0E-6 2.0E-6 3.0E-6 4.0E-6 4.0E-6 4.0E-6 5.0E-6 5.0E-6 4.0E-6 4.0E-6 4.0E-6 4.0E-6 5.0E-6 5.0E-6 0.0 0.0 4.0E-6 3.0E-6 3.0E-6 3.0E-6 2.0E-6 2.0E-6 1.0E-6 1.0E-6 1.0E-6 2.0E-6 1.0E-6 1.0E-6 1.0E-6 1.0E-6 1.0E-6 1.0E-6 2.0E-6 2.0E-6 2.0E-6 1.0E-6 1.0E-6 1.0E-6 1.0E-6 1.0E-6 1.0E-6 0.0 0.0 1.0E-6 0.0 0.0 0.0 0.0 0.0 0.0 0.0 0.0 0.0 0.0 0.0 0.0 0.0 0.0 0.0 0.0 0.0 0.0 0.0 0.0 1.0E-6 1.0E-6 0.0 0.0 0.0 0.0 0.0 0.0 0.0 0.0 0.0 0.0 0.0 0.0 0.0
5.0E-6 5.0E-6 6.0E-6 6.0E-6 5.0E-6 5.0E-6 5.0E-6 5.0E-6 6.0E-6 7.0E-6 8.0E-6 8.0E-6 8.0E-6 9.0E-6 9.0E-6 8.0E-6 8.0E-6 7.0E-6 7.0E-6 7.0E-6 8.0E-6 8.0E-6 7.0E-6 6.0E-6 6.0E-6 7.0E-6 6.0E-6 5.0E-6 4.0E-6 3.0E-6 3.0E-6 3.0E-6 3.0E-6 3.0E-6 2.0E-6 2.0E-6 2.0E-6 2.0E-6 3.0E-6 3.0E-6 3.0E-6 2.0E-6 2.0E-6 2.0E-6 2.0E-6 2.0E-6 1.0E-6 1.0E-6 1.0E-6 1.0E-6 1.0E-6 1.0E-6 1.0E-6 1.0E-6 1.0E-6 1.0E-6 1.0E-6 0.0 1.0E-6 1.0E-6 1.0E-6 1.0E-6 0.0 0.0 0.0 0.0 0.0 0.0 1.0E-6 1.0E-6 1.0E-6 2.0E-6 2.0E-6 2.0E-6 2.0E-6 3.0E-6 3.0E-6 0.0 0.0 0.0 0.0 0.0 0.0 0.0 0.0 0.0
1.1E-5 1.0E-5 1.1E-5 1.3E-5 1.3E-5 1.1E-5 1.1E-5 1.1E-5 0.0 1.5E-5 1.5E-5 1.6E-5 1.7E-5 1.8E-5 1.8E-5 1.8E-5 1.7E-5 1.6E-5 1.5E-5 1.5E-5 1.4E-5 1.4E-5 0.0 1.4E-5 1.2E-5 1.0E-5 1.1E-5 1.0E-5 8.0E-6 8.0E-6 7.0E-6 6.0E-6 6.0E-6 6.0E-6 5.0E-6 5.0E-6 5.0E-6 5.0E-6 6.0E-6 7.0E-6 7.0E-6 6.0E-6 4.0E-6 4.0E-6 4.0E-6 3.0E-6 3.0E-6 3.0E-6 3.0E-6 3.0E-6 3.0E-6 2.0E-6 2.0E-6 1.0E-6 1.0E-6 1.0E-6 2.0E-6 1.0E-6 2.0E-6 2.0E-6 2.0E-6 2.0E-6 2.0E-6 1.0E-6 1.0E-6 1.0E-6 1.0E-6 1.0E-6 2.0E-6 3.0E-6 3.0E-6 4.0E-6 4.0E-6 5.0E-6 6.0E-6 6.0E-6 8.0E-6 9.0E-6 1.0E-5 1.1E-5 1.1E-5 1.3E-5 1.6E-5 1.9E-5 0.0 0.0
2.2E-5 2.0E-5 2.0E-5 2.2E-5 2.2E-5 1.8E-5 1.8E-5 1.8E-5 2.1E-5 2.3E-5 2.4E-5 2.6E-5 2.9E-5 3.0E-5 3.3E-5 3.3E-5 3.0E-5 2.7E-5 2.7E-5 2.5E-5 2.5E-5 2.4E-5 2.4E-5 2.3E-5 2.1E-5 2.0E-5 2.0E-5 1.9E-5 1.7E-5 1.3E-5 1.2E-5 1.1E-5 1.0E-5 1.0E-5 9.0E-6 8.0E-6 9.0E-6 1.1E-5 1.2E-5 1.3E-5 1.2E-5 1.0E-5 8.0E-6 7.0E-6 7.0E-6 7.0E-6 7.0E-6 7.0E-6 7.0E-6 6.0E-6 6.0E-6 5.0E-6 5.0E-6 4.0E-6 3.0E-6 3.0E-6 3.0E-6 4.0E-6 3.0E-6 3.0E-6 4.0E-6 4.0E-6 3.0E-6 3.0E-6 3.0E-6 3.0E-6 3.0E-6 4.0E-6 4.0E-6 5.0E-6 6.0E-6 7.0E-6 8.0E-6 9.0E-6 1.0E-5 1.2E-5 1.4E-5 1.8E-5 2.3E-5 2.2E-5 2.2E-5 2.3E-5 2.5E-5 3.1E-5 4.5E-5 7.3E-5
3.9E-5 4.0E-5 4.3E-5 4.4E-5 3.9E-5 3.4E-5 3.0E-5 3.2E-5 3.4E-5 0.0 4.0E-5 4.4E-5 5.1E-5 5.5E-5 5.8E-5 5.7E-5 5.2E-5 4.9E-5 4.9E-5 4.5E-5 4.5E-5 4.5E-5 4.5E-5 4.3E-5 4.1E-5 3.9E-5 3.9E-5 3.7E-5 3.3E-5 2.7E-5 2.2E-5 1.8E-5 1.8E-5 1.8E-5 1.6E-5 1.5E-5 1.6E-5 1.9E-5 2.2E-5 2.2E-5 1.9E-5 1.5E-5 1.4E-5 1.3E-5 1.3E-5 1.5E-5 1.5E-5 1.5E-5 1.5E-5 1.4E-5 1.2E-5 1.1E-5 1.0E-5 9.0E-6 8.0E-6 8.0E-6 8.0E-6 8.0E-6 7.0E-6 8.0E-6 8.0E-6 8.0E-6 7.0E-6 6.0E-6 6.0E-6 6.0E-6 6.0E-6 8.0E-6 9.0E-6 1.0E-5 1.1E-5 1.2E-5 1.3E-5 1.5E-5 1.9E-5 2.4E-5 2.8E-5 3.3E-5 3.8E-5 4.1E-5 4.3E-5 4.5E-5 4.7E-5 5.9E-5 8.6E-5 1.31E-4
8.1E-5 8.3E-5 8.2E-5 7.8E-5 6.9E-5 5.8E-5 5.2E-5 5.2E-5 5.7E-5 6.5E-5 7.1E-5 8.2E-5 9.1E-5 1.0E-4 1.05E-4 9.3E-5 8.5E-5 8.3E-5 8.5E-5 8.0E-5 7.7E-5 7.6E-5 7.8E-5 7.6E-5 7.1E-5 6.7E-5 6.3E-5 5.9E-5 5.4E-5 5.1E-5 4.7E-5 3.9E-5 3.3E-5 3.2E-5 3.1E-5 2.9E-5 3.0E-5 3.4E-5 4.1E-5 4.3E-5 3.8E-5 3.0E-5 2.6E-5 2.6E-5 3.0E-5 3.4E-5 3.3E-5 2.8E-5 2.4E-5 2.1E-5 1.9E-5 1.8E-5 1.8E-5 1.8E-5 1.6E-5 1.6E-5 1.5E-5 1.4E-5 1.5E-5 1.7E-5 1.8E-5 1.9E-5 1.9E-5 1.7E-5 1.6E-5 1.6E-5 1.6E-5 1.6E-5 1.6E-5 1.7E-5 1.8E-5 2.0E-5 2.2E-5 2.8E-5 3.5E-5 4.2E-5 5.0E-5 5.7E-5 6.8E-5 7.5E-5 7.9E-5 8.5E-5 9.3E-5 1.11E-4 1.49E-4 2.42E-4
1.56E-4 1.58E-4 1.62E-4 1.53E-4 1.33E-4 1.09E-4 9.5E-5 9.2E-5 9.9E-5 1.09E-4 1.25E-4 1.49E-4 1.64E-4 1.68E-4 1.63E-4 1.73E-4 1.64E-4 1.7E-4 1.82E-4 1.6E-4 1.61E-4 1.45E-4 1.42E-4 1.27E-4 1.18E-4 1.08E-4 9.9E-5 9.0E-5 8.3E-5 8.0E-5 7.5E-5 6.9E-5 6.2E-5 5.7E-5 5.2E-5 5.1E-5 5.4E-5 6.1E-5 6.9E-5 7.1E-5 6.5E-5 5.7E-5 5.1E-5 5.0E-5 5.5E-5 6.0E-5 5.4E-5 4.3E-5 3.7E-5 3.5E-5 3.5E-5 3.5E-5 3.5E-5 3.5E-5 3.3E-5 3.1E-5 2.8E-5 2.5E-5 2.5E-5 3.0E-5 3.6E-5 3.9E-5 3.9E-5 3.7E-5 3.4E-5 3.3E-5 3.2E-5 3.4E-5 3.5E-5 3.6E-5 3.7E-5 3.8E-5 4.3E-5 5.1E-5 5.9E-5 7.3E-5 9.2E-5 1.52E-4 2.17E-4 2.6E-4 2.33E-4 3.12E-4 4.8E-4 5.98E-4 0.001617 0.002998
4.94E-4 5.93E-4 7.48E-4 7.56E-4 5.8E-4 3.84E-4 3.47E-4 2.95E-4 2.97E-4 3.91E-4 4.16E-4 4.72E-4 5.21E-4 6.23E-4 7.2E-4 9.43E-4 0.001074 0.001312 0.00131 0.001156 0.001074 7.82E-4 5.39E-4 3.51E-4 2.28E-4 1.69E-4 1.51E-4 1.37E-4 1.32E-4 1.26E-4 1.18E-4 1.11E-4 1.03E-4 9.4E-5 8.6E-5 8.6E-5 9.4E-5 1.09E-4 1.24E-4 1.26E-4 1.13E-4 9.9E-5 9.1E-5 9.1E-5 1.01E-4 1.03E-4 8.9E-5 7.0E-5 6.5E-5 6.6E-5 6.7E-5 7.1E-5 7.1E-5 7.1E-5 6.7E-5 6.1E-5 5.7E-5 5.2E-5 4.8E-5 4.9E-5 6.0E-5 6.9E-5 6.4E-5 6.2E-5 6.4E-5 6.4E-5 6.5E-5 6.7E-5 6.8E-5 7.0E-5 7.4E-5 8.0E-5 8.9E-5 1.05E-4 1.34E-4 1.71E-4 3.03E-4 6.07E-4 0.00103 0.00154 0.002046 0.002788 0.005711 0.009587 0.010088 0.010051
0.002682013 0.003571964 0.004318956 0.003787999 0.002841 0.002226 0.00195 0.00179 0.00183 0.001759 0.001812 0.002553 0.003513 0.003803 0.003989 0.004438 0.004529 0.004495 0.004342 0.004022 0.003477 0.003082 0.002446 0.001736 9.08E-4 3.37E-4 2.4E-4 2.2E-4 2.1E-4 1.92E-4 1.79E-4 1.73E-4 1.77E-4 2.57E-4 1.9E-4 1.61E-4 1.92E-4 2.35E-4 0.0 2.21E-4 1.89E-4 1.69E-4 1.62E-4 1.72E-4 1.89E-4 3.04E-4 4.82E-4 5.37E-4 5.65E-4 4.62E-4 3.59E-4 3.16E-4 1.77E-4 1.31E-4 1.18E-4 1.08E-4 1.0E-4 9.1E-5 8.3E-5 8.2E-5 9.3E-5 1.1E-4 1.17E-4 1.21E-4 1.24E-4 1.26E-4 1.24E-4 1.3E-4 1.35E-4 1.34E-4 1.42E-4 1.66E-4 2.05E-4 2.46E-4 3.4E-4 4.67E-4 6.56E-4 0.001612 0.002679 0.004075 0.006695 0.010352 0.017554 0.024251999 0.024125 0.019623
0.009172447 0.009879531 0.010048239 0.009225347 0.007664 0.006608 0.006197 0.006211 0.005629 0.005445 0.005472 0.006627 0.008731 0.010639 0.011509 0.010947 0.00966 0.009092 0.008601 0.00804 0.007472 0.006473 0.005186 0.003701992 0.002597072 0.001862643 0.001011963 4.86E-4 3.6E-4 3.56E-4 3.95E-4 5.42E-4 7.92E-4 8.53E-4 7.97E-4 6.92E-4 6.67E-4 7.4E-4 8.47E-4 7.61E-4 7.18E-4 5.49E-4 4.28E-4 5.12E-4 7.32E-4 0.0013 0.001765 0.001891 0.001876 0.001581 0.00128 8.98E-4 5.38E-4 3.7E-4 2.31E-4 1.94E-4 1.6E-4 1.41E-4 1.24E-4 1.2E-4 1.38E-4 2.21E-4 3.27E-4 3.72E-4 3.75E-4 3.17E-4 3.08E-4 2.85E-4 3.52E-4 4.57E-4 6.29E-4 6.38E-4 8.7E-4 0.001281 0.001605 0.003315 0.004024 0.004909 0.006799 0.009119 0.014896 0.025203001 0.033615001 0.040052999 0.042436998 0.039046999
0.019707304 0.01965863 0.019871378 0.020218766 0.018384085 0.0149979 0.013484551 0.013738927 0.014432641 0.015033606 0.014829 0.016656747 0.018547642 0.021953016 0.023564999 0.023102 0.020368 0.018710185 0.017364216 0.016151679 0.015600923 0.013883121 0.011520008 0.008671735 0.008083207 0.006140628 0.004662262 0.00361 0.003657 0.003689 0.004283 0.004457 0.004556 0.004655 0.004881 0.004875 0.00469 0.004594 0.004668 0.005485 0.005833 0.006141 0.005715 0.004882 0.005086 0.005907 0.006104 0.005752 0.00548 0.004639 0.004123 0.003783 0.003462 0.002673 0.001947 0.00149 8.98E-4 3.9E-4 2.57E-4 2.62E-4 7.35E-4 0.0011 0.001743 0.001958 0.002466 0.002478 0.002849 0.002537 0.002806 0.003188 0.003791 0.004693 0.00525 0.008118 0.009366 0.011095 0.014077 0.013541 0.019074 0.029890999 0.042172998 0.059349 0.073120996 0.071644999 0.072295003 0.073720001
0.036672365 0.035969497 0.0354489 0.034717528 0.034297864 0.032578717 0.030876984 0.030865105 0.031793177 0.032440622 0.034024762 0.033371353 0.03530268 0.037474667 0.03904257 0.037591373 0.033397841 0.03042376 0.027323556 0.025635171 0.023970593 0.023369429 0.022172637 0.020194324 0.020120162 0.017170663 0.014287113 0.012483048 0.011572993 0.012780192 0.012712381 0.013309 0.013547 0.014817 0.016861999 0.018635999 0.018322 0.018271999 0.018858001 0.019505 0.018795 0.01798 0.018361 0.01653 0.015698001 0.018181 0.018773001 0.019045001 0.016609 0.013421 0.012454 0.012735 0.012273 0.013755 0.011499 0.010651 0.008582 0.006212 0.004178 0.00339 0.003872 0.004738 0.006403 0.007343 0.008368 0.007907 0.008135 0.00881 0.010417 0.014533 0.015204 0.01942 0.021608001 0.028387999 0.034008 0.032400999 0.043970998 0.051151998 0.061446 0.080513999 0.096228004 0.100630999 0.109848998 0.111125 0.104910001 0.105632
0.062025692 0.061145315 0.059731954 0.058340749 0.058286139 0.057861133 0.059658663 0.061974742 0.061165993 0.060762465 0.061380748 0.062198922 0.061977928 0.061377655 0.061277667 0.055697202 0.051879945 0.048312032 0.0453156 0.043462697 0.043177402 0.042412802 0.041511128 0.041236917 0.039839676 0.038825921 0.033812296 0.030913255 0.029897847 0.030397867 0.031526541 0.03373328 0.037790638 0.038590268 0.04022659 0.04306222 0.043376335 0.042800005 0.043940999 0.044854 0.046925999 0.046433002 0.044569001 0.044408001 0.043756001 0.044263002 0.045156995 0.042059999 0.039519999 0.034077998 0.03235 0.034221999 0.034717001 0.03568 0.032499999 0.030638 0.027318001 0.024939001 0.021909 0.021175999 0.021402 0.023817999 0.025957 0.025632 0.024281999 0.02351 0.021945 0.026112 0.030018 0.040704999 0.044491999 0.052444998 0.062647 0.066725999 0.078405999 0.078147002 0.092839003 0.125459725 0.140141772 0.145184311 0.152569619 0.151621992 0.146732002 0.148163006 0.145512998 0.13906703
0.095933958 0.093545851 0.094076069 0.093721724 0.09101803 0.092903212 0.094470399 0.09720366 0.099666691 0.097227656 0.09579089 0.093365048 0.089668392 0.085618448 0.083858122 0.081721044 0.081439036 0.079530091 0.078760689 0.077127175 0.076845668 0.075189391 0.074138467 0.073615124 0.070442455 0.064754257 0.059428142 0.058745284 0.059225027 0.062642288 0.065843997 0.072213108 0.073703915 0.073367965 0.074303598 0.074747176 0.07681568 0.076486246 0.075969306 0.076742001 0.078721002 0.077315003 0.078111 0.076632999 0.074504003 0.07697064 0.077545954 0.073832006 0.07239072 0.066746956 0.064341981 0.066050999 0.067466997 0.066209003 0.061852999 0.059884999 0.054965001 0.053932 0.050476 0.051881999 0.050246999 0.052452002 0.051612001 0.053994 0.050588001 0.052638002 0.050992001 0.059831001 0.070081003 0.080741003 0.093385004 0.094761997 0.108806998 0.113154002 0.125859007 0.137808993 0.155797211 0.179005483 0.190269039 0.184110211 0.184366641 0.18908474 0.186613561 0.180646562 0.181235668 0.180261528
0.142961189 0.13843469 0.134161766 0.131288334 0.134073256 0.132579841 0.129788721 0.130320918 0.129337158 0.131158703 0.129367716 0.123253385 0.120845405 0.115893623 0.113440455 0.112807585 0.114867046 0.113963597 0.116028678 0.116654842 0.115036798 0.113933759 0.111213605 0.110895492 0.104670061 0.099315791 0.097649793 0.098799961 0.097859508 0.104347721 0.108340685 0.111128514 0.11602924 0.117179283 0.119660221 0.121003866 0.117523428 0.119809607 0.121677464 0.123123059 0.123640001 0.121151 0.126198167 0.127609083 0.121158758 0.125660179 0.118992415 0.115453388 0.112653324 0.107180915 0.10984264 0.109531473 0.107224941 0.108789985 0.102507003 0.1039 0.098091997 0.100475997 0.095413998 0.096395001 0.090405002 0.092556 0.087352999 0.092593998 0.088706002 0.096717998 0.102099001 0.111327 0.123845004 0.132548004 0.151549995 0.156096995 0.163335994 0.174171001 0.179153994 0.191619836 0.212037163 0.218097951 0.221783658 0.218683464 0.214572621 0.218007667 0.219750249 0.212327149 0.2093174 0.209365587
0.178929254 0.174035866 0.167709141 0.163920212 0.164255961 0.162878386 0.161356062 0.162317718 0.161808504 0.1605546 0.158811505 0.157282158 0.156371432 0.152050393 0.152662425 0.154208651 0.153004152 0.153239306 0.152255322 0.152218626 0.151940219 0.150488998 0.14900995 0.146002103 0.143670768 0.141268601 0.140949752 0.146855608 0.146787899 0.148578655 0.153165288 0.158028074 0.160832276 0.161269405 0.164716565 0.167389117 0.167423118 0.168974056 0.172905281 0.174515851 0.176162227 0.175209303 0.1778959 0.180666223 0.176120094 0.169861715 0.163409275 0.155449368 0.153809449 0.153335601 0.156189642 0.160205584 0.164309839 0.162386228 0.155377857 0.158812001 0.153647006 0.155476004 0.147305995 0.147217005 0.138853801 0.142140972 0.140072936 0.140840075 0.143443299 0.151516576 0.158199237 0.165510352 0.185232726 0.187750995 0.200646996 0.207614005 0.210026994 0.223154955 0.230167599 0.225784298 0.242754332 0.245346095 0.247792987 0.249677242 0.246930335 0.24256099 0.243276602 0.243342245 0.239589349 0.235988574
0.208018525 0.205058511 0.20189648 0.19465995 0.192447771 0.192252553 0.19360507 0.193181193 0.191992155 0.194372889 0.192197026 0.192277851 0.192485802 0.191710534 0.193448465 0.192243835 0.189616692 0.183563859 0.183747746 0.183823815 0.184225104 0.184415128 0.182720644 0.186936275 0.187368909 0.1887784 0.187839859 0.190010406 0.191507369 0.194364717 0.200567018 0.201237373 0.205744919 0.210872881 0.212910923 0.216014287 0.219302135 0.226505566 0.2262157 0.225091136 0.225425626 0.224289955 0.225754847 0.222293598 0.216166085 0.209740249 0.205257367 0.201101481 0.201567006 0.201440477 0.20813325 0.211936369 0.216891675 0.217109293 0.2168444 0.215291865 0.211304027 0.20745295 0.201991789 0.199102107 0.195031604 0.194440637 0.191942268 0.193724933 0.201760993 0.205511716 0.221556995 0.224073316 0.238785188 0.244530324 0.246114999 0.254678303 0.250501647 0.254523119 0.260616006 0.251764304 0.266629649 0.271545657 0.270201493 0.269156085 0.269808164 0.264815663 0.264132262 0.265897641 0.267278443 0.262912469
0.238170387 0.233772943 0.227857003 0.223908747 0.222533394 0.224989401 0.221665344 0.224688202 0.224853191 0.220608594 0.219387708 0.218331894 0.217157371 0.217937346 0.217552956 0.218276754 0.220373351 0.21728906 0.218874284 0.219160055 0.2192129 0.220310156 0.219102093 0.219092978 0.219824833 0.224107118 0.224909238 0.225935662 0.229252625 0.232149675 0.234439383 0.239388328 0.238424259 0.240054417 0.247410769 0.247897726 0.253319511 0.258704368 0.263763077 0.265769088 0.267910224 0.265148708 0.259606495 0.257043241 0.244933949 0.238017578 0.235602996 0.234579231 0.24035736 0.245719492 0.257648431 0.260565355 0.260653779 0.259582586 0.2566269 0.253538691 0.248249542 0.245243963 0.241897424 0.242480789 0.241671135 0.246034335 0.250074728 0.253729923 0.263882415 0.266071386 0.279269265 0.284607574 0.292532036 0.300724954 0.294901474 0.295353676 0.291084317 0.286548406 0.289217536 0.276860326 0.288602211 0.291841655 0.292645428 0.290654201 0.288790045 0.287714639 0.284399883 0.281783088 0.283310426 0.283996704
0.254935203 0.251886899 0.249276839 0.250010558 0.249281011 0.244460423 0.242618142 0.241049889 0.239542989 0.236991489 0.235748748 0.234145271 0.23623837 0.236653156 0.236359317 0.234503105 0.236679934 0.236375859 0.23326592 0.233315183 0.236286479 0.234317757 0.23132418 0.229027414 0.226059438 0.22824182 0.231299033 0.233488646 0.235947931 0.244766148 0.245483707 0.24326257 0.242560756 0.242519242 0.244740503 0.252558652 0.259607894 0.267736244 0.281408176 0.287110265 0.287144274 0.284055195 0.275572803 0.268918476 0.258512534 0.253440067 0.253563111 0.25791265 0.267334611 0.277738882 0.287887027 0.290247912 0.290028427 0.288258975 0.28405947 0.281830685 0.278771264 0.279104027 0.278003259 0.279821992 0.284596247 0.284088548 0.295752649 0.29688647 0.30918961 0.313766685 0.320172056 0.324866029 0.324720452 0.331785199 0.328671628 0.324767659 0.323786067 0.318117771 0.315186312 0.30038428 0.31406848 0.313354102 0.31596296 0.313424025 0.30970351 0.308378881 0.30465091 0.298903812 0.296944352 0.297686185
