Environmental Parameters/2019/Minimum_depth.asc
ncols 720
nrows 360
xllcorner -180.00
yllcorner -90.00
cellsize 0.5
NODATA_value -9999
[rows 238 to 271 of 360, columns 532 to 607 of 720]
3343.0 2818.0 1588.0 1278.0 1504.0 2016.0 2284.0 2985.0 2783.0 2211.0 2258.0 3076.0 3449.0 2793.0 2167.0 2159.0 2586.0 2595.0 2604.0 2823.0 2679.0 2728.0 3432.0 2580.0 1508.0 1645.0 2187.0 2748.0 3478.0 4076.0 4267.0 4493.0 4528.0 4477.0 4196.0 4141.0 3017.0 3538.0 3883.0 4716.0 5000.0 5014.0 5061.0 5061.0 5097.0 5175.0 5403.0 5492.0 5516.0 5441.0 5393.0 5227.0 4554.0 2676.0 1639.0 64.0 3.0 0.0 0.0 0.0 0.0 0.0 0.0 0.0 0.0 0.0 0.0 0.0 0.0 0.0 0.0 0.0 0.0 0.0 0.0 0.0
3367.0 2237.0 1030.0 1236.0 1310.0 1723.0 1849.0 2174.0 2282.0 2058.0 2050.0 2655.0 2503.0 2237.0 2045.0 2236.0 2349.0 2166.0 2221.0 2526.0 2598.0 2862.0 2797.0 3051.0 2147.0 2396.0 2659.0 3042.0 3487.0 3755.0 4248.0 4400.0 4211.0 4443.0 4661.0 4200.0 3686.0 4023.0 2775.0 2749.0 4958.0 4794.0 5082.0 5063.0 5098.0 5122.0 5295.0 5431.0 5434.0 5409.0 5200.0 5107.0 5068.0 3845.0 2863.0 743.0 44.0 0.0 0.0 0.0 0.0 0.0 0.0 0.0 0.0 0.0 0.0 0.0 0.0 0.0 0.0 0.0 0.0 0.0 0.0 0.0
2881.0 1757.0 447.0 1759.0 2028.0 1335.0 1269.0 1628.0 1544.0 1545.0 1691.0 2473.0 2076.0 2119.0 2140.0 1988.0 1641.0 1751.0 1709.0 1952.0 2383.0 2289.0 2843.0 2519.0 1940.0 2391.0 2195.0 2507.0 3366.0 3759.0 3846.0 3929.0 3505.0 4540.0 4550.0 4566.0 2884.0 4427.0 3480.0 4021.0 4677.0 4422.0 4974.0 5037.0 5088.0 5092.0 5243.0 5360.0 5322.0 5264.0 5129.0 4870.0 4921.0 4918.0 4780.0 2472.0 627.0 0.0 0.0 0.0 0.0 0.0 0.0 0.0 0.0 0.0 0.0 0.0 0.0 0.0 0.0 0.0 0.0 0.0 0.0 0.0
2864.0 1812.0 1580.0 1131.0 1118.0 883.0 1639.0 1593.0 1610.0 1658.0 1477.0 1620.0 1063.0 1088.0 1109.0 1023.0 1084.0 1231.0 1468.0 1874.0 2340.0 2373.0 2563.0 2071.0 1885.0 2272.0 2218.0 2207.0 2955.0 3521.0 2842.0 3310.0 4143.0 3716.0 4142.0 4093.0 4569.0 2726.0 2659.0 4746.0 4796.0 4983.0 4973.0 4502.0 4721.0 5020.0 5212.0 5260.0 5270.0 5157.0 5125.0 5014.0 5006.0 4989.0 4845.0 4582.0 1087.0 4.0 0.0 0.0 0.0 0.0 0.0 0.0 0.0 0.0 0.0 0.0 0.0 0.0 0.0 0.0 0.0 0.0 0.0 0.0
915.0 2356.0 1412.0 1120.0 1041.0 1239.0 2337.0 2930.0 3308.0 3588.0 3965.0 3905.0 4014.0 3139.0 2517.0 986.0 896.0 674.0 1059.0 1266.0 2008.0 2274.0 2486.0 1881.0 1809.0 2093.0 2190.0 2117.0 2628.0 3125.0 2634.0 3226.0 3390.0 4304.0 4780.0 4930.0 4872.0 3382.0 2959.0 4127.0 4967.0 4943.0 4908.0 4640.0 5068.0 4004.0 5032.0 5160.0 5146.0 5124.0 5059.0 5056.0 5055.0 4979.0 4882.0 4599.0 3343.0 100.0 0.0 0.0 0.0 0.0 0.0 0.0 0.0 0.0 0.0 0.0 0.0 0.0 0.0 0.0 0.0 0.0 0.0 0.0
1281.0 2133.0 1257.0 1328.0 1434.0 2294.0 3131.0 3256.0 3654.0 3802.0 4032.0 4001.0 4130.0 3936.0 3913.0 3482.0 3055.0 928.0 590.0 757.0 805.0 1216.0 1412.0 1533.0 1496.0 1678.0 2033.0 2311.0 2154.0 1881.0 1672.0 2108.0 3483.0 4760.0 5092.0 5168.0 5039.0 4929.0 4119.0 4074.0 4457.0 4817.0 4936.0 5250.0 5159.0 4172.0 3802.0 5045.0 5050.0 5023.0 5024.0 5013.0 4978.0 4864.0 4518.0 4401.0 2404.0 331.0 19.0 0.0 0.0 0.0 0.0 0.0 0.0 0.0 0.0 0.0 0.0 0.0 0.0 0.0 0.0 0.0 0.0 0.0
2997.0 2049.0 1490.0 1451.0 1991.0 2823.0 3300.0 3552.0 3840.0 4002.0 4018.0 4099.0 4160.0 4000.0 4053.0 4023.0 3827.0 3823.0 2817.0 2159.0 1097.0 1149.0 678.0 1243.0 1071.0 1101.0 1558.0 1561.0 1077.0 1562.0 1405.0 1757.0 3113.0 3687.0 5147.0 5134.0 4976.0 5046.0 3689.0 4179.0 4571.0 3946.0 4840.0 5118.0 5297.0 5170.0 5056.0 4845.0 4669.0 4608.0 4800.0 4720.0 4629.0 4313.0 4318.0 3969.0 1175.0 236.0 3.0 0.0 0.0 0.0 0.0 0.0 0.0 0.0 0.0 0.0 0.0 0.0 0.0 0.0 0.0 0.0 0.0 0.0
2781.0 2202.0 1892.0 1968.0 2520.0 3112.0 3451.0 3486.0 3914.0 4067.0 4115.0 4027.0 4016.0 4035.0 4138.0 4224.0 4401.0 4345.0 3195.0 3679.0 3062.0 2446.0 2145.0 1556.0 3164.0 3788.0 2958.0 3492.0 3513.0 2504.0 1720.0 2364.0 3256.0 4031.0 4732.0 5142.0 5085.0 4717.0 4347.0 4101.0 4744.0 4123.0 4535.0 4693.0 4631.0 5086.0 4721.0 3611.0 2126.0 2431.0 3459.0 4242.0 3891.0 3735.0 2983.0 1818.0 730.0 39.0 4.0 0.0 0.0 0.0 0.0 0.0 0.0 0.0 0.0 0.0 0.0 0.0 0.0 0.0 0.0 0.0 0.0 0.0
2472.0 2631.0 2367.0 2445.0 2982.0 3175.0 3432.0 3729.0 3934.0 3989.0 4036.0 4038.0 3801.0 4118.0 4122.0 4236.0 4387.0 4312.0 4213.0 3725.0 3477.0 3667.0 3800.0 3422.0 3809.0 4012.0 4213.0 3889.0 4200.0 2762.0 1333.0 2065.0 3472.0 4053.0 4678.0 4895.0 4917.0 4363.0 5024.0 5112.0 4899.0 4679.0 3785.0 3058.0 5099.0 4792.0 3529.0 2197.0 2139.0 2071.0 2341.0 2631.0 2669.0 2723.0 2839.0 1299.0 666.0 22.0 1.0 0.0 0.0 0.0 0.0 0.0 0.0 0.0 0.0 0.0 0.0 0.0 0.0 0.0 0.0 0.0 0.0 0.0
2920.0 2539.0 2322.0 2821.0 3275.0 3399.0 3457.0 3779.0 3898.0 4015.0 4007.0 3993.0 3931.0 4001.0 4241.0 4293.0 4312.0 4376.0 4275.0 4115.0 4144.0 3890.0 3731.0 3979.0 4185.0 4300.0 3950.0 4268.0 4342.0 3534.0 3541.0 1895.0 1929.0 3439.0 4463.0 4601.0 4933.0 4329.0 4882.0 4905.0 5137.0 5169.0 5131.0 3909.0 3829.0 4344.0 3446.0 2614.0 2189.0 2206.0 2096.0 2259.0 2556.0 2584.0 2970.0 1380.0 554.0 3.0 0.0 0.0 0.0 0.0 0.0 0.0 0.0 0.0 0.0 0.0 0.0 0.0 0.0 0.0 0.0 0.0 0.0 0.0
3133.0 2564.0 2681.0 3476.0 3580.0 3726.0 3819.0 3856.0 3910.0 4033.0 3866.0 3822.0 3608.0 3989.0 4084.0 4237.0 4306.0 4384.0 4292.0 4275.0 4292.0 4148.0 4208.0 4286.0 4297.0 4346.0 4082.0 4070.0 4279.0 4091.0 3537.0 3832.0 3764.0 3580.0 3734.0 4838.0 4808.0 5300.0 5374.0 5351.0 5222.0 5087.0 5198.0 4960.0 4916.0 4980.0 4473.0 2595.0 1953.0 1942.0 1929.0 2100.0 2312.0 2518.0 2782.0 1340.0 594.0 16.0 0.0 0.0 0.0 0.0 0.0 0.0 0.0 0.0 0.0 0.0 4.0 1.0 26.0 3.0 1.0 1.0 1.0 1.0
3429.0 3303.0 3414.0 3685.0 3971.0 3958.0 3933.0 3665.0 3674.0 3609.0 3780.0 3586.0 3603.0 3947.0 4127.0 4142.0 4269.0 4318.0 4268.0 4370.0 4485.0 4460.0 4103.0 4115.0 4451.0 4346.0 4253.0 4170.0 3873.0 4023.0 3577.0 3643.0 3791.0 4276.0 4619.0 4724.0 4744.0 4707.0 5244.0 5322.0 5245.0 5068.0 5177.0 4950.0 4622.0 4847.0 4780.0 2876.0 2234.0 1963.0 2071.0 2115.0 2280.0 2539.0 2707.0 1467.0 614.0 131.0 5.0 0.0 0.0 0.0 0.0 0.0 0.0 0.0 3.0 4.0 83.0 551.0 336.0 143.0 14.0 4.0 4.0 28.0
3576.0 3555.0 3747.0 3780.0 3890.0 3974.0 3892.0 3748.0 3567.0 3628.0 3603.0 3518.0 3579.0 3966.0 4019.0 4113.0 4159.0 4235.0 4419.0 4477.0 4490.0 4435.0 4139.0 4416.0 4525.0 4344.0 4096.0 4250.0 4141.0 4259.0 4343.0 4229.0 4261.0 4004.0 4240.0 4628.0 3955.0 3193.0 4612.0 4693.0 4238.0 4515.0 4831.0 5088.0 4949.0 4942.0 4895.0 4018.0 2762.0 3431.0 3708.0 2926.0 2860.0 4442.0 4256.0 4170.0 2005.0 816.0 189.0 4.0 4.0 1.0 0.0 0.0 1.0 13.0 553.0 2032.0 3467.0 3643.0 3686.0 3808.0 3587.0 3823.0 3856.0 3875.0
3854.0 3863.0 3787.0 3789.0 3807.0 3801.0 3759.0 3742.0 3645.0 3641.0 3544.0 3732.0 3777.0 3894.0 3916.0 4074.0 4088.0 4297.0 4235.0 4241.0 4359.0 4313.0 4376.0 4453.0 4554.0 4456.0 4370.0 4203.0 4258.0 4168.0 4536.0 4566.0 4462.0 4276.0 3683.0 4676.0 4403.0 3881.0 4469.0 4631.0 4174.0 4643.0 4951.0 5055.0 5069.0 5230.0 5146.0 5019.0 4764.0 3686.0 4304.0 4534.0 4272.0 4792.0 5088.0 4837.0 4237.0 3323.0 2549.0 2951.0 2643.0 1976.0 1117.0 1311.0 2053.0 2964.0 3849.0 4294.0 4498.0 4805.0 4681.0 4586.0 4565.0 4668.0 4694.0 4712.0
3911.0 3824.0 3757.0 3724.0 3770.0 3727.0 3577.0 3676.0 3632.0 3755.0 3706.0 3648.0 3760.0 3755.0 3973.0 4040.0 4134.0 4100.0 3825.0 3980.0 4174.0 4257.0 4123.0 4278.0 4405.0 4391.0 4155.0 4052.0 4265.0 4350.0 4597.0 4533.0 4569.0 4663.0 4557.0 4575.0 4638.0 4375.0 3939.0 3591.0 4540.0 3528.0 3565.0 5048.0 4753.0 4764.0 4444.0 4449.0 4109.0 4547.0 4373.0 4708.0 4147.0 4576.0 4897.0 4879.0 4895.0 4572.0 4748.0 4418.0 4570.0 4335.0 4326.0 4258.0 4204.0 4346.0 4424.0 4812.0 4911.0 4748.0 5073.0 5110.0 5126.0 5026.0 5065.0 4944.0
3856.0 3797.0 3785.0 3639.0 3613.0 3256.0 3419.0 3557.0 3718.0 3805.0 3894.0 3767.0 3381.0 3770.0 3920.0 3961.0 3979.0 4085.0 3554.0 3430.0 3948.0 4086.0 4306.0 4326.0 4429.0 4379.0 4260.0 4093.0 4315.0 4470.0 4546.0 4527.0 4515.0 4041.0 4616.0 4735.0 4712.0 4655.0 4533.0 4587.0 4521.0 4080.0 3514.0 3797.0 3980.0 4136.0 4458.0 3722.0 3138.0 3624.0 3845.0 3642.0 4145.0 4694.0 4466.0 4828.0 4618.0 3954.0 4369.0 4102.0 4339.0 4601.0 4385.0 4650.0 4694.0 4667.0 3991.0 4887.0 4872.0 4589.0 4729.0 5085.0 4888.0 4599.0 5191.0 5246.0
3758.0 3624.0 3555.0 3612.0 3534.0 3203.0 3037.0 3558.0 3727.0 3799.0 3782.0 3585.0 3391.0 3678.0 3769.0 3831.0 3807.0 3823.0 3996.0 3810.0 3942.0 3771.0 4151.0 4054.0 4408.0 4467.0 4359.0 4142.0 4192.0 4440.0 4474.0 4431.0 4399.0 4565.0 4647.0 4700.0 4667.0 4582.0 4632.0 4569.0 4667.0 4528.0 4422.0 4207.0 4223.0 3980.0 3862.0 4283.0 4007.0 4311.0 3422.0 4160.0 3708.0 4402.0 3929.0 4340.0 4231.0 4477.0 4435.0 3818.0 4268.0 4200.0 4280.0 3962.0 3624.0 4452.0 4527.0 3881.0 3552.0 4447.0 3875.0 4226.0 3960.0 4529.0 4366.0 4877.0
3534.0 3571.0 3529.0 3356.0 3351.0 3196.0 3440.0 3540.0 3676.0 3753.0 3735.0 3702.0 3499.0 3653.0 3552.0 3543.0 3597.0 3089.0 3902.0 3926.0 4088.0 4096.0 4094.0 4106.0 4226.0 4343.0 4361.0 4266.0 4249.0 4379.0 4357.0 4358.0 4377.0 4488.0 4537.0 4657.0 4564.0 4558.0 4674.0 4682.0 4648.0 3960.0 4329.0 4318.0 4103.0 4014.0 3734.0 3627.0 3981.0 4040.0 3958.0 4244.0 4074.0 4110.0 3433.0 4055.0 4222.0 4502.0 4289.0 3300.0 3043.0 3760.0 3790.0 4218.0 3572.0 4053.0 4695.0 3573.0 3693.0 4901.0 4657.0 4351.0 4382.0 4860.0 4457.0 5116.0
3572.0 3563.0 3552.0 3345.0 3279.0 3405.0 3506.0 3486.0 3625.0 3580.0 3622.0 3633.0 3621.0 3399.0 2842.0 3462.0 3597.0 3690.0 3777.0 3859.0 4044.0 4057.0 4015.0 4075.0 4164.0 4191.0 4254.0 4250.0 4268.0 4306.0 4362.0 4431.0 4460.0 4424.0 4340.0 4401.0 4543.0 4525.0 4695.0 4386.0 4385.0 4263.0 4528.0 4409.0 4262.0 4010.0 2600.0 2415.0 3230.0 3447.0 4188.0 4340.0 4129.0 3804.0 3834.0 3674.0 4511.0 4478.0 4484.0 3821.0 3918.0 4710.0 4748.0 4537.0 4066.0 3812.0 4452.0 4097.0 4760.0 4735.0 4871.0 4505.0 4777.0 4896.0 4994.0 5042.0
3547.0 3617.0 3543.0 3503.0 3459.0 3436.0 3330.0 3463.0 3453.0 3335.0 3382.0 3433.0 3475.0 3006.0 3419.0 3569.0 3552.0 3717.0 3715.0 3836.0 3889.0 3911.0 3864.0 3995.0 4059.0 4133.0 4194.0 4196.0 4047.0 4222.0 4194.0 4416.0 4442.0 4420.0 4412.0 4074.0 4275.0 4468.0 4436.0 4479.0 4459.0 4490.0 4530.0 4375.0 4274.0 3982.0 4004.0 3772.0 3469.0 4349.0 4425.0 4292.0 4159.0 4034.0 4021.0 4120.0 4580.0 4537.0 4358.0 4379.0 4469.0 4614.0 4732.0 4700.0 4602.0 4892.0 4163.0 4084.0 4713.0 4540.0 4512.0 4523.0 4983.0 4722.0 5117.0 4834.0
3474.0 3521.0 3532.0 3475.0 3408.0 3332.0 3319.0 3305.0 3282.0 3301.0 3184.0 3195.0 3264.0 3192.0 3105.0 3248.0 3393.0 3617.0 3701.0 3731.0 3709.0 3816.0 3910.0 3965.0 4015.0 4104.0 4159.0 4186.0 4144.0 4091.0 3563.0 4191.0 4309.0 4428.0 4403.0 4344.0 4296.0 4394.0 4450.0 4534.0 4485.0 4461.0 4398.0 4410.0 4196.0 4089.0 4296.0 4162.0 4357.0 4221.0 4203.0 4372.0 4240.0 4395.0 4367.0 4519.0 4617.0 4607.0 4646.0 4608.0 4671.0 4598.0 4597.0 4475.0 4644.0 4394.0 4161.0 3987.0 3614.0 4634.0 4366.0 4411.0 4637.0 4864.0 5026.0 5209.0
3409.0 3410.0 3199.0 3218.0 3139.0 3040.0 3000.0 3063.0 2768.0 3182.0 2991.0 2937.0 3155.0 2744.0 3108.0 3375.0 3429.0 3604.0 3640.0 3678.0 3725.0 3765.0 3782.0 3934.0 3974.0 3980.0 4072.0 4038.0 3922.0 3888.0 3769.0 4070.0 4299.0 4353.0 4182.0 4226.0 4063.0 4255.0 4335.0 4213.0 4335.0 4375.0 4361.0 4209.0 4106.0 4275.0 3408.0 3520.0 4128.0 4287.0 4167.0 4090.0 4220.0 4205.0 4476.0 4629.0 4605.0 4595.0 4686.0 4539.0 4551.0 4607.0 4576.0 4620.0 4515.0 4683.0 4597.0 4508.0 4617.0 4466.0 3745.0 4793.0 4161.0 4757.0 4935.0 5210.0
2964.0 2696.0 2745.0 2823.0 2727.0 2854.0 2760.0 2641.0 2663.0 3015.0 2896.0 2775.0 3202.0 2522.0 3032.0 3353.0 3402.0 3535.0 3552.0 3617.0 3680.0 3735.0 3758.0 3825.0 3909.0 3940.0 3972.0 4006.0 3432.0 3509.0 3977.0 4143.0 4324.0 4273.0 4032.0 4163.0 4136.0 4076.0 4163.0 4024.0 4147.0 4191.0 4265.0 4302.0 4224.0 4214.0 3832.0 4317.0 4422.0 4220.0 4244.0 3452.0 4408.0 4338.0 4201.0 4581.0 4560.0 4590.0 4536.0 4651.0 4595.0 4502.0 4512.0 4387.0 4551.0 4684.0 4655.0 4299.0 4575.0 4389.0 4779.0 4365.0 4402.0 4733.0 4943.0 5074.0
2355.0 2553.0 2602.0 2603.0 2553.0 2699.0 2821.0 2634.0 2592.0 2862.0 2923.0 3090.0 2831.0 3197.0 2944.0 3314.0 3346.0 3417.0 3467.0 3598.0 3633.0 3606.0 3639.0 3738.0 3786.0 3903.0 3897.0 3854.0 3736.0 3736.0 4011.0 4228.0 4273.0 4248.0 4057.0 4049.0 3860.0 3989.0 3859.0 3215.0 3978.0 4037.0 4099.0 4090.0 4163.0 4296.0 4330.0 4381.0 4310.0 4197.0 3797.0 4130.0 4269.0 3887.0 4422.0 4477.0 4492.0 4557.0 4464.0 4540.0 4541.0 4485.0 4442.0 4343.0 4404.0 4307.0 4603.0 3924.0 4507.0 4630.0 4585.0 4238.0 3919.0 4691.0 4297.0 4615.0
2424.0 2260.0 2305.0 2483.0 2435.0 2522.0 2315.0 2693.0 2399.0 2751.0 2888.0 3023.0 3052.0 3087.0 2895.0 3241.0 3339.0 3351.0 3397.0 3439.0 3556.0 3533.0 3546.0 3674.0 3645.0 3714.0 3802.0 3768.0 3833.0 3842.0 4005.0 4119.0 4146.0 4066.0 4056.0 3943.0 3903.0 3921.0 3925.0 3976.0 3922.0 4166.0 4064.0 3826.0 3597.0 4247.0 4291.0 4332.0 4275.0 4042.0 3558.0 4130.0 4326.0 4341.0 4415.0 4439.0 4341.0 4409.0 4441.0 4415.0 4452.0 4376.0 4317.0 4341.0 4403.0 4258.0 4452.0 3604.0 4540.0 4626.0 4584.0 4609.0 3827.0 4575.0 4424.0 4806.0
2683.0 2439.0 2345.0 2335.0 1557.0 2295.0 1535.0 2477.0 2554.0 2760.0 2767.0 2916.0 3067.0 3057.0 3142.0 3233.0 3277.0 3263.0 3313.0 3407.0 3447.0 3441.0 3283.0 3478.0 3570.0 3329.0 3650.0 3696.0 3661.0 3821.0 3953.0 4027.0 3959.0 3747.0 3781.0 3754.0 3696.0 3233.0 3522.0 3939.0 3998.0 4122.0 4057.0 3995.0 4142.0 4200.0 4186.0 4173.0 4214.0 4155.0 4174.0 4222.0 4327.0 4359.0 4353.0 4428.0 4434.0 4389.0 4178.0 4466.0 4373.0 4319.0 4204.0 4464.0 4463.0 4527.0 4498.0 4464.0 4574.0 4681.0 4697.0 4655.0 4586.0 4482.0 4538.0 4632.0
2613.0 2578.0 2536.0 2422.0 2402.0 2440.0 2417.0 2447.0 2314.0 2368.0 2593.0 2794.0 2894.0 3088.0 3072.0 2973.0 3159.0 3169.0 3270.0 3306.0 3374.0 3364.0 3386.0 3539.0 3381.0 3515.0 3491.0 3358.0 3665.0 3778.0 3936.0 3858.0 3821.0 3578.0 3550.0 3313.0 3694.0 3832.0 3804.0 3901.0 3991.0 4114.0 3897.0 3963.0 4085.0 4087.0 4110.0 4089.0 4129.0 3959.0 4202.0 4220.0 4303.0 4287.0 4268.0 4236.0 4304.0 3962.0 4400.0 4342.0 4393.0 4366.0 4211.0 4454.0 4351.0 4494.0 4513.0 4415.0 4478.0 4550.0 3821.0 4200.0 4561.0 4474.0 4548.0 4489.0
2763.0 2728.0 2534.0 2756.0 2693.0 2503.0 2558.0 2685.0 2489.0 2310.0 2390.0 2687.0 2635.0 2715.0 2778.0 2962.0 3020.0 3098.0 3125.0 3185.0 3289.0 3279.0 3409.0 3453.0 3496.0 3552.0 3692.0 3668.0 3682.0 3794.0 3879.0 3845.0 3785.0 3470.0 3418.0 3623.0 3633.0 3827.0 3823.0 3819.0 3860.0 3924.0 4044.0 4041.0 3968.0 4005.0 3953.0 3938.0 3982.0 4157.0 4188.0 4180.0 4214.0 4264.0 4275.0 4245.0 4124.0 4185.0 4345.0 4368.0 4368.0 4247.0 4396.0 4371.0 4324.0 4320.0 4352.0 4362.0 4439.0 4465.0 4574.0 4617.0 4426.0 4518.0 4550.0 4363.0
2880.0 2933.0 2907.0 2808.0 2748.0 2819.0 2745.0 2558.0 2762.0 2558.0 1531.0 2441.0 2458.0 2549.0 2554.0 2871.0 2930.0 2946.0 3088.0 3076.0 3289.0 3170.0 3215.0 3363.0 3510.0 3570.0 3563.0 3628.0 3660.0 3705.0 3705.0 3618.0 3722.0 3478.0 3239.0 3730.0 3761.0 3785.0 3647.0 3832.0 3777.0 3907.0 4055.0 3917.0 3918.0 3884.0 3973.0 3958.0 3331.0 4084.0 4213.0 4067.0 4046.0 4272.0 4257.0 4305.0 4276.0 4243.0 4238.0 4160.0 4162.0 4111.0 3847.0 4140.0 4145.0 4216.0 4327.0 4263.0 4308.0 4159.0 4321.0 4483.0 4385.0 4413.0 4433.0 4228.0
2957.0 3086.0 3057.0 3030.0 3016.0 2957.0 2916.0 2831.0 2721.0 2820.0 2763.0 2621.0 2492.0 2459.0 2553.0 2648.0 2698.0 2812.0 2899.0 3064.0 3085.0 3180.0 3105.0 3408.0 3477.0 3526.0 3572.0 3555.0 3546.0 3646.0 3537.0 3598.0 3584.0 3646.0 3659.0 3668.0 3758.0 3737.0 3696.0 3667.0 3632.0 3902.0 3833.0 3830.0 3950.0 4118.0 3898.0 3834.0 3680.0 4047.0 4196.0 4239.0 4201.0 4216.0 4185.0 4191.0 3805.0 4073.0 4181.0 4124.0 3962.0 3940.0 3531.0 3975.0 4056.0 4025.0 4183.0 4182.0 4283.0 4048.0 4369.0 4386.0 4340.0 4259.0 4398.0 4388.0
3207.0 3257.0 3278.0 3245.0 3151.0 3042.0 3088.0 3036.0 3012.0 2558.0 2729.0 2492.0 2266.0 2846.0 2738.0 2581.0 2644.0 2714.0 2714.0 2684.0 2740.0 3201.0 3142.0 3449.0 3509.0 3545.0 3485.0 3563.0 3504.0 3582.0 3549.0 3591.0 3555.0 3579.0 3601.0 3678.0 3643.0 3579.0 3330.0 3646.0 3766.0 3852.0 3849.0 3801.0 3833.0 3517.0 3494.0 3889.0 3901.0 3971.0 4103.0 4144.0 4123.0 4139.0 4067.0 4086.0 4034.0 4130.0 4174.0 4030.0 3938.0 3038.0 3181.0 3877.0 4067.0 4223.0 4070.0 4209.0 4232.0 4278.0 4287.0 4041.0 4110.0 4303.0 4275.0 4334.0
3350.0 3335.0 3347.0 3274.0 3255.0 3239.0 3244.0 3169.0 2994.0 2581.0 2783.0 2991.0 2965.0 2957.0 2862.0 2703.0 2783.0 2320.0 2538.0 2675.0 2727.0 3017.0 3067.0 3337.0 3438.0 3538.0 3490.0 3466.0 3090.0 3540.0 3444.0 3451.0 3490.0 3442.0 3546.0 3604.0 3528.0 3487.0 3531.0 3726.0 3707.0 3623.0 3828.0 3798.0 3680.0 3608.0 3546.0 3520.0 3689.0 3936.0 4001.0 4007.0 4024.0 4034.0 3994.0 3996.0 4048.0 4101.0 4132.0 4051.0 4116.0 3980.0 4130.0 4017.0 4030.0 4100.0 4095.0 3991.0 4023.0 4102.0 4019.0 3941.0 4191.0 4127.0 4134.0 4203.0
3385.0 3419.0 3371.0 3336.0 3316.0 3325.0 3254.0 3035.0 2570.0 2988.0 3093.0 2974.0 2143.0 2934.0 3013.0 2683.0 2772.0 2659.0 2604.0 2555.0 1838.0 2787.0 3028.0 3118.0 3345.0 3324.0 3376.0 3344.0 3336.0 3231.0 3227.0 3353.0 3374.0 3370.0 3431.0 3451.0 3463.0 3444.0 3501.0 3610.0 3633.0 3536.0 3686.0 3754.0 3602.0 3562.0 3587.0 3674.0 3717.0 3835.0 3895.0 3994.0 4014.0 3908.0 3858.0 3803.0 3261.0 3452.0 3996.0 3998.0 3895.0 4068.0 4042.0 3984.0 3992.0 3965.0 4009.0 3897.0 3963.0 4052.0 4063.0 3952.0 4068.0 3712.0 4095.0 4263.0
3412.0 3414.0 3457.0 3406.0 3318.0 3248.0 3301.0 3243.0 3169.0 3028.0 3008.0 3136.0 2571.0 3103.0 3043.0 3074.0 2807.0 2789.0 2784.0 1934.0 1539.0 2617.0 2878.0 3063.0 3151.0 3269.0 3271.0 3214.0 3094.0 3132.0 3163.0 3150.0 3238.0 3224.0 3197.0 3088.0 3321.0 3438.0 3497.0 3561.0 3594.0 3522.0 3548.0 3581.0 3446.0 3621.0 3549.0 3534.0 3693.0 3852.0 3903.0 3865.0 3832.0 3836.0 3751.0 3655.0 3618.0 3691.0 3880.0 3890.0 3857.0 3881.0 3903.0 3962.0 3944.0 3889.0 3992.0 3978.0 3993.0 4214.0 4046.0 3791.0 3808.0 3583.0 3710.0 3998.0
