Environmental Parameters/2019/Minimum_depth.asc
ncols 720
nrows 360
xllcorner -180.00
yllcorner -90.00
cellsize 0.5
NODATA_value -9999
[rows 136 to 169 of 360, columns 152 to 227 of 720]
0.0 0.0 0.0 0.0 0.0 0.0 0.0 0.0 0.0 0.0 0.0 0.0 0.0 0.0 345.0 1685.0 2156.0 2741.0 3214.0 3167.0 2869.0 2761.0 1281.0 4.0 4.0 3.0 4.0 6.0 9.0 7.0 0.0 0.0 0.0 0.0 0.0 39.0 1342.0 937.0 0.0 0.0 1.0 0.0 0.0 0.0 1.0 0.0 5.0 0.0 0.0 0.0 0.0 0.0 0.0 0.0 0.0 1112.0 4.0 8.0 828.0 1324.0 1.0 0.0 0.0 0.0 0.0 0.0 629.0 4152.0 5012.0 5388.0 5260.0 5199.0 5161.0 5156.0 5308.0 5400.0
0.0 0.0 0.0 0.0 0.0 0.0 0.0 0.0 0.0 0.0 0.0 0.0 0.0 0.0 103.0 1179.0 1952.0 2562.0 3099.0 2372.0 2386.0 2163.0 2183.0 5.0 4.0 4.0 3.0 0.0 0.0 0.0 0.0 0.0 0.0 0.0 0.0 24.0 1271.0 1782.0 3194.0 2577.0 2555.0 493.0 0.0 693.0 2221.0 2718.0 1997.0 1042.0 3.0 0.0 0.0 0.0 0.0 0.0 0.0 0.0 0.0 552.0 1556.0 1648.0 0.0 0.0 1.0 3.0 0.0 1.0 0.0 279.0 2379.0 3661.0 5155.0 5088.0 5102.0 5084.0 5056.0 5219.0
0.0 0.0 0.0 0.0 0.0 0.0 0.0 0.0 0.0 0.0 0.0 0.0 0.0 0.0 1.0 440.0 1664.0 2475.0 2917.0 1633.0 1639.0 1355.0 1603.0 2.0 2.0 3.0 3.0 0.0 0.0 0.0 0.0 0.0 0.0 0.0 0.0 338.0 1179.0 4124.0 4292.0 4355.0 4164.0 3916.0 4096.0 4290.0 3007.0 3178.0 2864.0 1556.0 2032.0 1.0 0.0 0.0 0.0 0.0 0.0 0.0 0.0 0.0 0.0 813.0 0.0 0.0 802.0 3739.0 288.0 241.0 19.0 56.0 4.0 105.0 3680.0 5078.0 5068.0 5114.0 4826.0 5183.0
0.0 0.0 0.0 0.0 0.0 0.0 0.0 0.0 0.0 0.0 0.0 0.0 0.0 0.0 0.0 21.0 1667.0 2305.0 2164.0 1312.0 1143.0 920.0 908.0 3.0 1.0 3.0 3.0 0.0 0.0 0.0 0.0 0.0 0.0 0.0 0.0 342.0 2845.0 4397.0 4398.0 4386.0 2894.0 3006.0 3538.0 2467.0 2420.0 2560.0 1572.0 898.0 1650.0 1442.0 1336.0 2.0 0.0 0.0 0.0 0.0 0.0 0.0 0.0 0.0 292.0 685.0 0.0 830.0 284.0 316.0 1141.0 1869.0 4.0 1258.0 70.0 3858.0 4440.0 5216.0 5283.0 5521.0
0.0 0.0 0.0 0.0 0.0 0.0 0.0 0.0 0.0 0.0 0.0 0.0 0.0 0.0 0.0 0.0 178.0 1746.0 1320.0 1064.0 768.0 559.0 66.0 4.0 4.0 3.0 0.0 0.0 0.0 0.0 0.0 0.0 0.0 0.0 704.0 1764.0 4316.0 4515.0 4502.0 4324.0 3085.0 2430.0 2805.0 2745.0 1450.0 1143.0 1268.0 0.0 0.0 612.0 826.0 649.0 0.0 0.0 0.0 1.0 0.0 0.0 0.0 472.0 1195.0 0.0 0.0 0.0 0.0 0.0 0.0 0.0 0.0 1938.0 148.0 3274.0 5931.0 6229.0 6482.0 6996.0
0.0 0.0 0.0 0.0 0.0 0.0 0.0 0.0 0.0 0.0 0.0 0.0 0.0 0.0 0.0 0.0 0.0 214.0 730.0 523.0 322.0 130.0 3.0 3.0 7.0 0.0 0.0 0.0 0.0 0.0 0.0 0.0 0.0 0.0 337.0 4150.0 4367.0 4381.0 3795.0 2720.0 1882.0 2229.0 2056.0 2502.0 550.0 0.0 710.0 2444.0 2911.0 4043.0 4167.0 4384.0 4799.0 2666.0 2107.0 2184.0 2152.0 2255.0 1737.0 1105.0 515.0 161.0 0.0 0.0 0.0 0.0 0.0 0.0 0.0 0.0 0.0 1086.0 1212.0 1932.0 4000.0 3510.0
0.0 0.0 0.0 0.0 0.0 0.0 0.0 0.0 0.0 0.0 0.0 0.0 0.0 0.0 0.0 0.0 0.0 0.0 0.0 40.0 2.0 3.0 0.0 0.0 0.0 0.0 0.0 0.0 0.0 0.0 0.0 0.0 0.0 0.0 363.0 4217.0 4469.0 2972.0 2114.0 589.0 328.0 753.0 1393.0 2853.0 3452.0 2020.0 3047.0 2633.0 3924.0 3811.0 3221.0 3.0 0.0 0.0 755.0 2163.0 57.0 1018.0 31.0 0.0 0.0 0.0 0.0 0.0 0.0 0.0 0.0 0.0 0.0 0.0 0.0 0.0 69.0 0.0 0.0 1.0
0.0 0.0 0.0 0.0 0.0 0.0 0.0 0.0 0.0 0.0 0.0 0.0 0.0 0.0 0.0 0.0 0.0 0.0 0.0 0.0 0.0 0.0 0.0 0.0 0.0 0.0 0.0 0.0 0.0 0.0 0.0 0.0 0.0 3.0 1846.0 3176.0 2528.0 2364.0 1799.0 1230.0 1156.0 3184.0 3348.0 2776.0 2638.0 2625.0 3730.0 2779.0 2118.0 1622.0 1278.0 0.0 0.0 0.0 0.0 0.0 187.0 757.0 0.0 0.0 0.0 0.0 0.0 0.0 0.0 0.0 0.0 0.0 0.0 0.0 0.0 0.0 1.0 0.0 0.0 0.0
3018.0 1207.0 144.0 0.0 0.0 0.0 0.0 0.0 0.0 0.0 0.0 0.0 0.0 0.0 0.0 0.0 0.0 0.0 0.0 0.0 0.0 0.0 0.0 0.0 0.0 0.0 0.0 0.0 0.0 0.0 0.0 0.0 0.0 233.0 3351.0 2333.0 1704.0 2677.0 4665.0 2826.0 1346.0 2968.0 2496.0 2343.0 1809.0 1217.0 1193.0 1785.0 1315.0 812.0 62.0 286.0 0.0 0.0 0.0 0.0 270.0 564.0 1208.0 1367.0 892.0 1333.0 2237.0 2756.0 0.0 0.0 2223.0 721.0 510.0 1259.0 851.0 966.0 869.0 1.0 1.0 0.0
2611.0 3067.0 2555.0 1758.0 786.0 0.0 0.0 0.0 0.0 0.0 0.0 0.0 0.0 0.0 0.0 0.0 0.0 0.0 0.0 0.0 0.0 0.0 0.0 0.0 0.0 0.0 0.0 0.0 0.0 0.0 0.0 0.0 0.0 1.0 3266.0 3867.0 4188.0 3349.0 1219.0 451.0 0.0 584.0 1012.0 830.0 427.0 411.0 147.0 208.0 840.0 661.0 3.0 9.0 10.0 21.0 678.0 391.0 77.0 539.0 1521.0 2367.0 3134.0 3838.0 3315.0 3597.0 45.0 363.0 2933.0 4117.0 4466.0 3722.0 3635.0 3485.0 3044.0 3507.0 3838.0 3799.0
1686.0 2318.0 2696.0 3128.0 3402.0 2299.0 945.0 0.0 0.0 0.0 0.0 0.0 0.0 0.0 0.0 0.0 0.0 0.0 0.0 0.0 0.0 0.0 0.0 0.0 0.0 0.0 0.0 0.0 0.0 0.0 0.0 0.0 1.0 2397.0 2983.0 374.0 1.0 695.0 1115.0 854.0 611.0 7.0 4.0 24.0 4.0 77.0 4.0 4.0 790.0 1055.0 30.0 3.0 112.0 552.0 1222.0 1264.0 1035.0 1540.0 1462.0 2486.0 3196.0 4191.0 3726.0 1847.0 1102.0 2739.0 3811.0 3869.0 4095.0 4210.0 4221.0 3552.0 4461.0 4603.0 4432.0 4291.0
2828.0 2748.0 2692.0 2990.0 3208.0 3440.0 3105.0 2500.0 1396.0 543.0 0.0 0.0 0.0 0.0 0.0 0.0 0.0 0.0 0.0 0.0 0.0 0.0 0.0 0.0 0.0 0.0 0.0 0.0 0.0 0.0 0.0 0.0 18.0 85.0 1.0 0.0 0.0 4.0 4.0 13.0 4.0 3.0 3.0 4.0 3.0 4.0 4.0 4.0 173.0 28.0 333.0 965.0 1314.0 1804.0 1754.0 1637.0 898.0 1548.0 2497.0 2783.0 3411.0 3739.0 2304.0 2467.0 1891.0 3399.0 3766.0 3710.0 3772.0 3781.0 3905.0 4085.0 4340.0 4571.0 4445.0 4335.0
2636.0 2806.0 3012.0 2987.0 3190.0 3386.0 2752.0 3022.0 3316.0 3522.0 1652.0 575.0 0.0 0.0 0.0 0.0 0.0 10.0 60.0 15.0 0.0 0.0 0.0 0.0 0.0 0.0 0.0 0.0 0.0 0.0 0.0 0.0 0.0 0.0 0.0 0.0 0.0 0.0 0.0 0.0 1.0 1.0 1.0 2.0 4.0 3.0 4.0 180.0 1.0 306.0 3.0 649.0 1489.0 2371.0 1907.0 2025.0 2699.0 2438.0 2720.0 3120.0 3704.0 2507.0 1833.0 1604.0 3303.0 3710.0 3762.0 3734.0 3723.0 3738.0 3876.0 4167.0 4372.0 4636.0 4504.0 4509.0
2872.0 2949.0 2970.0 3126.0 3335.0 3450.0 3297.0 3076.0 2561.0 2514.0 2812.0 2955.0 2927.0 3246.0 2570.0 2571.0 1801.0 1269.0 170.0 183.0 42.0 0.0 0.0 0.0 0.0 0.0 0.0 0.0 0.0 0.0 0.0 0.0 0.0 0.0 0.0 0.0 0.0 0.0 0.0 0.0 0.0 0.0 1.0 1.0 3.0 3.0 6.0 469.0 1516.0 1491.0 1543.0 1859.0 1814.0 2053.0 3111.0 2911.0 2298.0 3523.0 3904.0 4070.0 2637.0 1939.0 2553.0 2719.0 3275.0 3856.0 3919.0 3807.0 3750.0 3753.0 3964.0 4334.0 4537.0 4688.0 4896.0 4692.0
2598.0 3039.0 3019.0 2957.0 3296.0 3431.0 3112.0 2827.0 2449.0 2865.0 2812.0 2882.0 2674.0 3126.0 3159.0 2940.0 3277.0 3350.0 2814.0 132.0 75.0 31.0 0.0 0.0 0.0 0.0 0.0 0.0 0.0 0.0 0.0 0.0 0.0 0.0 0.0 0.0 0.0 0.0 0.0 0.0 0.0 0.0 0.0 2.0 4.0 3.0 493.0 3.0 1800.0 1344.0 2043.0 1261.0 666.0 1172.0 3628.0 3244.0 3510.0 4040.0 4087.0 3623.0 2737.0 1615.0 2966.0 3185.0 2794.0 3586.0 3436.0 4058.0 3847.0 4024.0 4112.0 4451.0 4545.0 4829.0 4934.0 4816.0
2442.0 2967.0 3016.0 2775.0 2483.0 3218.0 3197.0 3056.0 2857.0 2952.0 2644.0 2649.0 3142.0 3191.0 3199.0 2893.0 3185.0 3846.0 3501.0 3991.0 1416.0 370.0 52.0 0.0 0.0 0.0 0.0 0.0 0.0 0.0 0.0 0.0 0.0 0.0 0.0 0.0 0.0 0.0 0.0 0.0 0.0 0.0 0.0 2.0 4.0 3.0 555.0 2.0 1210.0 2114.0 1795.0 607.0 677.0 865.0 3951.0 3594.0 3495.0 3872.0 3903.0 3580.0 3623.0 1955.0 3072.0 3262.0 2833.0 3439.0 3472.0 3819.0 4245.0 4451.0 4633.0 4700.0 5007.0 5040.0 5029.0 4903.0
2030.0 2844.0 3017.0 3027.0 2118.0 3049.0 2725.0 2613.0 3128.0 2956.0 2803.0 2719.0 3266.0 3398.0 2872.0 2882.0 3697.0 3788.0 3486.0 3968.0 3409.0 3212.0 955.0 113.0 4.0 0.0 0.0 0.0 0.0 0.0 0.0 0.0 0.0 0.0 0.0 0.0 0.0 0.0 0.0 0.0 0.0 0.0 3.0 3.0 35.0 3.0 823.0 2.0 3.0 2301.0 2412.0 883.0 3134.0 3903.0 3939.0 3941.0 3942.0 3968.0 3902.0 4003.0 3981.0 3939.0 3511.0 3043.0 2998.0 2886.0 2833.0 3212.0 3351.0 3835.0 4490.0 4945.0 5026.0 5031.0 5003.0 4913.0
2663.0 1590.0 1950.0 1308.0 2864.0 3001.0 2607.0 2891.0 3312.0 2760.0 2833.0 3193.0 3498.0 3038.0 2401.0 3821.0 3803.0 3898.0 3926.0 3800.0 3956.0 3828.0 3772.0 3416.0 1074.0 96.0 93.0 64.0 4.0 0.0 0.0 0.0 0.0 0.0 0.0 0.0 0.0 0.0 0.0 0.0 0.0 2.0 3.0 4.0 410.0 0.0 1180.0 359.0 528.0 2814.0 2465.0 3270.0 3677.0 3912.0 3926.0 3852.0 3864.0 3909.0 3950.0 3910.0 3535.0 2324.0 2323.0 1723.0 1210.0 1235.0 741.0 930.0 1304.0 1342.0 1894.0 2212.0 2858.0 3683.0 4428.0 4970.0
2601.0 1365.0 2241.0 2495.0 2816.0 2101.0 2936.0 2318.0 3228.0 2967.0 3046.0 3203.0 3314.0 3387.0 3876.0 3918.0 4046.0 3850.0 3888.0 3945.0 3894.0 3606.0 3741.0 3156.0 3237.0 3598.0 2463.0 777.0 175.0 59.0 8.0 4.0 0.0 0.0 0.0 0.0 0.0 0.0 0.0 0.0 0.0 1.0 3.0 4.0 0.0 204.0 1504.0 1413.0 2942.0 3112.0 2665.0 3076.0 3785.0 3810.0 3702.0 3622.0 3629.0 3706.0 3810.0 3714.0 2347.0 2288.0 840.0 324.0 38.0 28.0 4.0 0.0 0.0 1095.0 1863.0 1810.0 2353.0 3269.0 3746.0 4395.0
2655.0 2741.0 2493.0 3044.0 2107.0 2640.0 2484.0 2707.0 2719.0 3099.0 3008.0 2980.0 2901.0 3491.0 3684.0 4075.0 4034.0 3687.0 3966.0 3797.0 3861.0 3810.0 3729.0 2996.0 2957.0 3489.0 3491.0 3242.0 2987.0 1134.0 158.0 4.0 4.0 0.0 0.0 0.0 0.0 0.0 0.0 0.0 0.0 0.0 0.0 180.0 3.0 3.0 1448.0 2383.0 2379.0 2866.0 3102.0 2979.0 3708.0 3598.0 3463.0 3315.0 3294.0 3301.0 3473.0 1803.0 1360.0 1106.0 4.0 0.0 0.0 0.0 1.0 0.0 0.0 0.0 0.0 0.0 0.0 2.0 1.0 381.0
2470.0 2302.0 2552.0 3028.0 2814.0 2782.0 2770.0 3056.0 2780.0 3271.0 3328.0 3096.0 3820.0 3901.0 4017.0 3999.0 4000.0 3972.0 3688.0 3884.0 3887.0 3895.0 3777.0 2983.0 3017.0 3547.0 3439.0 3472.0 3022.0 3366.0 3412.0 1929.0 209.0 57.0 0.0 0.0 0.0 0.0 0.0 0.0 0.0 3.0 125.0 741.0 1153.0 852.0 1887.0 2510.0 2289.0 2606.0 3228.0 3574.0 3508.0 3405.0 3239.0 2920.0 2451.0 2097.0 1115.0 683.0 464.0 8.0 0.0 0.0 0.0 0.0 43.0 0.0 0.0 0.0 31.0 516.0 248.0 118.0 0.0 0.0
2594.0 2524.0 2613.0 2165.0 2943.0 2997.0 2970.0 3130.0 3042.0 3224.0 3187.0 3321.0 3794.0 3900.0 3823.0 3649.0 3711.0 3965.0 3761.0 3857.0 3860.0 3838.0 3434.0 2944.0 3662.0 3602.0 3523.0 3532.0 3419.0 3354.0 2988.0 2930.0 2149.0 98.0 45.0 0.0 0.0 0.0 0.0 0.0 0.0 6.0 1400.0 2319.0 2609.0 2910.0 3054.0 3155.0 2747.0 2931.0 3284.0 3470.0 2880.0 3263.0 2981.0 2458.0 668.0 25.0 0.0 0.0 0.0 0.0 0.0 0.0 0.0 0.0 0.0 0.0 0.0 0.0 0.0 0.0 264.0 587.0 126.0 170.0
2607.0 2455.0 3009.0 2947.0 2729.0 3031.0 2964.0 3270.0 3357.0 3543.0 3277.0 3549.0 3824.0 3670.0 3913.0 3889.0 3700.0 3903.0 3828.0 3815.0 3809.0 3770.0 3683.0 3435.0 3631.0 3612.0 3688.0 3603.0 3580.0 3133.0 2773.0 2620.0 1780.0 2553.0 106.0 47.0 0.0 0.0 0.0 0.0 0.0 0.0 1314.0 1940.0 2424.0 2727.0 3173.0 3367.0 3248.0 3053.0 2926.0 2863.0 3070.0 2988.0 2865.0 1990.0 171.0 0.0 0.0 0.0 0.0 0.0 0.0 0.0 0.0 0.0 0.0 0.0 0.0 0.0 0.0 0.0 0.0 0.0 0.0 0.0
2843.0 2692.0 3140.0 3225.0 3365.0 3386.0 2589.0 3453.0 3588.0 3627.0 3803.0 3746.0 3891.0 3816.0 3883.0 3810.0 3811.0 3786.0 3801.0 3752.0 3765.0 3556.0 3375.0 3509.0 3599.0 3574.0 3634.0 3423.0 3483.0 3289.0 3193.0 3177.0 2863.0 2558.0 2516.0 53.0 0.0 0.0 0.0 0.0 0.0 0.0 2.0 1490.0 2133.0 2757.0 2446.0 2186.0 2028.0 1936.0 1548.0 1453.0 1561.0 2782.0 1993.0 153.0 0.0 0.0 0.0 0.0 0.0 0.0 0.0 0.0 0.0 0.0 0.0 0.0 0.0 0.0 0.0 0.0 0.0 0.0 0.0 0.0
2265.0 2575.0 3156.0 2381.0 2857.0 3286.0 3399.0 3082.0 2763.0 3521.0 3365.0 3491.0 3663.0 3622.0 3695.0 3669.0 3630.0 3570.0 3670.0 3374.0 3304.0 2895.0 3050.0 3626.0 3403.0 3541.0 3625.0 3391.0 3432.0 3400.0 3212.0 3147.0 2458.0 2961.0 3032.0 1634.0 0.0 0.0 0.0 0.0 0.0 0.0 0.0 0.0 1319.0 944.0 409.0 164.0 0.0 0.0 1.0 13.0 859.0 1216.0 1031.0 8.0 0.0 0.0 0.0 0.0 0.0 0.0 0.0 0.0 0.0 0.0 0.0 0.0 0.0 0.0 0.0 0.0 0.0 0.0 0.0 0.0
2788.0 2888.0 3093.0 3102.0 2991.0 2950.0 3218.0 3294.0 3149.0 3502.0 3371.0 3432.0 3678.0 3638.0 3697.0 3601.0 3381.0 2693.0 2681.0 2835.0 3481.0 3227.0 3555.0 3561.0 3607.0 3559.0 3507.0 2995.0 3201.0 3093.0 3193.0 3261.0 2696.0 2383.0 2724.0 3104.0 1951.0 339.0 27.0 0.0 0.0 0.0 0.0 0.0 0.0 2.0 0.0 0.0 0.0 0.0 0.0 0.0 0.0 285.0 66.0 0.0 0.0 0.0 0.0 0.0 0.0 0.0 0.0 0.0 0.0 0.0 0.0 0.0 0.0 0.0 0.0 0.0 0.0 0.0 0.0 0.0
1966.0 2553.0 2537.0 2657.0 2973.0 3170.0 2873.0 3202.0 3177.0 3552.0 3554.0 3435.0 3389.0 3632.0 3208.0 3588.0 3151.0 2948.0 3224.0 2945.0 2976.0 3329.0 3363.0 3484.0 3467.0 3362.0 3271.0 2567.0 2988.0 2953.0 2905.0 3167.0 3011.0 2954.0 3035.0 2903.0 2280.0 1291.0 1142.0 79.0 0.0 0.0 0.0 0.0 0.0 0.0 0.0 0.0 0.0 1.0 0.0 0.0 0.0 0.0 0.0 0.0 0.0 0.0 0.0 0.0 0.0 0.0 0.0 0.0 0.0 0.0 0.0 0.0 0.0 0.0 0.0 0.0 0.0 0.0 0.0 0.0
2489.0 2142.0 2638.0 2345.0 2692.0 3202.0 2996.0 2398.0 2440.0 3300.0 3420.0 3459.0 3241.0 3419.0 3390.0 3350.0 3437.0 3517.0 3564.0 3456.0 3221.0 3103.0 3444.0 3098.0 3413.0 3246.0 3052.0 2496.0 2746.0 2767.0 3385.0 3285.0 3048.0 2760.0 2943.0 2049.0 1285.0 1017.0 1020.0 1271.0 6.0 0.0 0.0 0.0 0.0 0.0 0.0 0.0 0.0 0.0 0.0 0.0 0.0 0.0 0.0 0.0 0.0 0.0 0.0 0.0 0.0 0.0 0.0 0.0 0.0 0.0 0.0 0.0 0.0 0.0 0.0 0.0 0.0 0.0 0.0 0.0
2727.0 2561.0 2686.0 2323.0 2204.0 3138.0 2891.0 3110.0 3068.0 2340.0 2999.0 2948.0 2784.0 3219.0 3357.0 3182.0 3592.0 3280.0 3476.0 3391.0 3599.0 3544.0 3484.0 3011.0 3035.0 3094.0 3357.0 2982.0 2713.0 3160.0 3428.0 3336.0 3330.0 3207.0 3067.0 1236.0 683.0 1161.0 1060.0 713.0 864.0 1135.0 514.0 2.0 0.0 0.0 0.0 0.0 1.0 64.0 37.0 0.0 0.0 0.0 0.0 0.0 0.0 0.0 0.0 0.0 0.0 0.0 0.0 0.0 0.0 0.0 0.0 0.0 0.0 0.0 0.0 0.0 0.0 0.0 0.0 0.0
3152.0 2665.0 2722.0 2896.0 2555.0 3190.0 3130.0 3228.0 3173.0 3293.0 3327.0 3319.0 3055.0 2968.0 2672.0 3153.0 2998.0 3599.0 2822.0 3586.0 3517.0 3531.0 3339.0 3352.0 3401.0 3552.0 3419.0 2959.0 3362.0 3405.0 3425.0 3220.0 3195.0 3062.0 2122.0 2034.0 1074.0 1178.0 1287.0 865.0 846.0 1395.0 1604.0 127.0 0.0 4.0 0.0 0.0 15.0 741.0 1669.0 0.0 0.0 0.0 0.0 0.0 0.0 0.0 0.0 0.0 0.0 0.0 0.0 0.0 0.0 0.0 0.0 0.0 0.0 0.0 0.0 0.0 0.0 0.0 0.0 0.0
3206.0 3047.0 2774.0 2776.0 2904.0 3175.0 3186.0 3249.0 2566.0 3299.0 3351.0 3133.0 2996.0 2944.0 3061.0 3402.0 3577.0 3603.0 3006.0 3521.0 3017.0 2582.0 3464.0 2771.0 3575.0 3625.0 3610.0 3506.0 3400.0 3464.0 3230.0 3120.0 3099.0 2969.0 2535.0 1236.0 1149.0 1415.0 1229.0 1089.0 1103.0 1696.0 1814.0 2352.0 890.0 864.0 1962.0 2188.0 3018.0 2904.0 3021.0 2725.0 0.0 0.0 0.0 0.0 0.0 0.0 0.0 0.0 0.0 0.0 0.0 0.0 0.0 0.0 0.0 0.0 0.0 0.0 0.0 0.0 0.0 0.0 0.0 0.0
3154.0 3055.0 2757.0 2762.0 2294.0 2948.0 3243.0 3199.0 3143.0 3293.0 3401.0 3386.0 2728.0 2794.0 3488.0 3305.0 3154.0 3375.0 3184.0 3187.0 3317.0 3064.0 3362.0 3555.0 3637.0 3647.0 3471.0 3507.0 3534.0 3300.0 3114.0 2709.0 2456.0 2362.0 1550.0 1330.0 1205.0 1550.0 1240.0 1431.0 1928.0 2338.0 1806.0 1895.0 748.0 1396.0 2627.0 2874.0 2997.0 2976.0 2935.0 3143.0 244.0 0.0 0.0 0.0 0.0 0.0 0.0 0.0 0.0 0.0 0.0 0.0 0.0 0.0 0.0 0.0 0.0 0.0 0.0 0.0 0.0 0.0 0.0 0.0
2249.0 2634.0 2896.0 2045.0 2799.0 3047.0 2788.0 2931.0 3094.0 3154.0 3391.0 3331.0 2891.0 3010.0 3318.0 3203.0 3151.0 3337.0 3482.0 3513.0 3025.0 3231.0 3136.0 3583.0 3444.0 3526.0 3522.0 3184.0 3101.0 2713.0 451.0 716.0 1796.0 0.0 14.0 1238.0 1277.0 1523.0 1891.0 2415.0 2053.0 2970.0 2234.0 1162.0 324.0 1097.0 2768.0 2294.0 2184.0 2199.0 2907.0 2728.0 277.0 0.0 0.0 0.0 0.0 0.0 0.0 0.0 0.0 0.0 0.0 0.0 0.0 0.0 0.0 0.0 0.0 0.0 0.0 0.0 0.0 0.0 0.0 0.0
3006.0 3153.0 3073.0 2708.0 2479.0 3104.0 3170.0 3281.0 3223.0 3255.0 3450.0 3317.0 3050.0 3438.0 3095.0 3427.0 3239.0 3447.0 3452.0 3302.0 3092.0 3116.0 3416.0 3394.0 3119.0 3020.0 3172.0 3113.0 2577.0 2503.0 742.0 993.0 608.0 25.0 227.0 1194.0 1128.0 1218.0 1525.0 2781.0 3138.0 2947.0 2066.0 789.0 1479.0 873.0 691.0 2087.0 3074.0 2725.0 2850.0 2777.0 376.0 0.0 0.0 0.0 0.0 0.0 0.0 0.0 0.0 0.0 0.0 0.0 0.0 0.0 0.0 0.0 0.0 0.0 0.0 0.0 0.0 0.0 0.0 0.0
