Environmental Parameters/2019/Minimum_depth.asc
ncols 720
nrows 360
xllcorner -180.00
yllcorner -90.00
cellsize 0.5
NODATA_value -9999
[rows 102 to 135 of 360, columns 608 to 683 of 720]
56.0 1.0 0.0 0.0 0.0 0.0 0.0 0.0 0.0 43.0 1349.0 984.0 1567.0 1952.0 1359.0 1483.0 2313.0 2513.0 1439.0 681.0 264.0 955.0 1591.0 1766.0 1665.0 503.0 318.0 1439.0 115.0 121.0 23.0 0.0 0.0 0.0 0.0 0.0 208.0 1030.0 1528.0 2215.0 5858.0 5425.0 5245.0 5141.0 5195.0 5168.0 5275.0 5403.0 5266.0 5621.0 5537.0 5012.0 5077.0 5140.0 5561.0 5585.0 5572.0 5503.0 5634.0 5678.0 5659.0 5683.0 5717.0 5739.0 5620.0 5635.0 5568.0 5563.0 5433.0 5385.0 5284.0 5491.0 5359.0 5108.0 4857.0 4126.0
14.0 0.0 0.0 0.0 0.0 0.0 0.0 0.0 0.0 0.0 821.0 1093.0 975.0 1669.0 601.0 657.0 942.0 905.0 984.0 494.0 421.0 1243.0 2146.0 2422.0 1280.0 151.0 120.0 967.0 0.0 0.0 0.0 0.0 0.0 0.0 0.0 0.0 271.0 1062.0 1552.0 2832.0 5851.0 5334.0 5267.0 4548.0 4424.0 4937.0 5391.0 5581.0 5582.0 5638.0 5593.0 5393.0 5482.0 5434.0 5751.0 5634.0 5278.0 5012.0 5362.0 5613.0 5658.0 5655.0 5586.0 5605.0 5694.0 5651.0 5476.0 5587.0 5528.0 5362.0 5231.0 5312.0 4982.0 4580.0 4298.0 3892.0
5.0 1.0 0.0 0.0 0.0 0.0 0.0 0.0 0.0 0.0 0.0 334.0 1119.0 0.0 820.0 831.0 1397.0 428.0 413.0 442.0 427.0 2329.0 2676.0 1720.0 66.0 0.0 0.0 103.0 0.0 0.0 0.0 0.0 0.0 0.0 0.0 79.0 401.0 956.0 1677.0 4055.0 5843.0 5412.0 5314.0 3029.0 3229.0 5298.0 5343.0 5630.0 5634.0 5624.0 5776.0 5850.0 5723.0 4817.0 5788.0 5765.0 5080.0 5728.0 5747.0 5773.0 5719.0 5701.0 5694.0 5665.0 5704.0 5680.0 5546.0 5300.0 5057.0 4973.0 4431.0 4558.0 4363.0 4335.0 4152.0 3821.0
26.0 24.0 2.0 1.0 0.0 0.0 0.0 0.0 0.0 0.0 0.0 63.0 1042.0 8.0 2110.0 46.0 189.0 168.0 163.0 300.0 1741.0 579.0 514.0 488.0 102.0 0.0 0.0 0.0 0.0 0.0 0.0 0.0 0.0 0.0 0.0 198.0 556.0 924.0 3483.0 6131.0 4817.0 3867.0 4122.0 4849.0 5400.0 5523.0 5581.0 5611.0 5652.0 5716.0 5839.0 5894.0 5715.0 5424.0 5149.0 5770.0 5654.0 4809.0 5724.0 5731.0 5650.0 5689.0 5688.0 5698.0 5554.0 5419.0 5062.0 4058.0 3978.0 4001.0 4139.0 4527.0 4499.0 4615.0 4286.0 4441.0
40.0 32.0 3.0 1.0 0.0 0.0 0.0 0.0 0.0 0.0 0.0 4.0 600.0 1970.0 1904.0 1698.0 1159.0 157.0 175.0 232.0 351.0 208.0 615.0 329.0 3.0 0.0 0.0 0.0 0.0 0.0 0.0 0.0 0.0 0.0 16.0 321.0 1486.0 2828.0 5209.0 5417.0 3719.0 2743.0 3572.0 5383.0 5390.0 5479.0 5513.0 5626.0 5688.0 5760.0 5820.0 5906.0 5640.0 5270.0 5651.0 5652.0 5677.0 5665.0 5721.0 5696.0 5599.0 5650.0 5619.0 5602.0 5370.0 5280.0 4397.0 3842.0 3221.0 3192.0 3244.0 4150.0 4662.0 4661.0 4592.0 4053.0
66.0 53.0 22.0 5.0 0.0 0.0 0.0 0.0 0.0 0.0 0.0 0.0 581.0 1470.0 930.0 804.0 365.0 0.0 0.0 4.0 276.0 204.0 125.0 44.0 0.0 0.0 0.0 0.0 0.0 0.0 0.0 0.0 0.0 0.0 104.0 1226.0 2309.0 4159.0 3580.0 2837.0 4382.0 5646.0 5629.0 5489.0 5478.0 5529.0 5624.0 5725.0 5718.0 5609.0 5836.0 5795.0 5776.0 5685.0 5170.0 5164.0 5674.0 5436.0 4870.0 5071.0 5712.0 5450.0 5430.0 5419.0 5405.0 5226.0 4422.0 3501.0 3115.0 3009.0 3433.0 4075.0 4648.0 4677.0 4322.0 3776.0
59.0 76.0 44.0 24.0 1.0 0.0 0.0 0.0 0.0 0.0 0.0 0.0 101.0 139.0 80.0 146.0 98.0 0.0 0.0 0.0 0.0 0.0 0.0 0.0 0.0 0.0 0.0 0.0 0.0 0.0 0.0 0.0 0.0 0.0 33.0 1453.0 2679.0 3662.0 5097.0 4005.0 1982.0 4035.0 5626.0 5663.0 5628.0 5392.0 5690.0 5690.0 5713.0 5693.0 5943.0 5945.0 5880.0 5696.0 5792.0 5495.0 5623.0 5500.0 5619.0 5653.0 4792.0 5277.0 5258.0 5052.0 5190.0 5202.0 4474.0 3712.0 3091.0 3087.0 3418.0 4227.0 4106.0 3635.0 3326.0 3594.0
76.0 80.0 56.0 1.0 0.0 0.0 0.0 0.0 0.0 0.0 0.0 24.0 71.0 66.0 21.0 99.0 0.0 0.0 0.0 0.0 0.0 0.0 0.0 0.0 0.0 0.0 0.0 0.0 0.0 0.0 0.0 0.0 0.0 4.0 129.0 1362.0 4521.0 5513.0 5418.0 5429.0 5660.0 5658.0 5618.0 4715.0 5637.0 5549.0 5277.0 5646.0 5741.0 5877.0 5999.0 5874.0 5833.0 5825.0 5922.0 5778.0 5810.0 5714.0 5683.0 5597.0 5609.0 5399.0 5302.0 4947.0 4785.0 5084.0 4597.0 4001.0 4284.0 2832.0 2717.0 4014.0 4043.0 3873.0 3713.0 3966.0
75.0 71.0 0.0 0.0 0.0 0.0 0.0 0.0 0.0 0.0 0.0 1.0 103.0 68.0 0.0 0.0 0.0 0.0 0.0 0.0 0.0 0.0 0.0 0.0 0.0 0.0 0.0 0.0 0.0 0.0 0.0 0.0 1.0 409.0 1550.0 3932.0 5679.0 5009.0 5159.0 4594.0 5146.0 5601.0 5772.0 5806.0 4872.0 4629.0 5622.0 5566.0 5942.0 6047.0 6019.0 5946.0 5722.0 5686.0 5862.0 5987.0 6062.0 5483.0 5854.0 5771.0 5779.0 5644.0 5360.0 5428.0 5209.0 5084.0 5006.0 4060.0 4285.0 3972.0 3553.0 3414.0 3510.0 3692.0 3629.0 3910.0
78.0 64.0 0.0 1.0 0.0 0.0 0.0 1.0 4.0 23.0 0.0 77.0 26.0 0.0 0.0 0.0 0.0 0.0 0.0 0.0 0.0 0.0 0.0 0.0 0.0 0.0 42.0 463.0 47.0 82.0 0.0 0.0 879.0 1873.0 3435.0 6046.0 5547.0 4981.0 5074.0 1465.0 1491.0 3398.0 5698.0 2382.0 2857.0 5612.0 5486.0 5455.0 2705.0 5901.0 6009.0 5855.0 5775.0 5712.0 5897.0 5963.0 5970.0 5900.0 5911.0 5213.0 5004.0 5807.0 5671.0 5526.0 5319.0 5258.0 4810.0 4176.0 3799.0 3344.0 3106.0 2804.0 3223.0 3509.0 4002.0 4450.0
63.0 74.0 4.0 54.0 0.0 0.0 2.0 19.0 78.0 99.0 73.0 0.0 0.0 0.0 0.0 0.0 0.0 0.0 0.0 0.0 0.0 0.0 0.0 0.0 0.0 987.0 998.0 1421.0 1428.0 75.0 254.0 1.0 173.0 841.0 2520.0 4920.0 5992.0 4785.0 4436.0 3123.0 5385.0 5493.0 5622.0 4320.0 4738.0 5483.0 5527.0 5889.0 5844.0 6063.0 6014.0 5885.0 5955.0 5834.0 5742.0 5944.0 5960.0 5918.0 5629.0 5018.0 4748.0 5162.0 5757.0 5612.0 5378.0 4896.0 3992.0 3407.0 3113.0 2900.0 2744.0 2929.0 3511.0 3359.0 4160.0 5128.0
47.0 62.0 62.0 57.0 0.0 0.0 5.0 96.0 119.0 1.0 0.0 0.0 0.0 0.0 0.0 0.0 0.0 0.0 0.0 1.0 0.0 218.0 538.0 1.0 973.0 1788.0 1660.0 2773.0 2490.0 1208.0 685.0 0.0 263.0 847.0 2113.0 4267.0 6837.0 4760.0 2896.0 2960.0 5248.0 5482.0 5558.0 5640.0 5633.0 5361.0 4642.0 5452.0 5558.0 5672.0 5980.0 5821.0 5895.0 5897.0 5809.0 5065.0 5750.0 5710.0 5702.0 5475.0 5433.0 5250.0 4830.0 5065.0 5035.0 4585.0 3935.0 3111.0 2194.0 2293.0 2701.0 3554.0 3815.0 3754.0 5120.0 5559.0
39.0 47.0 56.0 72.0 68.0 87.0 104.0 134.0 157.0 0.0 0.0 0.0 0.0 0.0 0.0 0.0 1.0 0.0 1.0 356.0 659.0 605.0 1771.0 2748.0 3373.0 3425.0 3796.0 3182.0 2943.0 1147.0 474.0 178.0 441.0 1167.0 2384.0 3643.0 5213.0 5091.0 3024.0 3913.0 5190.0 4867.0 4046.0 5782.0 5779.0 5782.0 5865.0 3483.0 1467.0 2494.0 5433.0 5578.0 3314.0 5722.0 5641.0 5665.0 5438.0 5380.0 5265.0 5047.0 4658.0 4040.0 3806.0 4233.0 4622.0 3830.0 3133.0 2660.0 2007.0 2337.0 2597.0 3490.0 4287.0 4580.0 5283.0 5639.0
38.0 36.0 45.0 53.0 78.0 92.0 110.0 123.0 1.0 99.0 156.0 23.0 0.0 0.0 0.0 0.0 115.0 221.0 316.0 838.0 1684.0 2197.0 4160.0 4131.0 3835.0 3778.0 3981.0 3941.0 1846.0 1040.0 864.0 0.0 812.0 1980.0 2615.0 3691.0 7113.0 5725.0 5348.0 5270.0 5378.0 5183.0 5129.0 5791.0 5630.0 5936.0 5841.0 5756.0 1693.0 3937.0 1525.0 5392.0 5755.0 5795.0 5740.0 5731.0 5270.0 5197.0 4954.0 4645.0 4145.0 4094.0 4321.0 4390.0 3904.0 3421.0 3001.0 2520.0 2467.0 2451.0 2916.0 3531.0 4508.0 5179.0 5254.0 5705.0
38.0 37.0 32.0 51.0 44.0 83.0 96.0 110.0 43.0 161.0 468.0 1.0 0.0 0.0 0.0 1.0 403.0 1646.0 1850.0 2712.0 4158.0 3378.0 2550.0 2589.0 3419.0 4101.0 2570.0 2581.0 2434.0 928.0 693.0 132.0 385.0 1346.0 2545.0 3963.0 6138.0 5768.0 5542.0 5585.0 5460.0 5490.0 5471.0 5814.0 5264.0 5511.0 5828.0 5489.0 1741.0 1619.0 1535.0 5517.0 5649.0 2659.0 1547.0 5265.0 5212.0 4514.0 5326.0 5281.0 4927.0 4458.0 4332.0 4303.0 3980.0 3522.0 3344.0 2970.0 2740.0 2947.0 3203.0 3835.0 4879.0 5027.0 5592.0 5750.0
39.0 43.0 44.0 47.0 60.0 80.0 89.0 104.0 127.0 319.0 2.0 1.0 0.0 0.0 0.0 121.0 1144.0 2319.0 3390.0 4501.0 4287.0 3441.0 2398.0 3174.0 2554.0 3813.0 3897.0 3817.0 1370.0 715.0 236.0 582.0 266.0 1847.0 2648.0 3488.0 6171.0 5987.0 5224.0 5584.0 5799.0 5509.0 5549.0 5505.0 5909.0 5629.0 5907.0 5930.0 6129.0 5232.0 4215.0 5818.0 5795.0 5230.0 3498.0 5448.0 4990.0 3968.0 5441.0 5522.0 5532.0 5022.0 4870.0 4665.0 4218.0 3976.0 3806.0 3842.0 3578.0 3137.0 3316.0 4089.0 4935.0 5327.0 5571.0 5730.0
46.0 47.0 53.0 54.0 57.0 78.0 64.0 80.0 180.0 463.0 24.0 0.0 1.0 0.0 0.0 927.0 1911.0 2567.0 4092.0 4324.0 4389.0 4016.0 4029.0 4057.0 3562.0 4129.0 4145.0 3822.0 1315.0 311.0 1193.0 902.0 0.0 871.0 2449.0 3079.0 5557.0 5923.0 5194.0 5349.0 5601.0 5806.0 5736.0 5895.0 5828.0 6029.0 6094.0 5474.0 6103.0 6126.0 6122.0 5966.0 5666.0 5875.0 5806.0 5823.0 5710.0 5584.0 5535.0 5635.0 5647.0 5363.0 5370.0 4764.0 4685.0 4287.0 4361.0 4699.0 4734.0 3784.0 4442.0 4761.0 5054.0 5417.0 5632.0 5709.0
48.0 50.0 56.0 61.0 71.0 68.0 83.0 115.0 337.0 566.0 263.0 1.0 0.0 0.0 1.0 1808.0 2763.0 3125.0 1940.0 4077.0 4372.0 4388.0 4109.0 4109.0 2180.0 1075.0 4106.0 3876.0 2243.0 1369.0 548.0 866.0 527.0 835.0 3118.0 3204.0 4456.0 6425.0 5379.0 5376.0 5561.0 5821.0 5780.0 5784.0 5796.0 6029.0 6160.0 5462.0 5463.0 5756.0 6100.0 5879.0 5690.0 6017.0 5748.0 5727.0 5741.0 5768.0 5764.0 5711.0 5642.0 3709.0 5356.0 5635.0 5302.0 4516.0 4293.0 5093.0 5327.0 5423.0 5042.0 5322.0 5415.0 5561.0 5744.0 5838.0
39.0 8.0 47.0 59.0 77.0 51.0 48.0 129.0 320.0 134.0 282.0 0.0 147.0 240.0 1195.0 2665.0 4103.0 2206.0 1684.0 2494.0 3803.0 4558.0 4286.0 4066.0 3924.0 3769.0 3424.0 3631.0 2663.0 1233.0 1414.0 1818.0 283.0 1832.0 3532.0 3165.0 4305.0 6866.0 5734.0 5084.0 5402.0 5667.0 5093.0 5279.0 5508.0 5935.0 5825.0 5936.0 6123.0 6042.0 5963.0 5463.0 5415.0 5931.0 5825.0 5776.0 5458.0 5698.0 1352.0 1333.0 5575.0 4059.0 5322.0 5184.0 5619.0 5651.0 5199.0 5323.0 5531.0 5622.0 5529.0 5598.0 5618.0 5741.0 5858.0 5969.0
67.0 67.0 82.0 88.0 62.0 99.0 116.0 464.0 1017.0 337.0 0.0 1.0 293.0 587.0 3239.0 4019.0 4101.0 2887.0 2797.0 1685.0 2256.0 4605.0 4265.0 4249.0 4248.0 4077.0 3648.0 3788.0 3185.0 1230.0 1892.0 1671.0 1160.0 1442.0 3787.0 2386.0 2408.0 4798.0 5968.0 5508.0 5573.0 5432.0 5228.0 5012.0 5440.0 5738.0 6060.0 6056.0 5409.0 5825.0 5483.0 5787.0 5731.0 5774.0 5689.0 5792.0 5590.0 5466.0 1372.0 1338.0 5549.0 5775.0 5623.0 5491.0 5915.0 5566.0 5561.0 5530.0 5636.0 5817.0 5758.0 5778.0 5028.0 5510.0 5783.0 5806.0
73.0 81.0 89.0 83.0 66.0 89.0 179.0 736.0 607.0 212.0 0.0 1.0 228.0 1830.0 2462.0 2559.0 1982.0 3236.0 3217.0 2447.0 2101.0 3904.0 4566.0 4222.0 4210.0 4047.0 3523.0 3983.0 3120.0 1599.0 2083.0 2372.0 1558.0 1350.0 3377.0 1565.0 1809.0 2803.0 6379.0 5831.0 5660.0 5721.0 5646.0 5497.0 5667.0 2659.0 5883.0 5724.0 3921.0 5803.0 5741.0 5841.0 5790.0 5757.0 5478.0 5592.0 5621.0 5503.0 5647.0 5749.0 5850.0 4991.0 5768.0 5883.0 5915.0 5711.0 5636.0 5656.0 5752.0 5299.0 5714.0 5757.0 5660.0 4938.0 5527.0 5550.0
73.0 81.0 86.0 77.0 85.0 120.0 417.0 611.0 468.0 70.0 0.0 0.0 1.0 1690.0 2332.0 1885.0 1277.0 2255.0 2278.0 3977.0 1960.0 2131.0 4577.0 4651.0 4464.0 4244.0 2434.0 1720.0 4025.0 2259.0 2598.0 2525.0 1986.0 1370.0 3698.0 273.0 243.0 1454.0 5429.0 6255.0 5606.0 5042.0 5432.0 2159.0 4385.0 5342.0 4819.0 2407.0 2453.0 5582.0 6029.0 6074.0 5736.0 5700.0 5708.0 5376.0 5651.0 5532.0 1359.0 1803.0 5664.0 5595.0 5709.0 6013.0 5977.0 5950.0 5916.0 5840.0 5934.0 5426.0 5617.0 5296.0 5694.0 5638.0 5576.0 5575.0
58.0 69.0 23.0 9.0 67.0 352.0 961.0 555.0 1.0 0.0 0.0 594.0 1646.0 3524.0 2315.0 3195.0 2152.0 2668.0 2148.0 4441.0 3139.0 903.0 3409.0 4660.0 4474.0 4153.0 3331.0 1879.0 4302.0 2858.0 2424.0 2718.0 1225.0 1581.0 3090.0 270.0 2.0 1142.0 4918.0 6325.0 4129.0 3052.0 4439.0 1130.0 3693.0 5610.0 4967.0 2607.0 5419.0 5061.0 5672.0 5757.0 5924.0 5342.0 5571.0 4989.0 3911.0 2265.0 1732.0 1484.0 4217.0 4924.0 5594.0 5934.0 5889.0 5977.0 6050.0 5910.0 5896.0 5489.0 5706.0 5350.0 5579.0 5707.0 5818.0 4761.0
65.0 61.0 12.0 76.0 150.0 1321.0 503.0 1.0 1.0 0.0 274.0 1674.0 2383.0 4271.0 4400.0 4980.0 4006.0 3245.0 3108.0 3104.0 3787.0 3305.0 2460.0 3202.0 4615.0 4278.0 4259.0 4158.0 4402.0 3442.0 2169.0 1265.0 1599.0 0.0 1668.0 1788.0 0.0 1112.0 4531.0 4354.0 1691.0 2992.0 290.0 4859.0 5386.0 4982.0 5474.0 5699.0 4708.0 1269.0 5588.0 5819.0 5693.0 5714.0 3525.0 1318.0 1521.0 3907.0 5053.0 5513.0 5419.0 5658.0 5812.0 5788.0 5978.0 5979.0 5123.0 5068.0 5734.0 5439.0 5340.0 5761.0 5826.0 5849.0 5886.0 5768.0
72.0 60.0 87.0 134.0 1061.0 2.0 1.0 0.0 0.0 144.0 2125.0 3326.0 3382.0 2645.0 2841.0 3952.0 4575.0 4308.0 3511.0 3569.0 3206.0 1857.0 599.0 1476.0 4309.0 4738.0 4458.0 4327.0 3355.0 4504.0 3844.0 2344.0 3080.0 820.0 811.0 1785.0 0.0 1061.0 1735.0 3730.0 2818.0 3220.0 3521.0 5063.0 5277.0 5190.0 5250.0 5571.0 5149.0 3087.0 5660.0 5688.0 5715.0 5623.0 4865.0 4892.0 2773.0 5711.0 5832.0 4386.0 4028.0 5672.0 5896.0 5240.0 5169.0 5726.0 4806.0 4550.0 5694.0 4000.0 4934.0 5735.0 5820.0 5808.0 5937.0 5786.0
94.0 130.0 115.0 1122.0 1069.0 0.0 0.0 0.0 1.0 1294.0 3016.0 4963.0 2821.0 1893.0 578.0 1124.0 2603.0 2685.0 3799.0 4166.0 4075.0 3746.0 2424.0 512.0 4062.0 4590.0 4595.0 4512.0 3949.0 4682.0 4238.0 1895.0 2588.0 737.0 644.0 2730.0 96.0 1444.0 1210.0 2033.0 653.0 2083.0 970.0 1139.0 4648.0 3073.0 1836.0 3334.0 4230.0 4652.0 5948.0 5650.0 5513.0 5408.0 5478.0 5587.0 2766.0 4847.0 5624.0 4651.0 4224.0 5648.0 5661.0 5635.0 5354.0 5182.0 5966.0 5939.0 5866.0 3714.0 5554.0 5625.0 5788.0 5340.0 5826.0 5864.0
129.0 0.0 1097.0 130.0 154.0 173.0 49.0 206.0 1528.0 2741.0 4396.0 4396.0 3700.0 2484.0 0.0 1148.0 1158.0 1322.0 1707.0 1592.0 2429.0 2297.0 1394.0 1336.0 1423.0 4632.0 4595.0 4411.0 4187.0 4439.0 4191.0 2132.0 2553.0 1604.0 266.0 2495.0 1720.0 1508.0 2296.0 1856.0 1075.0 3231.0 1022.0 1222.0 1534.0 1082.0 992.0 1237.0 1169.0 2727.0 2917.0 2968.0 5625.0 5673.0 4577.0 4738.0 5007.0 5230.0 2913.0 4849.0 5541.0 5645.0 5490.0 5371.0 5515.0 5691.0 5652.0 5761.0 5800.0 5780.0 5809.0 5840.0 5850.0 5655.0 5409.0 5334.0
1639.0 1461.0 3.0 4.0 81.0 343.0 1652.0 2131.0 3130.0 4909.0 4057.0 4053.0 3958.0 2135.0 2192.0 2921.0 2823.0 1121.0 1293.0 1474.0 2770.0 4294.0 3895.0 1339.0 1514.0 4658.0 4820.0 4246.0 4330.0 3849.0 4194.0 2778.0 2204.0 1497.0 0.0 2350.0 1793.0 1744.0 2436.0 1296.0 1882.0 3921.0 5037.0 5461.0 5608.0 5662.0 2909.0 4744.0 1514.0 1149.0 2589.0 3092.0 5551.0 5429.0 4620.0 3618.0 5106.0 2734.0 3249.0 5091.0 5604.0 5489.0 5458.0 5102.0 5192.0 5758.0 5674.0 5765.0 5791.0 5710.0 5681.0 5575.0 5487.0 5299.0 5472.0 2876.0
1.0 0.0 0.0 1.0 288.0 1596.0 1716.0 3930.0 5684.0 4847.0 3811.0 3790.0 4080.0 1760.0 0.0 1895.0 2101.0 3481.0 2623.0 1956.0 1273.0 2725.0 2883.0 3756.0 1785.0 1465.0 4609.0 4931.0 4338.0 4026.0 4065.0 2898.0 2521.0 1446.0 1.0 1140.0 2184.0 2451.0 3307.0 4047.0 3858.0 4327.0 5029.0 5356.0 5632.0 5631.0 3064.0 5666.0 2121.0 3073.0 4879.0 4319.0 4138.0 5529.0 5025.0 4416.0 3400.0 1918.0 5192.0 4864.0 3479.0 2625.0 5507.0 3495.0 4556.0 5447.0 3756.0 5487.0 5772.0 3002.0 5300.0 5267.0 4544.0 4383.0 5137.0 3063.0
0.0 127.0 493.0 803.0 1273.0 1914.0 3999.0 5818.0 5229.0 4877.0 3666.0 3666.0 3471.0 2573.0 882.0 1603.0 1754.0 2256.0 2572.0 3261.0 2786.0 2561.0 2794.0 4770.0 3501.0 3631.0 3878.0 4678.0 4309.0 3672.0 3804.0 3577.0 2897.0 2098.0 234.0 1.0 1956.0 2374.0 2911.0 5418.0 3187.0 4697.0 4703.0 5400.0 5659.0 5793.0 5559.0 5743.0 5528.0 4014.0 4942.0 1432.0 1076.0 2068.0 4753.0 4895.0 2084.0 4045.0 5091.0 1116.0 0.0 1282.0 5446.0 5437.0 5357.0 5416.0 4022.0 5401.0 5171.0 2564.0 2260.0 2593.0 5341.0 3141.0 3884.0 2658.0
2504.0 2270.0 1757.0 883.0 1458.0 5500.0 5164.0 5403.0 5336.0 5186.0 4210.0 3644.0 3561.0 2340.0 3178.0 2917.0 2591.0 1774.0 1782.0 2061.0 2462.0 2383.0 3908.0 3759.0 2676.0 1630.0 3997.0 4428.0 4202.0 3758.0 3930.0 3788.0 3153.0 2193.0 1161.0 357.0 844.0 2967.0 3183.0 4850.0 5383.0 4971.0 5217.0 5518.0 5709.0 5769.0 5754.0 5610.0 5342.0 1120.0 4999.0 4720.0 3376.0 1067.0 4711.0 1097.0 2289.0 1585.0 1101.0 3987.0 4829.0 5135.0 5276.0 5355.0 4155.0 4611.0 5.0 2784.0 2047.0 3266.0 1206.0 1307.0 5233.0 1060.0 3586.0 4003.0
3109.0 4056.0 5215.0 5176.0 4978.0 5597.0 5337.0 5377.0 4816.0 4850.0 4832.0 4149.0 3109.0 3759.0 4697.0 4724.0 4952.0 3485.0 2696.0 2474.0 2106.0 1811.0 4104.0 4202.0 3617.0 2695.0 2818.0 4195.0 4142.0 3937.0 3469.0 4031.0 3386.0 2404.0 728.0 105.0 1024.0 1842.0 2798.0 3757.0 3190.0 5425.0 5156.0 5840.0 5754.0 5636.0 5635.0 5660.0 2896.0 1091.0 4951.0 5627.0 5430.0 5393.0 5525.0 4192.0 4957.0 1087.0 727.0 1131.0 5312.0 4757.0 3372.0 2696.0 4778.0 1695.0 2343.0 2310.0 1872.0 4993.0 4819.0 4921.0 5093.0 5110.0 4920.0 4935.0
4516.0 4715.0 4818.0 4467.0 4154.0 5614.0 5442.0 5074.0 3835.0 3354.0 4160.0 4555.0 4238.0 5600.0 5354.0 5549.0 5598.0 5422.0 5322.0 2605.0 2630.0 1877.0 2672.0 4793.0 4888.0 3723.0 2685.0 4101.0 4297.0 4080.0 3600.0 3978.0 3735.0 2700.0 1925.0 1080.0 2225.0 650.0 1249.0 2456.0 2403.0 3776.0 4521.0 6093.0 5992.0 5783.0 5662.0 5516.0 3693.0 1386.0 5399.0 5674.0 5444.0 5497.0 5566.0 5498.0 4042.0 4570.0 1085.0 1205.0 2012.0 2300.0 2144.0 2940.0 3997.0 2032.0 3072.0 3744.0 3811.0 5135.0 4821.0 4903.0 5138.0 1162.0 2571.0 3463.0
4507.0 5310.0 4561.0 4673.0 4645.0 5237.0 5268.0 5088.0 3912.0 3497.0 4739.0 4936.0 5237.0 5594.0 5587.0 5637.0 5556.0 5501.0 5105.0 5368.0 4809.0 3696.0 3519.0 4414.0 4691.0 2435.0 3497.0 4072.0 4423.0 4129.0 3588.0 3935.0 3124.0 2573.0 3643.0 990.0 1194.0 1330.0 769.0 1023.0 2349.0 3202.0 3379.0 5426.0 5554.0 6045.0 5246.0 5302.0 3849.0 2895.0 5272.0 4855.0 4328.0 5463.0 5450.0 5369.0 5484.0 5489.0 5427.0 5381.0 3695.0 2858.0 2529.0 4255.0 5118.0 4471.0 4985.0 5228.0 5296.0 5132.0 1219.0 2387.0 3956.0 4295.0 864.0 664.0
