Environmental Parameters/2019/Sea-surface_temperature.asc
ncols 720
nrows 360
xllcorner -180.00
yllcorner -90.00
cellsize 0.5
NODATA_value -9999
[rows 0 to 24 of 360, columns 560 to 615 of 720]
-1.715417981 -1.715304017 -1.715204954 -1.715191007 -1.71510601 -1.715177059 -1.715276003 -1.715247989 -1.715304017 -1.71528995 -1.71528995 -1.715360999 -1.715417981 -1.715474963 -1.715495944 -1.715502977 -1.715474963 -1.715404034 -1.715319037 -1.715232968 -1.715204954 -1.715175986 -1.715147972 -1.715147972 -1.715119958 -1.71509099 -1.71510601 -1.71510601 -1.715119958 -1.715175986 -1.715191007 -1.715177059 -1.715147972 -1.71509099 -1.715049028 -1.715034008 -1.715077043 -1.715119958 -1.715162039 -1.715162039 -1.715134025 -1.715077043 -1.714992046 -1.714949012 -1.71490705 -1.71489203 -1.714877963 -1.71490705 -1.714949012 -1.714992046 -1.715005994 -1.714992046 -1.714949012 -1.71490705 -1.714920998 -1.714934945
-1.725204945 -1.725232959 -1.725347042 -1.725502968 -1.725716949 -1.72595799 -1.726071954 -1.726143003 -1.726171017 -1.726155996 -1.72626996 -1.726256013 -1.726284981 -1.726412058 -1.72656095 -1.726647019 -1.726711035 -1.726711035 -1.726696014 -1.726596951 -1.726526022 -1.726554036 -1.726569057 -1.726632953 -1.726866961 -1.726951957 -1.72706604 -1.727108002 -1.72706604 -1.726951957 -1.726866961 -1.726766944 -1.726639986 -1.726554036 -1.726454973 -1.726312995 -1.726199031 -1.726114035 -1.725999951 -1.725914955 -1.725844026 -1.725759029 -1.725744963 -1.725744963 -1.725715995 -1.725687981 -1.725546002 -1.725404024 -1.725247025 -1.725118995 -1.725062966 -1.724992037 -1.724920988 -1.724820971 -1.724707961 -1.724607944
-1.727820039 -1.728016973 -1.728131056 -1.728343964 -1.728543997 -1.728785038 -1.729110956 -1.72932601 -1.729567051 -1.729722023 -1.729820967 -1.729977965 -1.73013401 -1.730304956 -1.730599046 -1.730672002 -1.730744958 -1.730972052 -1.731156945 -1.731328011 -1.731497049 -1.731611013 -1.731696963 -1.73170495 -1.731709957 -1.731794953 -1.731953025 -1.732138038 -1.732349992 -1.732463002 -1.732563019 -1.732733011 -1.732903957 -1.733032942 -1.733075023 -1.733088017 -1.733060002 -1.73307395 -1.733144999 -1.733188033 -1.733229995 -1.733273029 -1.733414054 -1.733613968 -1.733814001 -1.734055042 -1.734140038 -1.734210968 -1.734295011 -1.73438096 -1.734552026 -1.734750986 -1.734837055 -1.734822035 -1.734750032 -1.734593987
-1.734436989 -1.734709978 -1.73496604 -1.735190988 -1.735332966 -1.735447049 -1.735630035 -1.735828996 -1.736071944 -1.736413002 -1.736642003 -1.736853957 -1.737079024 -1.737308025 -1.737892985 -1.738037944 -1.73814702 -1.738427997 -1.73864305 -1.738914013 -1.739169002 -1.739325047 -1.739495039 -1.739541054 -1.739806056 -1.74000597 -1.740206957 -1.740502954 -1.740632057 -1.740829945 -1.741027951 -1.741158962 -1.741314054 -1.741314054 -1.741255999 -1.741127968 -1.74101305 -1.740929008 -1.740914941 -1.741055965 -1.741284013 -1.74150002 -1.741711974 -1.741865993 -1.741868019 -1.741994023 -1.742149949 -1.742295027 -1.742535949 -1.74278903 -1.743074059 -1.74329102 -1.743445992 -1.743402004 -1.743299961 -1.743355036
-1.73872602 -1.738872051 -1.739168048 -1.739369035 -1.739581943 -1.739778996 -1.739894032 -1.740077019 -1.740262032 -1.740574002 -1.740888953 -1.741175056 -1.741482973 -1.741670012 -1.741883993 -1.741919041 -1.741976976 -1.742148995 -1.742437959 -1.742918015 -1.743319988 -1.743633986 -1.743926048 -1.744014978 -1.744339943 -1.744693995 -1.745064974 -1.745476961 -1.745831966 -1.746173024 -1.746443033 -1.746741056 -1.747009993 -1.747197986 -1.74740696 -1.747604012 -1.747792006 -1.747936964 -1.748198986 -1.748373032 -1.748518944 -1.748741984 -1.748826981 -1.748970032 -1.749223948 -1.749469042 -1.749739051 -1.750020981 -1.750179052 -1.750404 -1.750658035 -1.751001954 -1.751304984 -1.751515985 -1.75167799 -1.751793981
-1.738204002 -1.738680005 -1.739215016 -1.739696026 -1.740262032 -1.740959048 -1.741731048 -1.742527962 -1.743250966 -1.743916988 -1.744431973 -1.74493897 -1.745445967 -1.745933056 -1.74692297 -1.747184992 -1.747452021 -1.74783802 -1.748289943 -1.748769045 -1.749176979 -1.749544024 -1.749835968 -1.74999702 -1.750548005 -1.751021981 -1.751502037 -1.751855016 -1.752221942 -1.752621055 -1.753021955 -1.753556967 -1.753975987 -1.754372954 -1.754750013 -1.755092025 -1.755548 -1.75601995 -1.756502986 -1.756996989 -1.757506967 -1.757995009 -1.758434057 -1.759009004 -1.759431005 -1.759873986 -1.760316014 -1.760645986 -1.761086941 -1.761615038 -1.762141943 -1.762598038 -1.763018966 -1.763306975 -1.76356101 -1.763772011
-1.736860991 -1.737748981 -1.738649011 -1.739529014 -1.740401983 -1.74131 -1.742115021 -1.742934942 -1.74376297 -1.744482994 -1.745210052 -1.745736003 -1.746286988 -1.746965051 -1.748263001 -1.748659968 -1.749017 -1.749626994 -1.750228047 -1.750741005 -1.751232982 -1.751750946 -1.752351999 -1.752717018 -1.753679037 -1.754286051 -1.754937053 -1.755529046 -1.756150961 -1.756768942 -1.757354975 -1.758021951 -1.758702993 -1.759443045 -1.760076046 -1.760655046 -1.761337042 -1.761903048 -1.762603045 -1.763275027 -1.763834 -1.764484048 -1.765099049 -1.765859962 -1.766592026 -1.767362952 -1.768147945 -1.768875003 -1.769588947 -1.770215034 -1.770817995 -1.771334052 -1.771819949 -1.772294998 -1.772748947 -1.77322197
-1.739743948 -1.740501046 -1.741173029 -1.74187398 -1.742457986 -1.743038058 -1.74376595 -1.744446993 -1.745221019 -1.746034026 -1.74673903 -1.747524977 -1.748293996 -1.749040008 -1.750097036 -1.750362039 -1.750627995 -1.751091957 -1.751647949 -1.75227797 -1.752951026 -1.753705978 -1.75453198 -1.754922986 -1.755947948 -1.756685019 -1.757410049 -1.758291006 -1.759063959 -1.759701967 -1.76028502 -1.760786057 -1.761343956 -1.762025952 -1.762716055 -1.763411045 -1.76404798 -1.764726043 -1.765383959 -1.766090989 -1.766880989 -1.767606974 -1.768437028 -1.769392014 -1.770308018 -1.771370053 -1.77256 -1.773663044 -1.77484405 -1.776021004 -1.777026057 -1.778138995 -1.779314995 -1.780491948 -1.781756997 -1.782946944
-1.739532948 -1.740049958 -1.740656972 -1.741348982 -1.742138028 -1.742903948 -1.743612051 -1.744225025 -1.744842052 -1.745501995 -1.746206999 -1.746963978 -1.747704029 -1.748437047 -1.749789953 -1.750177026 -1.750576019 -1.751245022 -1.751937985 -1.752730012 -1.75348103 -1.754166007 -1.754889011 -1.755277991 -1.756299019 -1.757086992 -1.757848024 -1.758643031 -1.759405971 -1.760100007 -1.760725021 -1.761348009 -1.762120962 -1.762918949 -1.763789058 -1.764708996 -1.765596986 -1.766571999 -1.767619014 -1.76857698 -1.769498944 -1.770423055 -1.771322012 -1.772279024 -1.773229957 -1.774256945 -1.775370002 -1.776587963 -1.777876019 -1.77918303 -1.780524015 -1.781849027 -1.783177018 -1.78449297 -1.785776973 -1.787214994
-1.742377043 -1.742493987 -1.742645979 -1.742895007 -1.743175983 -1.743513942 -1.743811011 -1.74407196 -1.744385958 -1.74467802 -1.744845033 -1.744984984 -1.744999051 -1.745175004 -1.745782971 -1.746299982 -1.746711016 -1.747491002 -1.748235941 -1.749017 -1.749757051 -1.750547051 -1.751397014 -1.751878977 -1.753069997 -1.753999949 -1.754901052 -1.755851984 -1.756826043 -1.757670045 -1.758587956 -1.759435058 -1.760231972 -1.761134982 -1.762038946 -1.762992024 -1.763993025 -1.764914989 -1.765939951 -1.766975999 -1.768066049 -1.769189954 -1.770241022 -1.771322966 -1.772380948 -1.77352798 -1.774759054 -1.775982976 -1.777169943 -1.778316021 -1.779420018 -1.780447006 -1.781381965 -1.782397985 -1.783401012 -1.784487009
-1.735265017 -1.73544395 -1.735622048 -1.735826969 -1.736042976 -1.736137986 -1.736125946 -1.736003995 -1.735970974 -1.735903025 -1.735936999 -1.735995054 -1.736166954 -1.736557961 -1.737050056 -1.737604976 -1.737905979 -1.738582969 -1.739457011 -1.740352988 -1.741106987 -1.741920948 -1.742766976 -1.74328804 -1.744431973 -1.745030046 -1.745633006 -1.746291995 -1.74694097 -1.747521996 -1.748039007 -1.748499036 -1.748888016 -1.749428988 -1.750023007 -1.750820994 -1.751940012 -1.753182054 -1.754626989 -1.755952954 -1.757243037 -1.75848496 -1.759879947 -1.761486053 -1.763038993 -1.76462698 -1.765990019 -1.76731503 -1.768658042 -1.769992948 -1.771273971 -1.772429943 -1.773566961 -1.774763942 -1.776041031 -1.777390003
-1.726014018 -1.725798965 -1.725507975 -1.725286007 -1.725056052 -1.724961042 -1.724943995 -1.724907994 -1.724789977 -1.724571943 -1.72449398 -1.724647045 -1.725044966 -1.725600958 -1.726026058 -1.727226019 -1.727596045 -1.728224993 -1.728796005 -1.729393959 -1.729961038 -1.730412006 -1.730795026 -1.731032014 -1.731760979 -1.732293963 -1.732915044 -1.733489037 -1.734050989 -1.734576941 -1.734881043 -1.735075951 -1.735087991 -1.735214949 -1.735564947 -1.736132979 -1.736901999 -1.737787962 -1.738600016 -1.739348054 -1.74020195 -1.741078973 -1.742213964 -1.743388057 -1.744454026 -1.745448947 -1.746467948 -1.747589946 -1.748993993 -1.750619054 -1.752339005 -1.754223943 -1.756052971 -1.757781029 -1.759166002 -1.760203958
-1.708788037 -1.708704948 -1.708492994 -1.70828402 -1.708063006 -1.707769036 -1.707424998 -1.707054019 -1.706825972 -1.70689404 -1.707124949 -1.707540989 -1.708053946 -1.708713055 -1.709154963 -1.710569024 -1.710940957 -1.711352944 -1.711637974 -1.711848021 -1.712187052 -1.712553978 -1.712965012 -1.712878942 -1.713726044 -1.714156985 -1.714547038 -1.714931965 -1.715320945 -1.715652943 -1.716048002 -1.716339946 -1.716532946 -1.71666801 -1.716861963 -1.717123985 -1.717396975 -1.717620015 -1.717599988 -1.717424035 -1.717115045 -1.716784954 -1.716536045 -1.716295958 -1.716160059 -1.716099024 -1.716184974 -1.71657598 -1.717156053 -1.718003988 -1.719117045 -1.720489979 -1.722128987 -1.723816991 -1.725433946 -1.726886988
-1.689685941 -1.690153956 -1.690776944 -1.691408992 -1.691897035 -1.692319989 -1.692636967 -1.692975044 -1.693349004 -1.693542004 -1.693691015 -1.693971038 -1.694396019 -1.694954038 -1.694936991 -1.695736051 -1.69578898 -1.695798993 -1.695760965 -1.695726037 -1.695706964 -1.695579052 -1.695404053 -1.694980025 -1.694913983 -1.694700956 -1.694486976 -1.69431603 -1.69421804 -1.69432199 -1.694496989 -1.694847941 -1.695225954 -1.69551599 -1.695868015 -1.696099043 -1.696187019 -1.696169019 -1.695832014 -1.695214033 -1.694388986 -1.693300009 -1.692224979 -1.691210032 -1.690392017 -1.689878941 -1.689636946 -1.689839959 -1.690294981 -1.69106698 -1.692067027 -1.693174958 -1.694473028 -1.695677042 -1.696666002 -1.697443962
-1.675878048 -1.676684976 -1.677454948 -1.678189993 -1.678869009 -1.679432034 -1.679844022 -1.679919958 -1.679748058 -1.679499984 -1.679316044 -1.679221034 -1.679187059 -1.679409981 -1.679239988 -1.680307984 -1.680663943 -1.680909991 -1.68108201 -1.681241989 -1.681234002 -1.681097031 -1.680786967 -1.679973006 -1.679797053 -1.679229975 -1.678578019 -1.677881956 -1.677157998 -1.676373005 -1.675469041 -1.674589038 -1.673766017 -1.673058033 -1.672402024 -1.671630025 -1.670676947 -1.669782043 -1.668779969 -1.667655945 -1.666628003 -1.665565968 -1.664733052 -1.664085031 -1.663645983 -1.663462996 -1.663514018 -1.663800001 -1.664335966 -1.664929032 -1.665477991 -1.665791988 -1.666111946 -1.666767001 -1.667736053 -1.668918014
-1.659888983 -1.660292029 -1.661070943 -1.662070036 -1.663141966 -1.66397202 -1.664438963 -1.664649963 -1.66466105 -1.664592028 -1.664484024 -1.664288998 -1.663926005 -1.663565993 -1.662449002 -1.662714958 -1.662413955 -1.662008047 -1.661656976 -1.661337972 -1.661128044 -1.661062002 -1.660899997 -1.660084963 -1.660043001 -1.659304023 -1.658437014 -1.657310009 -1.656057954 -1.654886007 -1.653998971 -1.653612018 -1.653615952 -1.653705001 -1.653718948 -1.653625011 -1.653463006 -1.65328598 -1.652922988 -1.652227998 -1.651237011 -1.650123 -1.648818016 -1.647446036 -1.646026969 -1.644773006 -1.643807054 -1.643190026 -1.642871976 -1.642516971 -1.642104983 -1.641244054 -1.640272021 -1.639801979 -1.639876008 -1.640406966
-1.641348958 -1.642699003 -1.644052982 -1.645421028 -1.646782041 -1.648015976 -1.649181962 -1.650146008 -1.650769949 -1.651087999 -1.65112102 -1.650972009 -1.648326039 -1.648820996 -1.648277998 -1.648790956 -1.648617029 -1.648313999 -1.64783597 -1.647047997 -1.646234989 -1.644518018 -1.642459989 -1.640797019 -1.638641953 -1.638033986 -1.637622952 -1.637166977 -1.636512041 -1.635655999 -1.634755969 -1.634031057 -1.633651972 -1.633659959 -1.638102055 -1.638288021 -1.63817203 -1.637763023 -1.637161016 -1.636441946 -1.635539055 -1.634325027 -1.632825971 -1.631214023 -1.629711032 -1.628371 -1.627094984 -1.625936985 -1.624693036 -1.623432994 -1.621772051 -1.619557977 -1.617336988 -1.615818024 -1.615298033 -1.615254045
-1.610556006 -1.615586042 -1.620020032 -1.623756051 -1.626765013 -1.629279017 -1.631348968 -1.632881045 -1.631394029 -1.632624984 -1.633564949 -1.633931994 -1.633628011 -1.63310504 -1.631862998 -1.630977988 -1.629982948 -1.629076004 -1.628530979 -1.628088951 -1.627210021 -1.625630021 -1.623479962 -1.621080995 -1.620666027 -1.62083602 -1.621387005 -1.621716022 -1.621613979 -1.621124983 -1.620542049 -1.619964004 -1.61948204 -1.619248033 -1.618962049 -1.618476987 -1.617830038 -1.616919994 -1.615910053 -1.614881039 -1.613700986 -1.612333059 -1.610762 -1.60916996 -1.607911944 -1.606956959 -1.606171012 -1.605306029 -1.604169011 -1.602524042 -1.60029304 -1.597247005 -1.593633056 -1.59029901 -1.587728977 -1.586032987
-1.554350972 -1.563195944 -1.57249403 -1.580953002 -1.583816051 -1.591446042 -1.596699953 -1.599738955 -1.602198005 -1.603935957 -1.604660988 -1.604843974 -1.60572505 -1.605764031 -1.605710983 -1.604436994 -1.603695989 -1.602795959 -1.601840019 -1.600502968 -1.599102974 -1.597851038 -1.59710896 -1.596752048 -1.596708059 -1.596979022 -1.597460985 -1.597532988 -1.597198009 -1.596547008 -1.595572948 -1.59424305 -1.592898011 -1.591542959 -1.590227008 -1.589138031 -1.588821054 -1.588770986 -1.588372946 -1.587671041 -1.587106943 -1.586825013 -1.586951971 -1.587396026 -1.587769032 -1.587496042 -1.586205959 -1.584040999 -1.581222057 -1.578062057 -1.57446003 -1.569728017 -1.564010024 -1.558204055 -1.553437948 -1.549412012
-1.500939012 -1.508420944 -1.516484976 -1.521896958 -1.526998043 -1.531908035 -1.536506057 -1.542773008 -1.54418695 -1.547086954 -1.549654961 -1.551370978 -1.552230954 -1.552389979 -1.552363038 -1.552440047 -1.552181959 -1.551612973 -1.551040053 -1.551005006 -1.551622987 -1.552623987 -1.553797007 -1.554803967 -1.555745959 -1.556799054 -1.557464004 -1.557366014 -1.556558013 -1.555392981 -1.554633975 -1.554293036 -1.553886056 -1.552996993 -1.551951051 -1.550760031 -1.549502969 -1.548436046 -1.547672987 -1.547140002 -1.547068954 -1.547739029 -1.54913497 -1.550557017 -1.551113009 -1.550773978 -1.55015099 -1.54915905 -1.54727602 -1.543939948 -1.539504051 -1.534297943 -1.528439045 -1.52235496 -1.516214967 -1.510141015
-1.433912039 -1.425055981 -1.420812964 -1.415159941 -1.412112951 -1.410593033 -1.410936952 -1.412541986 -1.415449023 -1.419958949 -1.426195025 -1.433529973 -1.440881014 -1.447466969 -1.45320797 -1.458240986 -1.462393045 -1.465417981 -1.467591047 -1.469545007 -1.472077966 -1.475281954 -1.478371978 -1.481022 -1.483296037 -1.485725045 -1.488510966 -1.491018057 -1.492558002 -1.492933035 -1.492910981 -1.492723942 -1.492341995 -1.492082 -1.491809011 -1.491286993 -1.49070704 -1.490960002 -1.492285013 -1.494269013 -1.496680021 -1.499654055 -1.503317952 -1.506826997 -1.509399056 -1.510800958 -1.51118803 -1.510715961 -1.508728027 -1.50553596 -1.501711965 -1.498072028 -1.494091988 -1.489037991 -1.483111024 -1.476686001
-1.350358963 -1.350343943 -1.351420999 -1.337268591 -1.329349399 -1.324286222 -1.320680022 -1.308696985 -1.296843052 -1.288195014 -1.28429997 -1.287016988 -1.296293974 -1.309394002 -1.323348999 -1.336284041 -1.347182989 -1.355479002 -1.360962987 -1.364397049 -1.36757195 -1.372007966 -1.377756 -1.383649945 -1.388440013 -1.391824007 -1.394016027 -1.394870043 -1.393574953 -1.390696049 -1.38756597 -1.385753989 -1.385543942 -1.38617003 -1.387004018 -1.388067007 -1.38982904 -1.393669009 -1.399487972 -1.405997038 -1.412809014 -1.419839978 -1.426738977 -1.432662964 -1.437505007 -1.441588998 -1.445024014 -1.44649303 -1.445268035 -1.442433 -1.440322995 -1.438740015 -1.435395956 -1.429574013 -1.422031999 -1.412996054
-1.324496031 -1.280102015 -9999.0 -9999.0 -9999.0 -9999.0 -9999.0 -9999.0 -9999.0 -1.21281004 -1.210988641 -1.192069054 -1.184069991 -1.181030035 -1.183753967 -1.190507054 -1.198356032 -1.205575943 -1.212231994 -1.219398975 -1.228314042 -1.240421057 -1.253958941 -1.265866041 -1.274739981 -1.28114903 -1.285637975 -1.287791967 -1.28739202 -1.285297036 -1.282204986 -1.278264999 -1.275246024 -1.274916053 -1.276661038 -1.278478026 -1.280071974 -1.282804012 -1.287171006 -1.292826056 -1.300559998 -1.310894966 -1.322394967 -1.332959056 -1.341585994 -1.348706961 -1.354383945 -1.357982039 -1.359581947 -1.360147953 -1.360509038 -1.359719038 -1.355316997 -1.346725941 -1.335216045 -1.321526051
-1.204468846 -1.183724403 -1.16779089 -1.160785675 -1.156813502 -1.154080749 -1.152530909 -1.145681024 -1.134951949 -1.130208015 -1.143407941 -1.145828009 -1.110084414 -1.104018569 -1.120020986 -1.100335956 -1.082566023 -1.070181012 -1.063364029 -1.063382983 -1.069867015 -1.080348969 -1.092357993 -1.104172945 -1.115146041 -1.124969959 -1.133556008 -1.141080976 -1.146991968 -1.150766969 -1.152513981 -1.152263045 -1.151254058 -1.151574016 -1.153620005 -1.156579018 -1.160058975 -1.165873051 -1.174384952 -1.183411956 -1.190950036 -1.197782993 -1.206032991 -1.216207981 -1.226758003 -1.235831022 -1.242149949 -1.24544704 -1.247877002 -1.249750018 -1.250473022 -1.248882055 -1.243335009 -1.23250699 -1.216701984 -1.196905971
-1.084571004 -1.074036002 -1.070618033 -1.069280982 -1.06834197 -1.069262028 -1.071635962 -1.066990972 -1.050043941 -1.028288007 -1.016967058 -1.01680398 -1.019333005 -1.017534018 -1.006577969 -0.98961401 -0.975688994 -0.968151987 -0.962647974 -0.957087994 -0.951623023 -0.946071982 -0.94176501 -0.941748023 -0.947215021 -0.957517982 -0.971382976 -0.987547994 -1.004207015 -1.018864989 -1.029445052 -1.036193013 -1.041530013 -1.046506047 -1.051365018 -1.056123018 -1.06141603 -1.068181038 -1.075232983 -1.080829978 -1.083840966 -1.086433053 -1.090775013 -1.096109986 -1.099534988 -1.099639058 -1.098500967 -1.100113034 -1.103988051 -1.10601294 -1.103620052 -1.095932007 -1.085049987 -1.072311044 -1.055539966 -1.031437039
