Environmental Parameters/2019/Sea-surface_temperature.asc
ncols 720
nrows 360
xllcorner -180.00
yllcorner -90.00
cellsize 0.5
NODATA_value -9999
[rows 175 to 199 of 360, columns 448 to 503 of 720]
-9999.0 -9999.0 26.93719101 26.94703484 27.02666855 27.13655853 27.21699905 27.27898979 27.34994698 27.41874695 27.47333717 27.52956009 27.57909966 27.63806343 27.70376778 27.78885651 27.88071251 27.97022629 28.06148529 28.16261482 28.26838112 28.37990952 28.48028374 28.56424141 28.64004326 28.71935844 28.78461266 28.84318352 28.89632797 28.94225121 28.98018456 29.01785469 29.05942535 29.10243797 29.14893341 29.18669319 29.22258186 29.25340271 29.27596664 29.29297638 29.30725861 29.32014275 29.32798767 29.33814621 29.34580994 29.35264015 29.3535347 29.35167694 29.34141159 29.32818604 29.32186127 29.30764389 29.29248238 29.27951622 29.26376534 29.24213409
-9999.0 26.90651321 26.97112656 27.06344414 27.1440773 27.19903755 27.24771118 27.30489159 27.36967468 27.42923737 27.48493767 27.53912926 27.60397339 27.67942429 27.75427628 27.83635139 27.92791939 28.01779556 28.11357689 28.21811676 28.32175827 28.42209625 28.51364517 28.59093475 28.66072845 28.73897934 28.80159378 28.85450172 28.90300941 28.94498444 28.98057938 29.01960754 29.06017494 29.10383606 29.15048218 29.18966103 29.22252464 29.25752258 29.28258324 29.30237579 29.31893921 29.32837486 29.33461571 29.33735847 29.34451866 29.35519791 29.3589859 29.35588837 29.34675217 29.33990288 29.33307648 29.31999207 29.31300163 29.31015205 29.29983521 29.29396248
26.89291191 26.96712685 27.05355263 27.13919067 27.1832695 27.2185154 27.26573753 27.3237133 27.38845253 27.45133209 27.51416969 27.57670212 27.64689255 27.72933006 27.7960701 27.8778286 27.97712135 28.06816101 28.16731453 28.26874733 28.3594799 28.44590378 28.53205681 28.60805511 28.6777401 28.74920464 28.8109951 28.86551857 28.91134453 28.95204735 28.99109459 29.03383255 29.07360649 29.11644173 29.15791321 29.19650459 29.23090363 29.26175499 29.28411674 29.30554008 29.32501793 29.33451462 29.33895302 29.34754562 29.35568047 29.35951614 29.36494637 29.36345863 29.35902786 29.3561058 29.35022354 29.3380909 29.33073997 29.32226944 29.31373024 29.31360817
27.00330162 27.09464264 27.14266968 27.17291832 27.20629501 27.25376129 27.31493568 27.37321854 27.43497276 27.49726868 27.56038857 27.62926865 27.70726776 27.78743935 27.85908508 27.93710709 28.02709007 28.11600685 28.2075119 28.29490662 28.36565208 28.44971657 28.53134727 28.61058998 28.68104935 28.7476902 28.81046677 28.86167336 28.90987396 28.95663452 28.99864769 29.0435524 29.08943367 29.13399887 29.17028427 29.20406342 29.23446655 29.26428032 29.28708649 29.30779076 29.32475281 29.33547974 29.33943939 29.34762383 29.35774612 29.36357117 29.370327 29.37121582 29.3653717 29.35949135 29.3544426 29.34601402 29.33442116 29.32489395 29.31448746 29.30171776
27.10025406 27.14011955 27.16732788 27.20595932 27.25146675 27.30932236 27.36860847 27.42954636 27.4906559 27.55201912 27.61469269 27.68262291 27.76215363 27.84095192 27.91379166 27.9871254 28.06940651 28.14932251 28.22748184 28.30609322 28.37994003 28.45723724 28.53388023 28.61620903 28.68253708 28.74716377 28.80842018 28.86189461 28.91453743 28.95934868 29.00783539 29.05583954 29.10210991 29.14034653 29.17809296 29.20931816 29.23439026 29.25984192 29.28095627 29.30184937 29.32108116 29.33372688 29.34257126 29.34941292 29.35661125 29.36557579 29.37326813 29.37334442 29.36867523 29.36388016 29.36187553 29.3557148 29.34181786 29.33214951 29.32643509 29.31652069
27.16336632 27.18985367 27.21956444 27.26266861 27.31379128 27.37324333 27.43385696 27.4951992 27.55908012 27.61901665 27.68436432 27.75064659 27.82169914 27.89744568 27.96502304 28.03356743 28.10695076 28.17830276 28.24905396 28.320364 28.38955879 28.460495 28.53409958 28.61935997 28.68323708 28.74754524 28.80605698 28.86427498 28.91500092 28.95714951 29.00366783 29.05138016 29.09290314 29.13171005 29.16507339 29.19378281 29.21967697 29.24243927 29.26200867 29.28206253 29.29997063 29.31713295 29.32556915 29.33222008 29.34350204 29.35515213 29.36099625 29.36273003 29.36265945 29.3641758 29.36334419 29.35802841 29.3494091 29.34423828 29.34439659 29.33949089
27.21954727 27.24541473 27.27734947 27.32202339 27.37511063 27.43247795 27.49880791 27.56254387 27.62839508 27.69052505 27.76246834 27.83038521 27.89136314 27.95420837 28.01594162 28.08237076 28.14750099 28.21677971 28.28007889 28.34571457 28.41498566 28.48279381 28.54269791 28.61432266 28.67537689 28.73912048 28.80152321 28.85595703 28.89768028 28.94050217 28.98647499 29.029356 29.06831932 29.10403061 29.14058495 29.17247581 29.19516182 29.2062645 29.22674942 29.25039101 29.26701927 29.2790184 29.28901672 29.29821968 29.31309509 29.32688332 29.33593178 29.34033394 29.33853149 29.33753014 29.33905983 29.34033775 29.33760262 29.33626938 29.33666611 29.33457565
27.25649071 27.2845211 27.32207108 27.36685562 27.42006683 27.48253441 27.54683876 27.60808182 27.67629814 27.74106407 27.81588745 27.88731956 27.94743347 28.00282288 28.06078148 28.12630272 28.18391037 28.2458744 28.30685806 28.36911201 28.4339962 28.49337578 28.54790497 28.61394119 28.67007065 28.72786331 28.78368187 28.83076668 28.87172699 28.91175842 28.95256424 28.99331093 29.03162766 29.06508255 29.09700012 29.12599754 29.14995003 29.16326332 29.19053459 29.21158028 29.2218914 29.23303986 29.23830605 29.25064468 29.26760292 29.27720261 29.28601456 29.29358673 29.29684067 29.29965019 29.30460548 29.30618858 29.30645752 29.30851936 29.31651878 29.31868744
27.28360748 27.31291199 27.34666443 27.3906002 27.44812965 27.51219749 27.57440567 27.63585854 27.70849991 27.77451706 27.84462929 27.90706635 27.96348381 28.02306175 28.07900238 28.13960457 28.19669342 28.25527954 28.31465149 28.37182045 28.43175316 28.4826355 28.53268051 28.59092331 28.6468811 28.69751549 28.75157738 28.79276848 28.83087158 28.86622429 28.90182877 28.94227219 28.98148537 29.0157547 29.04312897 29.07208252 29.09951973 29.11878586 29.14710617 29.16823959 29.17383385 29.18360329 29.19453812 29.2044735 29.21312141 29.23067284 29.23814964 29.24306488 29.25008965 29.25460052 29.26037788 29.2662487 29.2668705 29.26684189 29.27313232 29.27515984
27.31120491 27.33978844 27.36655426 27.41284561 27.47465515 27.53296089 27.59128571 27.65329933 27.72039604 27.78259277 27.84302521 27.89765739 27.95585823 28.01893044 28.07915497 28.14045525 28.19488716 28.24851608 28.30500031 28.36088562 28.41317749 28.46030807 28.50475502 28.55792618 28.6084404 28.65676308 28.70750999 28.74833488 28.77934647 28.81406975 28.8512516 28.88440132 28.92120552 28.95682716 28.98059464 29.01022911 29.0409317 29.06184196 29.0849781 29.10272026 29.11109924 29.12747002 29.13954353 29.14802551 29.16025543 29.18060493 29.18967247 29.19061279 29.19950485 29.20274544 29.20913887 29.21691704 29.21471786 29.21571159 29.21409416 29.22009468
27.33919144 27.36695099 27.39734077 27.44634056 27.50519943 27.56075287 27.61768913 27.67388344 27.7246666 27.77485657 27.82915497 27.88020134 27.93816376 27.99909019 28.06285477 28.13041306 28.18704033 28.24283409 28.29606247 28.3495121 28.38911819 28.42805862 28.4702282 28.51745224 28.5676651 28.61285973 28.65750313 28.69621849 28.72628212 28.75631523 28.78731728 28.81475067 28.84915161 28.88487816 28.90834618 28.93893051 28.97308731 28.99538994 29.01516151 29.03221703 29.04468918 29.05760002 29.06573486 29.07733727 29.09821129 29.11878586 29.12644196 29.13040161 29.13763046 29.1423893 29.15118408 29.15775299 29.15785027 29.15947723 29.15701485 29.16501236
27.37691879 27.40301132 27.43868446 27.49044037 27.55083847 27.60521889 27.65444946 27.69635963 27.73323059 27.7709198 27.82205772 27.8708725 27.92484474 27.99237061 28.06083298 28.12660217 28.19008255 28.2444191 28.29181862 28.33669662 28.37098503 28.40278435 28.43408394 28.4663353 28.50302696 28.5470295 28.59139252 28.62659645 28.65518951 28.67659187 28.7067318 28.73673058 28.7666378 28.79580688 28.81799126 28.85055351 28.88521385 28.91372681 28.9392662 28.96032333 28.97118378 28.97983932 28.99384117 29.01345825 29.03744698 29.05809593 29.06189537 29.06721115 29.07598495 29.08030128 29.09215355 29.09665298 29.10041046 29.09519768 29.09089661 29.09783554
27.41992188 27.4448185 27.48601151 27.5461235 27.61358452 27.67023659 27.70874786 27.73037529 27.75261116 27.78447342 27.82655716 27.87520599 27.92471886 27.99435806 28.06747627 28.13711548 28.20282173 28.24970627 28.28941536 28.32086372 28.32424164 28.32619286 28.34559441 28.35560036 28.39818382 28.45277977 28.50124931 28.53629112 28.55911636 28.57222176 28.60017776 28.63311768 28.66316032 28.69499397 28.72465515 28.75305176 28.78012466 28.81472206 28.84321976 28.87117195 28.88935471 28.90706635 28.92562485 28.94126129 28.96331787 28.98453331 28.99080086 28.99640465 28.99827766 29.00357819 29.01773453 29.02752113 29.02518845 29.02116394 29.02358437 29.01976013
27.45882607 27.48677254 27.53908539 27.60791779 27.67294693 27.72444725 27.74924469 27.76136398 27.77546501 27.80365944 27.84055328 27.88736534 27.93622589 28.00595665 28.07815933 28.14631653 28.20478058 28.24499702 28.26936722 28.27227402 28.23192406 28.2226963 28.19681931 28.17993355 28.25922203 28.3237648 28.37908173 28.42306328 28.45098495 28.46532822 28.48917198 28.51945496 28.5563755 28.58678627 28.62004089 28.65187645 28.68339348 28.72122955 28.75004196 28.78168869 28.80174637 28.81982994 28.83964348 28.85984421 28.88210487 28.89675713 28.90648842 28.90979576 28.90982628 28.91732788 28.92987823 28.94392014 28.94418716 28.94096947 28.94008064 28.93371964
27.50647736 27.54017639 27.59287453 27.66069603 27.71737289 27.75720978 27.7747097 27.7888298 27.80901146 27.83691406 27.86680412 27.90829086 27.96054459 28.02693939 28.08880806 28.14603043 28.19057846 28.20706367 28.19528198 28.17871094 28.13205338 28.12068748 28.05307388 28.05620193 28.10897255 28.16473579 28.23153687 28.29265976 28.33049393 28.35683823 28.38369942 28.41679764 28.44887543 28.48093796 28.52495003 28.56034851 28.60389709 28.64143181 28.66405869 28.68844604 28.71377182 28.73150635 28.74902725 28.77346802 28.78676605 28.79844093 28.80923462 28.81294823 28.81653595 28.83187866 28.84038353 28.84810066 28.85572433 28.8552475 28.8430481 28.80454063
27.56875801 27.59736633 27.64197922 27.69872284 27.74254608 27.77576065 27.79024506 27.80990028 27.83308029 27.85842323 27.89018631 27.93033028 27.97939301 28.04073524 28.08645248 28.12668419 28.14953995 28.12268066 28.08259773 28.09559822 28.06567383 28.05019188 28.02620125 27.98919106 27.95986366 27.9983387 28.08947182 28.16923332 28.21368408 28.25288582 28.29119873 28.33022118 28.36659813 28.40350151 28.45098114 28.49216843 28.52967453 28.56159782 28.58306694 28.60047722 28.61993027 28.63497543 28.64982033 28.66426849 28.67908669 28.69791412 28.70840073 28.71649933 28.72629356 28.73481178 28.7446003 28.74786377 28.75736237 28.7584362 28.7153244 28.60641289
27.61827469 27.64092064 27.67626572 27.71925163 27.74924278 27.77363014 27.78845787 27.81138992 27.83376503 27.86143875 27.90163994 27.93885994 27.97268677 28.01817131 28.04828262 28.0765152 28.07513046 27.99319839 27.94598007 27.99704552 27.99821091 27.98037529 27.94370842 27.9087429 27.86732864 27.91239738 27.99902916 28.07009506 28.12020302 28.16635132 28.2049408 28.25243568 28.29744148 28.33446312 28.37574959 28.42054367 28.44389343 28.46580887 28.48830223 28.50368118 28.51556778 28.52447319 28.53869629 28.55272484 28.5759716 28.59513092 28.60856438 28.62173462 28.63105202 28.63449478 28.64560318 28.65246773 28.65959549 28.65254593 28.56568527 28.45879745
27.64991188 27.67183495 27.69407082 27.71815681 27.7391758 27.75656319 27.77642632 27.79789734 27.81876373 27.8424778 27.873806 27.89451027 27.91847038 27.94651222 27.97071457 27.99228096 27.97680092 27.89751434 27.87737274 27.91527557 27.92099953 27.91036034 27.89156151 27.86365128 27.84647942 27.8915329 27.9348793 27.98996162 28.04577637 28.09374237 28.13335419 28.17873573 28.22046852 28.25447845 28.28488922 28.32368851 28.34560776 28.36402321 28.38347244 28.40061569 28.41325188 28.41812515 28.4313488 28.44657898 28.46757698 28.48765564 28.50750542 28.52333832 28.5218811 28.5338459 28.54424667 28.54503632 28.55130386 28.51736832 28.38876343 28.30370522
27.65244293 27.66714668 27.6792717 27.69471741 27.71035004 27.72040367 27.73847961 27.75241089 27.76241302 27.78031158 27.79798317 27.80961227 27.82360077 27.8436451 27.8677845 27.88603401 27.88943481 27.85621643 27.83919334 27.84465408 27.84226418 27.84223175 27.84762764 27.84187317 27.82027817 27.83983421 27.88024521 27.92656326 27.9749279 28.02739906 28.06606865 28.10355759 28.13599014 28.16983604 28.20248222 28.23373032 28.25266266 28.26963806 28.28314018 28.29840851 28.31152534 28.32390785 28.33390808 28.35118294 28.36716652 28.38877106 28.40701675 28.42305756 28.43013763 28.4417572 28.44960785 28.45516586 28.44952965 28.39657211 28.2751503 28.22434235
27.62503433 27.62601662 27.62852287 27.63652611 27.64731789 27.64834023 27.65299797 27.66259003 27.66801834 27.67981339 27.69388962 27.69717026 27.70754623 27.72698593 27.74585342 27.76579666 27.77496719 27.76521683 27.75474739 27.75245667 27.75483513 27.76438332 27.78186417 27.77734756 27.74921989 27.77120972 27.84412003 27.88727379 27.91802216 27.96045876 27.9973278 28.03629112 28.06077766 28.08566856 28.12007332 28.15106583 28.1714344 28.17930984 28.18644524 28.20029449 28.21561813 28.23476791 28.25544739 28.27295876 28.29247856 28.30631065 28.31665039 28.32880402 28.33676338 28.3419342 28.34894943 28.36217308 28.35034752 28.29038811 28.19625282 28.17607117
27.57661057 27.55662727 27.54130554 27.53848267 27.54060936 27.54100227 27.54320717 27.54603004 27.54183388 27.54546165 27.56213951 27.5687294 27.57973671 27.59807205 27.62470245 27.64820671 27.65912247 27.65926361 27.64971542 27.65436172 27.66586113 27.68385696 27.70644188 27.72049904 27.73684311 27.77179909 27.82901192 27.85364342 27.87009621 27.88840485 27.91574097 27.95062447 27.98542023 28.01994324 28.04681015 28.0657444 28.08675385 28.09713745 28.10668755 28.12044716 28.13698196 28.15514374 28.17912865 28.19207191 28.20692062 28.221735 28.22249413 28.2278347 28.2320919 28.23596573 28.23848343 28.24677086 28.23833847 28.19687271 28.15632248 28.13924026
27.51961708 27.48232651 27.44467545 27.4218502 27.41264343 27.40951538 27.41271782 27.41489029 27.40852547 27.40957451 27.42758369 27.43857002 27.44960976 27.46597481 27.49939728 27.53479576 27.55198288 27.55500221 27.55632973 27.56952095 27.59195709 27.61813164 27.64715767 27.68154335 27.72328568 27.76468277 27.80423927 27.82244492 27.82518578 27.82311249 27.82112122 27.84136009 27.90161896 27.95236015 27.97034836 27.99074554 28.00865364 28.02023315 28.03469086 28.04576111 28.06353569 28.08544922 28.10381126 28.1091423 28.11612129 28.11976051 28.11901093 28.12005234 28.11903381 28.12606812 28.13404655 28.14414787 28.14226913 28.12091064 28.10124779 28.09741211
27.45854378 27.40543556 27.35287094 27.30925751 27.27806664 27.26771927 27.26798058 27.2726841 27.27524567 27.2768383 27.29308701 27.30625725 27.30627251 27.30705452 27.36883926 27.4352169 27.46434402 27.47709274 27.48701477 27.51028633 27.54203796 27.57600784 27.60913467 27.6447258 27.68225288 27.72711563 27.75991631 27.77401733 27.77069283 27.75261688 27.73109245 27.7226181 27.79662514 27.87351418 27.8916378 27.91266823 27.92991638 27.94329071 27.95450974 27.96206665 27.98444557 27.9974823 28.00217438 28.00137711 28.00592041 28.01555443 28.01874733 28.01478767 28.01736641 28.02672768 28.03247833 28.0394783 28.04248619 28.03499222 28.02446938 28.02169037
27.39115524 27.33217049 27.27180481 27.20632553 27.13138962 27.12851715 27.12109375 27.12164497 27.12646294 27.13567352 27.14902306 27.15439415 27.1315136 27.11033249 27.24752617 27.35050964 27.39222908 27.41630936 27.43020439 27.46071815 27.50422859 27.54023552 27.57250786 27.59840012 27.62902451 27.66791534 27.69031715 27.70488358 27.70009422 27.67699242 27.64446449 27.62589455 27.71365929 27.79069138 27.80820274 27.82476044 27.85465813 27.87471008 27.88612938 27.8913002 27.90480423 27.90921211 27.90386963 27.89957428 27.90640259 27.91543579 27.91482735 27.91978455 27.92180061 27.93139648 27.93795586 27.93896866 27.9388504 27.93502808 27.92593193 27.92038345
27.34802818 27.28606224 27.22035789 27.15113831 27.07736015 27.04127312 27.0096283 27.00418854 27.00827217 27.00464249 27.00168037 26.99813271 26.98648453 27.01374817 27.16619492 27.27514648 27.32102776 27.35117149 27.37676048 27.41553116 27.45681953 27.48793221 27.52153397 27.54902077 27.56946564 27.59819031 27.61842155 27.62508011 27.62096596 27.60813904 27.58707619 27.60200119 27.6674118 27.68672943 27.69371414 27.71516228 27.76442528 27.80440331 27.81358147 27.81328583 27.82094574 27.81778717 27.81175804 27.80836678 27.81193352 27.8182621 27.82422829 27.83603096 27.84175301 27.84765816 27.84285545 27.83860207 27.84128761 27.83431244 27.83151436 27.83835411
