Environmental Parameters/2019/Sea-surface_temperature.asc
ncols 720
nrows 360
xllcorner -180.00
yllcorner -90.00
cellsize 0.5
NODATA_value -9999
[rows 0 to 24 of 360, columns 0 to 55 of 720]
-1.716212988 -1.716212988 -1.716212988 -1.71619904 -1.716127992 -1.71615696 -1.716171026 -1.716184974 -1.716228008 -1.716228008 -1.71619904 -1.716171026 -1.71615696 -1.716184974 -1.716313004 -1.716411948 -1.716526031 -1.716611028 -1.716653943 -1.716724992 -1.716796041 -1.71686697 -1.717008948 -1.717151046 -1.71726501 -1.717391968 -1.717463017 -1.717519999 -1.717633963 -1.717718959 -1.717818975 -1.717931986 -1.717946053 -1.717960954 -1.71797502 -1.718003035 -1.718103051 -1.718230009 -1.718330026 -1.718372941 -1.718372941 -1.71835804 -1.718343973 -1.718343973 -1.718372941 -1.718400955 -1.718458056 -1.718557 -1.718670964 -1.718770027 -1.718783975 -1.718827009 -1.718827009 -1.718855977 -1.718912005 -1.718927026
-1.721495986 -1.721497059 -1.721554995 -1.721596956 -1.721654058 -1.721696019 -1.721739054 -1.72182405 -1.721866965 -1.721951962 -1.722036958 -1.722094059 -1.722221971 -1.722336054 -1.722450018 -1.722591043 -1.722605944 -1.722591043 -1.722576976 -1.722519994 -1.722506046 -1.72249198 -1.72249198 -1.722591043 -1.722661972 -1.722790003 -1.722903967 -1.723031998 -1.723145008 -1.72321701 -1.723230004 -1.723130941 -1.723116994 -1.723145008 -1.723286986 -1.723415017 -1.723500967 -1.723556995 -1.723585963 -1.723657012 -1.723698974 -1.72379899 -1.723855019 -1.723898053 -1.723912001 -1.723898053 -1.723898053 -1.723955035 -1.724068999 -1.724167943 -1.724295974 -1.72438097 -1.724452019 -1.724509001 -1.724550962 -1.724607944
-1.732192039 -1.732192993 -1.732223034 -1.732391953 -1.732493043 -1.732535958 -1.732561946 -1.732434988 -1.732306957 -1.732208014 -1.732121944 -1.732094049 -1.732094049 -1.732095003 -1.732051969 -1.731966019 -1.731922984 -1.731951952 -1.731994987 -1.732051969 -1.732066035 -1.732009053 -1.732009053 -1.731951952 -1.731853008 -1.731752992 -1.731652975 -1.731582999 -1.731569052 -1.73151195 -1.731439948 -1.731369019 -1.731299043 -1.731284022 -1.731284022 -1.731284976 -1.73131299 -1.731354952 -1.731412053 -1.731484056 -1.731569052 -1.731611013 -1.731626034 -1.731724024 -1.73189497 -1.732108951 -1.73232305 -1.732519984 -1.732548952 -1.732606053 -1.732676029 -1.732748032 -1.732946038 -1.733103037 -1.733301997 -1.733458042
-1.738669038 -1.738670945 -1.738672972 -1.738754988 -1.738798022 -1.738829017 -1.738870025 -1.738826036 -1.738798022 -1.73882699 -1.738857031 -1.738911986 -1.738996983 -1.739040971 -1.739153981 -1.739295959 -1.739410996 -1.739593983 -1.739737034 -1.739766955 -1.739820957 -1.739806056 -1.739876986 -1.740033984 -1.740206003 -1.740432978 -1.740632057 -1.740816951 -1.740957975 -1.741057992 -1.741183996 -1.741410971 -1.741670012 -1.741953969 -1.74217999 -1.742364049 -1.742604971 -1.742820978 -1.743018985 -1.743201971 -1.74328804 -1.743388057 -1.743415952 -1.743414998 -1.743358016 -1.743216991 -1.743129969 -1.742959976 -1.742818952 -1.74267602 -1.742477059 -1.742292047 -1.742022991 -1.741739035 -1.741453052 -1.741183996
-1.741917968 -1.741914034 -1.741881967 -1.741780043 -1.741721988 -1.741808057 -1.741842031 -1.741911054 -1.741894007 -1.741837978 -1.741809964 -1.741755009 -1.741696 -1.74170804 -1.74171102 -1.741726995 -1.741821051 -1.741742015 -1.74169898 -1.741706967 -1.74158299 -1.74158299 -1.741621971 -1.741626024 -1.741711974 -1.741780996 -1.741837978 -1.741840959 -1.741824985 -1.741765976 -1.741696 -1.741611958 -1.741511941 -1.741340995 -1.741170049 -1.74101305 -1.740913987 -1.740787983 -1.740561962 -1.740399003 -1.740159988 -1.740075946 -1.740062952 -1.740090966 -1.740203977 -1.740264058 -1.740334034 -1.740401983 -1.740502 -1.740578055 -1.740563989 -1.740473032 -1.740399003 -1.74040401 -1.740435958 -1.740406036
-1.742213964 -1.74218905 -1.742019057 -1.741721988 -1.741412997 -1.74111104 -1.740784049 -1.740527034 -1.740398049 -1.740360975 -1.740350962 -1.740386963 -1.740509987 -1.740702987 -1.740965962 -1.741119981 -1.741170049 -1.741112947 -1.741042018 -1.741000056 -1.740862012 -1.740731001 -1.740502 -1.740232944 -1.739933014 -1.739606023 -1.739346981 -1.739176989 -1.739164948 -1.739267945 -1.739372015 -1.739439011 -1.739588022 -1.739750028 -1.739984989 -1.740195036 -1.740236044 -1.740232944 -1.74021697 -1.740288973 -1.740391016 -1.740476012 -1.740543962 -1.740628004 -1.740856051 -1.74110496 -1.741335034 -1.741387963 -1.741394997 -1.741408944 -1.741472006 -1.741626024 -1.741711974 -1.741755009 -1.741726041 -1.741556048
-1.743356943 -1.743298054 -1.742992997 -1.742542028 -1.742202997 -1.741826057 -1.741423965 -1.740885019 -1.740368009 -1.739923954 -1.739722967 -1.739948034 -1.740421057 -1.741233945 -1.741994023 -1.742526054 -1.74286902 -1.742741942 -1.742449999 -1.741973996 -1.741436005 -1.740949988 -1.74049902 -1.740046024 -1.739619017 -1.739161968 -1.738736033 -1.738489985 -1.738162994 -1.737974048 -1.737753034 -1.737612963 -1.737601995 -1.737609982 -1.737728953 -1.737844944 -1.738021016 -1.738368988 -1.738718033 -1.739094019 -1.739511013 -1.739851952 -1.740167975 -1.740396023 -1.74058795 -1.740715981 -1.740833044 -1.74098599 -1.74108696 -1.741173029 -1.741271019 -1.741340995 -1.741438985 -1.741580963 -1.741755009 -1.741889
-1.747463942 -1.747416973 -1.747135997 -1.746621966 -1.74605 -1.745561004 -1.745125055 -1.744747043 -1.744284987 -1.743829966 -1.743319988 -1.742884994 -1.742743015 -1.742686033 -1.74278295 -1.742920995 -1.742923021 -1.742918968 -1.742766023 -1.742468953 -1.7421 -1.741646051 -1.741302967 -1.741039991 -1.740735054 -1.740550041 -1.740353942 -1.740061045 -1.739802957 -1.739560962 -1.739336967 -1.739217043 -1.739068985 -1.738782048 -1.738736987 -1.738782048 -1.738953948 -1.739343047 -1.739719033 -1.740162015 -1.74070704 -1.741176009 -1.741593003 -1.741919994 -1.742041945 -1.742143989 -1.742205024 -1.742301941 -1.742354989 -1.742359996 -1.742414951 -1.742429972 -1.742442966 -1.742416978 -1.742334008 -1.74227798
-1.747316957 -1.747249961 -1.746996999 -1.746670008 -1.746405959 -1.746184945 -1.745916963 -1.745692968 -1.74535203 -1.744940042 -1.744585037 -1.744225979 -1.74405396 -1.744099975 -1.744102001 -1.744012952 -1.743808985 -1.743409991 -1.743080974 -1.742730975 -1.742429018 -1.742046952 -1.741595984 -1.741160035 -1.740671039 -1.740335941 -1.740054965 -1.739820004 -1.739735961 -1.739768028 -1.739884019 -1.740082979 -1.740275979 -1.740424037 -1.740658998 -1.740929008 -1.741142035 -1.741268039 -1.741230965 -1.741124988 -1.741075993 -1.741122961 -1.741243958 -1.741376042 -1.741420984 -1.741386056 -1.741307974 -1.741261959 -1.741266966 -1.741354942 -1.741458058 -1.741477966 -1.741533995 -1.741646051 -1.741747975 -1.741917014
-1.74427104 -1.744197965 -1.743931055 -1.743587017 -1.743294001 -1.743083 -1.742872953 -1.742573977 -1.742182016 -1.741827011 -1.741484046 -1.741142988 -1.740903974 -1.740847945 -1.740813971 -1.74080801 -1.740725994 -1.740537047 -1.740424991 -1.740218043 -1.739989042 -1.739822984 -1.739650965 -1.739647985 -1.739477992 -1.739140987 -1.738855958 -1.738499045 -1.738298059 -1.738183022 -1.738087058 -1.738078952 -1.73802197 -1.737957954 -1.737794995 -1.737751007 -1.737766027 -1.737789035 -1.73794198 -1.737939 -1.737856984 -1.737766027 -1.737612009 -1.737609982 -1.737782001 -1.73793304 -1.738108993 -1.738250017 -1.738335967 -1.738360047 -1.73832798 -1.738325 -1.738293052 -1.738391042 -1.738509059 -1.738644958
-1.737406015 -1.737305045 -1.737015963 -1.736655951 -1.736346006 -1.736016989 -1.735643983 -1.735311985 -1.735123038 -1.734909058 -1.734722018 -1.734527946 -1.734336019 -1.734277964 -1.734192967 -1.73409605 -1.733934999 -1.73368001 -1.733314037 -1.732980013 -1.732733011 -1.732527018 -1.732375026 -1.73221302 -1.732040048 -1.731981993 -1.732028008 -1.732105017 -1.732318044 -1.732453942 -1.732457995 -1.732401967 -1.732141018 -1.731842041 -1.731649041 -1.731449008 -1.731336951 -1.731359005 -1.731590986 -1.73200798 -1.732467055 -1.732776999 -1.732943058 -1.732993007 -1.733096957 -1.733379006 -1.733765006 -1.734338999 -1.734817982 -1.735087991 -1.73526597 -1.735316038 -1.735347986 -1.735339046 -1.735435009 -1.735780954
-1.725674033 -1.725986958 -1.725653052 -1.725141048 -1.724802971 -1.724629998 -1.724719048 -1.725039005 -1.72527504 -1.725478053 -1.725404024 -1.725263953 -1.725285053 -1.725407958 -1.725661039 -1.725901008 -1.726096034 -1.726277947 -1.726410985 -1.726397991 -1.726268053 -1.726189017 -1.726217031 -1.726346016 -1.726457 -1.726546049 -1.726619005 -1.72677803 -1.727095962 -1.727489948 -1.727800965 -1.727910995 -1.727900982 -1.727797985 -1.727776051 -1.727862 -1.727985978 -1.728221059 -1.728546023 -1.72885704 -1.729114056 -1.729235053 -1.729390025 -1.729635954 -1.730105996 -1.73091805 -1.731791973 -1.732666969 -1.733057022 -1.732769966 -1.732043982 -1.731029987 -1.729971051 -1.729020953 -1.728198051 -1.727519035
-1.710499048 -1.711266994 -1.711102962 -1.710777044 -1.710579991 -1.710708976 -1.711210966 -1.711743951 -1.712142944 -1.712386012 -1.71241498 -1.712538004 -1.712769985 -1.71329999 -1.714243054 -1.715294957 -1.716318011 -1.717141032 -1.71766901 -1.717831016 -1.717620969 -1.717159986 -1.716640949 -1.716398001 -1.716459036 -1.716575027 -1.71665895 -1.716624022 -1.716565967 -1.716627002 -1.716711044 -1.716984034 -1.717326999 -1.71775496 -1.718268037 -1.718641996 -1.719001055 -1.719130039 -1.719107985 -1.718775988 -1.718132019 -1.717403054 -1.716564059 -1.715924978 -1.715633035 -1.71558702 -1.715772986 -1.716019034 -1.716220021 -1.716318011 -1.716362 -1.716346025 -1.716137052 -1.715950012 -1.71558404 -1.715139031
-1.687739015 -1.689116001 -1.689098001 -1.689288974 -1.689638019 -1.690168023 -1.690780044 -1.691465974 -1.692211032 -1.692914963 -1.693747997 -1.694548011 -1.695440054 -1.696336985 -1.69710803 -1.697849989 -1.698567986 -1.699309945 -1.69986999 -1.700235009 -1.700376987 -1.700384974 -1.700289011 -1.700131059 -1.699890971 -1.699717045 -1.699568987 -1.699452043 -1.699388027 -1.699427962 -1.699501038 -1.699380994 -1.699120045 -1.698681951 -1.698351979 -1.698228002 -1.698322058 -1.698618054 -1.698992014 -1.699412942 -1.699720025 -1.699944019 -1.700162053 -1.700330973 -1.700443983 -1.700572968 -1.700796008 -1.701045036 -1.701401949 -1.701635957 -1.70173502 -1.701686978 -1.701356053 -1.700891018 -1.700198054 -1.69946599
-1.674775004 -1.675801039 -1.675899982 -1.676105022 -1.676473022 -1.676978946 -1.677394986 -1.677860022 -1.678215027 -1.678493977 -1.678833008 -1.679103017 -1.679569006 -1.680048943 -1.680402994 -1.680613995 -1.680649042 -1.680758953 -1.681022048 -1.681434035 -1.682016969 -1.682541013 -1.682878017 -1.683069944 -1.683122039 -1.683290005 -1.683637023 -1.68414104 -1.684677958 -1.685302019 -1.685976982 -1.686548948 -1.686980009 -1.68720305 -1.687312007 -1.687361002 -1.687458038 -1.687543988 -1.687662959 -1.687780976 -1.687875032 -1.688115954 -1.688444018 -1.688622952 -1.688655972 -1.688550949 -1.688351989 -1.688158989 -1.687811971 -1.687361002 -1.686961055 -1.68660903 -1.686360955 -1.686149001 -1.685845017 -1.685423017
-1.662351012 -1.664258003 -1.664739966 -1.665233016 -1.665552974 -1.665933013 -1.666308045 -1.666756988 -1.667052031 -1.667114019 -1.667050004 -1.66692102 -1.667052031 -1.667551994 -1.668236971 -1.668841958 -1.669242024 -1.669427037 -1.669523954 -1.669656992 -1.669898987 -1.670223951 -1.670461059 -1.67058301 -1.670794964 -1.671154976 -1.671726942 -1.672479987 -1.673251987 -1.674059033 -1.674890041 -1.675704002 -1.676470995 -1.67703402 -1.677415967 -1.677742958 -1.678017974 -1.678289056 -1.678431034 -1.678467035 -1.678382039 -1.678277969 -1.678220034 -1.678269982 -1.67849195 -1.678768039 -1.678938031 -1.678876996 -1.678532004 -1.677917004 -1.677204013 -1.676537991 -1.675937057 -1.675446033 -1.675114989 -1.674914002
-1.645218968 -1.647505999 -1.64882803 -1.649413943 -1.649620056 -1.649489045 -1.649294972 -1.649346948 -1.649831057 -1.650262952 -1.650334001 -1.650176048 -1.650122046 -1.650426984 -1.651098967 -1.652001977 -1.653063059 -1.654191971 -1.655246019 -1.656183004 -1.656959057 -1.657387972 -1.657623053 -1.657760024 -1.658054948 -1.658611059 -1.659333944 -1.660295963 -1.661427021 -1.662789941 -1.664051056 -1.665096045 -1.665864944 -1.666479945 -1.667215943 -1.667981982 -1.668632984 -1.669078946 -1.669363976 -1.669651031 -1.670027971 -1.670315027 -1.670498967 -1.670549989 -1.670536995 -1.670470953 -1.67028296 -1.670115948 -1.669926047 -1.669821978 -1.669749022 -1.669698 -1.66980505 -1.670003057 -1.670362949 -1.670817018
-1.629709959 -1.631412029 -1.63241303 -1.632737041 -1.632714987 -1.632560015 -1.632511973 -1.632644057 -1.632979035 -1.633532047 -1.634065986 -1.634479046 -1.634891987 -1.635292053 -1.635674 -1.636023998 -1.636505008 -1.637235045 -1.638246059 -1.639269948 -1.64012301 -1.640722036 -1.641129971 -1.641659021 -1.64252305 -1.643748999 -1.645043969 -1.645998955 -1.646698952 -1.647454023 -1.648581982 -1.650243044 -1.652107954 -1.653902054 -1.655357957 -1.656468987 -1.657364964 -1.65801096 -1.658521056 -1.659001946 -1.659576058 -1.660132051 -1.660341024 -1.660321951 -1.660264015 -1.660472989 -1.660748959 -1.660778999 -1.660465956 -1.660097003 -1.659891009 -1.660032034 -1.66047895 -1.66088295 -1.661080956 -1.660871029
-1.614678025 -1.616300941 -1.61679697 -1.617395997 -1.618059039 -1.61847496 -1.618716002 -1.619287014 -1.620157957 -1.620988965 -1.621520996 -1.621505022 -1.621076941 -1.620502949 -1.620128989 -1.620458961 -1.621513963 -1.62332499 -1.625615954 -1.627701044 -1.62924397 -1.630133033 -1.630666971 -1.631183982 -1.631700993 -1.632004976 -1.631965995 -1.631862044 -1.632287025 -1.633267045 -1.634879947 -1.636919022 -1.63934195 -1.641790032 -1.643793941 -1.645344019 -1.646391988 -1.647436976 -1.648561954 -1.649752021 -1.650913 -1.651945949 -1.652791023 -1.653033972 -1.652971029 -1.652958989 -1.652910948 -1.652809978 -1.652511954 -1.652274013 -1.651980996 -1.651644945 -1.651074052 -1.650367975 -1.649677992 -1.649157047
-1.601189971 -1.603008032 -1.604359984 -1.606170058 -1.608242989 -1.609912992 -1.611336946 -1.613098025 -1.614552975 -1.614827037 -1.613965034 -1.612684965 -1.611385942 -1.610275984 -1.609400034 -1.609125018 -1.610030055 -1.612005949 -1.614202023 -1.615429044 -1.615679026 -1.615818024 -1.616490006 -1.617895961 -1.619863033 -1.621322989 -1.622331977 -1.623285055 -1.624652982 -1.625669003 -1.626144052 -1.626330018 -1.627226949 -1.628919959 -1.631054997 -1.632907987 -1.634498954 -1.635910988 -1.637097955 -1.63796401 -1.638885021 -1.640162945 -1.64191103 -1.643314958 -1.643978953 -1.643826008 -1.643362045 -1.642781019 -1.641965985 -1.640977979 -1.639907956 -1.63894999 -1.637912989 -1.636724949 -1.635910988 -1.635761023
-1.585083008 -1.587721944 -1.589239001 -1.59157002 -1.594154 -1.596356034 -1.598330975 -1.600118041 -1.60156703 -1.601865053 -1.60089004 -1.599531054 -1.598592997 -1.598405957 -1.598530054 -1.598343015 -1.598212957 -1.598714948 -1.600013018 -1.60106504 -1.601204038 -1.600692034 -1.600443006 -1.601585984 -1.604383945 -1.607354045 -1.609923005 -1.612457991 -1.615061998 -1.61658299 -1.616865993 -1.616830945 -1.617890954 -1.620074034 -1.62232995 -1.624217033 -1.625959992 -1.627733946 -1.62924099 -1.630298972 -1.63143599 -1.632974029 -1.634467006 -1.635156035 -1.634235978 -1.632073045 -1.630117059 -1.628782988 -1.627112985 -1.62450695 -1.621391058 -1.618864059 -1.617205977 -1.616320014 -1.616456985 -1.618463039
-1.566095948 -1.567674041 -1.56901896 -1.570850015 -1.572970033 -1.574918985 -1.577162981 -1.579645038 -1.581684947 -1.582998991 -1.582752943 -1.580623031 -1.579398036 -1.58138597 -1.584872007 -1.586459994 -1.585016012 -1.58276403 -1.580783963 -1.579871058 -1.57922101 -1.577952027 -1.577118039 -1.578626037 -1.582069993 -1.586577058 -1.591189981 -1.595577002 -1.599056005 -1.601305962 -1.602115989 -1.602887988 -1.605183959 -1.608657002 -1.612182021 -1.614348054 -1.615861058 -1.61749804 -1.619107008 -1.621016026 -1.623103023 -1.624593019 -1.625550032 -1.626088023 -1.624981046 -1.622478008 -1.620228052 -1.619292974 -1.618563056 -1.61687398 -1.613919973 -1.611652017 -1.611556053 -1.612872005 -1.613942027 -1.615322948
-1.54360795 -1.545825958 -1.547798991 -1.548864007 -1.548643947 -1.547924042 -1.547312021 -1.547665 -1.548894048 -1.550946951 -1.553233027 -1.554736018 -1.556601048 -1.56002295 -1.563361049 -1.564968944 -1.564849973 -1.563477039 -1.561244965 -1.55963099 -1.559882045 -1.561660051 -1.564242005 -1.567208052 -1.570098996 -1.572630048 -1.575306058 -1.577895999 -1.580451965 -1.583644986 -1.587932944 -1.592695951 -1.596667051 -1.598935962 -1.600131035 -1.601264 -1.602669001 -1.604483962 -1.607244968 -1.611343026 -1.615301967 -1.617005944 -1.616232038 -1.614135027 -1.611045003 -1.607851982 -1.605733991 -1.605352998 -1.605895996 -1.606446981 -1.606976032 -1.608407974 -1.61026895 -1.611209989 -1.610736012 -1.610546947
-1.52382195 -1.525081038 -1.525591016 -1.526087999 -1.526412964 -1.526322007 -1.525491953 -1.524556994 -1.523728013 -1.523466945 -1.523110986 -1.522467971 -1.522927999 -1.525431037 -1.527688026 -1.529230952 -1.530393004 -1.530578017 -1.529625058 -1.529718041 -1.532809019 -1.538393974 -1.544221044 -1.548998952 -1.552109957 -1.552633047 -1.551571012 -1.550477028 -1.550930023 -1.55369699 -1.558130026 -1.562692046 -1.566230059 -1.568675995 -1.570752978 -1.57307899 -1.575837016 -1.578438997 -1.581197977 -1.58433795 -1.58782196 -1.591187 -1.593281031 -1.592972994 -1.590134025 -1.58771801 -1.588085055 -1.590302944 -1.59276402 -1.595752954 -1.600095987 -1.605039001 -1.608333945 -1.608453989 -1.606081009 -1.603234053
-1.502166033 -1.503736019 -1.503255963 -1.502396941 -1.501531005 -1.500684977 -1.499330997 -1.497604966 -1.49674201 -1.496564031 -1.495843053 -1.493783951 -1.494048953 -1.498692989 -1.504786015 -1.508187056 -1.508489013 -1.507238984 -1.504384995 -1.499863029 -1.49583602 -1.495635033 -1.501132011 -1.510828972 -1.518985987 -1.520892024 -1.518013954 -1.515138984 -1.515095949 -1.517181039 -1.519562006 -1.521427989 -1.523419023 -1.52560997 -1.528581977 -1.53275001 -1.537006974 -1.539798975 -1.541458011 -1.542718053 -1.545019984 -1.550076962 -1.557023048 -1.56301105 -1.566759944 -1.569481969 -1.57079196 -1.570230007 -1.568714976 -1.569934011 -1.576581955 -1.586218953 -1.593006968 -1.595278978 -1.594882965 -1.593459964
