Environmental Parameters/2019/Sea-bottom_temperature.asc
ncols 720
nrows 360
xllcorner -180.00
yllcorner -90.00
cellsize 0.5
NODATA_value -9999
[rows 250 to 274 of 360, columns 504 to 559 of 720]
0.328940004 0.476370007 0.410050988 0.517659009 0.765545011 0.95768702 0.530932009 0.529775023 1.237846971 1.270313978 1.264708042 1.288894057 1.845474958 1.203078985 1.095904946 1.153406978 1.089611053 0.941165984 1.292052031 0.985199988 0.681059003 0.714864016 0.717557013 0.686832011 0.656176984 0.926706016 0.656365991 0.698907971 0.679621994 0.601531029 0.573396027 0.555351019 0.541244984 0.526382983 0.526373982 0.521292984 0.513559997 0.496372998 0.496105999 0.493063986 0.492608011 0.491842002 0.500699997 0.499496996 0.500248015 0.508327007 0.512512982 0.50761801 0.512295008 0.514081001 0.516304016 0.518498003 0.518419027 0.515392005 0.510666013 0.579558015
0.359398991 0.380697995 0.495330989 0.522288978 0.918891013 0.537607014 1.109809995 0.436883986 1.14999795 1.267941952 1.265200973 1.112789035 1.588271976 1.846155047 1.329239011 1.319216013 1.595365047 1.603261948 1.150763988 0.996374011 0.676869988 0.676970005 0.707463026 0.674790025 0.644532979 0.641737998 0.633251011 0.638675988 0.608137012 0.496962994 0.574885011 0.553924024 0.54865098 0.536324978 0.527773976 0.520044029 0.521044016 0.548740029 0.510855019 0.506753981 0.48663801 0.484257013 0.483449012 0.486184001 0.507471979 0.503889024 0.501461029 0.507909 0.503324986 0.503089011 0.505892992 0.509301007 0.51037699 0.508692026 0.51847899 0.500217021
0.357432991 0.383460999 0.484721005 0.518245995 0.408446014 0.739335001 0.990267992 1.137315989 1.282322049 1.31337595 1.039762974 1.185747027 1.384819984 1.848332047 1.34592402 1.175467014 1.871287942 1.891551971 0.797399998 0.669642985 0.667855024 0.647574008 0.657400012 0.64260298 0.636991024 0.626524985 0.62866801 0.606575012 0.602176011 0.602176011 0.562591016 0.572260022 0.540727973 0.535026014 0.530791998 0.556883991 0.506962001 0.496333003 0.51394999 0.543914974 0.489105999 0.482104003 0.481240004 0.480991006 0.481216997 0.484259009 0.487560987 0.499377996 0.497667015 0.497960001 0.496704996 0.496315986 0.511238992 0.509611011 0.50415498 0.496259004
0.375597 0.470667005 0.487080991 0.679026008 0.537214994 0.542991996 1.117735028 0.991557002 0.558983982 1.166077971 1.405802011 1.626265049 1.28965199 2.091862917 1.382925034 2.101074934 1.643548012 0.83416301 0.704631984 0.715384007 0.665458024 0.661948025 0.639829993 0.628582001 0.616237998 0.617356002 0.611204028 0.606253028 0.580861986 0.568461001 0.558212996 0.54964602 0.575042009 0.576412022 0.534892976 0.62607801 0.528649986 0.522735 0.495835006 0.513053 0.649385989 0.480533987 0.479660988 0.478513986 0.480336994 0.48119399 0.481126994 0.497799993 0.479685009 0.482118011 0.490675002 0.490354002 0.493187994 0.489504009 0.486939996 0.478193015
0.389261007 0.678951979 0.893616021 0.516548991 0.537110984 0.938246012 0.554036975 0.560422003 1.234985948 1.275709987 1.274790049 2.105686903 2.100239992 2.634821892 2.626813889 1.385319948 0.621095002 0.699211001 0.764880002 0.794934988 0.64370501 0.639733016 0.628489971 0.620773017 0.606082976 0.606031001 0.59167099 0.586544991 0.578764975 0.567134023 0.585943997 0.587935984 0.625935018 0.587602973 0.578318 0.531596005 0.530218005 0.526241004 0.493066996 0.491991997 0.541251004 0.502142012 0.478772998 0.477589011 0.476799995 0.479003996 0.471691996 0.473268986 0.471480012 0.470578998 0.472066998 0.487392008 0.481945008 0.508825004 0.477436006 0.475279987
0.338934004 0.691760004 0.423570007 0.335729003 0.545988023 0.724050999 0.982079983 0.991084993 1.235824943 1.278324962 1.680838943 4.197198868 3.278106928 2.483784914 2.475545883 0.907378972 0.739239991 0.700913012 0.705672979 0.652063012 0.641182005 0.671450973 0.674107015 0.616964996 0.601306021 0.593375027 0.645286977 0.601705015 0.598581016 0.598891973 0.596837997 0.596729994 0.634101987 0.593500972 0.585352004 0.618835986 0.561963975 0.552362978 0.523936987 0.522186995 1.047121048 0.538690984 0.477849007 0.492826998 0.488602012 0.547217011 0.467976004 0.465660989 0.463939995 0.463524997 0.464718014 0.466755986 0.474072009 0.46577701 0.460119009 0.460774004
0.48506999 0.487363011 0.427222013 0.431585997 0.551218987 0.433299005 0.736276984 1.235630989 1.282613039 1.448822021 2.132450104 3.62783289 2.487428904 2.627963066 2.982856035 0.741641998 0.90041399 0.728896022 0.71914202 0.69124198 0.681128025 0.684710979 0.689216018 0.683215976 0.619650006 0.619441986 0.616877019 0.644626021 0.606437027 0.648609996 0.650079012 0.649764001 0.710129976 0.639982998 0.590933979 0.61836201 0.576478004 0.566729009 0.561326981 0.557116985 0.613599002 0.480926007 0.477189988 0.533849001 0.610693991 0.48448801 0.465999991 0.463833988 0.462695986 0.462498993 0.462033004 0.461030006 0.459681988 0.459114999 0.459414989 0.459241003
0.495027006 0.502129018 0.440367013 0.686197996 0.191510007 0.558813989 0.736938 1.16287601 1.340814948 1.45076704 2.643965006 2.99871707 2.299983978 2.46728301 0.744414985 1.086297989 0.936362028 0.874670029 0.728932023 0.716340005 0.710106015 0.714689016 0.708990991 0.624014974 0.688889027 0.621971011 0.621626019 0.620316029 0.615689993 0.617453992 0.669928014 0.554004014 0.707659006 0.651374996 0.859102011 0.595384002 0.624288976 0.574136972 0.620804012 0.686926007 0.616644979 0.547259986 0.50703001 0.543762028 0.543865979 0.535365999 0.483570993 0.482475013 0.462435991 0.462197006 0.48141399 0.458101004 0.458503991 0.456501007 0.457955003 0.458748013
0.515164018 0.536641002 0.68394202 0.544421017 0.551158011 0.558194995 1.168267965 1.063832045 1.252593994 1.254202008 2.476720095 3.231031895 2.290174961 1.344851971 1.202218056 0.975535989 0.94273299 0.898671985 0.857780993 0.828863025 0.724493027 0.796360016 0.784399986 0.716121972 0.715725005 0.622075021 0.623399019 0.69036603 0.624396026 0.684521973 0.616531014 0.673516989 0.66535598 0.655434012 0.598694026 0.637827992 0.632395029 0.67979002 0.676617026 0.67000097 0.622602999 0.547874987 0.610522985 0.552677989 0.553921998 0.594102025 0.533237994 0.48289001 0.479418993 0.461315989 0.470894009 0.457695991 0.455217987 0.455289006 0.455359012 0.45835799
0.547285974 0.672249019 0.570991993 0.565385997 0.560401976 1.004443049 1.061365008 1.253422976 0.767581999 1.355782032 2.130310059 2.300864935 2.101685047 1.121111989 1.11095202 0.971284986 1.046970963 1.021713972 0.883230984 0.866919994 0.844039023 0.823146999 0.816190004 0.803465009 0.732429028 0.776637018 0.768564999 0.706484973 0.628380001 0.623650014 0.686556995 0.677053988 0.719547987 0.713791013 0.646827996 0.699000001 0.637188017 0.800495028 0.695959985 0.772764027 0.626533985 0.624185979 0.617627025 0.60759598 0.560380995 0.487794012 0.538423002 0.521000981 0.479476005 0.460148007 0.458968014 0.456896991 0.45451799 0.454356998 0.454948992 0.455338001
0.559849977 0.664533019 0.687618971 0.735127985 0.953058004 1.010342002 1.259333014 1.104786038 1.208526969 1.473626971 1.466892958 1.644507051 1.405763984 1.230697036 1.226549983 1.100484014 1.074797034 1.065050006 1.05071497 0.877587974 1.008726954 0.848173976 0.844331026 0.735288024 0.73338002 0.729148984 0.730370998 0.802707016 0.772718012 0.85769999 0.853776991 0.860625029 0.867129028 0.872788012 0.712535977 0.872575998 0.709405005 0.714067996 0.708428025 0.699118972 0.627745986 0.624978006 0.616343975 0.605100989 0.591794014 0.55301702 0.484158009 0.482941002 0.48023501 0.458945006 0.521745026 0.455736995 0.465772003 0.45469901 0.451211989 0.450455993
0.573005021 0.670893013 0.788882971 0.590182006 0.882546008 0.97221297 0.570244014 1.267212033 1.299307942 1.356701016 1.460636973 1.459589005 1.313770056 1.387308955 1.233304977 1.223067999 1.10263598 0.930462003 1.185168028 1.174381971 1.051576018 1.044829011 0.867438972 0.871191025 0.870030999 0.849884987 0.841346979 0.833085001 1.581714988 1.311090946 1.299301028 1.051540017 1.540238976 1.06813395 1.068006992 0.893710017 0.71737498 0.876217008 0.993046999 0.711957991 0.701417029 0.679046988 0.656463027 0.606613994 0.556613028 0.584692001 0.577271998 0.482378989 0.513718009 0.509932995 0.472963005 0.455886006 0.465088993 0.460951 0.458373994 0.447411001
0.576875985 0.745010018 0.678008974 0.682394981 0.804768026 0.705359995 1.244685054 1.264310956 1.262899041 1.295094013 1.295300961 1.349568963 1.417654991 1.394294024 1.289677024 1.269011974 1.268507957 1.100142002 1.521314979 1.382892966 1.216027975 1.068294048 1.061246991 0.884591997 0.893047988 1.003801942 0.991750002 1.355151057 1.527132034 1.50235796 1.315760016 1.303364992 1.284700036 1.083879948 1.079378963 1.066480994 0.905817986 1.045431972 0.881438017 0.717414975 0.712230027 0.69739902 0.611382008 0.655552983 0.601091981 0.596961021 0.585335016 0.532454014 0.481213987 0.515380979 0.457156986 0.503342986 0.467638999 0.491355002 0.458128989 0.445924014
0.462841004 0.705443025 0.696847975 0.712239027 1.121186018 1.173045993 1.22281301 1.299708962 1.284124017 1.285388947 1.287224054 1.280328035 1.326720953 1.398390055 1.315346956 1.594125986 1.131070971 1.299707055 1.40763998 1.490849018 1.383432031 1.073789001 1.071279049 1.067599058 1.063987017 1.057662964 1.586086035 1.379724026 1.392889977 1.385185957 1.755298018 1.456524014 1.442095041 1.443282008 2.508084059 1.237104058 1.209897041 1.057937026 1.028116941 0.876769006 0.853384018 0.815834999 0.696538985 0.685745001 0.606168985 0.653467 0.592097998 0.534428 0.579349995 0.577176988 0.519356012 0.514598012 0.451916993 0.464478999 0.491934001 0.444139004
0.682685018 0.674117029 0.672977984 0.825609982 0.887447 1.12263298 1.161674976 1.182019949 1.255300045 1.259327054 1.327059984 1.310112 1.302150965 1.402848005 1.116507053 1.295812011 1.295982003 1.375452042 1.393748045 1.486796021 1.477103949 1.208968997 1.182734966 1.159891963 1.847519994 1.022104979 1.165920973 1.332471013 1.341179967 1.315467954 1.468729973 1.260400057 1.251407981 1.239315033 1.24238205 1.238710999 1.215021968 1.055662036 1.031350017 0.884507 0.873659015 0.713766992 0.707095027 0.801259995 0.688040972 0.672733009 0.662262976 0.596791029 0.597015977 0.626213014 0.576963007 0.518571019 0.554534972 0.464868009 0.554090977 0.550868988
0.579707026 0.648715019 0.636748016 0.690239012 1.026152015 1.062324047 0.95114398 1.099428058 1.196519971 1.507724047 1.311010003 1.298058033 1.289307952 0.904107988 1.27404201 1.082695007 1.070575953 1.380574942 1.370751023 1.374850035 1.369240046 1.355535984 1.537202001 0.463084996 0.761825979 0.759980977 1.064195991 1.150972009 1.13934803 1.266227007 1.11977303 1.106351972 1.194136024 1.054381967 1.175663948 1.033756018 1.366598964 1.185374022 1.030082941 0.888062 1.091781974 0.967836976 0.953507006 0.816084027 0.799189985 0.77175498 0.670868993 0.656316996 0.600045979 0.597447991 0.528478026 0.532450974 0.538984001 0.567552984 0.625012994 0.556104004
0.612708986 0.639644027 0.655861974 0.764712989 0.807816029 0.990352988 1.002807975 1.331612945 1.698801041 1.101333022 1.093078017 1.474202037 1.076292038 1.262071967 0.879619002 1.048441052 0.849026024 1.011613011 1.358543992 1.176859975 1.159996986 1.131441951 0.743296981 0.995711982 1.014691949 1.016342044 1.004822969 0.982527971 1.126018047 1.115856051 0.930787027 1.102110982 1.069648981 1.04768002 1.030871034 1.015072942 1.148318052 0.999179006 1.124773979 1.09414804 0.99486202 0.980616987 0.962630987 0.940778017 0.904208004 0.682473004 0.671548009 0.657904029 0.639934003 0.630653977 0.591736019 0.587728024 0.466870993 0.463779986 0.571263015 0.521201015
0.627681017 0.638647974 0.71013099 0.733126998 0.903302014 0.790252984 0.758454978 0.901902974 0.870662987 1.010823965 1.001953959 0.998609006 1.004538059 0.680182993 0.679840028 0.852984011 0.945519984 1.153875947 0.793839991 0.920858026 0.776520014 0.955094993 0.963056028 0.959345996 0.879548013 0.941893995 0.671853006 0.672740996 0.676841021 0.800819993 0.805666983 0.800997019 0.792523026 0.633665979 0.772234976 0.990643024 0.863234997 0.977325976 0.970107019 0.970261991 1.068331957 1.329391956 1.035004973 0.940936029 0.89943701 0.763678014 0.738816023 0.654538989 0.642177999 0.634514987 0.688633978 0.470595986 0.579275012 0.572951972 0.547342002 0.531127989
0.640000999 0.643319011 0.650940001 0.708922982 0.667662978 0.747874022 0.824895024 0.800309002 0.94492197 0.679261982 0.751783013 0.763625026 0.789766014 0.894946992 0.769357979 0.762252986 0.756503999 0.748308003 0.738367021 0.653033972 0.890152991 0.904506028 0.642032027 0.799960017 0.909685016 0.907244027 0.554809988 0.665261984 0.764820993 0.667379022 0.665593982 0.782397985 0.777348995 0.769156992 0.855656028 0.758213997 0.85027802 0.845147014 0.835029006 0.943346977 0.941744983 0.936213017 0.930065989 0.927653015 0.907032013 0.861415029 0.732877016 0.646053016 0.637489974 0.628695011 0.586732984 0.585631013 0.554862976 0.552487016 0.560102999 0.454118013
0.574157 0.690560997 0.65554601 0.819187999 1.011755943 0.703620017 0.684939027 0.669938028 0.560603976 0.658414006 0.657042027 0.668249011 0.654712975 0.717746019 0.65891099 0.715753019 0.712539971 0.657914996 0.65033102 0.84739399 0.616861999 0.63340199 0.634392977 0.755677998 0.752833009 0.563884974 0.64922601 0.64506501 0.645933986 0.662665009 0.661294997 0.744521976 0.737717986 0.611898005 0.744575977 0.980718017 0.821614981 0.707831025 0.812332988 0.800647974 0.707301974 0.791001976 0.781488001 0.905484974 0.973150015 0.949792027 0.842208982 0.813610017 0.78225702 0.621477008 0.609030008 0.597567022 0.568275988 0.548114002 0.542074025 0.532379985
0.681894004 0.576990008 0.661216021 0.691841006 0.693441987 1.416555047 0.57030499 0.708082974 0.643544972 0.634652972 0.632934988 0.545377016 0.666310012 0.667686999 0.631488025 0.670349002 0.626622975 0.621306002 0.653931022 0.592993021 0.510526001 0.544301987 0.547228992 0.560711026 0.621577978 0.60858798 0.543942988 0.529708028 0.531225979 0.630487978 0.628090024 0.615206003 0.482015997 0.604278028 0.714457989 0.808014989 0.970634997 0.781795979 0.571546018 0.557991028 0.910462976 0.760223985 0.69232899 1.373478055 0.865871012 0.768352985 0.761615992 0.805894971 0.767386019 0.730786979 0.589600027 0.63302201 0.577217996 0.550791025 0.54944098 0.54923898
0.666258991 0.657503009 0.658753991 0.667393029 0.572947979 0.672605991 0.873459995 0.662992001 0.670134008 0.628524005 0.618918002 0.611815989 0.59978199 0.590130985 0.419301987 0.631165028 0.425188988 0.565141976 0.555840015 0.549642026 0.553366005 0.538380027 0.576740026 0.539009988 0.585092008 0.253345996 0.582516015 0.585628986 0.590663016 0.666598022 0.48290801 0.578046024 0.580581009 0.589061975 0.597916007 0.690410018 0.598396003 0.577820003 0.567044973 0.700501025 0.698871017 0.734997988 0.686326027 0.750729978 0.760345995 0.759154022 0.756286025 0.650469005 0.719193995 0.722656012 0.691012025 0.616504014 0.573916018 0.565810025 0.563692987 0.565831006
0.701337993 0.668192983 1.661152959 0.679268003 0.901666999 0.698886991 0.69245702 0.68533802 0.658210993 0.630903006 0.618272007 0.874868989 0.70984298 0.258706987 0.547581971 0.37371701 0.530852973 0.523552001 0.516086996 0.50305903 0.502043009 0.525825977 0.531089008 0.563040972 0.565724015 0.632341981 0.505234003 0.25890699 0.485318005 0.557793021 0.543071985 0.267811 0.266514987 0.545356989 0.571951985 0.656897008 0.583283007 0.648434997 0.661759973 0.662772 0.659992993 0.728441 0.656283975 0.65831399 0.728850007 0.733565986 0.742092013 0.878044009 0.734318972 0.777498007 0.687919974 0.59998399 0.571446002 0.565841019 0.563812017 0.57258898
1.209182978 0.88082701 0.707266986 0.710861027 0.713560998 0.692853987 0.683274984 0.676505983 0.657097995 0.653753996 0.660417974 0.660281003 0.557004988 0.198495001 0.662575006 0.523541987 0.504824996 0.498495996 0.508823991 0.482537001 0.472604007 0.500606 0.460601985 0.231517002 0.415342987 0.429614007 0.451047003 0.129568994 0.526068985 0.51868999 0.427381992 0.497516006 0.665494978 0.274551004 0.834532022 0.553862989 0.56022501 0.547565997 0.527083993 0.505883992 0.596539974 0.431376994 0.506268978 0.608554006 0.628000975 0.827946007 0.735973001 0.767435014 0.976899981 0.730663002 0.604571998 0.662425995 0.644500017 0.582553029 0.580022991 0.582904994
2.2221241 1.539752007 1.482398033 0.782247007 0.777875006 0.687062025 0.681838989 0.425581992 1.22102201 0.623923004 0.734890997 0.575610995 0.553228021 0.549475014 0.532118976 0.525986016 0.503979027 0.474741995 0.44522801 0.457013011 0.462733001 0.486642003 0.418309987 0.368349999 0.450814009 0.385253996 0.251538008 0.399652004 0.239061996 0.468941003 0.381576985 0.388563007 0.266660005 0.273395002 0.498479992 0.512934983 0.518657029 0.510356009 0.438508987 0.427222997 0.488110006 0.429253995 0.49375999 0.504005015 0.591629982 0.609808028 0.725643992 0.763170004 0.807991982 0.741299987 1.248486996 0.694252014 0.666041017 0.588959992 0.599106014 0.603165984
