Environmental Parameters/2019/Sea-bottom_temperature.asc
ncols 720
nrows 360
xllcorner -180.00
yllcorner -90.00
cellsize 0.5
NODATA_value -9999
[rows 25 to 49 of 360, columns 112 to 167 of 720]
0.202080995 -0.058926001 -0.178378001 -0.451510012 -0.588177025 -0.432837009 -0.575809002 -0.720360994 -1.159283042 -0.65604353 -0.37603882 -0.376404732 -0.534022987 -0.544909418 -0.604672253 -0.896194458 -1.166877985 -1.428092957 -1.189049006 -0.492222995 0.019848 0.111129999 0.086049996 -1.258918047 -1.260182023 -0.064479999 0.132283002 0.117762998 0.136512995 0.243662998 0.243412003 0.153035 0.017006001 0.161909997 0.138699993 0.004406 -1.356011033 -0.458494067 -0.100270279 0.076690003 0.100828998 0.084904 -0.003383 -0.155552998 -0.075985 -0.161801994 -0.163573995 -0.264061004 -0.345596999 -0.515016973 -0.49375999 -0.263060987 -0.474112988 -0.265579998 -0.137054995 -0.502475977
-0.178944007 -0.316498995 -0.444016993 -0.986935019 -1.37668705 -1.524824023 -1.025021195 -0.85362488 -9999.0 -9999.0 -0.498230875 -0.384328753 -0.571447968 -9999.0 -0.777041554 -0.904909134 -0.952063978 -0.185237005 -0.55721122 -0.716124058 -0.73127228 -1.232803941 0.129577994 0.154762998 0.129580006 0.197529003 0.116283998 0.117578998 -0.385738999 -0.167286187 -0.025672387 0.143750995 0.143445 0.114666998 -0.311426997 -0.742518008 -0.691866994 -0.673206985 -0.344101012 -0.184037998 0.206560001 0.119251996 0.183378994 -0.076642998 -0.077881999 -0.374478996 -0.52315414 -0.054705001 -0.092707999 0.008009 0.059540998 -0.165724993 -0.357172996 -0.570011735 -0.594523668 -0.642858684
-1.153661966 -1.381055951 -0.51132673 -0.545271993 -0.707556546 -1.085283995 -1.124778748 -9999.0 -0.768559456 -0.756892443 -0.560505509 -0.324173003 -0.728932023 -0.877498925 -0.994858027 -0.949090004 -0.572857678 -0.349252224 -9999.0 -0.751826108 -1.078909993 -1.016229153 -0.957722008 -0.053661998 0.032621998 0.114956997 -0.725409985 -0.451607168 -0.496194512 -0.417551488 -9999.0 -0.393521577 -0.731652975 0.133709997 -0.211820006 -0.092012003 -0.220544994 -0.222781003 -0.896826982 -0.324286848 -0.364226192 -0.296395302 -0.206947282 -0.202345416 -0.32724762 -0.725112021 -1.498584032 -0.791142225 -9999.0 -0.269966394 -9999.0 -9999.0 -0.633888125 -1.014670968 -1.009708047 -0.758062005
0.094310999 0.094878003 0.061809 -0.211686 -0.001145 -0.548987031 -1.180017948 -0.707774103 -0.481043011 -0.836328983 -0.396347702 -0.382194132 -1.41851294 -1.067067027 -0.768787086 -0.614710212 -0.393176407 -0.288367271 -9999.0 -9999.0 -9999.0 -9999.0 -9999.0 -9999.0 -0.355670005 -0.823660016 -0.065214001 -0.710120976 -0.686464906 -0.649629891 -0.635579526 -9999.0 -0.66318363 -0.427071393 -0.38858369 -9999.0 -0.536032677 -1.038233042 -0.210977003 -0.035625 -0.993025005 -0.636723101 -0.48603934 -0.392264456 -0.444902986 -0.804879546 -1.32739675 -1.046822667 -0.743363857 -9999.0 -9999.0 -9999.0 -0.816891134 -1.158699989 -1.035134912 -1.111924052
0.119654998 0.120038003 0.099703997 0.120155998 0.120003998 0.119285002 0.117100999 0.109508 0.104734004 0.098141998 0.074109003 0.069273002 -1.197682023 -0.608501732 -0.38485536 -0.287665516 -9999.0 -0.124923848 -0.347044647 -0.849950552 -0.890196681 -0.599662721 -0.366486907 -0.266860574 -0.355124116 -0.727187455 -0.930167198 -9999.0 -9999.0 -9999.0 -0.856277704 -9999.0 -0.766967475 -9999.0 -9999.0 -0.618593514 -0.631073833 -0.894367993 -0.4648045 -0.391647726 -0.703890681 -0.717427015 -0.809605002 -0.558800995 -0.401374996 -0.724159002 -1.32950604 -1.230314374 -0.982320786 -0.747308373 -0.68238014 -0.814343631 -0.961084008 -0.983328462 -0.860019028 -1.091749191
0.119747996 0.120102003 0.120236002 0.120144002 0.116378002 0.116562001 0.116086997 0.092717998 0.059452999 0.097156003 0.090898998 0.087341003 0.091086999 0.089120001 0.084890001 0.083549 0.083045997 0.037418 0.039563 -1.270485997 -0.632992446 -0.327463537 -9999.0 -9999.0 -0.200162917 -0.59454 -1.515632033 -1.31794095 -1.034024 -1.037513971 -1.113466024 -0.953881979 -0.800261974 -0.930593014 -1.108368993 -0.752879977 -0.41455701 -0.441224009 -0.552246988 -0.528379977 -0.688551009 -0.706932008 -0.841318011 -1.09403801 -0.841775 -0.832177997 -0.876528025 -1.339980006 -1.350007057 -0.872395992 -0.744193971 -1.319501996 -0.844811022 -0.954326987 -0.952914 -1.143319011
-0.422483712 -0.236169919 -9999.0 -9999.0 -9999.0 -9999.0 -0.53307575 -1.239493966 0.086860999 0.096143 0.045694999 -1.245376945 -1.182811975 0.073187001 0.089178003 0.102931 0.088398002 0.098586001 0.088237002 0.088669002 0.089289002 0.089806996 0.090278 0.090824001 0.091424003 0.092219003 0.093069002 0.095338002 0.095335998 0.095344 0.095908001 0.096896999 0.097695 0.098422997 0.098788001 0.099137999 0.099356003 0.097161002 0.096611001 0.088174 0.028052 -0.277559996 -0.286808014 -0.29678601 -0.417932004 -0.418229997 -0.489297986 -0.565028012 -0.778127015 -1.276455045 -1.309121013 -0.905600011 -0.877044976 -0.860231996 -0.887879014 -0.896449983
-0.604091585 -9999.0 -9999.0 -9999.0 -9999.0 -9999.0 -9999.0 -9999.0 -9999.0 -9999.0 -9999.0 -9999.0 -9999.0 -9999.0 -9999.0 -1.470031977 -0.021462999 0.076549999 0.086320996 0.089082003 0.089460999 0.089851998 0.087976001 0.061664999 -0.058989 -0.749000013 -0.989355028 -1.067301989 -1.182307959 -1.162606955 -1.131134033 -1.133795977 -1.13675797 -1.175063968 -1.198672056 -1.197271943 -1.194612026 -1.209537983 -0.519496977 -0.045384001 0.013679 -0.052499998 -0.613178015 -1.09928298 -1.214198947 -1.253821015 -1.188747644 -1.523468971 -1.283542752 -1.276592016 -1.480489969 -1.503105044 -1.311836958 -1.474745989 -0.998978972 -0.921667993
-9999.0 -9999.0 -9999.0 -9999.0 -9999.0 -9999.0 -9999.0 -9999.0 -9999.0 -9999.0 -9999.0 -9999.0 -0.867738485 -0.882751286 -1.097232938 -1.430433989 -1.211684942 -1.179782033 -1.085373521 -1.472018957 -1.205899954 -0.482593 -0.619234025 -0.36720401 -0.730314016 -0.669062972 -0.652243972 -0.151519001 -0.482612997 -0.923492014 -1.061499 -1.134047031 -1.506032944 -1.109491944 -1.381418943 -1.509081006 -1.41062808 -9999.0 -1.52441895 -0.203637004 -0.016171999 0.047219001 -0.750684023 -1.173519015 -1.122681975 -1.150650978 -1.489478946 -1.497874022 -9999.0 -9999.0 -9999.0 -1.41565156 -1.392336011 -1.264055014 -1.014237046 -0.960292995
-9999.0 -9999.0 -9999.0 -9999.0 -9999.0 -9999.0 -9999.0 -9999.0 -9999.0 -0.668928742 -1.000854015 -0.859699011 -0.887099981 -0.968673885 -9999.0 -9999.0 -9999.0 -9999.0 -9999.0 -1.434694052 -1.30282104 -1.108023643 -9999.0 -1.090839148 -1.472327948 -1.140154004 -1.18195498 -1.278350949 -1.294124961 -1.478505015 -1.093147039 -0.394760996 -1.231853127 -9999.0 -9999.0 -9999.0 -9999.0 -1.502027035 -1.137099981 -0.198578998 -0.022062 -0.090458997 -1.486263037 -1.265840769 -1.259150624 -1.352761984 -1.441318035 -1.430910945 -9999.0 -9999.0 -9999.0 -1.360724211 -9999.0 -1.368391037 -1.342404962 -0.473646998
-9999.0 -9999.0 -9999.0 -9999.0 -9999.0 -9999.0 -9999.0 -0.555728018 -0.636542022 -0.506968021 -0.498317003 -0.908586979 -9999.0 -9999.0 -9999.0 -9999.0 -9999.0 -9999.0 -9999.0 -9999.0 -9999.0 -9999.0 -9999.0 -9999.0 -9999.0 -1.460821033 -1.35265696 -9999.0 -9999.0 -9999.0 -1.47023499 -1.117944956 -1.452782035 -1.41448617 -9999.0 -9999.0 -9999.0 -1.506947994 -1.195224047 -0.685519993 -0.195217997 -0.091165997 -0.488287002 -1.222254992 -1.37390697 -1.355661035 -1.329926848 -1.351175904 -9999.0 -9999.0 -9999.0 -9999.0 -9999.0 -9999.0 -1.292281032 0.064804003
-0.297345281 -9999.0 -9999.0 -9999.0 -9999.0 -9999.0 -0.55110991 -0.455765009 -0.520439982 -0.886914015 -0.511586964 -0.533478081 -0.603253245 -9999.0 -0.761043966 -0.833676934 -0.896551251 -9999.0 -9999.0 -9999.0 -9999.0 -9999.0 -9999.0 -9999.0 -9999.0 -9999.0 -9999.0 -9999.0 -9999.0 -9999.0 -9999.0 -1.451782942 -1.179767013 -1.44509697 -9999.0 -9999.0 -9999.0 -9999.0 -1.496039033 -1.137511969 -1.063388944 -0.502752006 -0.376345009 -0.372902989 -0.796934009 -1.12469995 -1.183787942 -1.281829 -1.332748055 -1.312406182 -9999.0 -1.234438419 -1.185074091 -1.186843634 -1.275431037 0.064384997
-0.053218 -0.066743195 -0.075301692 -0.087241001 -0.704325974 -0.50977999 -0.562279999 -0.439269006 -0.525095999 -0.50345999 -0.270639002 -0.126260996 -0.37687701 -0.454939008 -0.615194023 -0.694958985 -9999.0 -9999.0 -9999.0 -9999.0 -9999.0 -9999.0 -9999.0 -9999.0 -9999.0 -9999.0 -9999.0 -9999.0 -9999.0 -9999.0 -9999.0 -9999.0 -9999.0 -9999.0 -9999.0 -9999.0 -9999.0 -9999.0 -1.307367325 -1.264194965 -1.168934941 -1.15892005 -1.057137966 -0.950210989 -0.694371998 -0.831048012 -0.962996006 -0.940652013 -0.98765099 -1.162719965 -1.316316962 -1.114779949 -1.060068011 -1.046594024 -1.229832053 -1.233651042
0.116995998 0.115929 0.114253998 0.116462998 0.114673004 0.083990999 0.080403998 0.03906 0.040741 0.071946003 0.037505999 -0.573638976 -0.233025566 -0.217342168 -0.432256043 -0.574203551 -0.652049363 -0.723543108 -0.788192272 -0.83926934 -0.890971482 -0.956287742 -1.027223229 -1.081532955 -9999.0 -9999.0 -9999.0 -9999.0 -9999.0 -9999.0 -9999.0 -9999.0 -9999.0 -9999.0 -9999.0 -9999.0 -9999.0 -9999.0 -9999.0 -1.239615321 -1.392604947 -1.131307006 -1.064834952 -1.06765604 -1.082435966 -1.107666969 -1.119887948 -1.136052966 -0.974087 -0.933018982 -0.93572402 -1.034764051 -1.114259958 -1.11214304 -1.016324997 -1.115425229
0.105249003 0.111727998 0.116328999 0.116361 0.116380997 0.114748001 0.112305 0.109057002 0.097768001 0.094117001 0.077381998 0.090297997 0.104502 0.092432998 -0.268837005 -0.465449989 -0.543604016 -0.604443014 -0.651246011 -0.696083009 -0.757637024 -0.85749501 -0.938048005 -0.981750011 -0.991048992 -9999.0 -9999.0 -9999.0 -9999.0 -9999.0 -9999.0 -9999.0 -9999.0 -9999.0 -9999.0 -9999.0 -9999.0 -9999.0 -9999.0 -9999.0 -9999.0 -9999.0 -9999.0 -1.412320018 -1.451408029 -1.281664014 -1.337286949 -1.065454006 -0.994448006 -0.936981976 -0.932937026 -1.009698987 -1.116271019 -1.114297986 -1.099432945 -1.041925192
-0.659543991 -0.692839026 0.001285 0.010166 0.015836 -0.588024974 0.047311001 0.107404999 0.113604002 0.113481998 0.083570004 0.113401003 0.039634999 -0.106230997 -0.313809812 -9999.0 -9999.0 -9999.0 -9999.0 -9999.0 -9999.0 -9999.0 -9999.0 -9999.0 -9999.0 -9999.0 -9999.0 -9999.0 -9999.0 -9999.0 -9999.0 -9999.0 -9999.0 -9999.0 -9999.0 -9999.0 -9999.0 -9999.0 -9999.0 -9999.0 -9999.0 -1.202167988 -1.078215003 -0.980596006 -1.101251245 -1.103207588 -1.104514003 -1.029871941 -1.144150972 -1.13943696 -1.09484005 -1.138761044 -1.071620107 -1.03489697 -0.927057981 -0.978468001
-0.046308044 -0.018887272 -9999.0 -9999.0 -9999.0 -9999.0 -9999.0 0.054154161 0.019574 0.013617 -0.602380991 -0.267405987 0.10464 0.095669001 -0.374538004 -0.533953011 -0.225715995 -0.200525001 -0.182249993 -0.184532002 -0.469662577 -9999.0 -9999.0 -9999.0 -9999.0 -9999.0 -9999.0 -9999.0 -9999.0 -9999.0 -9999.0 -9999.0 -9999.0 -0.768343091 -0.730359972 -0.699917018 -0.683772027 -0.773695707 -0.868228734 -9999.0 -9999.0 -0.987110436 -0.928030193 -0.976659 -0.84068501 -0.89418298 -0.956147015 -0.95509398 -1.04994297 -1.07407999 -1.061154008 -0.961002648 -9999.0 -9999.0 -0.880608261 -0.873722017
-9999.0 -9999.0 -9999.0 -9999.0 -9999.0 -9999.0 -9999.0 -9999.0 -9999.0 -9999.0 -9999.0 -9999.0 -9999.0 -0.217655763 -0.213927448 -0.239977002 -0.253358454 -0.277492881 -0.337886989 -0.317663997 -0.384086996 -0.865788877 -1.089746594 -0.955547512 -0.841848671 -0.936843455 -1.068897963 -1.031365514 -0.975100458 -0.863764703 -0.683322012 -0.917150974 -0.666400015 -0.601922989 -0.658757985 -0.676178813 -0.670683026 -0.663590014 -0.773186028 -0.859601974 -0.793933988 -0.81299001 -0.691347003 -0.797748029 -0.716057003 -0.824024975 -0.699932992 -0.757562995 -0.505493999 -0.557331026 -0.636967003 -0.781069994 -0.802261651 -0.795912147 -0.786941528 -0.792449415
-9999.0 -9999.0 -9999.0 -9999.0 -9999.0 -9999.0 -9999.0 -9999.0 -9999.0 -9999.0 -9999.0 -9999.0 -9999.0 -9999.0 -9999.0 -9999.0 -9999.0 -0.30118826 -0.308564425 -0.489633799 -1.203116059 -1.261615038 -1.32772994 -1.310807943 -0.082681999 -1.213150978 -1.011906028 -1.22873795 -1.101490974 -1.027083039 -0.237588003 -0.521503031 -0.313755989 -0.652131021 -0.692336023 -0.692084551 -0.694486976 -0.698562026 -0.614386022 -0.656665981 -0.730988026 -0.781674027 -0.762006998 -0.835125029 -0.786814988 -0.879333019 -0.81052202 -0.527224004 -0.525403976 -0.553489029 -0.582265019 -0.649097979 -0.704443753 -0.707102358 -0.671115994 -0.864091992
-9999.0 -9999.0 -9999.0 -9999.0 -9999.0 -9999.0 -9999.0 -9999.0 -9999.0 -9999.0 -9999.0 -9999.0 -9999.0 -9999.0 -9999.0 -9999.0 -9999.0 -0.318857014 -0.255214989 -0.316603005 -0.708522022 -0.917107999 -1.295814991 -1.197806001 -1.144641995 -0.056518 -0.15716286 -0.211665422 -0.178810999 -0.159850001 -0.675203979 -0.617824972 -0.593206584 -9999.0 -9999.0 -9999.0 -9999.0 -9999.0 -9999.0 -9999.0 -9999.0 -0.481654793 -0.413924009 -0.412595004 -0.421131998 -0.432945013 -0.461890727 -0.482674122 -0.507532001 -0.574778974 -0.587544978 -0.622017026 -0.726274014 -0.691675007 -9999.0 -0.49317801
-9999.0 -9999.0 -9999.0 -9999.0 -9999.0 -9999.0 -9999.0 -9999.0 -9999.0 -9999.0 -9999.0 -9999.0 -9999.0 -9999.0 -9999.0 -9999.0 -9999.0 -9999.0 -9999.0 -9999.0 -9999.0 -9999.0 -9999.0 -9999.0 -9999.0 -9999.0 -9999.0 -9999.0 -9999.0 -9999.0 -0.47407335 -0.647265017 -0.728038013 -0.718552589 -9999.0 -9999.0 -9999.0 -9999.0 -9999.0 -9999.0 -9999.0 -9999.0 -9999.0 -9999.0 -9999.0 -9999.0 -9999.0 -9999.0 -9999.0 -9999.0 -9999.0 -9999.0 -9999.0 -9999.0 -9999.0 -0.467633009
-9999.0 -9999.0 -9999.0 -9999.0 -9999.0 -9999.0 -9999.0 -9999.0 -9999.0 -9999.0 -9999.0 -9999.0 -9999.0 -9999.0 -9999.0 -9999.0 -9999.0 -9999.0 -9999.0 -9999.0 -9999.0 -9999.0 -9999.0 -9999.0 -9999.0 -9999.0 -9999.0 -9999.0 -9999.0 -9999.0 -9999.0 -0.655769169 -0.743493974 -0.731030822 -9999.0 -9999.0 -9999.0 -9999.0 -9999.0 -9999.0 -9999.0 -9999.0 -9999.0 -9999.0 -9999.0 -9999.0 -9999.0 -9999.0 -9999.0 -9999.0 -9999.0 -9999.0 -9999.0 -9999.0 -9999.0 -9999.0
-9999.0 -9999.0 -9999.0 -9999.0 -9999.0 -9999.0 -9999.0 -9999.0 -9999.0 -9999.0 -9999.0 -9999.0 -9999.0 -9999.0 -9999.0 -9999.0 -9999.0 -9999.0 -9999.0 -9999.0 -9999.0 -9999.0 -9999.0 -9999.0 -9999.0 -9999.0 -9999.0 -9999.0 -9999.0 -9999.0 -9999.0 -9999.0 -9999.0 -9999.0 -9999.0 -9999.0 -9999.0 -9999.0 -9999.0 -9999.0 -9999.0 -9999.0 -9999.0 -9999.0 -9999.0 -9999.0 -9999.0 -9999.0 -9999.0 -9999.0 -9999.0 -9999.0 -9999.0 -9999.0 -9999.0 -9999.0
-9999.0 -9999.0 -9999.0 -9999.0 -9999.0 -9999.0 -9999.0 -9999.0 -9999.0 -9999.0 -9999.0 -9999.0 -9999.0 -9999.0 -9999.0 -9999.0 -9999.0 -9999.0 -9999.0 -9999.0 -9999.0 -9999.0 -9999.0 -9999.0 -9999.0 -9999.0 -9999.0 -9999.0 -9999.0 -9999.0 -9999.0 -9999.0 -9999.0 -9999.0 -9999.0 -9999.0 -9999.0 -9999.0 -9999.0 -9999.0 -9999.0 -9999.0 -9999.0 -9999.0 -9999.0 -9999.0 -9999.0 -9999.0 -9999.0 -9999.0 -9999.0 -9999.0 -9999.0 -9999.0 -9999.0 -9999.0
-9999.0 -9999.0 -9999.0 -9999.0 -9999.0 -9999.0 -9999.0 -9999.0 -9999.0 -9999.0 -9999.0 -9999.0 -9999.0 -9999.0 -9999.0 -9999.0 -9999.0 -9999.0 -9999.0 -9999.0 -9999.0 -9999.0 -9999.0 -9999.0 -9999.0 -9999.0 -9999.0 -9999.0 -9999.0 -9999.0 -9999.0 -9999.0 -9999.0 -9999.0 -9999.0 -9999.0 -9999.0 -9999.0 -9999.0 -9999.0 -9999.0 -9999.0 -9999.0 -9999.0 -9999.0 -9999.0 -9999.0 -9999.0 -9999.0 -9999.0 -9999.0 -9999.0 -9999.0 -9999.0 -9999.0 -9999.0
