Environmental Parameters/2019/Sea-bottom_dissolved_oxygen.asc
ncols 720
nrows 360
xllcorner -180.00
yllcorner -90.00
cellsize 0.5
NODATA_value -9999
[rows 150 to 174 of 360, columns 616 to 671 of 720]
157.9612579 157.9520264 157.6813354 157.78479 157.6873627 157.6037292 157.4125671 157.3175049 157.3537903 157.3333435 157.0103302 156.7588043 152.294693 155.9239655 162.4437408 162.4894562 157.8800507 157.9460144 162.626236 162.6966248 162.4982147 161.2403564 159.5867615 161.8460236 162.2220917 162.24646 162.2546997 161.9910736 160.368454 146.7686005 151.4014893 145.7237396 161.8799286 141.3930511 96.37026978 132.6756744 168.1082611 169.3100128 170.0939178 162.8904114 170.7985992 172.2624817 171.9642181 172.6813507 172.7758636 172.8126221 172.7795868 172.7583008 172.7217407 172.6621552 172.5821075 172.6411743 172.6790009 172.7317657 172.760025 172.7739563
158.1124115 158.0087433 157.8462372 157.6570435 157.5707397 157.4355469 157.2820587 157.1916199 157.1354828 156.932785 156.9834747 156.8733673 156.6809845 154.4920197 162.4420319 162.6000519 157.3213043 162.6499939 162.7360077 162.6871643 162.2757111 162.6918945 162.7168274 161.2211761 162.3699493 162.3580322 162.3311462 161.5476532 159.1403503 101.7266006 163.9906921 150.2208862 162.8597412 120.7090836 79.65194702 156.0318604 169.2868805 170.089386 170.097641 127.6368942 171.1220093 172.0671692 172.8138885 172.9140167 172.9793854 172.9902954 172.9608002 172.9283447 172.9025116 172.883194 172.8509521 172.7926178 172.8165283 172.8140259 172.8256378 167.2874146
157.959198 157.9118652 157.7569427 157.5998383 157.4522095 157.2974396 157.181076 157.0947266 157.069519 157.029007 156.8246155 156.681366 157.1942596 157.5352325 162.4120636 162.5250854 162.5634613 162.5930481 162.550293 162.7121124 162.9006653 162.6589813 162.7861633 162.5839844 162.4423065 162.388382 160.993454 160.8202209 143.6044617 159.3082733 149.1714172 145.5770874 145.5139618 80.45990753 114.5745239 162.7373047 169.9177399 169.9713135 170.0663605 170.2907104 170.0407104 172.787735 172.2952576 173.048996 173.093277 173.0825043 173.066925 173.0651398 173.0609589 173.0587158 173.0545502 173.0106354 172.9828644 172.974884 172.9521942 172.9204865
157.9052887 157.7536469 157.7019348 157.5472717 157.4008484 157.2460327 157.1268921 157.0272217 156.9705048 156.8423462 156.7626801 156.6776276 156.7072906 160.3115845 162.1771088 162.1964569 156.7063141 162.0320587 162.4959869 162.6620178 161.4745789 163.0632629 160.0539246 163.1952667 165.0268097 164.0198669 162.4610443 152.8195801 116.1533813 158.1572723 149.0795746 146.6683044 150.4770508 86.86425781 133.1277771 169.371933 169.7872925 169.8373108 169.9773254 167.4011688 171.6289368 173.0157623 173.0351563 173.1287689 173.1459045 173.138092 173.1445465 173.1733093 173.1895294 173.2009583 173.2154999 173.1963959 173.1704254 173.1418304 173.0815582 172.9907684
157.8571472 157.736145 157.6235657 157.5106964 157.4069519 157.2618256 157.13414 157.0222015 156.9608612 156.9380341 156.9142456 156.6970215 143.4590912 155.8022919 162.2048798 161.7395477 156.8453217 162.2911224 158.2170563 162.4299622 159.5534668 163.3387604 163.2865906 163.1296844 162.0661926 158.0919342 139.772522 111.3792496 161.522583 159.7980957 144.4415436 139.3653259 86.15398407 169.227478 169.5939331 169.6403503 169.6793518 169.7588196 168.6672516 165.5088806 172.7965546 173.0500946 173.093399 173.1596222 173.1933899 173.2154541 173.2437134 173.2764435 173.2981415 173.3032684 173.2988434 173.2711029 173.2388916 173.1891174 173.0975647 173.0084381
157.7324066 157.7016907 157.5837402 157.5197754 157.4093781 157.3000641 157.1869507 157.0705261 156.9548035 156.8746338 156.8114471 156.7050323 152.8024292 153.050766 159.4501953 161.2189331 162.2229156 162.27742 161.5249023 162.4854889 161.8103485 163.4165344 160.8691864 160.8707886 160.7625427 156.58461 165.2866669 121.3142548 126.041069 162.5083466 160.5290833 167.9217072 169.4896851 169.518158 169.5405579 169.5844879 169.6231689 152.4233246 170.5268707 165.5718994 173.0038757 173.0390167 173.1019897 173.1666565 173.212677 173.0730591 173.2775269 173.3039093 173.3079224 173.2969208 173.2754822 173.2339478 173.1860352 173.1242828 173.0339355 172.9503479
157.6200562 157.574234 157.5523987 157.4776154 157.394455 157.3057709 157.2024078 157.0893097 156.9734039 156.8592682 156.7762604 156.7477112 156.7364044 157.3251038 161.0148773 161.7927704 161.1780701 162.8714294 163.0934601 162.2986603 159.3820801 165.2156219 164.7271729 150.708313 156.7633514 154.4245911 154.4973755 168.1659851 167.0017548 167.7184448 169.1156006 169.2394104 169.3763123 169.4313507 169.4925079 169.3270874 169.5720673 169.7474976 171.8340454 172.9659729 172.9703064 173.0448761 173.1073303 173.1644135 173.2132111 173.2491913 173.2742157 173.2875366 173.2790985 173.2555542 173.2074127 173.1480408 173.0919189 173.0227356 172.9360199 172.8808136
157.5968323 157.5302277 157.4823761 157.4107208 157.3336029 157.2486115 157.1442108 157.029129 156.9165039 156.8108673 156.7262115 156.716217 156.1653137 156.7760925 158.4194641 159.2132568 161.8926239 161.5691528 163.7024536 162.3618622 144.2067413 168.2510071 164.4285889 163.9171295 166.2048035 150.9608307 168.7263794 168.7572632 168.8183594 168.9207916 169.0801086 169.2177124 165.8470612 156.4582672 167.2447662 163.9855957 169.9898529 134.5399628 172.0706635 172.6809082 172.9677887 173.0312195 173.0744171 173.134552 173.1803741 173.1998291 173.1947327 173.1747894 173.1366272 173.0841675 173.033844 172.9683228 172.8988037 172.8274078 172.7943726 172.7565308
157.4153748 157.3878174 157.3382263 157.2989349 157.2184448 157.1324768 157.027298 156.9151154 156.8117218 156.7178955 156.6753998 156.673584 156.0054626 149.0748444 158.0127106 161.0330811 161.0176239 161.6212311 160.2223206 160.6412048 151.1488647 168.2476959 167.7408905 163.6847076 156.2741852 167.4674835 168.5450592 167.828949 168.4426422 168.5806885 168.6924896 168.2092285 165.683136 155.9120178 163.8448334 166.9458466 167.0857849 168.394104 170.1207275 172.3060303 172.977951 173.018631 173.0464172 173.0826569 173.1248474 173.1188812 173.1022339 173.0608521 173.0110931 172.9551544 172.8751678 172.8192291 172.7641449 172.7402649 172.6017303 172.6194763
157.3316498 157.2460938 157.1908417 157.1586304 157.0806122 157.0035706 156.9165497 156.8221283 156.7249603 156.6651917 156.6501007 156.4971771 155.4348755 151.756073 159.6404419 157.3167419 160.7155151 163.7677917 160.9713745 155.479538 140.9024963 168.2459717 165.5684204 96.31700134 99.51591492 153.6115417 160.3170013 160.2033691 165.6497192 167.6917267 168.192215 167.5946503 165.154007 142.2025146 152.7383423 163.7619171 168.9706116 169.4072418 168.6983185 170.9073486 83.39512634 169.0569 173.0391846 173.0509338 173.0675812 173.0709076 173.0517273 172.755661 172.6920776 172.8905182 172.8288574 172.7700958 172.7275238 172.7003479 172.1043396 172.1206512
157.2542572 157.1551819 157.0862579 157.0091705 156.9386597 156.8753815 156.7996674 156.7387848 156.6809082 156.6473083 156.6308594 156.2907867 154.3409576 149.2920074 157.3659515 154.0153198 157.8366089 160.7547913 159.670929 152.1873932 148.368576 164.7737732 150.4534302 109.423912 118.6708145 113.5830002 118.785881 139.0806274 153.27005 166.8401794 167.5913239 166.4960327 166.5109558 142.6822052 162.5531311 155.5286865 165.7632751 152.3546448 164.7245026 155.4616089 100.9690933 171.6737366 172.4245453 172.3983307 172.8438873 173.0565643 172.35289 172.3174438 172.317688 172.2655792 172.4412842 172.7473755 172.1893768 172.1528931 172.0317383 171.7484131
157.085144 157.0553284 156.9521637 156.8681488 156.8047028 156.7537231 156.7154388 156.6908569 156.6611633 156.6401978 155.9733734 155.9696198 155.6514893 152.7232971 155.3919525 157.7353058 157.7294769 162.2000427 144.8336487 147.7088776 168.2373047 163.6564331 150.0066681 158.5053711 147.6841278 136.2883759 149.229126 144.0719604 104.1254349 147.1143341 166.4692688 167.5695496 166.4870453 158.3812408 142.7907715 148.5920868 133.2825012 160.0344696 168.4306793 145.0451813 97.37824249 165.6238251 169.0161438 148.1549835 169.1441345 171.608902 171.6209106 167.7438965 167.9751892 170.901123 172.0548096 172.2219543 172.1835785 172.1432495 171.7029266 171.348053
157.1096497 156.9998169 156.8645325 156.7709045 156.7016296 156.6838684 156.6749115 156.1215973 155.323349 155.1973267 155.1386566 154.9687347 153.4792023 154.9702301 157.0040741 153.0801239 147.8581696 153.1723022 126.6684036 152.5799103 167.29216 115.5883408 152.7623749 161.0159912 158.993042 147.3458405 136.7257843 124.9971085 128.8480682 114.7947083 143.341629 158.6378784 155.1949005 158.3296204 138.5720215 155.0090942 151.7246094 133.0181122 148.3383179 138.0510406 110.9490204 85.04504395 163.1930084 122.3712387 199.4529419 151.4220581 163.5493317 119.6143723 198.0282288 168.1745758 171.4538269 171.8412323 171.7969513 171.759552 171.2754059 171.1861267
157.0447235 156.8002319 156.6728821 156.7245026 156.6774445 156.4919586 155.4464264 156.6497498 154.9671478 154.6605072 155.5863037 150.7610321 154.8134155 127.2760773 149.9748688 155.0445251 152.6448212 116.2142258 132.2663422 163.2703552 141.4373474 132.2090607 136.7035828 115.6544189 105.9508057 157.2009735 167.4786987 151.9151001 105.52108 124.4147797 119.5957718 128.4083557 149.3767548 133.37117 108.5288849 92.97045135 127.3331528 138.5969391 90.25080872 93.23117065 87.83785248 198.6808624 148.0287018 147.9239349 151.0098877 163.4658051 158.2709198 144.7892151 160.1894379 167.9749908 170.603363 171.3681183 93.03834534 169.3804932 169.5664368 170.5290375
155.7752228 156.2926178 156.5186005 156.7213898 156.3377228 156.6571655 155.3262482 154.3273773 154.4664612 154.7768707 155.076767 154.5345001 147.8689117 155.924057 156.1118622 157.3807526 149.1961365 141.4441376 159.2742615 161.7786407 149.1451721 144.3207397 140.4575348 144.0794373 144.1673126 126.9082108 120.9831009 166.4962769 148.4067841 115.3777466 119.9494934 123.9623871 145.2352753 119.1551056 109.032814 92.97446442 142.2833862 127.9371109 89.04967499 92.15945435 88.37010193 200.5374756 126.9039612 126.7420959 160.6925659 160.1549377 148.2789154 85.44805145 162.9782715 167.664444 170.5475159 167.1822815 166.9748688 162.6961823 119.3094482 163.3143921
156.585495 156.1425018 156.1805573 156.2148285 156.1159668 156.6616974 155.6665497 154.723938 154.6615143 154.3840179 154.4558258 148.0103607 198.3756256 157.3605347 155.2617645 149.4284058 157.6101837 157.9587097 160.2329102 157.2433472 150.6682892 150.4482727 140.7705231 143.8209381 143.9005585 144.0971527 144.2695618 136.9385071 158.3879852 159.9830322 144.9519043 124.4042282 134.4665833 143.0369568 149.1274567 142.7550659 123.0907822 108.5891266 134.3042145 108.1542587 134.0941772 117.1808853 87.0378418 158.7624969 159.7336884 141.4352417 152.5587769 127.7087708 131.0502319 148.201767 167.1031494 169.029541 168.9822388 164.3140106 140.9249725 162.34021
156.1995544 156.0696259 156.0196991 155.9701843 155.9207001 156.6617126 155.7978363 155.2148438 150.6485138 141.7208405 152.8125916 147.7615204 155.8415375 157.3408051 155.9547272 156.7337036 157.0259857 158.3762512 154.2652283 153.5084229 152.9197693 151.7035522 151.1367493 153.4983826 150.3010864 150.543869 150.4017029 166.5098724 136.9910278 120.6955261 144.7198181 149.6765137 150.5699158 144.803299 144.9503174 150.3694611 147.2998047 150.137085 151.0376282 151.2494965 138.6861877 122.95755 152.6230774 158.5897675 158.7538757 158.7659149 158.5029602 153.8247986 154.4351196 126.6203842 137.3450775 164.5576019 166.0825195 165.9827576 165.7504272 166.1100922
155.9293213 155.9732361 155.8575897 155.8417969 155.7395325 156.6201019 155.6684265 155.3478699 154.9076691 150.5766602 141.581131 155.5963593 153.2276154 156.4974518 155.6833954 155.9124298 156.5329132 157.5808105 153.9763184 153.068512 151.8101196 151.4880219 151.0525513 150.7448273 150.5748291 150.4055023 149.7179108 149.6926727 126.4593353 131.0189819 146.3405762 144.6862488 106.0921326 114.5699005 150.2072296 166.1727905 153.3298798 151.7964172 151.1751709 147.6100464 153.0288696 144.9402161 144.8768463 98.10934448 133.3168182 158.6732788 158.6151123 158.1317444 155.9604187 155.9600677 159.1733856 161.5498199 142.4926147 165.9396515 163.3908691 163.5167999
156.0001831 155.947403 155.8403015 155.7518768 155.6646118 156.4786377 155.4789581 155.3121643 153.1984711 122.3080063 150.1139679 132.5867615 154.6401978 157.0101318 158.1348724 155.2388458 155.2483368 154.7816467 153.8551025 152.0645599 156.5564117 151.050293 150.8964081 150.5610657 148.2240295 150.2200623 149.6250763 149.5909424 136.4251709 131.4289856 146.7766418 150.6990204 151.5024719 152.3668976 119.7523117 151.7182465 151.2634888 152.2719879 151.7686157 151.4696198 148.8609161 150.6596985 142.2822266 128.6864929 158.1899261 159.5858612 158.825119 157.942627 155.8773499 153.6003876 143.2232361 133.0727997 153.7297363 161.2245026 157.1725769 153.7037048
156.492691 155.8274994 155.5976105 155.5832062 155.6688843 155.6361389 155.4668274 155.3059235 152.1177521 154.4854126 154.5652161 154.2322998 154.625824 155.0016327 154.8066406 154.4330597 154.3094788 153.4150543 153.2553253 153.0919952 157.9841156 150.8964081 150.5255127 150.199646 150.0464783 150.0529327 149.6221771 147.7683563 131.862793 131.6727753 140.3630524 148.4121246 151.539093 151.5468445 151.2246094 156.0717621 152.0478058 152.3766632 151.8860779 152.2094116 152.3506165 154.7712097 154.2087097 162.2976532 154.6733704 158.5063782 158.8250885 158.8245544 157.5420074 154.4219208 149.0656891 122.5512772 149.1054993 156.5882416 149.0939026 150.4541779
156.4968719 155.969162 155.850174 155.1248474 155.3108368 105.5897064 155.12117 153.9931793 149.8972473 147.9653473 151.2267151 137.4312439 149.2498016 153.0447845 153.4777679 153.4138489 152.2902374 151.741745 151.6113129 150.9870148 150.7617493 150.6515503 150.5038605 149.8980255 149.7617493 149.8852539 148.0493622 136.3972015 132.0179443 142.4035797 146.3481293 149.6747894 151.6639557 151.7469788 151.9909821 152.5062866 152.5403442 152.252533 152.1288757 151.7454529 145.7382965 153.4056549 151.8317261 156.3339386 150.1575623 158.4537354 158.8271637 158.7667389 158.7668457 157.5075989 154.2458038 154.6907043 150.8478241 150.8180847 150.3603516 150.0034027
155.7210541 156.492691 155.6384583 155.5738525 155.2801208 149.5108337 154.8092651 149.4864197 108.8005219 149.3904419 145.0157013 141.5042419 152.6645203 153.2299194 153.9028625 157.8347931 153.9079742 152.1658783 152.1390076 150.6479492 152.2504883 150.1205902 150.0487213 149.2615509 149.5943909 149.6309662 143.5483704 131.8414154 136.0412292 145.9331207 147.8889771 151.0536194 152.4571838 152.1497498 152.3748474 155.4590454 152.6856842 152.9557648 153.0379486 147.9245911 154.7819672 154.5813141 156.2129669 156.2985229 154.6657715 152.2104034 158.1841278 158.1943817 158.1554565 155.6975555 154.1168823 154.6002808 150.6712341 148.6866913 148.4429779 149.9242249
104.457489 156.4968567 155.4390106 154.3697815 154.5700378 154.8736115 153.7723846 153.7676544 151.1832428 155.3308411 153.1641388 151.7415771 153.1587677 153.011795 156.7338562 152.6898193 153.9037781 153.9078979 150.8088226 150.3864594 152.1405334 149.5475769 149.2140045 149.5280457 149.0016937 149.6064911 131.9301758 127.5850754 141.9539948 145.8442841 151.9159698 151.9602051 152.4581757 152.8782349 153.0702209 153.274704 155.3209839 155.3926392 153.9159393 153.5580597 153.9465027 155.8644104 156.2618408 156.3034515 156.2829895 156.2259979 154.6152802 157.3854065 157.5153351 157.3753967 153.1874847 151.9690857 150.363205 143.1379089 143.2837067 146.2838898
151.7923889 155.0459595 155.4124298 149.373764 153.8567657 153.6005859 151.3054504 122.4905319 150.1101227 153.3659973 151.216507 144.6266327 152.9007416 152.081192 151.7913513 152.2735138 151.7828522 150.7895203 150.3419189 152.1065216 149.6012115 149.2790527 148.9732208 149.113739 149.240387 149.1998138 143.2112732 117.5608902 141.972168 149.5725403 149.6041718 152.3816528 154.5585632 152.7424469 153.1140442 153.3616943 155.166687 155.1666412 154.1507721 154.4294281 154.6731567 154.7994537 154.8582001 173.0215759 156.2194061 150.4794769 155.80513 156.1642151 155.0765991 155.0819244 153.9551697 150.1372223 150.1283264 139.4767303 138.9707947 139.1520081
126.6735535 137.0330353 155.2162933 132.8386536 151.5162201 153.5608368 151.0059509 117.4342804 149.9246826 153.5068817 149.7614594 149.9393768 151.5111847 152.7292023 150.467926 150.3066406 150.272049 150.200119 152.1114655 152.1065521 152.1064758 148.9705658 148.7819214 148.7132568 149.0651703 148.978653 145.4816742 131.9147491 139.2105713 151.052475 152.310791 152.349823 152.5086975 152.7516632 154.5585175 153.2683105 153.5436859 153.9136047 154.2451324 154.5791321 154.735672 149.9584808 154.5544434 173.0222778 156.2193909 156.2193756 155.853241 155.4649963 154.0562744 153.9680634 153.9399109 148.0561829 145.565567 142.4700928 138.4570465 138.5499573
