Environmental Parameters/2019/Sea-surface_temperature.asc
ncols 720
nrows 360
xllcorner -180.00
yllcorner -90.00
cellsize 0.5
NODATA_value -9999
[rows 275 to 299 of 360, columns 112 to 167 of 720]
8.727994919 8.69542408 8.656112671 8.619170189 8.585089684 8.554117203 8.52328968 8.514101982 8.494508743 8.510874748 8.546161652 8.566872597 8.578762054 8.60179615 8.601042747 8.594325066 8.596443176 8.597869873 8.584732056 8.532623291 8.550865173 8.603833199 8.678814888 8.75787735 8.824494362 8.864128113 8.885611534 8.900975227 8.925681114 8.963305473 8.994357109 9.001895905 8.975089073 8.929558754 8.886676788 8.852919579 8.830086708 8.815292358 8.796055794 8.764572144 8.736397743 8.734976768 8.726443291 8.694847107 8.655635834 8.618142128 8.59543705 8.601020813 8.621583939 8.639136314 8.658750534 8.678300858 8.698989868 8.699948311 8.677616119 8.649515152
8.568870544 8.517854691 8.47536087 8.43082428 8.374585152 8.316971779 8.277517319 8.279704094 8.268260956 8.285705566 8.311998367 8.319460869 8.318400383 8.324011803 8.324705124 8.325679779 8.337120056 8.338202477 8.321325302 8.305137634 8.302297592 8.323431969 8.365479469 8.413238525 8.454016685 8.498286247 8.553873062 8.60332489 8.647121429 8.691572189 8.731085777 8.752099991 8.737494469 8.698458672 8.657265663 8.622944832 8.593194008 8.562866211 8.534485817 8.50129509 8.483019829 8.493711472 8.485728264 8.455224991 8.423145294 8.389116287 8.371079445 8.380804062 8.403971672 8.413392067 8.418540955 8.42808342 8.435249329 8.428592682 8.407412529 8.383276939
8.360696793 8.324048042 8.288288116 8.247696877 8.200144768 8.149625778 8.105973244 8.08993721 8.060170174 8.055294991 8.058986664 8.049916267 8.028804779 8.008213043 7.997882843 8.016025543 8.058203697 8.100889206 8.117840767 8.106595993 8.086479187 8.087877274 8.111871719 8.134015083 8.140680313 8.159770966 8.203584671 8.259853363 8.330887794 8.398535728 8.452419281 8.489356995 8.488295555 8.459292412 8.42215538 8.394945145 8.371465683 8.331555367 8.295248032 8.266672134 8.244481087 8.236803055 8.225859642 8.212217331 8.193954468 8.165846825 8.144563675 8.144496918 8.150443077 8.148942947 8.151415825 8.152005196 8.152205467 8.147139549 8.136807442 8.128952026
8.168657303 8.134531021 8.091113091 8.048773766 8.013162613 7.966254234 7.914731026 7.872251034 7.82673502 7.786768913 7.75601387 7.717939854 7.664882183 7.606265068 7.572513103 7.583288193 7.645146847 7.762368202 7.875778198 7.932353973 7.936726093 7.925858974 7.923097134 7.914288998 7.896189213 7.885294914 7.89464283 7.943193913 8.025979996 8.110653877 8.174164772 8.211359024 8.223921776 8.216257095 8.192361832 8.166426659 8.142114639 8.11147213 8.077420235 8.047780037 8.020087242 7.993356228 7.973102093 7.966320038 7.967905998 7.961743832 7.943918228 7.932421207 7.920785904 7.902917862 7.896354198 7.901790142 7.909114838 7.920582771 7.921558857 7.913601875
7.989602089 7.941636086 7.887732029 7.83978796 7.795732975 7.7434659 7.692687988 7.646347046 7.588707924 7.529008865 7.472754955 7.398119926 7.303628922 7.203701973 7.128286839 7.11529398 7.178748131 7.330214024 7.533915997 7.700035095 7.784074783 7.797826767 7.792219162 7.776652813 7.740186214 7.701404095 7.691964149 7.725214005 7.78881216 7.863486767 7.921294212 7.945785999 7.961363792 7.967438221 7.951334953 7.93100214 7.908855915 7.881581783 7.859027863 7.842125893 7.82179594 7.790487766 7.763123989 7.75082016 7.754034996 7.756210804 7.749968052 7.73397398 7.709053993 7.682022095 7.663770199 7.663762093 7.680726051 7.702370167 7.708006859 7.700437069
7.784998894 7.734170914 7.668033123 7.606229782 7.557056904 7.512216091 7.473334789 7.434175968 7.377325058 7.30999279 7.221858025 7.105541229 6.987607002 6.882143021 6.814598083 6.800724983 6.84943819 6.979827881 7.191363811 7.418677807 7.5864501 7.662912846 7.673081875 7.659581184 7.63175106 7.597207069 7.57549715 7.582046986 7.617133141 7.664271832 7.703979969 7.731903076 7.754206181 7.759047031 7.743209839 7.716163158 7.689428806 7.674014091 7.666684151 7.662209034 7.651573181 7.626932144 7.597507 7.574914932 7.569045067 7.571484089 7.573631763 7.560423851 7.523863792 7.482200146 7.459404945 7.461466789 7.478909969 7.492980003 7.495958805 7.484932899
7.576217175 7.52346611 7.458352089 7.391180038 7.335455894 7.283328056 7.236801147 7.192344189 7.135654926 7.065553188 6.96216917 6.82918787 6.707726002 6.632300854 6.615477085 6.640174866 6.699295998 6.806834221 6.989009857 7.217605114 7.411704063 7.519370079 7.544845104 7.528333187 7.499394894 7.474685192 7.459575176 7.45131588 7.472068787 7.497682095 7.507747173 7.522699833 7.54372406 7.554869175 7.545885086 7.519014835 7.488162041 7.474202156 7.469955921 7.462398052 7.451190948 7.43741703 7.422821999 7.413945198 7.41286087 7.408915997 7.404098988 7.393298149 7.366696835 7.330410004 7.303182125 7.295718193 7.299013138 7.294240952 7.282758236 7.271314144
7.43775177 7.373661041 7.288451195 7.202055931 7.120464802 7.043366909 6.970675945 6.897074223 6.825530052 6.753778934 6.666124821 6.571940899 6.486779213 6.457994938 6.509794235 6.590229988 6.67648077 6.786622047 6.94382 7.142598152 7.313416958 7.404025078 7.419095039 7.390951157 7.358414173 7.338202 7.328087807 7.321812153 7.331021786 7.339347839 7.337096214 7.342379093 7.352381229 7.358549118 7.352567196 7.331830978 7.3101511 7.297124863 7.292761803 7.292870998 7.292704105 7.292712212 7.28702116 7.279249191 7.268405914 7.248578072 7.230883121 7.220695019 7.207667828 7.18898201 7.169980049 7.163361073 7.151919842 7.124908924 7.100975037 7.089859009
7.286911011 7.225243092 7.136896133 7.034799099 6.931766987 6.83941412 6.746305943 6.645298004 6.554796219 6.476494789 6.404517174 6.350459099 6.321127892 6.353405952 6.479393959 6.632359028 6.762392044 6.893176079 7.028645992 7.155960083 7.244085789 7.280918121 7.27758503 7.241168022 7.202488899 7.178524017 7.17561388 7.183767796 7.2003479 7.208579063 7.201732159 7.199396133 7.198185921 7.193552017 7.182038784 7.166139126 7.159913063 7.161077023 7.162630081 7.167451859 7.168220043 7.167283058 7.161025047 7.143562794 7.119536877 7.095733166 7.083442211 7.078173161 7.07121706 7.057699203 7.03922081 7.022054195 6.999648094 6.961437225 6.934043884 6.927050114
7.086502075 7.013803005 6.931005955 6.840706825 6.749207973 6.667007923 6.575370789 6.47382021 6.377577782 6.283842087 6.204445839 6.160332203 6.153048992 6.210784912 6.381443024 6.606041908 6.805040836 6.960487843 7.063430786 7.115160942 7.124595165 7.103989124 7.069065094 7.019486904 6.981523991 6.975427151 6.992478848 7.01508522 7.038005829 7.049123764 7.046263218 7.042838097 7.036114216 7.033915997 7.028278828 7.018184185 7.019663811 7.030093193 7.037209034 7.035636902 7.028982162 7.025732994 7.025293827 7.012300968 6.983256817 6.959753036 6.934939861 6.911249161 6.903179169 6.900347233 6.886023045 6.870166779 6.853283882 6.822588921 6.800549984 6.787603855
6.849061012 6.774262905 6.69727087 6.613800049 6.536902905 6.466918945 6.387518883 6.308156013 6.231614113 6.143371105 6.051682949 5.973218918 5.930745125 5.968121052 6.13453722 6.404805183 6.675346851 6.868087769 6.966570854 6.989993095 6.976119041 6.931282997 6.865132809 6.804996014 6.773033142 6.77205801 6.79309988 6.825928211 6.857409 6.872300148 6.876379967 6.874085903 6.867406845 6.867291927 6.865231037 6.865633965 6.874752045 6.893727779 6.904147148 6.893157959 6.87770319 6.875442982 6.876266003 6.868904114 6.845283031 6.828361988 6.807084084 6.779123783 6.762606144 6.754972935 6.74194622 6.730527878 6.72048378 6.706427097 6.690052986 6.666111946
6.650030136 6.582960129 6.503522873 6.409060955 6.325284958 6.262379169 6.202055931 6.138831139 6.064836025 5.973639011 5.869888783 5.773015976 5.705064774 5.708734989 5.839650154 6.100716114 6.405406952 6.643179893 6.769927979 6.811079025 6.798174858 6.754805088 6.698193073 6.650551796 6.628249168 6.626177788 6.634826183 6.657783985 6.680348873 6.6966362 6.707033157 6.701525211 6.690651894 6.682011127 6.682182789 6.696589947 6.719430923 6.744130135 6.756372929 6.754792213 6.746273994 6.742166996 6.7333498 6.722590923 6.705499172 6.690999031 6.679628849 6.66417408 6.647387028 6.639188766 6.623702049 6.614927769 6.613330841 6.601087093 6.579513073 6.556234837
6.415781021 6.345624924 6.26756382 6.180550098 6.104153156 6.050587177 6.000094891 5.925766945 5.839150906 5.751372814 5.651486874 5.557861805 5.516322136 5.552408218 5.670740128 5.880600929 6.148990154 6.38410902 6.531232834 6.585114002 6.57823801 6.550531864 6.512526989 6.482079983 6.47325182 6.476621151 6.48188591 6.495473862 6.508042812 6.518510818 6.524767876 6.52108717 6.510119915 6.497579098 6.497220039 6.516615868 6.543738842 6.573067188 6.603319168 6.622500896 6.616014004 6.597864151 6.577840805 6.555140018 6.534887791 6.525950909 6.518705845 6.508163929 6.503142834 6.496879101 6.480528831 6.474084854 6.480535984 6.479640961 6.471521854 6.461093903
6.239599228 6.178696156 6.105750084 6.02545023 5.95204401 5.886581898 5.807813168 5.704776764 5.599557877 5.501192093 5.421288967 5.359695911 5.343155861 5.40798378 5.541324139 5.72840786 5.936902046 6.122504234 6.247096062 6.301488876 6.319713116 6.313477993 6.293619156 6.270611763 6.257400036 6.266182899 6.286053181 6.309302807 6.323788166 6.33360815 6.34276104 6.351210117 6.351099014 6.335649014 6.324781895 6.326591015 6.339552879 6.364504814 6.39866209 6.429758072 6.436219215 6.418080807 6.395086765 6.373005867 6.348217964 6.322280884 6.30633688 6.302727222 6.302379131 6.297101974 6.293091774 6.301188946 6.318482876 6.333375931 6.349164009 6.357592106
6.208821774 6.163284779 6.084516048 6.002999783 5.931292057 5.856423855 5.755689144 5.624927998 5.485577106 5.359119892 5.268229008 5.213572979 5.191565037 5.232768059 5.357769012 5.534207821 5.706236839 5.836243153 5.920571804 5.981976986 6.018901825 6.022066116 6.005860806 5.989851952 5.985455036 6.003694057 6.033833027 6.066049099 6.095331192 6.126032829 6.150498867 6.162993908 6.160541058 6.146769047 6.128499985 6.109706879 6.099876881 6.104514122 6.12401104 6.149051189 6.171598911 6.184711933 6.185829163 6.175085068 6.15710783 6.128270149 6.108428001 6.101449966 6.10007 6.101860046 6.107523918 6.12366581 6.151382923 6.180441856 6.206828117 6.223439217
6.192245007 6.159547806 6.093864918 6.019375801 5.95318222 5.877480984 5.766645908 5.619104862 5.464188099 5.323800087 5.211747169 5.134284019 5.09780407 5.117323875 5.192204952 5.304431915 5.404129982 5.479729176 5.550508022 5.606140137 5.644314766 5.666565895 5.669154167 5.668851852 5.686645031 5.723454952 5.761802197 5.798830032 5.839991093 5.890019894 5.931436062 5.946998119 5.940755844 5.924211979 5.902553082 5.879047871 5.857329845 5.838400841 5.833034039 5.845019817 5.874079227 5.906915188 5.931748867 5.940169811 5.940207005 5.936956882 5.937142849 5.933985233 5.936795235 5.95167923 5.95943594 5.964759827 5.985739231 6.017721176 6.047094822 6.063960075
5.870913982 5.840579033 5.818202019 5.78578186 5.755146027 5.703299046 5.610290051 5.485476017 5.35602808 5.243865967 5.157320976 5.092042923 5.055868149 5.06141901 5.091733932 5.121905804 5.151295185 5.186932087 5.215275764 5.232230186 5.251708984 5.277046204 5.300652981 5.332417011 5.383597851 5.442492962 5.498219967 5.553767204 5.604031086 5.651282787 5.688343048 5.703810215 5.703176975 5.694151878 5.672941208 5.648200035 5.612448215 5.570808887 5.560455799 5.572728157 5.60300684 5.643783092 5.686109066 5.7161479 5.73266983 5.748999119 5.761096001 5.766156197 5.772049904 5.784414768 5.793131828 5.795122147 5.803933144 5.822793007 5.842569828 5.854711056
5.162222862 5.113492012 5.101579189 5.102428913 5.106854916 5.0964818 5.070922852 5.040924072 5.014395237 4.991272926 4.977295876 4.973684788 4.977933884 4.986769199 4.988696098 4.967137814 4.943717003 4.939053059 4.929811001 4.914987087 4.9117589 4.922674179 4.941534042 4.981324196 5.052967072 5.133653164 5.206495762 5.267819881 5.323252201 5.369494915 5.404231071 5.421144962 5.41561985 5.407802105 5.404623985 5.388473034 5.359811783 5.347826004 5.356263161 5.37199688 5.398239136 5.437077999 5.473751068 5.507484913 5.539564133 5.560247898 5.567749977 5.56479311 5.559988022 5.566230774 5.576856136 5.580280781 5.579771996 5.579912186 5.589361191 5.594552994
4.447497845 4.393087864 4.360494137 4.342422009 4.341448784 4.33761692 4.342176914 4.381425858 4.450385094 4.533792019 4.6139431 4.684309006 4.730611801 4.7535429 4.758778095 4.738267899 4.701226234 4.675798893 4.648176193 4.62065506 4.603321075 4.606711864 4.625740051 4.659510136 4.709843159 4.774330139 4.841219902 4.901330948 4.962265015 5.018208981 5.05904007 5.075363159 5.088201046 5.102695942 5.121151924 5.130915165 5.133191109 5.143918991 5.15992403 5.173666 5.18848896 5.206205845 5.230185986 5.258457184 5.288589001 5.305755138 5.314344883 5.31736517 5.314311981 5.310255051 5.310196877 5.308829784 5.306704998 5.304533958 5.304253101 5.300747871
3.921638966 3.870510101 3.846155882 3.825910091 3.820519924 3.834794998 3.862816095 3.904500961 3.96630311 4.042974949 4.123945236 4.201948166 4.26906395 4.315385818 4.353055954 4.372723103 4.36950016 4.354691982 4.332779884 4.305913925 4.294751167 4.302937984 4.320878029 4.347621918 4.371458054 4.404347897 4.461056232 4.533817768 4.607329845 4.658126831 4.690907001 4.727410793 4.761087894 4.790926933 4.814754009 4.847652912 4.893387794 4.935351849 4.972177982 4.981657982 4.96496582 4.941523075 4.940743923 4.965519905 4.99193716 5.007193089 5.021236897 5.027634144 5.021097183 5.013220787 5.013086796 5.016018867 5.017463207 5.017089844 5.012279034 5.006752014
3.504940033 3.471587896 3.450567961 3.437709093 3.443321943 3.463794947 3.508128881 3.564212084 3.616394043 3.66740799 3.736046076 3.798798084 3.839128017 3.868210077 3.897644997 3.933182001 3.964253902 3.98547101 3.998019934 3.998562098 3.997878075 4.001052856 4.009819984 4.021452904 4.0304389 4.046994209 4.091805935 4.164597034 4.251885891 4.328175068 4.393640041 4.447278023 4.484873772 4.526434898 4.573665142 4.6308918 4.681677818 4.721415997 4.746856213 4.73942709 4.709627151 4.676847935 4.667128086 4.679337978 4.691792965 4.702497005 4.71404314 4.722893238 4.721384048 4.711567879 4.711956978 4.730591774 4.753918171 4.768302917 4.766275883 4.756989956
3.146287918 3.119596004 3.113157034 3.108755112 3.105840921 3.120780945 3.174359083 3.238790989 3.287483931 3.326416969 3.372133017 3.419591904 3.446274996 3.466850996 3.503402948 3.545983076 3.582202911 3.618261099 3.649775028 3.671566963 3.685772896 3.681166887 3.662688017 3.647846937 3.650207996 3.672758102 3.716941118 3.778888941 3.858486891 3.954231977 4.041794777 4.106050968 4.178390026 4.273103237 4.373449802 4.455057144 4.506754875 4.526742935 4.513445854 4.489479065 4.469295979 4.44535017 4.427446842 4.423028946 4.427167892 4.432116032 4.434740067 4.435966969 4.430477142 4.424106121 4.428258896 4.449388981 4.489153862 4.53026104 4.548457146 4.543806076
2.801229954 2.769387007 2.761077881 2.763926029 2.778636932 2.812231064 2.862952948 2.912331104 2.943273067 2.959120989 2.971297026 3.000086069 3.036510944 3.08027792 3.129570961 3.175570965 3.224205971 3.260824919 3.284284115 3.307501078 3.327646017 3.323373079 3.295643091 3.273494005 3.276541948 3.296504021 3.337502956 3.386682034 3.443161011 3.512478113 3.5854249 3.668212891 3.771260023 3.887543917 4.012069225 4.12739706 4.203794003 4.240869999 4.255352974 4.259457111 4.259364128 4.252733231 4.23611021 4.212300777 4.197350979 4.186549187 4.180471897 4.173435211 4.146271229 4.112594128 4.097183228 4.108057976 4.154520988 4.208449841 4.23266983 4.236735821
2.46796608 2.424772024 2.40871191 2.408582926 2.426331997 2.459177017 2.514394999 2.572999954 2.600424051 2.616416931 2.638577938 2.665146112 2.691051006 2.724790096 2.76939106 2.81686902 2.869714022 2.916804075 2.956758976 3.001528025 3.040712118 3.048281908 3.037550926 3.027014017 3.007960081 2.989187002 2.983361006 2.99594593 3.019012928 3.055109978 3.12332201 3.210652113 3.299282074 3.386543989 3.479959011 3.578989983 3.669583082 3.749644995 3.816586971 3.866434097 3.904000998 3.927519083 3.933860064 3.929466009 3.928955078 3.930211067 3.929541111 3.914401054 3.879415989 3.839572906 3.814815044 3.815447092 3.840821981 3.880809069 3.910290003 3.913759947
2.203182936 2.14803195 2.107772112 2.08228302 2.080842018 2.115143061 2.175103903 2.237905979 2.277127981 2.310503006 2.358390093 2.402470112 2.433429003 2.469427109 2.511885881 2.545963049 2.585963011 2.635348082 2.678229094 2.718645096 2.757098913 2.779969931 2.795125008 2.804083109 2.784585953 2.752984047 2.740144968 2.739168882 2.72587204 2.730848074 2.769630909 2.820071936 2.866955042 2.91364193 2.974677086 3.041829109 3.097065926 3.145767927 3.198554993 3.253887892 3.309390068 3.36717701 3.425179958 3.487339973 3.558387995 3.619515896 3.657485008 3.668000937 3.651294947 3.607809067 3.563929081 3.546109915 3.546113014 3.560213089 3.580014944 3.581258059
