Environmental Parameters/2019/Sea-bottom_temperature.asc
ncols 720
nrows 360
xllcorner -180.00
yllcorner -90.00
cellsize 0.5
NODATA_value -9999
[rows 300 to 324 of 360, columns 448 to 503 of 720]
-0.590331972 -0.594066978 -0.593134999 -0.592370987 -0.591522992 -0.590519011 -0.591412008 -0.588258028 -0.587276995 -0.58662498 -0.585608006 -0.58394599 -0.581839025 -0.579952002 -0.578583002 -0.576883018 -0.574593008 -0.571874022 -0.558872998 -0.555878997 -0.561116993 -0.553201973 -0.550870001 -0.548524976 -0.546541989 -0.543700993 -0.540252984 -0.536108017 -0.531536996 -0.516170025 -0.507034004 -0.495730996 -0.483794987 -0.477914006 -0.467076004 -0.462837011 -0.457502991 -0.452446014 -0.447901011 -0.44443801 -0.439590991 -0.436334014 -0.434556991 -0.432211995 -0.427700013 -0.410535991 -0.395033002 -0.380419999 -0.372817993 -0.364969999 -0.330563009 -0.323594987 -0.315869004 -0.30924201 -0.325363994 -0.323125005
-0.594197989 -0.592590988 -0.591650009 -0.591362 -0.590849996 -0.589851022 -0.588573992 -0.587191999 -0.58594799 -0.585276008 -0.584654987 -0.583437026 -0.581372023 -0.579365015 -0.578324974 -0.577023029 -0.574626982 -0.571362019 -0.567547977 -0.55666697 -0.555284023 -0.553825021 -0.55051899 -0.546344995 -0.543259978 -0.541752994 -0.527427971 -0.536253989 -0.521420002 -0.530403018 -0.508584976 -0.500612974 -0.473637015 -0.469276994 -0.451626986 -0.463095993 -0.459318995 -0.453987986 -0.416101009 -0.413709015 -0.439033985 -0.436206013 -0.434556007 -0.422304004 -0.415455014 -0.402566999 -0.389046013 -0.380416006 -0.340797991 -0.364163011 -0.322017998 -0.310779005 -0.30450201 -0.300480008 -0.296909988 -0.239721999
-0.591329992 -0.589465976 -0.588320971 -0.588105977 -0.587994993 -0.587410986 -0.586154997 -0.584622025 -0.583697975 -0.583115995 -0.582244992 -0.580305994 -0.578060985 -0.576183975 -0.575958014 -0.574774981 -0.57190299 -0.56802398 -0.558470011 -0.557044983 -0.555716991 -0.553351998 -0.548839986 -0.545397997 -0.530906022 -0.391454995 -0.437067002 -0.518571973 -0.515479982 -0.510801017 -0.505904019 -0.481983989 -0.474743992 -0.470180988 -0.466264993 -0.424677998 -0.442864001 -0.439328015 -0.436392993 -0.432718009 -0.427982002 -0.423319012 -0.419858009 -0.415609002 -0.406296015 -0.391801 -0.384124994 -0.379124999 -0.372732997 -0.33386901 -0.319905013 -0.307379007 -0.301129997 -0.296952009 -0.294530004 -0.253405988
-0.581328988 -0.578999996 -0.577277005 -0.577189982 -0.576659977 -0.575784981 -0.573799014 -0.582899988 -0.572061002 -0.572233021 -0.571038008 -0.569235981 -0.575374007 -0.573184013 -0.571950018 -0.564090014 -0.561945021 -0.560160995 -0.558695972 -0.556909978 -0.554116011 -0.551922023 -0.549003005 -0.546216011 -0.530611992 -0.525364995 -0.520444989 -0.516743004 -0.510842979 -0.506744981 -0.491171986 -0.483882993 -0.477225006 -0.472137988 -0.269553989 -0.445158988 -0.440986991 -0.417982996 -0.413385987 -0.407276988 -0.421856999 -0.416153997 -0.412357986 -0.407297999 -0.397464007 -0.387158006 -0.384171009 -0.352564007 -0.346599013 -0.338119 -0.328906 -0.314713001 -0.302062988 -0.275617987 -0.269178987 -0.262001991
-0.565083027 -0.562188029 -0.574545026 -0.560896993 -0.560643017 -0.559876025 -0.558166027 -0.556195021 -0.556764007 -0.566067994 -0.565025985 -0.563914001 -0.563512027 -0.563193977 -0.56318301 -0.561941981 -0.560157001 -0.558933973 -0.55795902 -0.556001008 -0.552739024 -0.551200986 -0.537545979 -0.533101022 -0.527707994 -0.522629023 -0.52058202 -0.502380013 -0.497159004 -0.493072003 -0.48862499 -0.481739014 -0.474583 -0.469628006 -0.433084011 -0.448002994 -0.441181988 -0.434709996 -0.431266993 -0.399434 -0.393884987 -0.390953004 -0.408427 -0.404314995 -0.373293012 -0.366600007 -0.385648012 -0.355711013 -0.378197998 -0.342613012 -0.309897989 -0.297856003 -0.284969002 -0.273737013 -0.266860008 -0.260742992
-0.561945975 -0.550418019 -0.547731996 -0.533491015 -0.53162998 -0.529613972 -0.527649999 -0.54155302 -0.553273976 -0.564114988 -0.552682996 -0.562021017 -0.561456025 -0.550427973 -0.56161201 -0.548336029 -0.558881998 -0.55726099 -0.556026995 -0.554552972 -0.552900016 -0.551886022 -0.535539985 -0.529495001 -0.523811996 -0.521919012 -0.50258702 -0.495546997 -0.490943998 -0.489740014 -0.465635985 -0.461856008 -0.473141998 -0.456274003 -0.451476008 -0.445014 -0.440524995 -0.402972013 -0.392228991 -0.382997006 -0.380445004 -0.381168991 -0.378464013 -0.373174995 -0.369233012 -0.364914 -0.360801995 -0.355751008 -0.322501004 -0.313122004 -0.299995989 -0.291370004 -0.281551003 -0.274695009 -0.267453015 -0.221840993
-0.550357997 -0.547901988 -0.527993977 -0.502333999 -0.500070989 -0.475791007 -0.521968007 -0.539246976 -0.537944973 -0.550752997 -0.548533022 -0.548638999 -0.547538996 -0.547960997 -0.547389984 -0.546106994 -0.544480026 -0.528400004 -0.542899013 -0.541261971 -0.539242029 -0.536960006 -0.531947017 -0.526663005 -0.52354002 -0.504592001 -0.497864991 -0.493102014 -0.49051401 -0.467711985 -0.463705987 -0.442541003 -0.454463005 -0.45045799 -0.445706993 -0.443199992 -0.403362006 -0.356438011 -0.381680012 -0.373234987 -0.371547997 -0.372922003 -0.373106003 -0.370905012 -0.334585994 -0.331452012 -0.328581989 -0.326047003 -0.318670988 -0.309695989 -0.298606992 -0.219264999 -0.210510001 -0.207689002 -0.205974996 -0.200635999
-0.547501028 -0.546436012 -0.510883987 -0.512521029 -0.477061003 -0.440993011 -0.446175992 -0.481092006 -0.509531021 -0.529770017 -0.528944016 -0.531660974 -0.506294012 -0.52858001 -0.526521027 -0.526444972 -0.502905011 -0.500687003 -0.494616002 -0.522764981 -0.493501991 -0.491212994 -0.511942983 -0.507561028 -0.50523603 -0.502722979 -0.476366997 -0.472631007 -0.469861001 -0.440481007 -0.435595006 -0.429479986 -0.45242101 -0.44837901 -0.416817009 -0.40804401 -0.359721005 -0.350894988 -0.302381009 -0.342646003 -0.34226501 -0.338739991 -0.336840987 -0.271928996 -0.265358001 -0.261514008 -0.257367998 -0.166527003 -0.108979002 -0.153747007 -0.147575006 -0.140855998 -0.138463005 -0.138640001 -0.136345997 -0.130596995
-0.473399013 -0.478868008 -0.472950995 -0.464044988 -0.466015995 -0.411671013 -0.262944996 -0.407512009 -0.468270987 -0.314372987 -0.463093013 -0.255371988 -0.179138005 -0.193872005 -0.406011999 -0.279273003 -0.329434007 -0.402794003 -0.453747988 -0.488527 -0.403057009 -0.396014988 -0.445190996 -0.448327005 -0.479896009 -0.447284013 -0.445690989 -0.378125995 -0.381370008 -0.384672999 -0.378612995 -0.421900004 -0.420296997 -0.418366998 -0.414644003 -0.356085986 -0.287099987 -0.281235009 -0.275977999 -0.275083005 -0.270476997 -0.260968 -0.192414001 -0.259474993 -0.259575009 -0.175114006 -0.170241997 -0.116765 -0.090935998 -0.090617999 -0.090260997 -0.088345997 -0.085868999 -0.084822997 -0.104493 -0.102192998
-0.380988985 -0.388595998 -0.235103995 -0.246592999 -0.169348001 -0.395963997 -0.097828001 -0.045752 -0.198618993 -0.291325003 -0.145662993 -0.048735999 -0.156112 -0.048985001 0.099174 0.252797991 -0.089417003 -0.305640012 -0.053474002 -0.256318003 -0.249746993 -0.319323003 -0.314770997 -0.245643005 -0.181016997 -0.316229999 -0.239355996 -0.30152899 -0.298595011 -0.303635001 -0.303335994 -0.352533996 -0.350784987 -0.342397988 -0.340077996 -0.270783991 -0.187114 -0.133366004 -0.092572004 -0.130392998 -0.130859002 -0.184935004 -0.173889995 -0.159704998 -0.160980001 -0.092528 -0.063542999 -0.066047996 -0.066211 -0.064333998 -0.024805 -0.057753999 -0.083085001 -0.079493001 -0.076598004 -0.098915003
-0.362179011 -0.363467991 -0.201584995 -0.070652001 -0.022046 0.034428999 0.117059998 0.195439994 0.293983996 0.131717995 -0.131733999 0.209058002 0.114716999 -0.091089003 0.022283999 0.735581994 0.314099997 0.318506002 0.860997021 0.525270998 0.172988996 -0.036104001 -0.163706005 -0.104837 6.06E-4 0.003295 -0.152649999 -0.205296993 -0.197482005 -0.142801002 -0.202253997 -0.286123008 -0.284664989 -0.286004007 -0.336948007 -0.250389993 -0.237758994 -0.131162003 -0.093318 -0.058828998 0.023762999 0.036635999 0.042495001 -0.087494999 -0.158865005 -0.092197999 -0.059657 0.036830001 0.040070999 -0.022872999 0.042761002 0.045678001 -0.007957 -0.050528001 -0.048012 -0.045724001
-0.270561993 -0.078497 -0.188821003 -0.062760003 -0.05452 0.055 0.259011 0.493124992 0.917340994 0.175352007 0.059923999 0.691365004 1.180014014 1.247594953 1.293638945 0.648853004 -0.602217019 -0.807183027 -1.384811997 -1.328454971 -1.337295055 -0.424100012 -0.218128994 0.980346024 1.315037012 1.199884057 0.311845988 0.023336999 -0.085538 -0.040786002 -0.128084004 -0.185819 -0.135461003 -0.185714006 -0.181343004 -0.132168993 -0.131486997 -0.128435999 -0.086677998 -0.086521998 -0.049394999 -0.001466 -0.004011 0.048445001 -0.055808999 -0.091696002 -0.056226999 0.078644 0.068896003 0.270624995 0.27056101 0.155449003 0.069715999 0.081375003 0.082837999 0.166629001
0.119579002 0.051371999 0.050234001 0.66010797 0.372583985 0.669286013 0.714555979 0.712719977 1.222350955 1.307811022 1.018627048 -1.015933037 -1.40477705 -1.659258962 -1.634166956 -1.170610666 -9999.0 -9999.0 -9999.0 -9999.0 -9999.0 -9999.0 -9999.0 -1.021749854 -0.531167984 -0.859161019 -1.273836017 0.160101995 0.631673992 0.761035025 0.419241995 0.179316998 0.273988008 0.182045996 0.095792003 0.088651001 0.189227998 0.017661 -0.029235 -0.031305 0.075685002 0.223453999 0.056940999 0.055704001 0.293830007 0.169939995 -0.055661999 0.091110997 0.181390002 0.447910011 0.616946995 0.472963005 0.324043006 0.32762 0.489858001 0.632304013
0.259460002 0.38696301 1.114750981 0.866473973 1.015256047 0.769298971 -0.647900999 -0.686873972 -1.666175008 -1.649085045 -1.216804028 1.284998059 -0.477569401 -1.568079472 -9999.0 -9999.0 -9999.0 -9999.0 -9999.0 -9999.0 -9999.0 -9999.0 -9999.0 -9999.0 -1.635926962 -1.716586947 -1.626603961 0.002003 0.985646009 -0.031068999 -0.242018998 1.079216957 0.938835025 1.328086019 1.161555052 0.753452003 -0.206 -0.102472998 1.352419019 1.285629988 0.776893973 0.511443019 0.936869979 0.677797019 0.942920983 0.949892998 0.680446982 0.358274013 0.50772202 0.842494011 1.309846044 1.212785959 1.114169955 1.222723961 1.346621037 0.248417005
1.307621956 0.026132001 -1.155318022 -0.430743009 -0.047888 -1.680299044 -1.209730029 -0.657640994 -1.216923952 -1.320980549 -1.380819559 -1.44323194 -1.535942793 -1.660948992 -9999.0 -9999.0 -9999.0 -9999.0 -9999.0 -9999.0 -9999.0 -9999.0 -9999.0 -9999.0 -1.625205159 -1.623476148 -1.617886901 -1.607745767 -1.599945545 -1.596735239 -1.600154996 -1.466701031 -0.457913995 1.196671963 1.212921977 0.326822013 -0.163204998 -1.167539001 -1.589002013 -1.622043014 -1.595543981 -1.650097013 -1.65755403 -0.323413014 -1.490262985 -1.59761095 -1.326540947 -1.143947959 -0.972136021 -1.339563966 -1.158169031 -1.489598036 -1.596392989 -1.271939993 -0.898774981 -0.875804007
-1.567239046 -1.667372942 -1.716956973 -1.719673991 -1.669381976 -9999.0 -1.647369862 -1.647799611 -1.649994731 -1.652062416 -9999.0 -9999.0 -9999.0 -9999.0 -9999.0 -9999.0 -9999.0 -9999.0 -9999.0 -9999.0 -9999.0 -9999.0 -9999.0 -9999.0 -9999.0 -9999.0 -9999.0 -9999.0 -9999.0 -9999.0 -9999.0 -9999.0 -9999.0 -9999.0 -1.33834219 -1.320642829 -1.306307912 -1.295905948 -1.29068625 -9999.0 -1.314054847 -1.358723402 -1.460071206 -1.658532977 -1.596240997 -1.575832009 -1.384925008 -0.806949973 -1.616958022 -1.582875967 -1.62450695 -1.630123019 -1.643264055 -1.622133017 -1.518025994 -1.204324007
-9999.0 -9999.0 -9999.0 -9999.0 -9999.0 -9999.0 -9999.0 -9999.0 -9999.0 -9999.0 -9999.0 -9999.0 -9999.0 -9999.0 -9999.0 -9999.0 -9999.0 -9999.0 -9999.0 -9999.0 -9999.0 -9999.0 -9999.0 -9999.0 -9999.0 -9999.0 -9999.0 -9999.0 -9999.0 -9999.0 -9999.0 -9999.0 -9999.0 -9999.0 -9999.0 -9999.0 -9999.0 -9999.0 -9999.0 -9999.0 -9999.0 -9999.0 -9999.0 -9999.0 -9999.0 -9999.0 -9999.0 -9999.0 -9999.0 -9999.0 -9999.0 -1.62587595 -1.620586038 -1.550045967 -1.448210955 -1.348577976
-9999.0 -9999.0 -9999.0 -9999.0 -9999.0 -9999.0 -9999.0 -9999.0 -9999.0 -9999.0 -9999.0 -9999.0 -9999.0 -9999.0 -9999.0 -9999.0 -9999.0 -9999.0 -9999.0 -9999.0 -9999.0 -9999.0 -9999.0 -9999.0 -9999.0 -9999.0 -9999.0 -9999.0 -9999.0 -9999.0 -9999.0 -9999.0 -9999.0 -9999.0 -9999.0 -9999.0 -9999.0 -9999.0 -9999.0 -9999.0 -9999.0 -9999.0 -9999.0 -9999.0 -9999.0 -9999.0 -9999.0 -9999.0 -9999.0 -9999.0 -1.569305062 -1.569422603 -1.552401423 -1.494629025 -1.482890964 -1.468255043
-9999.0 -9999.0 -9999.0 -9999.0 -9999.0 -9999.0 -9999.0 -9999.0 -9999.0 -9999.0 -9999.0 -9999.0 -9999.0 -9999.0 -9999.0 -9999.0 -9999.0 -9999.0 -9999.0 -9999.0 -9999.0 -9999.0 -9999.0 -9999.0 -9999.0 -9999.0 -9999.0 -9999.0 -9999.0 -9999.0 -9999.0 -9999.0 -9999.0 -9999.0 -9999.0 -9999.0 -9999.0 -9999.0 -9999.0 -9999.0 -9999.0 -9999.0 -9999.0 -9999.0 -9999.0 -9999.0 -9999.0 -9999.0 -9999.0 -1.565268517 -1.56842494 -1.572209835 -1.575695157 -1.576827288 -1.573090434 -1.563864708
-9999.0 -9999.0 -9999.0 -9999.0 -9999.0 -9999.0 -9999.0 -9999.0 -9999.0 -9999.0 -9999.0 -9999.0 -9999.0 -9999.0 -9999.0 -9999.0 -9999.0 -9999.0 -9999.0 -9999.0 -9999.0 -9999.0 -9999.0 -9999.0 -9999.0 -9999.0 -9999.0 -9999.0 -9999.0 -9999.0 -9999.0 -9999.0 -9999.0 -9999.0 -9999.0 -9999.0 -9999.0 -9999.0 -9999.0 -9999.0 -9999.0 -9999.0 -9999.0 -9999.0 -9999.0 -9999.0 -9999.0 -9999.0 -9999.0 -1.59458375 -1.592957973 -1.59134829 -1.589699149 -1.58796525 -1.586076975 -1.583950877
-9999.0 -9999.0 -9999.0 -9999.0 -9999.0 -9999.0 -9999.0 -9999.0 -9999.0 -9999.0 -9999.0 -9999.0 -9999.0 -9999.0 -9999.0 -9999.0 -9999.0 -9999.0 -9999.0 -9999.0 -9999.0 -9999.0 -9999.0 -9999.0 -9999.0 -9999.0 -9999.0 -9999.0 -9999.0 -9999.0 -9999.0 -9999.0 -9999.0 -9999.0 -9999.0 -9999.0 -9999.0 -9999.0 -9999.0 -9999.0 -9999.0 -9999.0 -9999.0 -9999.0 -9999.0 -9999.0 -9999.0 -9999.0 -9999.0 -1.600760221 -1.599398971 -1.598044634 -1.596688747 -1.595312715 -1.593904376 -1.592252493
-9999.0 -9999.0 -9999.0 -9999.0 -9999.0 -9999.0 -9999.0 -9999.0 -9999.0 -9999.0 -9999.0 -9999.0 -9999.0 -9999.0 -9999.0 -9999.0 -9999.0 -9999.0 -9999.0 -9999.0 -9999.0 -9999.0 -9999.0 -9999.0 -9999.0 -9999.0 -9999.0 -9999.0 -9999.0 -9999.0 -9999.0 -9999.0 -9999.0 -9999.0 -9999.0 -9999.0 -9999.0 -9999.0 -9999.0 -9999.0 -9999.0 -9999.0 -9999.0 -9999.0 -9999.0 -9999.0 -9999.0 -9999.0 -9999.0 -9999.0 -1.60356319 -1.602181077 -1.600687861 -1.599286556 -1.597984552 -1.596767545
-9999.0 -9999.0 -9999.0 -9999.0 -9999.0 -9999.0 -9999.0 -9999.0 -9999.0 -9999.0 -9999.0 -9999.0 -9999.0 -9999.0 -9999.0 -9999.0 -9999.0 -9999.0 -9999.0 -9999.0 -9999.0 -9999.0 -9999.0 -9999.0 -9999.0 -9999.0 -9999.0 -9999.0 -9999.0 -9999.0 -9999.0 -9999.0 -9999.0 -9999.0 -9999.0 -9999.0 -9999.0 -9999.0 -9999.0 -9999.0 -9999.0 -9999.0 -9999.0 -9999.0 -9999.0 -9999.0 -9999.0 -9999.0 -9999.0 -1.604872704 -1.603904843 -1.603000522 -1.60215652 -1.60136807 -1.600594759 -9999.0
-9999.0 -9999.0 -9999.0 -9999.0 -9999.0 -9999.0 -9999.0 -9999.0 -9999.0 -9999.0 -9999.0 -9999.0 -9999.0 -9999.0 -9999.0 -9999.0 -9999.0 -9999.0 -9999.0 -9999.0 -9999.0 -9999.0 -9999.0 -9999.0 -9999.0 -9999.0 -9999.0 -9999.0 -9999.0 -9999.0 -9999.0 -9999.0 -9999.0 -9999.0 -9999.0 -9999.0 -9999.0 -9999.0 -9999.0 -9999.0 -9999.0 -9999.0 -9999.0 -9999.0 -9999.0 -9999.0 -9999.0 -9999.0 -1.60538125 -1.604728341 -1.604114294 -1.603535295 -1.602868795 -1.602077961 -1.601181507 -9999.0
-9999.0 -9999.0 -9999.0 -9999.0 -9999.0 -9999.0 -9999.0 -9999.0 -9999.0 -9999.0 -9999.0 -9999.0 -9999.0 -9999.0 -9999.0 -9999.0 -9999.0 -9999.0 -9999.0 -9999.0 -9999.0 -9999.0 -9999.0 -9999.0 -9999.0 -9999.0 -9999.0 -9999.0 -9999.0 -9999.0 -9999.0 -9999.0 -9999.0 -9999.0 -9999.0 -9999.0 -9999.0 -9999.0 -9999.0 -9999.0 -9999.0 -9999.0 -9999.0 -9999.0 -9999.0 -9999.0 -9999.0 -9999.0 -1.604745269 -1.604269981 -1.603691339 -9999.0 -9999.0 -9999.0 -9999.0 -9999.0
