Environmental Parameters/2019/Sea-bottom_dissolved_oxygen.asc
ncols 720
nrows 360
xllcorner -180.00
yllcorner -90.00
cellsize 0.5
NODATA_value -9999
[rows 250 to 274 of 360, columns 560 to 615 of 720]
211.3586426 211.6466064 211.5208588 211.4632721 211.3489075 211.2485199 209.226532 211.0458221 210.9852753 210.8287048 209.2262878 210.1759033 210.3749695 210.060379 209.7203369 209.487381 209.3511505 209.2316742 209.1299286 209.2704468 209.1366272 209.1100769 209.2125702 209.1513977 209.3063049 209.3390656 209.1031494 209.2680969 207.4085541 188.8170929 192.2249146 172.8427582 232.7617493 235.5281219 237.2424774 238.0135193 237.6646881 181.5816803 200.5169983 205.555542 207.0357208 208.7359772 208.7406921 206.8390961 208.5603333 208.549118 208.5305634 208.5261688 209.9540405 209.9267578 210.0104828 210.9890594 211.0592194 211.0327911 211.0132904 211.0174255
211.58815 211.6107788 211.771347 211.7356415 211.6880798 211.5907898 211.4726715 210.6936188 210.567627 209.220993 209.2376862 210.4917145 210.2408905 209.8215179 209.2243652 209.4597473 209.2984924 209.2688904 209.2276001 209.1747589 209.1008301 209.1239929 209.1444855 209.0875549 209.0979309 209.1069031 209.114151 209.3114471 209.114151 209.3008423 209.6529388 208.7740326 207.4700928 204.2090912 200.5641785 202.4989471 205.9025421 207.3339386 210.5856018 210.6610565 210.9628601 211.12883 211.0984039 210.8672028 210.8823242 211.1876678 211.2144165 210.9784241 210.9772491 211.1687469 211.1219635 211.0544739 210.8580322 210.8017731 210.8717804 210.832016
211.9286652 211.8470764 211.5043335 211.6174469 211.6886292 211.7921448 211.7667389 211.6292114 211.1515656 210.7203979 210.9069977 209.2227478 210.3277283 209.221283 209.6998901 209.2288818 209.3004761 209.2292938 209.484848 209.2783508 209.245575 210.1153259 209.355484 210.2624817 210.2792816 210.2806854 210.2788391 210.2798615 209.3328705 209.3937988 209.4628296 209.9111328 210.0400391 209.7367706 208.9246826 208.8871918 209.8010864 209.8718567 210.8566284 210.9353638 211.0868073 211.1453247 211.2285919 211.2481232 211.2259674 211.2871704 211.3753662 211.310257 211.2729492 211.2059479 211.0472107 210.9779205 210.3493652 210.352356 210.7664337 210.7096863
212.0527954 212.056366 211.9956665 212.0454407 212.0179749 212.007309 211.8793488 211.1768036 211.1273041 211.0084534 210.8684998 210.9570923 210.6100769 209.8971405 209.7548218 209.4833527 209.3216553 209.2531586 209.9473724 209.1366577 209.1009369 210.2094116 210.2799683 210.2788849 210.2795105 209.1112671 209.4980316 209.4328613 209.114151 209.8739777 209.97612 210.094574 210.2986908 210.447113 210.5059357 209.9167938 210.4489746 210.7373657 211.059082 211.1387482 211.1318207 211.4002838 210.3500214 210.3541565 211.3996277 211.4328461 211.4705353 211.3553467 210.4420624 210.3477631 211.1207123 211.0306702 210.9464722 210.8803101 210.8206787 210.7488251
212.2746887 212.2996521 212.1217041 212.3554077 211.8871002 211.8904572 211.8820038 212.0566101 211.6368561 211.7867889 211.5140076 210.5216064 211.0986938 210.508255 209.7279663 209.7761383 209.3211517 209.2608032 207.5430145 209.1136017 209.1172333 209.1496582 209.095459 210.2818756 209.5823212 209.1186523 209.5745087 209.4829865 209.9617462 210.0814362 210.3055725 210.2723083 210.2882996 210.5445709 210.5949402 204.9136658 210.7731934 210.8712921 211.0538483 210.234314 211.2733612 211.2808533 211.4003296 211.4792328 210.1994781 211.670517 211.7164154 211.4099274 211.3610535 211.4506683 211.2240906 211.1204681 211.2258606 210.4480438 210.9026947 210.8172455
212.5536957 212.5883331 212.3166046 212.6859741 211.8920441 212.4919586 212.4424591 212.3727112 212.3399963 211.8234558 211.760849 210.4875031 211.5506744 210.6127319 209.6976624 210.6788788 210.0292969 210.0302429 210.0085602 209.9239197 209.8664551 209.8067322 209.6564636 209.8409119 209.6077576 209.7026215 209.7394562 210.0852203 210.2655487 209.9924469 210.3239288 210.5004883 210.6244354 210.0852966 210.57164 210.7947388 210.8288727 210.8497314 211.0643311 211.1506805 211.4334412 211.6048737 211.4249725 211.8720093 210.3794708 211.4836884 211.4991913 211.5272217 211.4850006 211.4410095 211.4953613 210.3487091 211.3202209 211.0362091 211.0397949 210.9655151
212.66716 212.7015533 212.3835907 212.9098511 212.8559875 212.5681 212.5877991 212.7299042 212.6148529 212.5205078 210.6904297 211.7114563 211.4866943 211.4740601 211.3134003 211.1637421 210.429657 210.7735901 210.6242218 209.4451599 210.4679871 209.6051636 210.2176971 209.7128754 210.0128479 210.0159149 208.3936005 210.3674316 210.1737976 210.3218536 210.4702606 210.5781097 210.8701477 209.5239563 210.9627686 210.4072266 210.4027405 210.4394684 210.5355682 210.858017 211.245163 211.5540161 211.6331329 211.2604065 212.1891022 212.1876373 212.2226563 211.8568268 210.3787842 211.4458923 211.6414337 211.2687378 211.6569977 211.4479675 210.3480072 210.3551788
212.9791412 212.8203735 213.1886597 213.0871582 212.583374 213.0733185 213.0481262 212.9979095 210.9707031 212.7056427 212.5092316 211.6898346 211.8628082 211.8694611 211.543335 211.530365 210.991745 211.3353577 211.6569214 211.030014 210.4740753 210.9545593 210.2985382 210.5864716 210.5031586 210.5052338 210.597229 210.7583466 210.696167 210.7574158 210.8864441 210.634491 209.0861664 210.8967285 211.2199554 210.7761688 211.3148041 210.8698883 211.447052 211.275238 211.261322 211.5840759 212.1233368 212.2552185 212.4140015 212.4051971 211.9066467 211.0391693 211.9398193 212.1268158 212.0088196 211.7336273 211.9726257 211.2000885 211.6377563 211.1707306
213.1644135 213.3713684 213.2767639 213.4421387 213.3381958 212.7831573 212.8262024 213.1855927 212.8567963 213.0462494 212.9088135 212.4454956 211.5895233 211.9871826 212.3525238 211.5067291 211.9590302 211.9734497 210.4138794 210.4393311 210.3383026 211.5254059 210.6677094 211.176712 211.0899353 211.562439 211.1154633 211.2483215 210.9370575 211.1280212 211.2024078 211.2915649 211.3201599 211.4916382 211.3560333 211.0309448 210.8361053 210.8651428 211.3448792 211.5389557 212.1378174 212.1373749 212.3498993 211.6615448 212.5380859 212.5538635 212.70961 212.6783295 212.5767365 212.4039917 212.2977142 211.8683624 211.8571167 212.1505585 211.2208862 211.739975
213.4606018 213.5626831 213.5081329 213.5183716 213.3973694 212.8311462 213.3869934 213.2959137 213.2806091 213.2387695 212.7134247 212.5201569 212.6623383 212.7150116 213.0884094 212.831665 212.902771 212.8357239 212.6904297 212.3378296 212.307373 209.317688 211.2199402 211.6522064 211.7297211 211.7642212 210.711853 211.0283203 211.5615845 211.5171661 211.3308411 211.4022522 211.7089996 211.7893829 211.6679993 211.8444214 211.9845581 212.1511993 212.2348633 211.6277161 212.3650208 212.4297485 212.5212097 212.6213531 209.4386902 211.9386139 212.8955536 212.7854462 211.9430847 212.7172852 212.6253815 212.5774536 211.914917 212.4120178 212.2410583 212.0563354
213.6957703 213.4870453 213.6247406 212.7581177 213.4282379 213.383606 212.857666 213.7215271 213.6021576 213.3202972 213.5619812 213.1068726 213.1821442 213.3451233 213.7779541 213.5896454 213.6841888 211.4085999 213.1376038 213.0647278 212.7502441 212.6149902 212.5818176 212.2084045 212.4063873 212.029129 210.9911652 212.0230408 212.2056885 212.0263672 212.1224518 211.4286041 211.6024323 212.2406006 211.8747864 212.3456879 212.4536133 212.5528564 212.6517639 212.6458588 212.7333679 212.786377 212.853775 212.5775757 212.6122589 211.9693604 212.7762909 213.1278534 211.984787 212.9714203 212.9699249 212.9953156 212.9237823 212.7476349 212.5188751 212.4045715
213.4259796 213.7174072 212.7292328 213.4876862 213.4659882 213.6773376 213.8147125 213.8530273 214.0407562 214.2297668 214.1594543 213.1533661 212.3831177 213.4846344 213.6765594 214.3217926 214.0399017 209.721344 211.6525574 213.4511566 213.1937561 213.2158203 213.2260437 213.1652985 212.8860931 212.0441589 212.9974365 212.9276581 212.9098663 212.7870178 212.5962982 212.7267456 211.743515 212.7922363 211.3013306 211.3127441 212.6992798 212.9992981 211.4894257 213.0939941 213.0505676 213.105011 212.5851898 213.2598114 213.2811737 213.2966766 213.3142853 213.337677 213.37854 213.3851318 213.1085663 213.1900482 211.945694 213.059494 212.08078 212.835022
213.858139 213.8740997 213.7777252 213.7835236 213.478653 213.7853241 213.8630219 213.6643066 214.3186951 214.4226074 214.5100098 214.2813416 214.5209808 213.5983276 214.688797 214.6348114 214.5311127 211.8433533 213.9420624 213.6773682 213.5032959 213.6222687 213.9668274 213.7719421 213.6975555 213.7986298 212.1239777 213.7156982 213.6604919 213.5081329 212.9034119 213.3851166 213.1280365 213.2442322 213.512207 213.5748138 211.3149567 211.3520508 210.9104309 213.652359 213.540741 213.5498352 213.5624542 213.5625763 213.5267944 213.6900635 212.9594421 213.5760345 213.6416168 213.6568451 213.6664429 213.6630707 213.3321228 213.3095398 213.2531586 212.2923431
213.2632294 213.8086395 213.4881897 213.842804 213.8400421 213.4568024 214.177063 213.9062042 214.3462524 214.4791565 214.6239624 214.6893158 214.5660095 214.5771027 214.7193298 214.7826233 214.2631531 214.6611176 214.1429901 214.6819611 213.6228027 214.5073242 214.5302277 213.9760742 214.0856018 214.0932617 214.2185669 214.381424 214.3910065 214.2497864 214.1771393 214.1753845 214.1656952 214.2299805 213.9372101 214.2102814 214.3912811 213.4246368 214.112854 214.1498108 213.6434784 213.8584442 212.7290649 213.692627 214.1868286 213.6772308 213.7606506 213.9030914 213.1772614 213.8964386 213.8710022 213.3618774 213.3581696 213.7577057 213.6759186 213.5211945
212.832489 213.9620209 213.8426514 213.8515778 214.0741272 214.145462 213.7586975 214.1436462 214.201355 214.2645111 214.6631165 214.5441132 214.5926971 214.7715607 214.8426056 215.0644226 215.0279083 214.2290802 214.9641418 215.0371399 215.079895 214.9875336 214.9718781 214.9603577 214.1444244 214.421051 215.0087891 214.9158478 214.9270477 214.7601624 214.8989105 214.9013214 214.9003906 214.5151215 214.9546509 215.0774994 215.0610657 214.927887 214.7677612 214.7070465 214.912735 214.9444275 214.911377 214.8433228 214.6802063 213.7923737 213.8756256 213.9830627 214.0325623 214.2204895 214.2324524 214.2165833 214.097641 214.1315155 214.1057434 213.8636017
213.4379425 213.5973206 213.8568268 214.0036469 214.073761 213.8071442 213.8155365 213.8786469 214.3638153 214.5205994 214.2290649 214.7245483 214.5274048 214.8648834 215.0488281 215.1053162 215.1152496 215.0823212 215.3455963 215.4041443 213.9743958 215.2482452 215.2883606 214.1302948 215.3002777 215.3625031 215.3778229 215.2135315 215.2773438 215.2585754 215.2788391 215.3331909 214.5076904 215.3160095 215.335907 213.2399292 213.5213623 215.2410126 215.4337921 215.463028 215.2798615 215.4276733 213.8610229 215.3457642 215.0535278 214.7820587 214.7445221 214.6594543 214.0473175 214.5074005 214.4744568 214.1279449 214.2343597 214.3238373 214.3463898 214.3061371
212.1369781 213.9721069 213.9912415 213.6299286 213.5533905 214.1266327 212.6855774 213.6594238 213.7612152 213.8620758 214.7064819 214.1615143 214.0413666 214.9347382 215.0784454 215.114563 215.2591553 215.3131256 215.3704376 215.2926331 215.4706116 215.5398254 215.5777588 215.5372772 215.5295715 215.572937 215.5962219 215.58255 213.0067596 215.5766907 215.4346313 215.4922791 215.6102142 215.6845856 215.6960297 215.7522736 215.7671204 215.8219757 215.3501129 215.9134216 215.5544128 215.9572906 215.6923523 215.5900574 215.2710114 214.9490814 214.8015594 214.811615 214.0595551 214.7359772 214.9902954 214.8891449 215.0339203 215.0187836 214.3744049 214.4383698
213.2950287 213.9852905 213.3781586 212.9095917 214.02948 213.4233704 213.5060883 213.5705109 213.6480255 213.7726288 213.8934021 214.0121307 214.2362671 215.0068207 215.0560303 215.1262207 215.2478027 215.276474 215.2651978 215.3751831 215.3927002 215.5109406 215.6325531 215.6592712 215.6561279 215.6725311 215.7037659 215.7400055 215.7926331 215.4548035 215.8731842 215.6428375 215.946106 215.8166809 215.8275299 216.0112305 214.9918365 216.0533447 216.0969086 216.1018219 215.6572723 216.1983185 215.7204895 216.2161407 215.5236816 215.3492126 215.1988983 215.0946655 215.2667999 212.2787476 215.2745819 215.2388 215.3878632 215.2774658 214.9465942 214.765213
211.4783478 212.3054047 212.6759796 212.8880463 214.02948 214.0744019 213.4846649 213.5431366 213.6203461 213.7106171 213.602417 213.7315521 214.9708557 214.9759064 215.0232391 215.05336 215.1329803 215.2552185 214.7190094 215.3680725 215.4012756 215.5988464 215.6604309 215.6824341 215.688736 215.7969666 215.6874695 215.7023468 215.9276276 215.9340515 215.9694977 216.0700836 216.138916 215.352417 215.3822174 216.0722351 216.2845154 216.3536377 216.3896027 216.4659271 216.5396729 216.5599518 216.5521393 215.9344177 216.0809326 215.8311768 216.0210724 216.2361603 216.0454407 215.575531 215.4914856 214.590271 215.7714691 215.0005646 211.8724823 215.003006
211.4253387 211.7233276 211.9078827 212.9516144 213.1990662 213.4172363 213.4690857 213.355896 213.5998383 213.2665253 213.3692474 213.7192383 214.96875 214.5245972 214.8114471 215.0627594 215.1526489 214.740387 215.35466 215.3302155 214.9827881 215.5681763 215.5596008 215.5957794 215.7132111 215.7718048 215.8822632 215.909317 215.9707794 215.5275879 216.0310059 216.1200714 216.2174683 215.8253784 215.9453735 216.2744293 216.3804626 216.4393463 216.1789703 216.6091461 216.6837463 214.3022919 216.7098389 216.8039703 216.7582092 215.9179535 215.8743591 215.883606 216.4380951 215.88237 215.8453674 215.8815918 215.5770721 215.6441193 215.0035553 214.9487457
211.5598602 211.6669769 211.9641876 213.3098145 213.1664276 213.2417908 213.4620056 213.4686584 213.5126038 213.6023102 213.7386627 214.3825073 214.4310455 215.2186127 214.6714325 214.6290741 214.7294464 215.1351929 219.7272949 215.4162903 215.4334106 215.4713745 215.5054779 215.5960236 215.6291962 215.6399689 215.7053375 215.7858734 216.1096344 216.1168213 215.9297333 216.1940613 216.2459412 216.294632 216.3199921 216.3601837 216.4036102 216.4528046 216.4446564 216.5063934 214.8865967 216.7270355 216.9124146 216.9951782 216.9906464 215.0379944 216.1955414 216.2416687 216.3565674 216.8862152 216.3941956 216.22612 216.3001404 215.2119141 210.4505463 221.1472473
211.3400116 211.8875885 212.5731201 213.1107178 213.1242371 213.2784576 213.4775238 213.4518433 214.0930481 213.6253662 213.8244781 214.0024261 214.4654999 214.5204468 214.6742859 214.6604462 214.8183746 215.1778259 215.2775574 215.2721252 215.4316864 215.4705048 215.5118103 215.5874176 215.5954742 215.631012 215.393158 215.9368591 215.98349 215.9714508 216.1313782 216.1847992 216.2301636 216.2848053 216.3344421 216.3676147 216.4185791 216.2230988 216.5478973 216.6970825 216.3028259 216.8411102 216.9312592 216.9480133 217.0391083 217.0418854 216.2837524 216.4006958 221.1982269 220.0484619 216.4093018 216.155899 216.1013641 215.9834747 214.6898041 214.6099091
211.6523438 211.963089 212.5342865 212.9680939 213.21875 213.3583221 213.4571686 213.5726166 213.7160797 213.8570099 213.9542236 214.0937958 214.2448273 214.3808289 214.3626251 214.7648468 215.0151978 215.2206726 215.2973328 215.1721802 215.4858856 215.5368958 215.5805206 215.6002808 215.6135406 215.667099 215.7963104 215.8377228 215.9573822 216.076416 216.1249237 216.1326294 216.1802673 216.2522888 216.3622589 216.3873901 216.3971405 216.4593048 216.2239685 216.6583862 216.7008057 216.9020081 217.0053558 217.0330505 217.1413116 217.0986633 217.2935791 217.2635345 216.821701 216.5302124 216.9680023 215.7842712 216.1082153 215.9632111 214.9252472 214.6869965
211.4714355 212.177887 212.6573944 212.8974457 213.3161621 212.7805939 213.5670319 213.6996613 213.8153076 213.8575897 213.9578094 214.141037 214.1027527 214.5199432 214.2521973 214.7364197 215.0087738 215.1701202 215.0564423 215.474884 215.5642548 215.5807953 215.6485443 215.6664886 215.6094971 215.7625427 215.8447418 215.9401245 216.0384216 216.1174774 216.1685944 216.1873932 216.2225342 216.3556976 216.3989258 216.4332123 216.4346313 216.6515656 216.7259521 216.5547638 213.0548096 216.9737854 217.0199127 216.3782501 217.1419678 216.6633148 217.3754272 216.5532684 217.206192 217.1131439 216.3881226 216.4793396 216.2187042 215.9850769 214.0046082 215.4815674
212.0505066 212.2971802 212.5461426 212.992691 213.1657257 213.3527679 213.1737061 213.7072754 213.8376312 213.311264 214.0532684 213.9738617 214.4407043 214.5783997 214.7031708 214.8276672 215.0489807 215.387558 215.4237976 215.7135162 215.7171631 215.7378693 215.7290802 215.7775269 215.8227844 215.6912994 215.8211365 216.0666809 216.0628204 216.1974792 216.1820221 216.1514435 216.3021088 216.3962402 216.3526611 216.5031128 216.4791412 216.5022888 216.5114288 216.933075 216.8562164 216.7269897 216.6705322 217.0697784 217.1461792 217.2786865 217.3455048 216.9495697 210.4673767 216.9787903 216.4086456 216.5564575 216.0921478 215.9850769 210.4098053 214.85849
