Environmental Parameters/2019/Sea-bottom_temperature.asc
ncols 720
nrows 360
xllcorner -180.00
yllcorner -90.00
cellsize 0.5
NODATA_value -9999
[rows 250 to 274 of 360, columns 448 to 503 of 720]
1.929555058 1.612319946 1.790354967 1.867560983 1.839956045 1.959669948 1.090721965 0.97349298 0.855289996 0.673295021 0.732416987 0.982815027 0.958720028 0.827884972 0.867254972 0.889663994 1.035627961 1.156383991 2.112879992 1.486076951 6.067626953 0.621909976 1.204180956 1.85048902 0.140123993 0.088241003 0.084668003 0.086893 0.092565998 0.093285002 0.102851003 0.107118003 0.113756999 0.116552003 0.107281998 0.131842002 0.152228996 0.164039001 0.183454007 0.243054003 0.418065012 0.25356999 0.205650002 0.204018995 0.212723002 0.218004003 0.223599002 0.230939999 0.189221993 0.444178998 0.229651004 0.259629995 0.330332011 0.335267991 0.343576998 0.453018993
2.225281 2.20173192 1.485947013 1.258159041 1.245103002 1.638887048 1.023867011 1.075377941 1.075729012 1.228245974 1.088933945 1.028216958 0.860626996 1.028262019 0.960421979 1.12082696 0.893019021 1.304654002 1.733603001 1.847571015 2.693063974 0.436511993 0.304645002 0.868219972 0.608314991 0.166722 0.150961995 0.085013002 0.085171998 0.085189998 0.096683003 0.104139999 0.104491003 0.101839997 0.101218 0.128574997 0.131472006 0.133211002 0.181958005 0.239122003 0.245591 0.203492001 0.273995996 0.410268009 0.293626994 0.410995007 0.236218005 0.294265985 0.231506005 0.230949998 0.256002992 0.312783003 0.320109993 0.329755008 0.330821991 0.328873992
1.832496047 1.922068954 2.017311096 1.194772959 1.261387944 0.852912009 1.127375007 0.788049996 1.42355597 0.944845021 1.45439899 0.962810993 1.232524037 0.974083006 1.404343009 1.411362052 0.281686008 1.862470031 0.609408975 1.872593045 1.408720016 0.446411997 0.083374999 0.29322499 0.249467999 0.419696987 0.143638998 0.085624002 0.087361999 0.088960998 0.095402002 0.098228998 0.092561997 0.093428999 0.108194001 0.112095997 0.128694996 0.129633993 0.129995003 0.174737006 0.237829998 0.253713995 0.27246201 0.222731993 0.280431986 0.287340999 0.184458002 0.29421699 0.240072995 0.30546999 0.278816015 0.325673997 0.333420008 0.334780008 0.337684005 0.341805995
2.149472952 2.080811977 1.744683981 1.162152052 1.152744055 0.558311999 1.289934993 0.579187989 1.033875942 1.668547034 1.326691985 1.475440979 1.695582986 1.431483984 1.151779056 1.184476018 0.081909999 3.303673983 0.772781014 0.658068001 0.887079 0.864304006 0.083307996 0.225963995 0.083374001 0.456692994 0.085150003 0.083756998 0.084077999 0.087012 0.086726002 0.087318003 0.087617002 0.089020997 0.091044001 0.107369997 0.109141998 0.126184002 0.127507001 0.159568995 0.172161996 0.185567006 0.255506992 0.218667999 0.232949004 0.232759997 0.284038007 0.244259 0.313448012 0.261997998 0.34236601 0.459271014 0.193122998 0.350724995 0.351135999 0.334024012
2.015670061 1.51384306 1.353785038 1.19155097 1.171432018 1.225554943 1.211979985 1.329079032 1.210397959 1.485412002 2.020268917 1.721078038 2.195429087 2.342020035 2.171921015 0.953895986 0.735947013 1.779675961 0.499740005 0.164887995 0.433706999 0.467179 0.315234005 0.083113998 0.081514001 0.082359001 0.085202999 0.085173003 0.084517002 0.085112996 0.085588999 0.086010002 0.085394002 0.086906999 0.089726001 0.092664003 0.095660999 0.109033003 0.109618001 0.128842995 0.133876994 0.181471005 0.140356004 0.142703995 0.144457996 0.26810801 0.663518012 0.317708999 0.116938002 0.454376012 0.460400999 0.467727989 0.371172011 0.366887987 0.339011014 0.338975012
1.550541043 1.326472998 1.191588998 1.401124954 1.67988503 1.680886984 2.048311949 1.46855104 2.386670113 2.411026955 1.949288964 2.284120083 2.813416958 2.226208925 2.806793928 1.554859996 0.386491001 0.78015101 1.238544941 0.560971022 0.159597993 0.154758006 0.317580998 0.713818014 0.079520002 0.084173001 0.082999997 0.085235 0.085421003 0.085340001 0.085265003 0.085271001 0.085377 0.085749 0.087774001 0.087448999 0.094819002 0.105881996 0.099597 0.110399999 0.15997 0.139118999 0.182439998 0.203244999 0.253944993 0.228283003 0.29223299 0.330455005 0.363160998 0.45925799 0.464870006 0.470589995 0.394261003 0.386619002 0.339201003 0.481945008
1.790433049 1.440933943 0.769020975 1.734521985 0.619015992 1.909049988 2.511477947 2.642292023 1.381118059 2.491108894 2.503679037 2.809484005 2.23052001 1.464130998 1.846114993 1.772837996 1.027868032 0.98566401 1.217450023 1.212563038 0.46845901 0.088292003 0.321907997 0.083826996 0.520250976 0.085318998 0.082203001 0.085313998 0.085280001 0.085352004 0.085317001 0.085281998 0.085464999 0.085832 0.086677998 0.087669 0.088459998 0.096547998 0.099463999 0.100997001 0.10148 0.162821993 0.115723997 0.192507997 0.211803004 0.27264899 0.30351299 0.344698012 0.379988998 0.406033993 0.469485998 0.416480988 0.48080799 0.487320006 0.489239007 0.339210987
1.470687985 1.45520997 1.333202004 1.604032993 1.190901041 2.513025045 1.831619978 1.88954103 2.626656055 1.89438796 1.526869059 1.882223964 2.193490982 1.069406986 2.048768044 0.839673996 0.609050989 0.748771012 0.294178009 0.505330026 0.435835987 0.249502003 0.141620994 0.132595003 0.082483999 0.080807999 0.080886997 0.081634998 0.085589997 0.085638002 0.085731998 0.085842997 0.086112 0.086507 0.087342001 0.088719003 0.092404999 0.095637001 0.099895 0.101668999 0.233775005 0.115551002 0.165087 0.238362998 0.207100004 0.280802011 0.325922012 0.441536009 0.458292007 0.417647004 0.435469002 0.485350013 0.486820012 0.426014006 0.339363009 0.415560007
1.654585004 1.956990957 1.472087026 1.93906498 1.968726039 2.081516027 2.482633114 2.337877989 1.88764596 1.728214979 1.856150031 1.679033995 1.063138008 1.437286973 1.344380021 1.038082957 0.760253012 0.583864987 0.749477983 0.74099499 0.414182991 0.147355005 0.141005993 0.088944003 0.083025001 0.074349999 0.075567 0.079933003 0.082245 0.085997999 0.086147003 0.087986 0.600503981 0.600495994 0.600501001 0.089043997 0.089068003 0.089068003 0.100275002 0.109321997 0.381076008 0.149633005 0.160289004 0.143537998 0.144063994 0.286184996 0.424401999 0.358628005 0.485947996 0.504161 0.508575022 0.497487009 0.449113011 0.498887002 0.43691799 0.433867991
1.855108023 1.672718048 1.928562999 2.601283073 1.982149959 1.839810014 1.92456305 1.160956025 1.875751972 1.083794951 1.651002049 0.918735027 0.834097028 1.040153027 0.879895985 0.074001998 0.769008994 0.625833988 1.238427043 0.638993979 0.577005982 0.520591021 0.142508999 0.090231001 0.085192002 0.072403997 0.078144997 0.078795001 0.080214001 0.086213998 0.086517997 0.087777004 0.600502014 0.088643 0.088982001 0.099324003 0.100691997 0.102688 0.111996002 0.106747001 0.118275002 0.114653997 0.115117997 0.142554998 0.193610996 0.285950005 0.316583008 0.472507 0.394019991 0.437602013 0.455920994 0.459488004 0.459026009 0.512126982 0.50959897 0.511291027
2.122898102 2.01612711 1.838423014 1.611714959 2.395689964 1.944610953 1.957602978 1.933388948 0.918906987 1.983839035 1.743741989 0.918906987 1.061424017 0.701982021 0.881088018 0.097296998 0.671940029 0.736109018 0.47765401 0.638821006 0.405185014 0.150353 0.140337005 0.094568998 0.086367004 0.077905998 0.071424998 0.078248002 0.078764997 0.080072999 0.087177999 0.083759002 0.088261999 0.600247025 0.089392997 0.089286 0.089170001 0.089172997 0.108429 0.098738 0.117140003 0.149124995 0.218982995 0.188079 0.253338009 0.283295006 0.302475989 0.476152003 0.525655985 0.723559976 0.543430984 0.541234016 0.537665009 0.462814987 0.462327003 0.530461013
2.067179918 2.053805113 1.969686031 1.333466053 1.308330059 1.881739974 1.904150009 1.918357968 1.793890953 1.077618957 1.523241043 0.922903001 0.841118991 0.35897699 0.883783996 0.35758999 0.692314982 1.00285697 0.703539014 0.295989007 0.388033986 0.238785997 0.095351003 0.092638001 0.089557 0.069829002 0.069934003 0.071032003 0.078031003 0.077853002 0.087479003 0.088099003 0.088321999 0.081750996 0.088919997 0.086713001 0.089335002 0.089266002 0.094623998 0.095034003 0.096988 0.098241001 0.133853003 0.192361996 0.200873002 0.204671994 0.305366993 0.580644011 0.212230995 0.583032012 0.552053988 0.55459702 0.558897972 0.557172 0.463820994 0.55331701
1.906190991 1.410598993 2.006541967 1.201413035 1.631296992 1.63143003 1.593548059 1.455180049 1.75851202 1.403089046 1.05816102 1.206655979 0.917878985 0.906786025 1.157505989 0.870622993 0.866805971 0.872000992 0.838581026 0.296810001 0.277770996 0.145263001 0.092485003 0.091036998 0.088358998 0.080248997 0.069456004 0.069986001 0.071175002 0.077356003 0.077705003 0.07767 0.088059001 0.077178001 0.078207001 0.083332002 0.094512001 0.091908 0.093055002 0.103211001 0.093883999 0.126296997 0.12872 0.226108998 0.332349986 0.349613011 0.30131799 0.429807991 0.477642 0.510994971 0.535148025 0.561048985 0.574288011 0.57762903 0.611926019 0.461580008
2.035425901 1.933447957 1.882758975 1.257522941 1.613656998 1.843858004 1.77057898 1.85167098 1.676309943 1.354791999 1.50087297 1.045724988 1.13497901 1.008550048 0.982569993 0.823563993 0.816268981 0.75890702 0.664166987 0.418985009 0.356209993 0.212401003 0.124705002 0.108185999 0.085616 0.081588 0.077384003 0.072679996 0.069517002 0.071517996 0.077206001 0.070496999 0.075098 0.074282996 0.075223997 0.079903997 0.087922998 0.089483 0.101194002 0.104469001 0.106321998 0.107741997 0.089033999 0.173835993 0.220262006 0.131210998 0.35205099 0.39043501 0.442813993 0.485895008 0.583086014 0.590111971 0.595682025 0.582286 0.582302988 0.636578977
1.758667946 1.829162955 1.319628 1.820716023 1.657474041 1.830818057 1.782902956 1.723055005 1.670644999 1.686200023 1.486279964 1.164201021 1.26987195 0.973327994 0.828503013 0.870925009 0.862846971 0.839913011 1.045768976 0.523989022 0.211952999 0.126825005 0.114804998 0.099766999 0.092394002 0.09042 0.07649 0.072544999 0.068594001 0.068167999 0.104185 0.064594001 0.060929 0.072535001 0.067267999 0.105516002 0.088904001 0.089405999 0.090833001 0.103524998 0.106873997 0.108949997 0.124652997 0.091870002 0.128231004 0.221071005 0.248896003 0.274607003 0.531922996 0.458723992 0.568570971 0.576188982 0.545122981 0.599687994 0.686484993 0.464058995
1.777333975 1.788885951 1.040734053 1.816802979 1.690405011 1.774168968 1.760741949 1.736060023 1.719609022 1.678560972 1.65843904 1.483647943 1.086498022 0.948800027 0.982877016 0.900524974 0.750941992 0.980830014 0.513433993 0.455047995 0.171821997 0.146290004 0.124185003 0.107827999 0.080068998 0.067146003 0.069228001 0.066232003 0.064428002 0.061863001 0.062203001 0.058564 0.060178999 0.077215001 0.065137997 0.070895001 0.079219997 0.086778998 0.088521004 0.088184997 0.088774003 0.110234998 0.150120005 0.193100005 0.196558997 0.192369998 0.234225005 0.254584014 0.264557987 0.269905001 0.272159994 0.504975021 0.527090013 0.582391024 0.598810971 0.610783994
1.751943946 1.737941027 1.762907028 1.75704205 1.764299035 1.753152013 1.702780962 1.665011048 1.645571947 1.58187902 1.479998946 1.53463304 1.333281994 0.941572011 1.096217036 0.865931988 0.988021016 0.876923025 0.446052015 0.391185999 0.216884002 0.121481001 0.101802997 0.083527997 0.059321001 0.055674002 0.054221999 0.054644998 0.054648001 0.055429999 0.056892999 0.062931001 0.058722001 0.058986001 0.064914003 0.067965001 0.078571998 0.089905001 0.100258 0.120498002 0.124159999 0.143634006 0.087695003 0.186646998 0.185999006 0.197365001 0.187409997 0.234065995 0.376765996 0.432316989 0.477863997 0.649056017 0.546854019 0.540386975 0.549863994 0.457029015
1.72486496 1.706604958 1.694162011 1.697146058 1.701604009 1.673822999 1.623507977 1.486922979 1.39942205 1.340796947 1.290827036 1.14489603 1.120391965 0.905709028 0.885414004 0.711870015 0.663177013 0.773944974 0.53945601 0.360457987 0.193761006 0.174009994 0.076911002 0.041932002 0.040222999 0.048409998 0.045818999 0.045797002 0.058256999 0.047238 0.050887 0.053598002 0.052813001 0.056504 0.060438 0.066312 0.075833 0.082294002 0.084192 0.107097 0.104396999 0.127238005 0.113870002 0.143043995 0.171716005 0.159688994 0.208361998 0.176685005 0.449921995 0.576772988 0.470364004 0.517803013 0.538886011 0.532235026 0.625378013 0.591427028
2.183904886 2.449965954 2.031706095 2.273389101 1.845203996 1.81250596 1.451470971 1.381227016 1.227632999 1.12658 1.024564028 0.99684602 1.095533967 0.808075011 0.805490971 0.699135005 0.691815019 0.590946019 0.584289014 0.567574024 0.316053003 0.155968994 0.134059995 0.032134 0.029572999 0.027814999 0.034072999 0.040693 0.039480001 0.039744001 0.041926 0.044594001 0.050218001 0.051144 0.052637 0.066890001 0.061896 0.070009999 0.078296997 0.085341997 0.086539 0.090636 0.111313 0.097056001 0.130973995 0.135703996 0.197273001 0.207396001 0.506169021 0.478859007 0.459609985 0.504594982 0.53273499 0.600519001 0.624466002 0.638315022
2.579814911 2.519838095 2.41928196 2.410584927 2.293047905 1.987334013 1.675490022 1.585214019 1.095092058 1.07337904 1.133085966 1.280415058 1.10323 0.931894004 0.628422022 0.616473973 0.606647015 0.482160002 0.483446985 0.414249986 0.252822995 0.237026006 0.095652997 0.024871999 0.022864999 0.016751001 0.019416999 0.025212999 0.032974999 0.032148 0.031573001 0.029671 0.025072001 0.025423 0.043620002 0.0277 0.029593 0.067001 0.036706001 0.070201002 0.073049001 0.076367997 0.093732998 0.102196001 0.106778003 0.151822001 0.348621011 0.166447997 0.426340997 0.288462996 0.468243003 0.502912998 0.532736003 0.662747025 0.630715013 0.655604005
2.488693953 2.481410027 2.432933092 2.425481081 2.463303089 2.452558994 2.263465881 1.122445941 1.187044978 1.157611012 1.297060013 1.75472796 1.928683043 1.402608991 1.096899033 0.748884022 0.730874002 0.708757997 0.42197901 0.554476023 0.440239012 0.339206994 0.081987999 0.072865002 0.010826 0.011915 0.00527 0.011053 0.016084 0.019523 0.024052 0.018827001 0.018611999 0.023709999 0.031129001 0.043906 0.073590003 0.080908 0.069004998 0.070372999 0.072206996 0.08202 0.110811003 0.125227004 0.206071004 0.218588993 0.442474008 0.466811001 0.546662986 0.567717016 0.530816972 0.601234019 0.562246978 0.593360007 0.743438005 0.658833027
2.35521698 2.351128101 2.520330906 2.424542904 2.351314068 2.405797958 2.376307011 1.501678944 1.116940975 1.21320796 2.609503984 3.731211901 3.822033882 5.361199856 2.635329962 1.381271005 1.058894038 0.706207991 0.371874988 0.484429002 0.246678993 0.171011001 0.157959998 0.056990001 -0.005928 -0.00899 -0.001792 -0.011947 -0.005395 -3.94E-4 0.002442 0.003154 0.002677 0.010411 0.020083001 0.043428998 0.051525 0.076002002 0.080995001 0.079507999 0.078915 0.097704001 0.101865999 0.51791501 0.516727984 1.520943999 1.635090947 1.395627975 1.200942039 0.622183979 0.797839999 0.594287992 0.614651978 0.696087003 0.662805974 0.670692027
1.587648988 2.123586893 2.349630117 2.354568005 2.236790895 2.090035915 1.768548965 1.118137002 0.871439993 2.133311987 3.355606079 4.18487215 3.713659048 2.972664118 2.341913939 2.403450966 1.704180956 0.69984901 0.343373001 0.205970004 0.315073013 0.146372005 0.057952002 0.044365 -0.023837 -0.028754 -0.035833001 -0.033096999 -0.026137 -0.02214 -0.020697 -5.95E-4 -0.001476 0.003807 0.014204 0.024164001 0.053513002 0.221443996 0.104921997 0.215174004 0.144872993 0.097753003 0.461804986 1.07872498 1.620463014 2.075264931 2.414666891 2.361402035 1.132557988 0.853706002 0.731083989 0.667590976 0.703464985 0.831620991 1.219566941 0.886853993
1.161663055 1.543877006 1.676560044 1.828209996 1.941568017 1.586850047 1.123052001 0.881043017 0.596786976 0.589170992 1.408239961 2.031454086 2.027369976 2.534456968 4.165316105 4.214550972 1.522451997 3.632652998 0.489520997 0.189338997 0.190752 0.130863994 0.047022 0.038575001 -0.039074998 -0.042559002 -0.042693999 -0.042785 0.001619 -0.028654 -0.032701999 -0.049164001 -0.031005001 -0.010332 0.016097 0.031716 0.047152001 0.138965994 0.200405002 0.204027995 0.257993996 0.510811985 0.844505012 1.133383036 2.273937941 2.404299021 2.409368992 2.422049046 2.402065039 2.197952032 1.77530098 1.189941049 1.058094978 2.088252068 1.253370047 2.348331928
0.901634991 0.620751977 0.829743981 0.785085022 1.160730958 1.097373009 0.821457982 0.568998992 0.351256996 0.138826996 0.136114001 0.128387004 0.46846801 0.483754009 0.497610986 0.503278971 0.300722986 0.296211004 0.156845003 0.160402998 0.120095 0.120058 0.106618002 0.02696 -0.048983999 -0.054471999 -0.053720001 -0.042596001 -0.03977 -0.074386001 -0.079576999 -0.062293001 -0.034864999 -0.029596001 0.001252 0.056373 0.115249999 0.184126005 0.237546995 0.239669994 0.412562013 0.829352021 1.285470963 2.2479949 2.392616034 2.394845009 2.274245977 2.329863071 2.356697083 2.431735039 2.477211952 3.283221006 4.621415138 2.439095974 2.360596895 2.287524939
