Environmental Parameters/2019/Sea-bottom_dissolved_oxygen.asc
ncols 720
nrows 360
xllcorner -180.00
yllcorner -90.00
cellsize 0.5
NODATA_value -9999
[rows 275 to 299 of 360, columns 0 to 55 of 720]
243.4641113 220.2027893 198.9681091 213.6225739 213.299118 213.3084717 213.6867065 214.0339813 214.0190582 214.0628662 214.0639801 214.3136444 214.1689453 214.8722229 213.9389648 213.8097076 213.7496033 213.4981995 213.4414978 213.4297791 213.3186035 213.0234833 212.8651581 212.7340393 212.5643768 212.4364319 212.3470612 212.2323761 212.1664276 212.0133057 212.0473785 212.0064545 212.0400085 212.0508423 211.9578552 211.8557281 211.7731018 211.7356262 211.5618439 211.4976959 211.494339 211.2819672 211.2772217 210.9454956 211.0890503 210.7149963 210.6079559 210.4824066 210.4737091 209.7179108 208.3956299 208.0252838 208.0306549 204.6119843 204.2386169 203.9203796
244.1102753 220.7819977 211.7120667 213.6720886 213.6720886 213.7533569 213.9022675 214.0862885 214.6790619 212.7049561 214.5528412 214.4326477 214.8939819 214.2132568 214.8625031 214.5557098 213.8712616 213.7813416 213.7202148 213.6333618 213.5128174 213.3718109 213.2127838 212.9470978 212.8337708 212.7715454 212.7281036 212.5100708 212.4721832 212.1897125 212.3011627 212.0977325 212.3805237 212.3370972 212.2537689 212.1183472 211.9167023 211.7698059 211.142868 211.7117462 211.7000732 211.473526 211.3248596 211.4026947 211.0426025 211.0774994 211.0632477 211.060791 210.5605621 210.5679626 210.5765686 209.1630707 207.4460602 206.5251465 205.0820313 204.6259003
215.7130585 201.5576782 205.7636566 213.0475616 213.7020569 213.8858795 214.4836884 214.5758057 214.6746979 214.6631012 214.6455231 214.5624237 214.4464417 214.3316345 214.2339478 214.1402893 214.0371552 213.8088379 213.860672 213.7708435 213.6546173 213.5282288 213.3937531 213.2792664 213.2138824 213.0649261 212.9621735 212.9333801 212.9400177 212.7106781 212.8232269 212.5776672 212.0848083 212.6976013 212.3153687 212.2515106 212.0627594 211.880127 211.7308655 211.817337 211.6924133 211.4991455 211.3910828 211.1952209 211.1539307 211.0708923 210.9599609 210.9527893 210.8835449 211.0593262 210.2397461 209.6068268 208.4138641 209.1848602 205.5270844 206.295105
199.9147797 205.4893799 213.6695251 213.7020569 212.8010254 213.4570007 210.695816 214.7780609 214.8514252 214.8760681 214.8390656 214.5467072 214.547699 214.8602753 214.844696 214.8135529 214.1490936 214.0562744 213.8978424 213.8149109 213.7095795 213.6021881 213.4909668 213.2676544 213.1813049 213.1290283 213.2343597 213.1886139 212.6502838 212.650177 213.1453705 212.8225555 212.9548035 212.8740387 212.7826996 212.7453461 211.999588 211.9427795 211.7189636 211.6616058 211.5800171 211.5056763 211.3850708 211.3509674 211.2787323 211.116745 211.0807648 211.0738983 211.0189209 212.4198761 210.4035339 208.689743 209.7131042 206.7833252 207.3375549 206.130127
214.2937622 215.2669373 214.7568512 214.2474976 213.3618469 197.8843536 201.942749 197.5493011 214.7769165 215.0060272 214.9637299 214.7743378 214.6342468 214.8628387 214.2375031 214.2691498 214.1758118 214.0405273 213.8788147 213.7574921 213.6753082 213.5943756 213.5039063 212.7108459 213.262085 213.3265686 213.2197876 213.2636719 213.2293549 213.1980896 213.1842957 213.0901031 212.9587555 212.7940826 212.8540192 212.5481262 212.2250061 212.0102234 211.6896667 211.6509552 211.6157837 211.5353241 211.4721527 211.4257355 211.3390961 211.2819519 211.2308044 211.3378906 211.0679474 210.9621887 209.4691315 209.6881104 209.8516998 208.4325562 208.3390808 208.9471436
215.9533997 215.8934784 215.3600006 214.5385284 211.4279022 198.6891632 201.7694397 198.1094513 214.3026428 215.3128815 215.5322571 215.4515839 215.1170044 214.8448181 214.2100372 214.0596313 214.1970673 213.815094 213.7207642 213.7174835 213.63414 213.3756256 213.4417114 213.3784943 213.335434 213.3162231 213.3809662 213.3123016 213.3002167 213.2423248 213.1135559 212.9573212 212.8598022 212.8361053 213.0896606 212.4681549 212.2319641 211.8179626 211.7337036 211.5922394 211.9669189 211.5689087 211.4915466 211.4341888 211.3262634 211.3836212 211.2322083 211.0920563 211.3505096 211.3336945 211.0366669 209.981369 209.8628235 208.4438477 208.786972 209.9945221
216.4064331 216.0217133 216.2795563 214.9081879 214.6750336 214.39534 214.1884918 215.2853546 215.7941895 215.3331146 215.6564941 215.129425 214.7674255 214.4225311 214.3297272 213.9875488 213.72966 213.7196655 213.8386841 213.7149506 213.5140686 213.6139832 213.5077667 213.5374146 213.4821014 213.438446 213.3665314 212.6503143 212.650116 213.3201752 213.0918121 212.956665 212.8508606 212.5002899 212.4410248 212.3170776 212.1609039 211.6813965 211.7659607 211.6358185 211.5694275 212.4261932 211.5605164 211.2910004 211.1548157 211.1964722 211.0932007 211.0439301 211.3875885 215.531601 211.3878784 208.8843994 208.4733734 210.4296112 210.167984 210.2719727
216.5329437 216.5406952 216.2828217 216.1905823 215.7599182 216.1409454 216.0233612 215.9256439 215.9450684 215.8440094 215.3126526 215.7609711 213.3809814 214.4722748 214.3388977 214.3626404 213.8898315 214.0756378 214.0086975 214.2901764 214.0958099 213.6671295 213.7706757 213.7329102 213.526413 213.4795227 213.4140015 213.3553619 213.1522064 213.0975647 213.3102417 212.9785156 212.403595 211.6392822 211.9379272 212.7979279 211.8171387 211.7513733 211.6962738 211.6367035 211.596344 211.2843628 211.5389404 211.6313782 211.3939667 211.0090332 209.900238 209.1043549 209.5881805 210.7903137 210.7513885 210.3088837 210.3381958 210.4719696 210.4228973 214.8200378
216.5453033 216.4990082 216.4375916 216.3442993 216.2889252 216.2716827 216.1856079 216.0649414 215.9411011 215.8590546 215.7649384 215.4420776 214.2910614 214.347229 214.2627869 214.5013733 214.1365967 214.3652802 214.3443756 214.0914001 214.2609558 213.9466705 214.0698547 212.5326843 213.7278595 213.4241486 213.4459229 213.0841522 212.8225555 212.6979828 212.574585 212.3043823 212.028183 212.2235107 212.1540833 212.1207123 211.2511292 211.6998138 211.5169525 211.6573486 211.6143646 211.5960083 207.1209412 211.6089935 210.1424561 211.4243774 211.5355988 210.8274536 210.1418304 210.047348 210.017807 209.4358215 210.2865601 208.7091217 209.8048706 209.5384827
216.5535583 216.4486542 216.3320618 216.3767853 216.3304138 216.3055878 216.2359314 216.1458282 215.7774048 215.8783112 215.5335541 215.4980164 215.328537 215.3345337 214.5940704 214.699234 214.6854401 214.6647339 214.6656036 214.6496582 214.2717438 214.5239868 214.4587708 214.1158905 213.7744598 213.4406738 213.2173004 212.9134827 212.9926605 212.6021423 212.4903412 212.4053802 212.9343719 213.1390533 212.1644745 211.993927 211.8870392 211.7857208 211.7797394 211.6831512 211.6270599 211.62117 211.6183929 211.6582489 211.6965179 211.6430969 211.0149231 211.2125549 211.8097534 211.9898071 209.3724823 210.0497131 210.0758667 208.8282471 208.4531708 210.6638489
216.6290588 216.4555664 216.3948059 216.3380585 216.2977905 216.3399048 216.2794189 216.2027283 216.0872955 215.9294281 215.7184906 215.494751 215.7433319 215.3310089 214.9600067 215.7411346 215.3218231 214.6845093 214.6833038 214.6540375 214.6036682 215.0374451 214.4538727 214.04245 213.7693176 213.5132294 213.5844574 213.1753235 213.3399353 212.6909943 212.4547577 213.0638733 212.1649475 212.3120575 212.1432495 211.8509216 212.2274017 211.9506989 212.0074158 211.9201508 211.8896332 211.1416473 211.5357361 211.7859039 211.8429108 211.9142914 211.9556732 211.8818817 212.1466217 211.1023865 212.4021912 212.0840912 209.8421631 210.52742 210.805481 211.2515564
216.9015808 216.7501984 216.5782623 216.4386139 216.4308167 216.3972168 216.3816528 216.3288727 216.2323914 216.1200104 215.8614197 215.6129303 215.4450378 215.3211823 215.3104095 215.2879791 215.3243408 215.3218079 214.7604065 214.6725006 214.6216278 214.3093262 214.179245 213.9698944 213.6216278 213.6047821 213.4412079 213.1191559 212.6366425 213.0484314 212.7421112 212.6082916 213.0895691 213.1026001 212.416748 212.0258789 212.203598 212.1088715 212.2114105 211.8891144 211.9950562 212.0576477 211.7217865 211.9881592 211.8171082 211.895813 212.1369934 212.3791046 212.4233704 212.7127991 212.6168823 210.1786957 207.049408 211.585968 209.209198 209.9958344
217.2372742 217.0313568 216.9008331 216.789856 216.5917358 216.5272064 216.49617 216.4573822 216.3858185 216.204834 216.0183258 215.868576 215.7485046 215.6092377 215.5571747 215.4509735 215.3084106 215.1105042 214.8490143 214.672821 214.4944611 214.3846893 214.4819031 214.0409088 214.2346954 213.2303925 213.6812439 213.547287 213.4466553 213.3207855 213.0565491 212.8985291 212.7244873 212.4575348 212.2198944 212.2591553 212.983078 212.4274902 212.4434967 212.3422852 212.2967987 211.9865723 212.248703 212.0139008 212.2645874 212.2666016 212.4771881 212.6903229 213.0388489 213.1195068 213.0173798 212.6414337 213.1448975 212.8778229 212.2136688 208.8137665
217.2814789 217.1251678 217.1120911 216.9570313 216.8228912 216.7306671 216.6448822 216.6477966 216.5419159 216.3410492 216.1681213 215.9736938 215.8179321 215.7277985 215.6164093 215.5132446 215.3647919 215.1732483 214.9442749 214.6944275 214.6994476 214.5399933 214.11586 214.2364044 214.0389862 213.7898865 213.6109924 213.5999603 213.3166351 213.3622589 213.282486 213.0918121 213.0400085 212.9400635 212.7194366 212.6347504 212.5518799 212.5103912 212.4455414 212.5653992 212.3813629 212.3723297 212.450592 212.3572845 212.610672 212.2892914 212.6870117 212.0225067 213.197525 213.5206604 213.2133942 213.3163452 213.7232513 214.0284729 213.8845978 213.2171936
217.2421417 217.18367 217.0961304 216.9936676 216.9268799 216.858078 216.7878418 216.6992188 216.5639191 216.4132538 216.2411652 215.839386 215.7397156 215.7073517 215.6768036 215.5777435 215.3778992 215.3335724 215.286377 215.2557526 215.2097168 215.0144501 215.326828 214.0178986 214.1866455 214.0852509 213.8512115 213.8130493 213.5421295 213.36409 213.1839447 213.185379 213.0877075 213.7987061 212.8590698 212.713974 212.7310791 212.5976257 212.616394 212.4563904 212.6059113 212.3937531 212.6266022 212.624054 212.791748 212.8541107 212.4096527 213.0881348 213.239151 213.5457916 213.7815704 214.496582 214.299881 214.5467834 214.5065155 214.774704
217.2220306 217.1641693 217.1048889 217.0562439 216.9927826 216.8997498 216.7928009 216.6596832 216.5192871 216.4559937 215.9671936 215.8356171 215.7540741 215.7931213 215.8354187 215.7661743 215.7719879 215.7751465 215.1788788 215.4559784 214.8455505 215.1264191 214.8854675 213.4187622 214.7592468 214.3541412 214.202652 214.1424408 213.2907104 213.3374634 213.1484985 212.5205841 212.8922272 212.9927826 213.1817474 212.8516388 212.7867889 212.8235474 212.9792633 212.7714386 212.8972015 212.9658966 212.3879242 212.9076691 213.166626 213.1907806 213.467453 213.5583191 212.9786224 213.1454163 213.8504944 214.9252319 215.1717682 215.3956909 214.8572693 215.0906067
217.2124939 217.1908417 217.1309509 217.0769348 217.0161743 216.779892 216.7812958 216.4965973 216.3588257 216.1855927 216.0130463 215.9556122 216.0622559 216.2089081 216.2852783 216.1552582 216.173996 216.1223145 216.0116272 214.9726868 214.8620605 215.4611816 215.5766602 215.2308807 214.5471344 214.5500336 214.4459839 214.2871857 214.2396698 212.4133148 213.2702942 213.9846344 213.9842834 212.978241 212.9138489 212.7943115 212.9996948 213.2578888 213.1657867 212.6132355 213.2296295 213.2525177 213.1726837 213.3871002 213.5868988 213.8420258 213.9246521 213.8144226 212.9353638 213.1055603 214.4404907 214.3226318 215.3917694 216.0257721 216.8114777 215.178421
217.2054901 217.5380554 217.3456116 217.080719 216.9829559 216.8056488 216.6784668 216.5939789 216.5062256 216.4803009 216.2627411 216.2488861 216.3298645 216.3186798 215.7514343 216.4886017 216.4671783 216.3837891 216.0466003 215.9285583 215.9947052 215.9290466 215.2156677 214.4452515 214.7032776 214.7085571 215.2182312 214.753952 213.9558563 214.2979584 213.4494324 214.1112213 213.1763 212.2619629 213.1052704 212.5928955 213.1559906 213.6788025 213.4734497 213.8079834 213.7280579 213.9449768 213.9325409 214.0350342 214.2154541 213.6948547 214.5585632 214.6912079 214.678833 214.2217407 214.5814362 214.7293396 213.1746368 216.8562927 218.0454712 215.2754822
217.7652435 217.6566467 217.3949127 217.0801697 217.0171356 216.8260651 216.7407684 216.7674866 216.5605011 216.6462708 216.5331421 216.2709503 217.6296844 216.3658295 216.5231628 216.7392883 215.8943329 217.6136932 216.5671997 216.4468079 215.1690369 215.7715302 215.083313 215.821579 215.9458618 214.8957062 215.6001892 214.9298401 214.0575409 213.8815155 215.7253876 213.6270599 213.9572906 213.4316406 213.285675 213.7132874 214.415451 214.5135498 214.5454865 214.4608765 214.6880188 214.5213928 215.1031342 215.0448914 215.0295715 215.2245178 215.3241272 215.0977325 215.3114624 216.0363312 215.9331055 216.5249481 217.0343628 217.640686 218.7164612 215.2786102
217.4925232 217.7922668 217.3564911 217.2256622 217.072998 216.8478851 216.815155 216.8744507 216.7365875 216.6584167 216.6100616 217.86203 216.906723 216.7383728 216.864624 216.4332123 217.2953644 217.6138763 217.5451508 216.8556976 216.5725708 216.1627808 215.078598 215.1732788 215.8473969 214.8958435 216.18013 214.3413696 214.11026 215.8074951 215.6259003 215.5996399 215.0334625 214.9876404 214.5484161 215.9573212 214.383606 215.0890961 214.9808197 215.038147 215.4699249 215.6243439 216.1570282 216.2324066 215.9541473 216.1910706 216.4344788 216.6207123 216.2870483 216.6901855 216.7429199 217.3766327 217.7877808 218.4282532 218.8211365 218.4634247
217.7007141 217.8050232 216.0735321 217.4862366 217.66008 217.4150238 216.9837799 217.3439026 217.2294159 218.4469757 217.0520477 217.3635406 217.6084137 217.8162384 217.6730194 215.7709808 217.2141418 217.6343231 217.7120209 217.5452118 217.7127991 217.3073425 217.262558 216.1197662 216.8547058 216.9867096 216.9151459 215.9762878 216.006485 216.3935699 215.7620392 215.6426697 215.8054657 216.4832611 214.5384369 214.6668549 217.1381531 215.6287537 215.5419159 216.0829163 216.6313934 216.4697571 214.7479553 217.8287048 214.3907623 217.1480255 217.2769165 217.4411926 216.6461639 217.302887 217.2075806 217.780014 217.4886017 219.5351563 219.4334106 220.610672
218.137085 217.7949219 218.162262 217.6311951 217.3243103 217.9041138 218.4005737 218.1754303 218.3576202 219.6099243 217.8215332 218.7117462 217.8626404 217.7965698 218.295639 218.2640991 217.5166168 217.3627014 218.6897278 216.9253235 218.0265656 218.2946014 217.9340668 217.6460571 217.8746948 216.0151367 217.5812988 214.3985901 217.1885834 216.9206696 215.8390656 216.490509 217.2629242 217.0866547 218.0659637 217.9329681 216.9203949 215.7762756 213.000351 216.9871368 216.9497528 218.2863159 218.2779999 218.5214539 218.2571259 218.455246 218.4657288 218.8354492 218.5813446 218.5773315 219.0237579 218.7668152 219.6234741 220.6616058 220.870224 222.0759125
217.8333893 218.0349731 217.1550751 218.904129 216.8126831 218.4440918 218.4579773 218.7457886 219.5230865 217.9093475 217.9000092 217.8693237 219.3838959 219.1964111 217.2157593 218.6046295 218.9592743 218.3172302 219.4150848 218.3604279 217.4730835 219.1533813 216.8219299 219.0858917 219.219635 216.1519318 218.0787506 218.6677704 218.1754456 218.1769867 215.8802032 217.700943 217.9763489 218.4967804 218.4618378 218.4542542 218.9396973 218.7675171 217.6441498 218.0293274 218.4960785 218.9994202 218.2806091 218.2821045 219.1802521 215.7923584 219.7090759 220.0965271 218.1277618 219.0625153 219.9288635 220.8323822 220.4130554 221.9203033 222.673172 223.8635559
218.3357544 217.7596283 219.0463867 219.3324432 219.3698425 218.1895142 219.656723 219.6919098 219.7496338 219.8675385 219.7655792 219.8457031 219.6587067 219.8404694 219.6131744 219.444931 219.0401917 220.0650635 219.7290039 218.1807709 219.6940308 219.6447601 219.394577 216.5822754 219.7793427 218.8751984 219.7664948 219.3585205 219.7086792 216.0442963 219.1306 216.0983734 214.1940765 218.7583771 215.6427002 218.6233521 215.3763733 218.612915 218.7723389 218.7819977 219.4394684 218.6653442 220.2816925 220.3469238 219.317337 220.6699371 219.4442291 221.4624634 221.3360138 220.7520447 221.5125275 221.3843994 223.702179 222.2623596 224.3448639 224.8731995
217.797287 218.8583221 218.5801239 218.6229401 219.9419098 219.8808594 220.2600555 219.9080353 219.9829102 220.1307678 220.0956726 220.3203888 219.9861298 220.6786194 220.8300476 220.9119415 221.0370331 220.1773834 220.9226074 218.9903412 219.9657593 220.4146271 218.7173462 220.0484314 220.2723846 219.3400116 220.4820404 220.5852661 220.7047882 220.800827 220.84552 219.6508789 220.0369873 215.6751556 218.795929 220.4914703 219.6645966 219.6823425 219.637085 220.3692932 220.80867 221.2479248 220.9985199 221.4015656 220.9785767 221.8242798 222.2128448 222.5362549 222.8434753 219.8845825 223.4615784 224.3322144 224.9568481 226.515152 226.4534454 226.7145996
