Environmental Parameters/2019/Sea-bottom_dissolved_oxygen.asc
ncols 720
nrows 360
xllcorner -180.00
yllcorner -90.00
cellsize 0.5
NODATA_value -9999
[rows 225 to 249 of 360, columns 392 to 447 of 720]
-9999.0 -9999.0 -9999.0 -9999.0 -9999.0 -9999.0 -9999.0 -9999.0 -9999.0 -9999.0 -9999.0 -9999.0 -9999.0 -9999.0 -9999.0 -9999.0 -9999.0 -9999.0 -9999.0 -9999.0 -9999.0 -9999.0 -9999.0 -9999.0 -9999.0 -9999.0 -9999.0 -9999.0 -9999.0 -9999.0 -9999.0 -9999.0 -9999.0 -9999.0 -9999.0 -9999.0 -9999.0 -9999.0 -9999.0 177.4324341 120.1399765 188.2212372 199.2508392 204.5467987 204.3699799 199.9983826 201.6962738 207.0825195 204.7377014 205.4902802 210.1828156 206.6404114 202.0519409 196.806778 194.9093628 186.3798523
-9999.0 -9999.0 -9999.0 -9999.0 -9999.0 -9999.0 -9999.0 -9999.0 -9999.0 -9999.0 -9999.0 -9999.0 -9999.0 -9999.0 -9999.0 -9999.0 -9999.0 -9999.0 -9999.0 -9999.0 -9999.0 -9999.0 -9999.0 -9999.0 -9999.0 -9999.0 -9999.0 -9999.0 -9999.0 -9999.0 -9999.0 -9999.0 -9999.0 -9999.0 -9999.0 -9999.0 -9999.0 -9999.0 194.666687 175.5966949 150.5460968 189.8341064 200.3282928 200.9769135 200.0569611 202.8682709 203.8895264 204.8471985 205.6267548 206.7082214 210.4661407 207.620575 211.0088043 198.0084534 143.2406921 180.2139435
-9999.0 -9999.0 -9999.0 -9999.0 -9999.0 -9999.0 -9999.0 -9999.0 -9999.0 -9999.0 -9999.0 -9999.0 -9999.0 -9999.0 -9999.0 -9999.0 -9999.0 -9999.0 -9999.0 -9999.0 -9999.0 -9999.0 -9999.0 -9999.0 -9999.0 -9999.0 -9999.0 -9999.0 -9999.0 -9999.0 -9999.0 -9999.0 -9999.0 -9999.0 -9999.0 -9999.0 -9999.0 -9999.0 191.896286 177.2818909 172.8765411 186.8982391 202.9370117 199.8435211 202.4619598 206.2969208 210.7742157 210.6877594 207.6101532 211.3496246 216.1972961 211.52948 213.946701 208.7299805 204.1460876 175.7245789
-9999.0 -9999.0 -9999.0 -9999.0 -9999.0 -9999.0 -9999.0 -9999.0 -9999.0 -9999.0 -9999.0 -9999.0 -9999.0 -9999.0 -9999.0 -9999.0 -9999.0 -9999.0 -9999.0 -9999.0 -9999.0 -9999.0 -9999.0 -9999.0 -9999.0 -9999.0 -9999.0 -9999.0 -9999.0 -9999.0 -9999.0 -9999.0 -9999.0 -9999.0 -9999.0 -9999.0 -9999.0 -9999.0 186.5869293 132.1035156 181.4723358 194.0346527 212.0932617 208.2192078 208.0618591 211.5135956 211.3359985 211.5723267 211.8841095 214.1917725 214.1628418 217.5180511 214.3185883 212.2861481 216.3147583 173.1582947
-9999.0 -9999.0 -9999.0 -9999.0 -9999.0 -9999.0 -9999.0 -9999.0 -9999.0 -9999.0 -9999.0 -9999.0 -9999.0 -9999.0 -9999.0 -9999.0 -9999.0 -9999.0 -9999.0 -9999.0 -9999.0 -9999.0 -9999.0 -9999.0 -9999.0 -9999.0 -9999.0 -9999.0 -9999.0 -9999.0 -9999.0 -9999.0 -9999.0 -9999.0 -9999.0 -9999.0 202.420929 209.8991394 169.4867859 136.7101288 182.2598572 189.6474609 213.0353241 210.0022736 212.7813263 215.5836945 215.2412415 217.1294708 217.0068359 216.8719482 217.6364441 218.0384216 214.9220886 217.5108185 216.4255981 158.9325104
-9999.0 -9999.0 -9999.0 -9999.0 -9999.0 -9999.0 -9999.0 -9999.0 -9999.0 -9999.0 -9999.0 -9999.0 -9999.0 -9999.0 -9999.0 -9999.0 -9999.0 -9999.0 -9999.0 -9999.0 -9999.0 -9999.0 -9999.0 -9999.0 -9999.0 -9999.0 -9999.0 -9999.0 -9999.0 -9999.0 -9999.0 -9999.0 -9999.0 211.3809662 211.1382141 169.0757751 184.4401245 162.3063507 162.2338715 174.5558319 174.8624878 190.1446228 208.7666626 218.0711212 216.2572327 217.6504211 218.3829193 218.2493286 218.1294098 218.3723145 218.1596069 218.0419922 218.056015 217.5769501 209.5951996 205.2232056
-9999.0 -9999.0 -9999.0 -9999.0 -9999.0 -9999.0 -9999.0 -9999.0 -9999.0 -9999.0 -9999.0 -9999.0 -9999.0 -9999.0 -9999.0 -9999.0 -9999.0 -9999.0 -9999.0 -9999.0 -9999.0 -9999.0 -9999.0 -9999.0 -9999.0 -9999.0 -9999.0 -9999.0 -9999.0 -9999.0 -9999.0 -9999.0 -9999.0 211.4139862 187.9371338 191.6084442 191.3024597 189.2910767 131.4716949 149.4116821 174.2873077 182.3413544 201.6330719 218.2948608 219.3713837 218.7307129 219.0973663 218.9946136 218.8797455 218.7763977 218.6776428 218.1212463 218.1256866 218.1837769 216.8129425 197.2381439
-9999.0 -9999.0 -9999.0 -9999.0 -9999.0 -9999.0 -9999.0 -9999.0 -9999.0 -9999.0 -9999.0 -9999.0 -9999.0 -9999.0 -9999.0 -9999.0 -9999.0 -9999.0 -9999.0 -9999.0 -9999.0 -9999.0 -9999.0 -9999.0 -9999.0 -9999.0 -9999.0 -9999.0 -9999.0 -9999.0 -9999.0 -9999.0 -9999.0 200.9512329 191.7305298 188.2416229 191.1884918 143.8873291 137.9425964 165.6458893 181.9420624 181.9970093 215.3826141 219.5230713 219.4745789 219.3796082 219.2375793 219.1426392 219.0540771 218.7854767 218.6912994 218.6492767 218.3652802 218.5948944 218.282547 210.0006104
-9999.0 -9999.0 -9999.0 -9999.0 -9999.0 -9999.0 -9999.0 -9999.0 -9999.0 -9999.0 -9999.0 -9999.0 -9999.0 -9999.0 -9999.0 -9999.0 -9999.0 -9999.0 -9999.0 -9999.0 -9999.0 -9999.0 -9999.0 -9999.0 -9999.0 -9999.0 -9999.0 -9999.0 -9999.0 -9999.0 -9999.0 -9999.0 -9999.0 190.0070038 168.0345917 167.5260315 137.3283386 146.9262695 163.8787842 156.1950531 173.5605469 173.7157288 219.5780029 219.4576721 219.4036255 219.352417 219.2341156 219.1300201 219.0393829 218.9758606 218.7792358 218.7000885 218.6207275 218.6056824 218.3735504 217.0269318
-9999.0 -9999.0 -9999.0 -9999.0 -9999.0 -9999.0 -9999.0 -9999.0 -9999.0 -9999.0 -9999.0 -9999.0 -9999.0 -9999.0 -9999.0 -9999.0 -9999.0 -9999.0 -9999.0 -9999.0 -9999.0 -9999.0 -9999.0 -9999.0 -9999.0 -9999.0 -9999.0 -9999.0 -9999.0 -9999.0 -9999.0 -9999.0 -9999.0 178.1159973 139.2741089 140.3756714 143.2045288 147.4518738 144.0723724 155.5287781 182.1663055 173.6204071 219.5271454 219.5013885 219.3834991 219.3433075 219.2805634 219.2039185 219.0536194 218.967804 218.9261169 218.9094391 218.7412109 218.8884888 218.4345551 218.4248047
-9999.0 -9999.0 -9999.0 -9999.0 -9999.0 -9999.0 -9999.0 -9999.0 -9999.0 -9999.0 -9999.0 -9999.0 -9999.0 -9999.0 -9999.0 -9999.0 -9999.0 -9999.0 -9999.0 -9999.0 -9999.0 -9999.0 -9999.0 -9999.0 -9999.0 -9999.0 -9999.0 -9999.0 -9999.0 -9999.0 -9999.0 -9999.0 -9999.0 170.2267151 145.9538727 150.1279297 148.9015808 156.8504944 164.9987488 164.1543579 174.508667 173.9895935 219.6873016 219.4592438 219.4317169 219.3613739 219.2783508 219.1932526 219.1429901 219.0126038 218.969574 218.9302521 218.9055786 218.8932495 218.7059174 218.4980469
104.1460724 -9999.0 -9999.0 -9999.0 -9999.0 -9999.0 -9999.0 -9999.0 -9999.0 -9999.0 -9999.0 -9999.0 -9999.0 -9999.0 -9999.0 -9999.0 -9999.0 -9999.0 -9999.0 -9999.0 -9999.0 -9999.0 -9999.0 -9999.0 -9999.0 -9999.0 -9999.0 -9999.0 -9999.0 -9999.0 -9999.0 -9999.0 187.3935699 143.5913239 166.47966 158.186264 165.7030487 173.9378967 181.5137634 187.5394287 182.747467 210.2060852 219.6746674 219.4609222 219.4273376 219.4167328 219.3322144 219.2372589 219.1588135 219.1130066 219.0520935 219.0007629 219.0984955 218.9123383 218.9123383 218.1744843
58.12426376 108.1246109 -9999.0 -9999.0 -9999.0 -9999.0 -9999.0 -9999.0 -9999.0 -9999.0 -9999.0 -9999.0 -9999.0 -9999.0 -9999.0 -9999.0 -9999.0 -9999.0 -9999.0 -9999.0 -9999.0 -9999.0 -9999.0 -9999.0 -9999.0 -9999.0 -9999.0 -9999.0 -9999.0 -9999.0 -9999.0 195.4922485 191.236557 159.6430206 174.4269104 166.5523987 166.1418457 193.9292145 201.7873688 187.4282837 189.1369781 218.6923981 219.602356 219.4880219 219.4503326 219.4073944 219.3622437 219.3292694 219.2138977 219.1529999 219.1133423 219.1085205 218.9721985 219.1071777 218.6787567 213.8526459
67.17459869 98.95554352 115.1996231 -9999.0 -9999.0 -9999.0 -9999.0 -9999.0 -9999.0 -9999.0 -9999.0 -9999.0 -9999.0 -9999.0 -9999.0 -9999.0 -9999.0 -9999.0 -9999.0 -9999.0 -9999.0 -9999.0 -9999.0 -9999.0 -9999.0 -9999.0 -9999.0 -9999.0 -9999.0 -9999.0 201.1050415 199.7853394 146.8245392 166.8548279 174.5239258 189.2838745 194.4164886 207.8565216 174.7817993 181.4847412 169.5193176 219.4230652 219.6501617 219.5401459 219.4906158 219.4362793 219.3817291 219.3296509 219.303009 219.2514343 219.1628265 219.1253357 219.1190186 218.9810944 218.3544464 195.5699463
113.9887161 89.46860504 109.3867798 -9999.0 -9999.0 -9999.0 -9999.0 -9999.0 -9999.0 -9999.0 -9999.0 -9999.0 -9999.0 -9999.0 -9999.0 -9999.0 -9999.0 -9999.0 -9999.0 -9999.0 -9999.0 -9999.0 -9999.0 -9999.0 -9999.0 -9999.0 -9999.0 -9999.0 -9999.0 204.2860718 176.5640411 176.170105 155.4674835 160.1915283 198.3930969 203.1299133 196.6125183 202.5303497 174.9708252 181.5734711 197.3503876 215.7178802 219.5802307 219.5669403 219.5158539 219.457962 219.4080811 219.3604279 219.3110809 219.2587738 219.2466888 219.245636 219.0428009 217.6062469 217.5086823 208.2745209
138.5545197 128.4549561 116.4125519 -9999.0 -9999.0 -9999.0 -9999.0 -9999.0 -9999.0 -9999.0 -9999.0 -9999.0 -9999.0 -9999.0 -9999.0 -9999.0 -9999.0 -9999.0 -9999.0 -9999.0 -9999.0 -9999.0 -9999.0 -9999.0 -9999.0 -9999.0 -9999.0 -9999.0 -9999.0 212.6857147 155.0924683 208.3153381 202.4649658 193.9359741 209.4180145 208.6747894 203.2815552 202.9840851 182.2709503 171.2703857 198.4422302 215.7806091 219.6029205 219.7015991 219.6946564 219.4833679 219.4445953 219.4030304 219.3465881 219.2783508 219.253891 219.1594238 219.0012054 217.7388153 211.666687 192.0237427
176.6055145 153.4631805 129.2826538 127.8022079 -9999.0 -9999.0 -9999.0 -9999.0 -9999.0 -9999.0 -9999.0 -9999.0 -9999.0 -9999.0 -9999.0 -9999.0 -9999.0 -9999.0 -9999.0 -9999.0 -9999.0 -9999.0 -9999.0 -9999.0 -9999.0 -9999.0 -9999.0 -9999.0 209.4597168 191.6143036 213.3848267 211.2588043 214.7094116 214.3441467 214.207428 212.1504517 208.5453644 204.5920563 177.0387115 177.6153564 192.5794067 219.8763123 219.7067261 219.6077728 219.5657501 219.5177765 219.483902 219.4393463 219.376358 219.3249969 219.2568207 219.223587 210.100647 217.872406 183.7890778 187.3036499
192.5706635 172.5774689 156.539917 133.5373993 144.6430511 -9999.0 -9999.0 -9999.0 -9999.0 -9999.0 -9999.0 -9999.0 -9999.0 -9999.0 -9999.0 -9999.0 -9999.0 -9999.0 -9999.0 -9999.0 -9999.0 -9999.0 -9999.0 -9999.0 -9999.0 -9999.0 -9999.0 209.8551025 168.4628296 214.0617676 213.7583313 211.6263123 214.8860626 215.798111 214.3665314 215.6319427 208.7824249 205.2323608 208.2247772 205.3036194 214.3547516 219.9490051 219.7355804 219.7178497 219.6170959 219.5666199 219.7281952 219.7818298 219.4210358 219.3841858 219.2994385 219.2432251 218.870163 210.1042786 185.6602783 185.7170868
201.3617859 190.1088257 149.2496643 136.2431793 161.4158936 -9999.0 -9999.0 -9999.0 -9999.0 -9999.0 -9999.0 -9999.0 -9999.0 -9999.0 -9999.0 -9999.0 -9999.0 -9999.0 -9999.0 -9999.0 -9999.0 -9999.0 -9999.0 -9999.0 -9999.0 -9999.0 214.12117 193.1104431 205.050827 215.925293 216.5750122 216.6264038 216.4916992 216.397995 216.3910675 215.6897888 212.1746826 205.3241272 193.9637909 195.0178528 200.8983459 219.9235535 219.8800659 219.8756256 219.6799011 219.8154907 219.8072968 219.5983582 219.7953491 219.4501343 219.3986511 219.2560425 219.032074 213.3522644 186.1675873 186.1173248
198.2492676 198.6572418 180.9008484 156.3429413 209.5116577 -9999.0 -9999.0 -9999.0 -9999.0 -9999.0 -9999.0 -9999.0 -9999.0 -9999.0 -9999.0 -9999.0 -9999.0 -9999.0 -9999.0 -9999.0 -9999.0 -9999.0 -9999.0 -9999.0 -9999.0 205.354187 165.1281738 214.9726257 216.3062134 217.11763 216.9423523 216.7364502 216.5822144 216.4248505 216.4271851 214.7052917 205.3182526 176.3694153 181.9065247 185.4095154 206.0751038 220.0604248 219.9242706 219.8756409 219.7528076 219.8608398 219.7397003 219.823349 219.8031769 219.552597 219.6194458 219.4193726 219.3639984 219.132782 186.1975708 196.4286957
210.2409515 205.2103729 197.2819519 188.6361389 205.8190308 -9999.0 -9999.0 -9999.0 -9999.0 -9999.0 -9999.0 -9999.0 -9999.0 -9999.0 -9999.0 -9999.0 -9999.0 -9999.0 -9999.0 -9999.0 -9999.0 -9999.0 -9999.0 208.171814 200.2772217 163.7864532 215.1485138 217.2474213 217.3690796 217.3728485 217.2358093 217.1690369 216.749588 216.3612366 216.5001068 212.699707 180.7532654 178.1851654 187.3999176 187.6733398 202.509613 220.1989136 219.9666748 219.949707 219.9382935 219.9096985 219.878479 219.8341522 219.7577515 219.6992188 219.6739807 219.5253754 219.4434662 219.1634064 186.6151581 214.2389374
221.9053955 194.5814819 205.9697418 184.7754211 203.7650604 -9999.0 -9999.0 -9999.0 -9999.0 -9999.0 -9999.0 -9999.0 -9999.0 -9999.0 -9999.0 -9999.0 -9999.0 -9999.0 -9999.0 -9999.0 -9999.0 -9999.0 204.6944885 190.0476837 188.8223877 216.690155 217.6717377 217.7122955 217.5974426 217.7048645 217.6372375 217.1942596 217.1827393 216.7073059 205.1410217 199.2115173 183.122818 182.6525421 184.2789154 188.9256744 207.6502533 220.1486969 220.0598297 220.0215912 219.9801636 219.9577026 220.0053711 219.9773254 219.8504944 219.7778473 219.7789612 219.6459351 219.5683594 218.6838837 189.6869507 212.3174591
226.2463074 218.1852264 192.8588562 198.3570404 198.1489716 213.2775726 -9999.0 -9999.0 -9999.0 -9999.0 -9999.0 -9999.0 -9999.0 185.5827332 188.8282623 192.863327 -9999.0 203.0665283 209.442276 217.9931793 220.5312042 191.3420868 198.4020386 201.5862885 217.9822235 217.9412231 217.9679108 217.90979 217.8522949 217.7489166 217.664505 217.6702728 217.2894745 209.7850647 194.229599 199.6052094 200.6779633 186.8999939 185.9553375 193.5984344 217.5092163 220.1856842 220.1471252 220.088501 220.0447845 220.0148773 219.9800415 219.9335938 219.8728943 219.8036804 219.7792511 219.7596588 219.6194153 218.8569183 206.4526825 191.6881409
221.5014496 225.4196167 220.7488403 206.9359283 196.5751953 228.9404449 216.0485077 -9999.0 195.3652344 187.2156219 182.7298584 181.230896 180.7939453 184.1193848 186.709259 190.3311157 191.7815704 192.0286407 192.7289734 191.9148102 191.4535675 180.8028259 217.5821686 218.1109772 218.1784058 218.1397552 218.1114807 218.0812378 218.0873718 218.0384064 218.0340576 217.5524445 209.9777374 205.5463562 181.7671356 196.3000488 206.473465 202.9256897 211.5801392 214.4069824 220.3885803 220.2371216 220.1390381 220.105072 220.0467529 220.0063934 219.9880981 219.9654541 219.8990936 219.8430634 219.8261414 219.8215179 219.6974945 219.6685944 214.8487549 203.5240021
220.1396637 225.5873871 224.6592255 204.4153595 208.1152954 201.8667908 192.2866211 236.4940186 191.9469147 173.9105988 174.8011169 180.0293121 186.9603729 192.5343781 196.4229431 197.1035614 201.0673218 199.463974 186.7336273 212.0940247 215.8100891 218.3022308 218.2834625 218.2434692 218.2027435 218.1706696 218.1522827 218.1264648 218.1130981 218.1098938 218.1020508 217.9208069 215.6412048 200.9693146 201.5296631 202.0395203 197.58255 211.2280884 216.3282166 218.5830231 220.283432 220.1516113 220.2335968 220.0885315 220.0455322 220.0066223 219.969101 219.9852295 219.9218292 219.7948761 219.8766174 219.7898254 219.76828 219.7362518 213.1414795 197.0983734
