Environmental Parameters/2019/Sea_Ice_Concentration.asc
ncols 720
nrows 360
xllcorner -180.00
yllcorner -90.00
cellsize 0.5
NODATA_value -9999
[rows 266 to 303 of 360, columns 258 to 343 of 720]
0.0 0.0 0.0 0.0 0.0 0.0 0.0 0.0 0.0 0.0 0.0 0.0 0.0 0.0 0.0 0.0 0.0 0.0 0.0 0.0 0.0 0.0 0.0 0.0 0.0 0.0 0.0 0.0 0.0 0.0 0.0 0.0 0.0 0.0 0.0 0.0 0.0 0.0 0.0 0.0 0.0 0.0 0.0 0.0 0.0 0.0 0.0 0.0 0.0 0.0 0.0 0.0 0.0 0.0 0.0 0.0 0.0 0.0 0.0 0.0 0.0 0.0 0.0 0.0 0.0 0.0 0.0 0.0 0.0 0.0 0.0 0.0 0.0 0.0 0.0 0.0 0.0 0.0 0.0 0.0 0.0 0.0 0.0 0.0 0.0 0.0
0.0 0.0 0.0 0.0 0.0 0.0 0.0 0.0 0.0 0.0 0.0 0.0 0.0 0.0 0.0 0.0 0.0 0.0 0.0 0.0 0.0 0.0 0.0 0.0 0.0 0.0 0.0 0.0 0.0 0.0 0.0 0.0 0.0 0.0 0.0 0.0 0.0 0.0 0.0 0.0 0.0 0.0 0.0 0.0 0.0 0.0 0.0 0.0 0.0 0.0 0.0 0.0 0.0 0.0 0.0 0.0 0.0 0.0 0.0 0.0 0.0 0.0 0.0 0.0 0.0 0.0 0.0 0.0 0.0 0.0 0.0 0.0 0.0 0.0 0.0 0.0 0.0 0.0 0.0 0.0 0.0 0.0 0.0 0.0 0.0 0.0
0.0 0.0 0.0 0.0 0.0 0.0 0.0 0.0 0.0 0.0 0.0 0.0 0.0 0.0 0.0 0.0 0.0 0.0 0.0 0.0 0.0 0.0 0.0 0.0 0.0 0.0 0.0 0.0 0.0 0.0 0.0 0.0 0.0 0.0 0.0 0.0 0.0 0.0 0.0 0.0 0.0 0.0 0.0 0.0 0.0 0.0 0.0 0.0 0.0 0.0 0.0 0.0 0.0 0.0 0.0 0.0 0.0 0.0 0.0 0.0 0.0 0.0 0.0 0.0 0.0 0.0 0.0 0.0 0.0 0.0 0.0 0.0 0.0 0.0 0.0 0.0 0.0 0.0 0.0 0.0 0.0 0.0 0.0 0.0 0.0 0.0
0.0 0.0 0.0 0.0 0.0 0.0 0.0 0.0 0.0 0.0 0.0 0.0 0.0 0.0 0.0 0.0 0.0 0.0 0.0 0.0 0.0 0.0 0.0 0.0 0.0 0.0 0.0 0.0 0.0 0.0 0.0 0.0 0.0 0.0 0.0 0.0 0.0 0.0 0.0 0.0 0.0 0.0 0.0 0.0 0.0 0.0 0.0 0.0 0.0 0.0 0.0 0.0 0.0 0.0 0.0 0.0 0.0 0.0 0.0 0.0 0.0 0.0 0.0 0.0 0.0 0.0 0.0 0.0 0.0 0.0 0.0 0.0 0.0 0.0 0.0 0.0 0.0 0.0 0.0 0.0 0.0 0.0 0.0 0.0 0.0 0.0
0.0 0.0 0.0 0.0 0.0 0.0 0.0 0.0 0.0 0.0 0.0 0.0 0.0 0.0 0.0 0.0 0.0 0.0 0.0 0.0 0.0 0.0 0.0 0.0 0.0 0.0 0.0 0.0 0.0 0.0 0.0 0.0 0.0 0.0 0.0 0.0 0.0 0.0 0.0 0.0 0.0 0.0 0.0 0.0 0.0 0.0 0.0 0.0 0.0 0.0 0.0 0.0 0.0 0.0 0.0 0.0 0.0 0.0 0.0 0.0 0.0 0.0 0.0 0.0 0.0 0.0 0.0 0.0 0.0 0.0 0.0 0.0 0.0 0.0 0.0 0.0 0.0 0.0 0.0 0.0 0.0 0.0 0.0 0.0 0.0 0.0
0.0 0.0 0.0 0.0 0.0 0.0 0.0 0.0 0.0 0.0 0.0 0.0 0.0 0.0 0.0 0.0 0.0 0.0 0.0 0.0 0.0 0.0 0.0 0.0 0.0 0.0 0.0 0.0 0.0 0.0 0.0 0.0 0.0 0.0 0.0 0.0 0.0 0.0 0.0 0.0 0.0 0.0 0.0 0.0 0.0 0.0 0.0 0.0 0.0 0.0 0.0 0.0 0.0 0.0 0.0 0.0 0.0 0.0 0.0 0.0 0.0 0.0 0.0 0.0 0.0 0.0 0.0 0.0 0.0 0.0 0.0 0.0 0.0 0.0 0.0 0.0 0.0 0.0 0.0 0.0 0.0 0.0 0.0 0.0 0.0 0.0
0.0 0.0 0.0 0.0 0.0 0.0 0.0 0.0 0.0 0.0 0.0 0.0 0.0 0.0 0.0 0.0 0.0 0.0 0.0 0.0 0.0 0.0 0.0 0.0 0.0 0.0 0.0 0.0 0.0 0.0 0.0 0.0 0.0 0.0 0.0 0.0 0.0 0.0 0.0 0.0 0.0 0.0 0.0 0.0 0.0 0.0 0.0 0.0 0.0 0.0 0.0 0.0 0.0 0.0 0.0 0.0 0.0 0.0 0.0 0.0 0.0 0.0 0.0 0.0 0.0 0.0 0.0 0.0 0.0 0.0 0.0 0.0 0.0 0.0 0.0 0.0 0.0 0.0 0.0 0.0 0.0 0.0 0.0 0.0 0.0 0.0
0.0 0.0 0.0 0.0 0.0 0.0 0.0 0.0 0.0 0.0 0.0 0.0 0.0 0.0 0.0 0.0 0.0 0.0 0.0 0.0 0.0 0.0 0.0 0.0 0.0 0.0 0.0 0.0 0.0 0.0 0.0 0.0 0.0 0.0 0.0 0.0 0.0 0.0 0.0 0.0 0.0 0.0 0.0 0.0 0.0 0.0 0.0 0.0 0.0 0.0 0.0 0.0 0.0 0.0 0.0 0.0 0.0 0.0 0.0 0.0 0.0 0.0 0.0 0.0 0.0 0.0 0.0 0.0 0.0 0.0 0.0 0.0 0.0 0.0 0.0 0.0 0.0 0.0 0.0 0.0 0.0 0.0 0.0 0.0 0.0 0.0
0.0 0.0 0.0 0.0 0.0 0.0 0.0 0.0 0.0 0.0 0.0 0.0 0.0 0.0 0.0 0.0 0.0 0.0 0.0 0.0 0.0 0.0 0.0 0.0 0.0 0.0 0.0 0.0 0.0 0.0 0.0 0.0 0.0 0.0 0.0 0.0 0.0 0.0 0.0 0.0 0.0 0.0 0.0 0.0 0.0 0.0 0.0 0.0 0.0 0.0 0.0 0.0 0.0 0.0 0.0 0.0 0.0 0.0 0.0 0.0 0.0 0.0 0.0 0.0 0.0 0.0 0.0 0.0 0.0 0.0 0.0 0.0 0.0 0.0 0.0 0.0 0.0 0.0 0.0 0.0 0.0 0.0 0.0 0.0 0.0 0.0
0.0 0.0 0.0 0.0 0.0 0.0 0.0 0.0 0.0 0.0 0.0 0.0 0.0 0.0 0.0 0.0 0.0 0.0 0.0 0.0 0.0 0.0 0.0 0.0 0.0 0.0 0.0 0.0 0.0 0.0 0.0 0.0 0.0 0.0 0.0 0.0 0.0 0.0 0.0 0.0 0.0 0.0 0.0 0.0 0.0 0.0 0.0 0.0 0.0 0.0 0.0 0.0 0.0 0.0 0.0 0.0 0.0 0.0 0.0 0.0 0.0 0.0 0.0 0.0 0.0 0.0 0.0 0.0 0.0 0.0 0.0 0.0 0.0 0.0 0.0 0.0 0.0 0.0 0.0 0.0 0.0 0.0 0.0 0.0 0.0 0.0
0.0 0.0 0.0 0.0 0.0 0.0 0.0 0.0 0.0 0.0 0.0 0.0 0.0 0.0 0.0 0.0 0.0 0.0 0.0 0.0 0.0 0.0 0.0 0.0 0.0 0.0 0.0 0.0 0.0 0.0 0.0 0.0 0.0 0.0 0.0 0.0 0.0 0.0 0.0 0.0 0.0 0.0 0.0 0.0 0.0 0.0 0.0 0.0 0.0 0.0 0.0 0.0 0.0 0.0 0.0 0.0 0.0 0.0 0.0 0.0 0.0 0.0 0.0 0.0 0.0 0.0 0.0 0.0 0.0 0.0 0.0 0.0 0.0 0.0 0.0 0.0 0.0 0.0 0.0 0.0 0.0 0.0 0.0 0.0 0.0 0.0
0.0 0.0 0.0 0.0 0.0 0.0 0.0 0.0 0.0 0.0 0.0 0.0 0.0 0.0 0.0 0.0 0.0 0.0 0.0 0.0 0.0 0.0 0.0 0.0 0.0 0.0 0.0 0.0 0.0 0.0 0.0 0.0 0.0 0.0 0.0 0.0 0.0 0.0 0.0 0.0 0.0 0.0 0.0 0.0 0.0 0.0 0.0 0.0 0.0 0.0 0.0 0.0 0.0 0.0 0.0 0.0 0.0 0.0 0.0 0.0 0.0 0.0 0.0 0.0 0.0 0.0 0.0 0.0 0.0 0.0 0.0 0.0 0.0 0.0 0.0 0.0 0.0 0.0 0.0 0.0 0.0 0.0 0.0 0.0 0.0 0.0
0.0 0.0 0.0 0.0 0.0 0.0 0.0 0.0 0.0 0.0 0.0 0.0 0.0 0.0 0.0 0.0 0.0 0.0 0.0 0.0 0.0 0.0 0.0 0.0 0.0 0.0 0.0 0.0 0.0 0.0 0.0 0.0 0.0 0.0 0.0 0.0 0.0 0.0 0.0 0.0 0.0 0.0 0.0 0.0 0.0 0.0 0.0 0.0 0.0 0.0 0.0 0.0 0.0 0.0 0.0 0.0 0.0 0.0 0.0 0.0 0.0 0.0 0.0 0.0 0.0 0.0 0.0 0.0 0.0 0.0 0.0 0.0 0.0 0.0 0.0 0.0 0.0 0.0 0.0 0.0 0.0 0.0 0.0 0.0 0.0 0.0
0.0 0.0 0.0 0.0 0.0 0.0 0.0 0.0 0.0 0.0 0.0 0.0 0.0 0.0 0.0 0.0 0.0 0.0 0.0 0.0 0.0 0.0 0.0 0.0 0.0 0.0 0.0 0.0 0.0 0.0 0.0 0.0 0.0 0.0 0.0 0.0 0.0 0.0 0.0 0.0 0.0 0.0 0.0 0.0 0.0 0.0 0.0 0.0 0.0 0.0 0.0 0.0 0.0 0.0 0.0 0.0 0.0 0.0 0.0 0.0 0.0 0.0 0.0 0.0 0.0 0.0 0.0 0.0 0.0 0.0 0.0 0.0 0.0 0.0 0.0 0.0 0.0 0.0 0.0 0.0 0.0 0.0 0.0 0.0 0.0 0.0
0.0 0.0 0.0 0.0 0.0 0.0 0.0 0.0 0.0 0.0 0.0 0.0 0.0 0.0 0.0 0.0 0.0 0.0 0.0 0.0 0.0 0.0 0.0 0.0 0.0 0.0 0.0 0.0 0.0 0.0 0.0 0.0 0.0 0.0 0.0 0.0 0.0 0.0 0.0 0.0 0.0 0.0 0.0 0.0 0.0 0.0 0.0 0.0 0.0 0.0 0.0 0.0 0.0 0.0 0.0 0.0 0.0 0.0 0.0 0.0 0.0 0.0 0.0 0.0 0.0 0.0 0.0 0.0 0.0 1.0E-6 1.0E-6 0.0 0.0 0.0 0.0 0.0 0.0 0.0 0.0 0.0 0.0 0.0 0.0 0.0 0.0 0.0
0.0 0.0 0.0 0.0 0.0 0.0 0.0 0.0 0.0 0.0 0.0 0.0 0.0 0.0 0.0 0.0 0.0 0.0 0.0 0.0 1.0E-6 1.0E-6 0.0 1.0E-6 0.0 0.0 0.0 0.0 0.0 0.0 0.0 0.0 1.0E-6 0.0 0.0 0.0 1.0E-6 1.0E-6 1.0E-6 0.0 0.0 0.0 0.0 1.0E-6 1.0E-6 1.0E-6 1.0E-6 0.0 0.0 1.0E-6 1.0E-6 1.0E-6 1.0E-6 1.0E-6 0.0 0.0 0.0 0.0 1.0E-6 1.0E-6 1.0E-6 1.0E-6 0.0 1.0E-6 1.0E-6 0.0 1.0E-6 1.0E-6 1.0E-6 1.0E-6 1.0E-6 1.0E-6 1.0E-6 1.0E-6 2.0E-6 2.0E-6 2.0E-6 2.0E-6 2.0E-6 2.0E-6 2.0E-6 3.0E-6 0.0 0.0 0.0 0.0
0.0 0.0 0.0 0.0 0.0 0.0 0.0 0.0 0.0 0.0 0.0 0.0 0.0 0.0 0.0 0.0 0.0 0.0 0.0 1.0E-6 1.0E-6 1.0E-6 1.0E-6 1.0E-6 1.0E-6 1.0E-6 1.0E-6 1.0E-6 1.0E-6 1.0E-6 1.0E-6 1.0E-6 2.0E-6 3.0E-6 3.0E-6 3.0E-6 4.0E-6 5.0E-6 4.0E-6 3.0E-6 3.0E-6 2.0E-6 2.0E-6 2.0E-6 2.0E-6 2.0E-6 1.0E-6 2.0E-6 2.0E-6 2.0E-6 2.0E-6 2.0E-6 2.0E-6 2.0E-6 1.0E-6 1.0E-6 1.0E-6 1.0E-6 1.0E-6 1.0E-6 1.0E-6 1.0E-6 2.0E-6 1.0E-6 2.0E-6 1.0E-6 1.0E-6 1.0E-6 1.0E-6 2.0E-6 2.0E-6 2.0E-6 2.0E-6 2.0E-6 3.0E-6 3.0E-6 4.0E-6 4.0E-6 4.0E-6 4.0E-6 4.0E-6 5.0E-6 7.0E-6 1.1E-5 1.2E-5 1.1E-5
0.0 0.0 0.0 0.0 0.0 0.0 0.0 0.0 0.0 0.0 0.0 0.0 0.0 0.0 0.0 0.0 1.0E-6 1.0E-6 1.0E-6 2.0E-6 2.0E-6 2.0E-6 1.0E-6 1.0E-6 2.0E-6 2.0E-6 2.0E-6 3.0E-6 3.0E-6 3.0E-6 3.0E-6 2.0E-6 4.0E-6 6.0E-6 7.0E-6 8.0E-6 1.1E-5 1.4E-5 1.2E-5 9.0E-6 6.0E-6 6.0E-6 6.0E-6 6.0E-6 6.0E-6 5.0E-6 4.0E-6 4.0E-6 4.0E-6 5.0E-6 5.0E-6 5.0E-6 5.0E-6 5.0E-6 4.0E-6 3.0E-6 2.0E-6 2.0E-6 2.0E-6 2.0E-6 2.0E-6 2.0E-6 3.0E-6 3.0E-6 3.0E-6 2.0E-6 2.0E-6 2.0E-6 3.0E-6 3.0E-6 4.0E-6 4.0E-6 4.0E-6 4.0E-6 4.0E-6 5.0E-6 6.0E-6 7.0E-6 7.0E-6 8.0E-6 8.0E-6 1.0E-5 1.5E-5 1.9E-5 2.1E-5 2.0E-5
0.0 0.0 0.0 0.0 0.0 0.0 0.0 0.0 0.0 0.0 1.0E-6 0.0 1.0E-6 1.0E-6 1.0E-6 1.0E-6 1.0E-6 2.0E-6 4.0E-6 4.0E-6 4.0E-6 4.0E-6 4.0E-6 5.0E-6 5.0E-6 5.0E-6 6.0E-6 9.0E-6 1.1E-5 1.1E-5 9.0E-6 7.0E-6 8.0E-6 1.1E-5 1.4E-5 1.7E-5 2.1E-5 2.6E-5 2.6E-5 2.0E-5 1.6E-5 1.4E-5 1.5E-5 1.5E-5 1.5E-5 1.4E-5 1.5E-5 1.4E-5 1.4E-5 1.2E-5 1.0E-5 1.0E-5 1.0E-5 1.0E-5 9.0E-6 8.0E-6 6.0E-6 5.0E-6 5.0E-6 5.0E-6 5.0E-6 5.0E-6 5.0E-6 6.0E-6 6.0E-6 5.0E-6 5.0E-6 5.0E-6 6.0E-6 7.0E-6 8.0E-6 7.0E-6 8.0E-6 8.0E-6 1.0E-5 1.0E-5 1.0E-5 0.0 1.1E-5 1.3E-5 1.5E-5 2.0E-5 2.9E-5 3.5E-5 3.8E-5 3.9E-5
0.0 0.0 0.0 0.0 0.0 0.0 0.0 0.0 1.0E-6 1.0E-6 1.0E-6 1.0E-6 1.0E-6 2.0E-6 3.0E-6 4.0E-6 5.0E-6 6.0E-6 7.0E-6 6.0E-6 7.0E-6 8.0E-6 8.0E-6 8.0E-6 8.0E-6 9.0E-6 1.1E-5 1.5E-5 1.7E-5 1.9E-5 2.0E-5 1.8E-5 1.5E-5 1.9E-5 2.5E-5 3.1E-5 3.9E-5 4.3E-5 4.1E-5 3.8E-5 2.9E-5 2.5E-5 2.6E-5 2.9E-5 2.9E-5 2.7E-5 2.6E-5 2.6E-5 3.0E-5 2.9E-5 2.4E-5 1.9E-5 1.8E-5 1.7E-5 1.6E-5 1.5E-5 1.3E-5 1.2E-5 1.0E-5 1.0E-5 1.0E-5 1.2E-5 1.1E-5 1.2E-5 1.2E-5 1.2E-5 1.1E-5 1.0E-5 1.1E-5 1.2E-5 1.3E-5 1.4E-5 1.4E-5 1.6E-5 1.7E-5 1.8E-5 1.9E-5 1.9E-5 1.9E-5 2.1E-5 2.5E-5 3.5E-5 4.8E-5 5.9E-5 6.3E-5 6.4E-5
0.0 0.0 0.0 0.0 0.0 0.0 0.0 0.0 1.0E-6 0.0 3.0E-6 3.0E-6 4.0E-6 5.0E-6 6.0E-6 6.0E-6 7.0E-6 8.0E-6 1.0E-5 1.1E-5 1.1E-5 1.3E-5 1.3E-5 1.3E-5 1.5E-5 1.6E-5 2.0E-5 2.2E-5 2.7E-5 3.0E-5 3.4E-5 3.5E-5 3.4E-5 3.8E-5 4.6E-5 5.4E-5 6.2E-5 6.6E-5 6.4E-5 6.3E-5 6.4E-5 6.1E-5 5.8E-5 5.7E-5 5.4E-5 4.8E-5 4.7E-5 4.8E-5 5.3E-5 5.4E-5 5.1E-5 4.2E-5 3.4E-5 3.0E-5 3.1E-5 3.0E-5 2.6E-5 2.5E-5 2.4E-5 2.3E-5 2.1E-5 2.1E-5 2.3E-5 2.2E-5 2.3E-5 2.3E-5 2.2E-5 2.0E-5 2.0E-5 2.2E-5 2.5E-5 2.6E-5 2.6E-5 2.6E-5 2.7E-5 3.0E-5 3.3E-5 3.4E-5 3.5E-5 4.0E-5 5.1E-5 6.7E-5 8.5E-5 1.03E-4 1.08E-4 1.04E-4
0.0 0.0 0.0 0.0 0.0 0.0 1.0E-6 1.0E-6 2.0E-6 2.0E-6 3.0E-6 4.0E-6 6.0E-6 7.0E-6 9.0E-6 1.0E-5 1.1E-5 1.3E-5 1.3E-5 1.4E-5 1.5E-5 1.9E-5 2.1E-5 2.2E-5 2.4E-5 2.7E-5 2.8E-5 2.9E-5 3.4E-5 3.8E-5 4.5E-5 5.6E-5 6.4E-5 7.1E-5 8.2E-5 9.6E-5 1.05E-4 1.03E-4 1.04E-4 1.12E-4 1.25E-4 1.16E-4 1.19E-4 1.13E-4 1.07E-4 1.01E-4 9.9E-5 1.07E-4 1.14E-4 1.11E-4 9.9E-5 8.9E-5 7.4E-5 5.8E-5 5.1E-5 5.1E-5 5.3E-5 5.3E-5 5.2E-5 4.8E-5 4.4E-5 4.0E-5 3.8E-5 4.0E-5 4.1E-5 4.0E-5 3.7E-5 3.3E-5 3.4E-5 3.9E-5 4.4E-5 4.6E-5 4.6E-5 4.5E-5 4.6E-5 5.0E-5 5.6E-5 5.9E-5 6.3E-5 7.0E-5 8.6E-5 1.15E-4 1.57E-4 1.85E-4 1.92E-4 1.82E-4
0.0 0.0 1.0E-6 2.0E-6 2.0E-6 3.0E-6 4.0E-6 3.0E-6 4.0E-6 4.0E-6 5.0E-6 6.0E-6 7.0E-6 9.0E-6 1.1E-5 1.3E-5 1.6E-5 1.8E-5 1.8E-5 1.7E-5 1.8E-5 2.2E-5 2.8E-5 3.4E-5 3.5E-5 3.7E-5 4.5E-5 4.62E-5 6.0E-5 4.3E-5 5.2E-5 6.1E-5 7.9E-5 1.06E-4 1.34E-4 1.56E-4 1.65E-4 1.71E-4 2.44E-4 4.22E-4 4.62E-4 6.51E-4 7.15E-4 7.79E-4 8.16E-4 4.73E-4 3.31E-4 3.03E-4 2.25E-4 1.6E-4 1.34E-4 1.18E-4 1.05E-4 9.3E-5 8.4E-5 8.2E-5 8.9E-5 9.3E-5 9.2E-5 8.5E-5 7.6E-5 7.0E-5 6.7E-5 7.0E-5 7.1E-5 6.8E-5 6.1E-5 5.6E-5 5.5E-5 6.3E-5 7.3E-5 8.0E-5 7.9E-5 7.6E-5 7.6E-5 8.3E-5 8.6E-5 8.9E-5 9.3E-5 1.02E-4 1.26E-4 1.86E-4 2.54E-4 2.86E-4 3.47E-4 3.9E-4
3.0E-6 3.0E-6 4.0E-6 4.0E-6 5.0E-6 6.0E-6 7.0E-6 9.0E-6 1.0E-5 1.1E-5 1.1E-5 1.2E-5 1.4E-5 2.1E-5 2.8E-5 3.5E-5 4.0E-5 4.2E-5 4.3E-5 3.9E-5 3.3E-5 3.0E-5 3.3E-5 3.9E-5 4.3E-5 4.4E-5 4.6E-5 5.1E-5 7.2E-5 6.35E-5 6.7E-5 7.2E-5 8.5E-5 1.12E-4 1.7E-4 2.24E-4 2.64E-4 3.8E-4 8.65E-4 0.001346 0.001892 0.002569 0.003125 0.003615 0.003852 0.003611 0.00339 0.002712 0.001812 7.33E-4 2.01E-4 1.61E-4 1.44E-4 1.35E-4 1.35E-4 1.51E-4 1.75E-4 1.85E-4 1.72E-4 1.47E-4 1.29E-4 1.17E-4 1.13E-4 1.11E-4 1.11E-4 1.1E-4 1.02E-4 9.3E-5 9.3E-5 1.01E-4 1.14E-4 1.26E-4 1.33E-4 1.39E-4 1.4E-4 1.39E-4 1.43E-4 1.52E-4 1.63E-4 1.9E-4 2.52E-4 5.31E-4 7.97E-4 0.001081 0.001123 0.001543
6.0E-6 6.0E-6 7.0E-6 8.0E-6 9.0E-6 1.3E-5 1.9E-5 2.2E-5 2.2E-5 2.4E-5 2.4E-5 2.5E-5 3.5E-5 4.9E-5 6.2E-5 7.5E-5 8.7E-5 9.2E-5 8.9E-5 7.7E-5 7.1E-5 6.7E-5 7.0E-5 7.6E-5 8.0E-5 7.5E-5 6.9E-5 6.6E-5 6.7E-5 7.2E-5 8.0E-5 8.5E-5 9.3E-5 1.12E-4 1.82E-4 2.67E-4 3.48E-4 6.05E-4 0.001328 0.002165 0.003459 0.004949 0.006606 0.007903 0.0089 0.009325 0.009049 0.007257 0.005193 0.002865 9.13E-4 2.83E-4 2.25E-4 2.43E-4 2.77E-4 3.43E-4 5.16E-4 6.3E-4 6.83E-4 4.3E-4 2.95E-4 2.02E-4 1.9E-4 1.94E-4 2.04E-4 1.97E-4 1.87E-4 1.76E-4 1.57E-4 1.7E-4 1.89E-4 2.2E-4 3.57E-4 3.99E-4 2.96E-4 3.61E-4 4.13E-4 3.11E-4 4.72E-4 7.68E-4 0.001238 0.00196 0.002918 0.004067 0.004986 0.005699
9.0E-6 1.0E-5 1.5E-5 1.9E-5 2.6E-5 3.2E-5 4.0E-5 4.6E-5 4.3E-5 4.2E-5 4.4E-5 4.8E-5 6.7E-5 8.2E-5 9.3E-5 1.03E-4 1.12E-4 1.29E-4 1.45E-4 1.41E-4 1.32E-4 1.36E-4 1.56E-4 1.77E-4 1.77E-4 1.72E-4 1.71E-4 1.53E-4 1.39E-4 1.28E-4 1.2E-4 1.23E-4 1.37E-4 1.7E-4 2.34E-4 3.06E-4 4.06E-4 8.19E-4 0.001434 0.002595 0.004675 0.007392 0.010498 0.015764 0.019273 0.020259 0.022143001 0.021190001 0.019628 0.011403 0.005283 0.001997 9.11E-4 8.82E-4 7.82E-4 9.72E-4 0.001374 0.002117 0.002591 0.002546 0.001783 0.001555 0.001017 0.001066 7.78E-4 9.72E-4 8.04E-4 6.92E-4 7.08E-4 6.36E-4 9.21E-4 0.001475 0.001661 0.002743 0.003304 0.002845 0.003501 0.003418 0.002908 0.003857 0.0058 0.007575 0.00916 0.011913 0.014949 0.017916
1.8E-5 2.1E-5 4.6E-5 6.4E-5 9.8E-5 1.13E-4 1.11E-4 1.57E-4 1.17E-4 8.2E-5 8.1E-5 8.4E-5 1.06E-4 1.28E-4 1.53E-4 1.98E-4 3.68E-4 5.27E-4 5.22E-4 4.33E-4 4.13E-4 4.87E-4 6.0E-4 5.16E-4 4.43E-4 6.13E-4 7.99E-4 6.51E-4 4.75E-4 4.19E-4 3.66E-4 3.41E-4 3.26E-4 3.53E-4 4.61E-4 6.85E-4 0.001201 0.001793 0.002504 0.004519 0.007552 0.012102 0.018920001 0.027729999 0.034375999 0.039342999 0.046406001 0.049598001 0.057771999 0.049270999 0.034795001 0.017368 0.008719 0.004519 0.003041 0.003429 0.004731 0.00804 0.009766 0.01162 0.011494 0.010623 0.007888 0.00619 0.005248 0.004744 0.005549 0.004463 0.00471 0.005335 0.006217 0.009362 0.011529 0.011313 0.013557 0.013547 0.012391 0.013354 0.013785 0.013308 0.015689 0.020318 0.025842 0.029075 0.02915 0.033636
1.07E-4 1.24E-4 2.75E-4 8.58E-4 0.001287 0.001059 9.52E-4 9.15E-4 7.19E-4 4.89E-4 3.79E-4 5.29E-4 8.11E-4 0.001425 0.001856 0.001957 0.001897 0.001751 0.001647 0.00158 0.001275 0.001247 0.001381 0.001461 0.001863 0.002728 0.003299 0.002854 0.002271 0.001773 0.001246 0.001015 0.001035 0.001711 0.003197 0.004408 0.00504 0.005359 0.006919 0.010248 0.016434001 0.024194 0.033904001 0.044261999 0.053346001 0.064829998 0.078767002 0.087278001 0.102036998 0.10537 0.098605998 0.069693998 0.045437999 0.025079001 0.012921 0.011069 0.014126 0.019079 0.023325 0.026238 0.026851 0.02417 0.021498 0.017325999 0.017066 0.016959 0.019183001 0.019370999 0.019288 0.024080999 0.026618 0.028437 0.033491999 0.03229 0.033386 0.037471 0.037204001 0.033867002 0.037757002 0.041988999 0.041526001 0.045662999 0.053828001 0.061919 0.065522 0.067615002
7.87E-4 0.001057 0.001531 0.002586 0.003758 0.003908 0.004088 0.004236 0.003887 0.003404 0.003017 0.00318 0.004095 0.005005 0.00527 0.004828 0.00481 0.004766 0.004379 0.00406 0.003593 0.00306 0.00305 0.003297 0.004335 0.005937 0.007887 0.009433 0.009765 0.00911 0.008528 0.007805 0.008448 0.009505 0.012151 0.015092 0.017211 0.019029001 0.019971 0.023223 0.029855 0.041554999 0.057923999 0.070779003 0.081850998 0.095987 0.110616997 0.125430003 0.141084 0.148295999 0.150207996 0.128768995 0.103127003 0.064901002 0.037737999 0.024912 0.025665 0.031773999 0.037447002 0.040706001 0.043558002 0.042406 0.041226 0.037432998 0.036846999 0.038339999 0.037873 0.043535002 0.04267 0.046115998 0.051516 0.054145999 0.060697999 0.066611998 0.063385002 0.06594 0.069963001 0.069406003 0.070883997 0.077716999 0.083949998 0.087086998 0.092027999 0.097065002 0.105263002 0.113228001
0.003426 0.003936 0.004551 0.006023 0.007675 0.008747 0.009287 0.009917 0.009694 0.008838 0.008216 0.009 0.010848 0.011397 0.011422 0.011067 0.01154 0.010948 0.010067 0.008704 0.007699 0.006805 0.006606 0.006836 0.008427 0.011995 0.018805001 0.028346 0.034361999 0.036905002 0.038929999 0.036408 0.033365998 0.036192 0.041453 0.047122002 0.051015999 0.052889001 0.049559999 0.050595 0.061592001 0.077830002 0.099522002 0.117421001 0.129449993 0.138263002 0.151113003 0.168143004 0.179809004 0.186041996 0.191607997 0.183936998 0.169097006 0.126517996 0.086644001 0.050701 0.046565998 0.050067 0.061083999 0.065531999 0.068681002 0.067602001 0.067708999 0.067574002 0.066009 0.072830997 0.071037002 0.075566001 0.079423003 0.077381998 0.087861001 0.096639998 0.099399999 0.105068997 0.110679999 0.106760003 0.110749997 0.118603997 0.123779997 0.121858999 0.130345002 0.140832007 0.148701996 0.147828996 0.144168004 0.148439005
0.012674 0.013378 0.014239 0.014284 0.015311 0.015405 0.015151 0.014315 0.013386 0.013271 0.014286 0.016465001 0.017828999 0.020277999 0.021939 0.021985 0.023311 0.022481 0.021329001 0.020803999 0.020752 0.022929 0.021833001 0.022863001 0.024617 0.03458 0.050276998 0.063589998 0.076727003 0.093565002 0.099752001 0.097823001 0.086282998 0.080934003 0.090407997 0.096547 0.098367997 0.100492999 0.095862001 0.102168001 0.117321998 0.136831999 0.158304006 0.174000993 0.179666996 0.194417 0.201444998 0.215771005 0.219564006 0.222685993 0.228720993 0.227724001 0.212023005 0.176000997 0.131827995 0.087150998 0.078757003 0.083857 0.098901004 0.103665002 0.103882 0.109270997 0.105655998 0.111919999 0.111064002 0.119863003 0.125660002 0.123897001 0.134542003 0.138253003 0.138959005 0.148469001 0.153862 0.152597994 0.162937 0.169042006 0.166077003 0.178672999 0.192626998 0.198783994 0.196679994 0.203364 0.214839995 0.222778007 0.219019994 0.207611993
0.029036 0.031513002 0.031851999 0.032308999 0.032566998 0.028756 0.023313001 0.019402999 0.020032 0.022527 0.024452999 0.024981 0.027674999 0.032855999 0.039313 0.044139002 0.045837998 0.048813 0.050253998 0.053783 0.061411999 0.066983998 0.069986001 0.074201003 0.082635999 0.090024002 0.100450002 0.113807 0.125606999 0.140043005 0.154462993 0.161583006 0.164727002 0.162559003 0.164793998 0.171481997 0.170934007 0.167659 0.169163004 0.172520995 0.193299994 0.208253995 0.224253997 0.236875996 0.238986999 0.248447001 0.253785014 0.260823011 0.261121988 0.263233989 0.270561993 0.271881998 0.248878002 0.207537994 0.159728006 0.123618998 0.115344003 0.126701996 0.138352007 0.149793997 0.148808002 0.157832995 0.158411995 0.167609006 0.177772 0.179638997 0.188804001 0.190451995 0.190319002 0.202114001 0.202566996 0.207132995 0.218578994 0.223957002 0.223969996 0.237335995 0.247718006 0.249048993 0.257649988 0.269506991 0.276728004 0.274971992 0.277808011 0.286119998 0.292582989 0.2958
0.043143 0.046289001 0.045136999 0.044817001 0.046491999 0.044819999 0.039044999 0.032182001 0.029354 0.031736001 0.035867002 0.038238 0.040642001 0.047478002 0.059919 0.071236998 0.074863002 0.076412998 0.079319 0.090616003 0.111483 0.126234993 0.137358993 0.152275994 0.157315999 0.157979995 0.160853997 0.163314998 0.172525004 0.186700001 0.201355994 0.214125007 0.224932998 0.227841005 0.236320004 0.241176993 0.238645002 0.242479995 0.247501999 0.250236005 0.266312003 0.27323699 0.281677991 0.290888011 0.296270996 0.299071014 0.296642989 0.297484994 0.298943996 0.311230987 0.314213991 0.308378011 0.274102986 0.225688994 0.179131001 0.155159995 0.149041995 0.165015996 0.175872996 0.189816996 0.196521997 0.202794999 0.213411003 0.215464994 0.227641001 0.229470998 0.236332998 0.244325995 0.242333993 0.250665009 0.262834996 0.259573996 0.270301014 0.288446993 0.294068009 0.296247005 0.310382992 0.321561992 0.318756014 0.323020995 0.329097003 0.333038002 0.332639992 0.331326991 0.336587012 0.340167999
0.052857 0.065058 0.065006003 0.067364 0.075540997 0.079570003 0.079305999 0.079466 0.076435 0.072448 0.065104999 0.064823002 0.072544001 0.086603999 0.101048 0.104130998 0.105662003 0.112925 0.122034997 0.139477998 0.161835998 0.191998005 0.211071998 0.219813004 0.227760002 0.226940006 0.225471005 0.225636005 0.226249993 0.238525003 0.255849987 0.269676 0.275988013 0.280081004 0.288863987 0.29401201 0.296562999 0.307352006 0.312058985 0.319999993 0.325881004 0.32675001 0.334899992 0.339311987 0.342009008 0.347737014 0.346096992 0.353983998 0.356624991 0.363952011 0.35373199 0.327237993 0.284238011 0.235845998 0.195271 0.183685005 0.183807001 0.201021999 0.215476006 0.225202993 0.232225999 0.238143995 0.250602007 0.255923003 0.26294899 0.270832986 0.274913996 0.287885994 0.295473009 0.300682008 0.313165992 0.323543012 0.329017013 0.342774004 0.353574991 0.353060007 0.35720399 0.364252001 0.369118989 0.36917001 0.366504014 0.369433999 0.372572988 0.372411996 0.370110989 0.370415002
0.086023003 0.091998003 0.101012997 0.113914996 0.125403002 0.127316996 0.134067997 0.149890006 0.151518002 0.149114996 0.144492 0.136478007 0.139151007 0.147590995 0.155937999 0.159293994 0.161946997 0.166242003 0.175943002 0.197106004 0.221114993 0.244883001 0.276257992 0.286617011 0.290425003 0.28638199 0.281381994 0.278517008 0.283078998 0.291707993 0.302235991 0.309680998 0.316785991 0.321574986 0.329773009 0.337175012 0.339132011 0.345183015 0.351945013 0.357832015 0.364805996 0.369076997 0.374244988 0.37747401 0.38150999 0.383132994 0.385143995 0.392046988 0.391851991 0.384636998 0.365897 0.33108601 0.288507015 0.244728997 0.217830002 0.213272005 0.221210003 0.233807996 0.242210001 0.247740999 0.258417994 0.262459993 0.272572011 0.281224996 0.286516011 0.301176012 0.313600004 0.323235989 0.336771011 0.343299001 0.357389003 0.374155015 0.381118 0.383450001 0.39022401 0.39496401 0.395078987 0.394823998 0.397740006 0.400451988 0.400000006 0.397798002 0.398059994 0.399035007 0.399296999 0.397356987
0.141071007 0.156829998 0.169747993 0.185164005 0.203327 0.214264005 0.214293003 0.218897998 0.222958997 0.238977 0.264209002 0.234545007 0.239406005 0.215068996 0.226076007 0.245728999 0.260708988 0.269446999 0.274955988 0.284092009 0.301835001 0.324479014 0.352665007 0.354514003 0.349703014 0.339347988 0.327661008 0.327430993 0.331014991 0.340353012 0.346805006 0.352180988 0.358916998 0.365633011 0.376323998 0.383069009 0.386114001 0.389607012 0.394492 0.397603005 0.400887012 0.402770996 0.408309013 0.409756005 0.412640005 0.414777011 0.418668002 0.419930995 0.415333986 0.401125014 0.377849996 0.346655011 0.315252006 0.293884993 0.282602996 0.283266991 0.293745011 0.28965801 0.298328996 0.290230006 0.297241986 0.301643014 0.307043999 0.327271014 0.331140012 0.346872985 0.364403009 0.373201996 0.386061013 0.400534004 0.406064004 0.410429001 0.417360991 0.415470004 0.416799009 0.419838995 0.421691 0.418998003 0.418563992 0.420347005 0.421728998 0.422246009 0.418899 0.417504996 0.416308999 0.414907008
0.227384001 0.248816997 0.272792011 0.283033013 0.288825005 0.29361099 0.295884997 0.294005007 0.29478699 0.300130993 0.306448013 0.31150499 0.316581011 0.32367 0.33168 0.339771003 0.348589003 0.357995003 0.368761986 0.378769994 0.388592988 0.399751008 0.414806992 0.415767014 0.401739001 0.385154992 0.378852993 0.374404997 0.380178005 0.388862014 0.397843987 0.407160997 0.416489005 0.417649001 0.420834005 0.429639995 0.430691987 0.432101995 0.433198005 0.432004988 0.434661001 0.436087012 0.442129999 0.442894995 0.443370998 0.445960999 0.447793007 0.449811012 0.447524011 0.444330007 0.435057014 0.426182985 0.412618011 0.409364998 0.409413993 0.404583991 0.404915005 0.386685014 0.388190001 0.378271997 0.379204988 0.389299989 0.382546991 0.39488399 0.403149009 0.410492986 0.425011009 0.432476014 0.434796989 0.440028012 0.442274988 0.442344993 0.444171011 0.446337014 0.444770992 0.441662014 0.441807985 0.441926986 0.438318998 0.437373012 0.438154995 0.438805014 0.439700991 0.437601 0.433591992 0.432114005
0.331362993 0.351415008 0.370335996 0.375436008 0.374325007 0.368041992 0.360202998 0.355630994 0.355545998 0.357854992 0.360338986 0.364077985 0.370074987 0.37696901 0.383542001 0.391005993 0.398837 0.407395005 0.416045994 0.425119996 0.432608992 0.445538998 0.454952002 0.455172002 0.448063999 0.442710996 0.436064988 0.440871 0.437312007 0.436679006 0.442903012 0.447865993 0.452883989 0.456019014 0.45461601 0.457754999 0.458003014 0.458115995 0.45668 0.454690009 0.455886006 0.458321005 0.462958992 0.465328991 0.466823012 0.469705999 0.470952988 0.473816007 0.474272013 0.475214988 0.474325001 0.473796993 0.471706986 0.467826009 0.470221013 0.466412991 0.468181014 0.462155014 0.457686007 0.454549998 0.447486997 0.457226008 0.453557998 0.45232299 0.460087001 0.46035701 0.461255014 0.463968009 0.462256014 0.461353987 0.462713003 0.462303996 0.462060004 0.464091986 0.464347005 0.460999012 0.458238006 0.457731009 0.458121985 0.456494004 0.454108 0.454275995 0.454898 0.455247998 0.45470801 0.44987601
