ENM/MaxEnt/Abudefduf_saxatilis.asc
NCOLS 720 
NROWS 360 
XLLCORNER -180 
YLLCORNER -90 
CELLSIZE 0.5 
NODATA_value -9999 
[rows 240 to 259 of 360, columns 495 to 539 of 720]
5.21111231470561e-08 4.1490320345333e-08 2.64186347983029e-08 2.48528211422155e-08 2.18372729390721e-08 1.88371985326987e-08 1.5933417185047e-08 1.40388665996273e-08 7.49950361331912e-09 6.88728680105594e-09 5.86146786738051e-09 6.01304145990464e-09 5.24433710834353e-09 4.48163796685407e-09 3.80748872962463e-09 3.47257952904871e-09 3.04401683216029e-09 2.42520585668354e-09 2.12941505626086e-09 1.59919200666836e-09 1.3086818227056e-09 1.24793164943376e-09 8.96903128095685e-10 7.32039876915644e-10 5.97636645176152e-10 4.69384215256451e-10 3.69306016670549e-10 2.95424866268875e-10 2.45976425548595e-10 2.01085723537106e-10 1.60818931711719e-10 1.31682928366573e-10 1.03020754171674e-10 8.20491808347437e-11 7.13632667197092e-11 6.62636379541941e-11 5.55029966561166e-11 3.82853848174572e-11 3.64842376392471e-11 2.58139045671092e-10 3.85554967179369e-11 2.99458168330916e-11 2.26470230370207e-11 2.25598656289193e-11 1.52666290732206e-11
3.19862262642703e-08 2.85835383147187e-08 2.58128032340767e-08 1.39894971713179e-08 2.09357635915784e-08 1.72210405554869e-08 9.90945729412354e-09 1.38879054156555e-08 1.28069628301887e-08 1.15000168176998e-08 5.7161454212338e-09 5.28032462106827e-09 4.79442562193206e-09 6.60354012890485e-09 3.70467233775879e-09 3.23585972058891e-09 2.867836967653e-09 2.51185468361412e-09 1.96976651501672e-09 1.51560583857612e-09 1.3088082218081e-09 1.02931520459807e-09 8.99701543889895e-10 7.56575073363765e-10 5.60538545404877e-10 4.38923080022298e-10 3.69862403316833e-10 2.97673953264606e-10 2.31794604725031e-10 1.84802163441113e-10 1.48576517904649e-10 1.15717422276672e-10 9.27941964910449e-11 7.24346808790925e-11 5.84846893202645e-11 5.32089991208564e-11 4.21553724736413e-11 3.25817890570799e-11 3.24079452543669e-11 5.73029383690277e-11 4.62445717790071e-11 3.0470344691879e-11 3.45072241683519e-11 1.75027388302177e-11 1.07326550941701e-11
3.15089148465889e-08 2.8013627282101e-08 2.37318427309414e-08 1.75927821646809e-08 1.86249121589784e-08 1.60827479495959e-08 1.44439443546023e-08 7.25039910393162e-09 1.10696193138433e-08 1.01205839575615e-08 8.35254826216371e-09 4.81769848846917e-09 4.18007867637188e-09 3.57149022487781e-09 3.39313537602953e-09 2.77873391908598e-09 2.56215123046806e-09 2.55405528559394e-09 2.11667695145684e-09 1.56260556337667e-09 1.12781073094617e-09 9.56542289918781e-10 7.84834871805134e-10 6.59505986970827e-10 5.22585054806875e-10 4.27820669081923e-10 3.42959852899686e-10 2.87762773975657e-10 2.24336742767211e-10 1.83071094248901e-10 1.54501323751169e-10 1.11765730354215e-10 8.71655895605538e-11 7.3615746250667e-11 5.30851196371431e-11 5.16847587251368e-11 4.30512114533127e-11 5.24811647053811e-11 2.33770062306647e-11 5.17906868475769e-11 4.44613024345867e-11 3.55999335814818e-11 2.41934472423078e-11 6.33486554689598e-12 4.58430709022164e-12
3.0557605526831e-08 2.4188597668263e-08 2.13914965511383e-08 1.85815212948818e-08 1.64813158108162e-08 1.48464393627195e-08 1.4418702263127e-08 1.02850690837956e-08 5.98090384690066e-09 9.38164495480784e-09 4.97411744890588e-09 6.8825671334587e-09 3.85761722499781e-09 3.55354551318603e-09 2.96982911508652e-09 2.39034311493722e-09 5.91949962516043e-09 5.29928209712401e-09 4.51996348503692e-09 3.73640645014384e-09 2.85349560255831e-09 2.38388591230969e-09 1.86548796120356e-09 1.70934952833462e-09 1.31437074677195e-09 4.0626182271739e-10 3.19859735612591e-10 2.60810972914963e-10 2.19138516411752e-10 1.73683682063646e-10 1.30305837709849e-10 1.02917504873987e-10 8.42898595438913e-11 6.57878173434712e-11 5.4508894643425e-11 7.2537405655485e-11 4.47231774014977e-11 3.92388935727116e-11 2.3682603376174e-11 4.02319801453337e-11 2.95111638992403e-11 2.51462926872671e-11 8.03189643837396e-12 5.06166932245402e-12 3.83807767222299e-12
2.56302077994155e-08 2.15882710478533e-08 1.9070271237356e-08 1.72307335716666e-08 1.5696171365686e-08 1.40319853354582e-08 1.23662936764999e-08 1.00423840795317e-08 7.73821802367557e-09 5.61992424928835e-09 7.41698567051709e-09 4.41231314920519e-09 3.43321261856945e-09 8.45260071390445e-09 7.361663409133e-09 6.2139662374982e-09 4.56408218962649e-09 3.81051177760028e-09 3.31513156948851e-09 2.88697245445612e-09 2.29371783679239e-09 1.96942777941715e-09 1.48110026095143e-09 1.49853728575638e-09 1.16968913644405e-09 9.12044212413421e-10 7.53053932041483e-10 6.44062521826054e-10 1.94840855171153e-10 4.09225045488966e-10 1.86230040418065e-10 9.79923821935788e-11 2.07437120708732e-10 1.29179116674335e-10 5.40495228723988e-11 1.46435554661033e-10 3.63849330478752e-11 2.36250373187773e-11 2.18263671118191e-11 3.52264717958154e-11 2.98212015133065e-11 9.74029343185156e-12 6.04063331772079e-12 7.95627110886158e-12 3.42334656459941e-12
1.84336450191992e-08 1.64626298232652e-08 1.4594363790801e-08 1.29950960094352e-08 1.19287876105092e-08 1.0498949695933e-08 5.86475038433932e-09 7.81772141192225e-09 4.50920545266309e-09 5.13521442227718e-09 3.50993110386461e-09 1.18855024575797e-08 1.02968427158718e-08 8.72376411377309e-09 5.24388727323077e-09 4.8392589843842e-09 3.9772179952811e-09 3.43468131131593e-09 2.93240019943508e-09 2.63968262815176e-09 2.28593426373835e-09 1.71693682937434e-09 1.37891680813063e-09 1.10694645984164e-09 9.11737277042825e-10 7.33095543305565e-10 5.53664275151368e-10 4.77841984777385e-10 3.66345265217781e-10 6.20279429098371e-10 9.8239185137088e-11 7.36135175843877e-11 6.65780013302025e-11 7.35529070698557e-11 3.55171200052421e-11 2.72874348850316e-11 2.01084156829544e-11 1.74670134745006e-11 1.65567449017751e-11 3.12908691007807e-11 1.00097627661384e-11 6.84339178537049e-12 4.39887519006356e-12 3.3662997178785e-12 4.7108025984306e-12
1.61660789428068e-08 1.48497459005576e-08 1.29215860142816e-08 1.12356577476622e-08 1.00485818187025e-08 8.99897487598469e-09 7.95415094783473e-09 7.57579970406435e-09 6.49110413444046e-09 3.37353155161898e-09 1.27564712049046e-08 1.07913405029608e-08 6.58056493491407e-09 5.29994107227259e-09 5.34197492206908e-09 4.38845120871731e-09 3.80096159790464e-09 3.21579519094889e-09 2.77793632755599e-09 2.33984558224727e-09 4.58187289974143e-09 1.57738162420578e-09 1.29943918904532e-09 1.10914564672159e-09 8.64878026268851e-10 6.79603932482201e-10 5.49039698883537e-10 4.37171416132899e-10 3.32402626893578e-10 2.66604581819021e-10 2.3606960346619e-10 6.99242516765612e-11 4.71262532436057e-11 4.25547489708052e-11 2.97474593227978e-11 2.26161307987739e-11 1.76140661184486e-11 1.68218291499518e-11 1.2770421667896e-11 1.06932535719537e-11 7.61561213621325e-12 5.43913540048823e-12 3.96173939228669e-12 2.90930220786712e-12 3.94931554158901e-12
1.49091656986752e-08 1.31628368523978e-08 1.17389065266556e-08 1.04478284797975e-08 9.42028971905498e-09 8.10511706380995e-09 7.3652494722212e-09 6.90364543927936e-09 6.00883237753886e-09 1.33282000176226e-08 6.85164899306185e-09 6.48918502360805e-09 9.44448534086772e-09 8.30541689308728e-09 4.52725939918332e-09 4.1581230582102e-09 2.9685861215462e-09 2.95430430851687e-09 2.57025480920222e-09 1.84050720658099e-09 1.91878379242389e-09 1.53054994229227e-09 2.83538777703376e-09 9.85681142246598e-10 7.73476354964978e-10 6.08739296430731e-10 4.77416134300024e-10 3.84721945259049e-10 3.22951975658621e-10 2.50624464197121e-10 1.05273858119751e-09 2.91589088765834e-10 4.27668243711586e-11 3.36217777785272e-11 2.74582074822706e-11 2.07334066563297e-11 1.88891971335236e-11 1.56681564754187e-11 2.89503397030094e-11 2.61567484236778e-11 5.77539103149869e-12 4.48453628177773e-12 3.5425564347155e-12 2.78804015818982e-12 3.61613470710102e-12
1.34539592669536e-08 1.20359068711665e-08 1.07710157447866e-08 9.45446644180892e-09 8.44042581470216e-09 7.61165346697099e-09 6.55051231198594e-09 5.73714013652761e-09 1.35149346190087e-08 1.24478407407724e-08 1.08034937844816e-08 9.70838903610762e-09 8.73761577065203e-09 7.14100096320329e-09 3.798087016213e-09 5.35024819819984e-09 3.54681980804692e-09 2.86078570841052e-09 2.55018039827894e-09 1.99823197843826e-09 1.87497900660619e-09 1.39099152040932e-09 1.16061039180513e-09 9.56423301332113e-10 7.46452166883954e-10 5.67451246253251e-10 4.84090187385858e-10 4.08455923907464e-10 3.56086163506549e-10 7.89780192374681e-10 3.49631941946543e-10 1.75998063866422e-10 1.16392647350904e-10 3.12775533450533e-11 2.44144208768072e-11 1.88501890882382e-11 1.44900236641409e-11 1.22068248145292e-11 1.10250340099523e-11 6.91075906919591e-12 5.19172237328675e-12 7.30666927079098e-12 5.62273833619162e-12 4.26373655930566e-12 3.25587057457368e-12
1.06691817172875e-08 1.10120654695457e-08 9.6401090151737e-09 9.13825421350704e-09 4.75942673165668e-09 6.62990285557658e-09 5.77338414326292e-09 1.33340714772515e-08 1.19624710798417e-08 1.17286839033237e-08 9.60075463524252e-09 5.32077917850283e-09 7.57857878408377e-09 6.61942120314963e-09 5.56412759585498e-09 3.49325477763657e-09 4.13923939338049e-09 2.89705331852759e-09 2.12438991594095e-09 1.81483814716228e-09 1.50252268209556e-09 1.32639115927213e-09 2.40198899751856e-09 8.6210397660107e-10 6.97929206513574e-10 5.09605215977439e-10 7.41967994769274e-10 5.4944029607981e-10 4.10417419288769e-10 3.73828482722876e-10 1.58360065334384e-10 1.23899926244952e-10 9.36769820870029e-11 7.16330251096452e-11 2.09493990750175e-11 1.64994472448867e-11 1.30116053830705e-11 9.64461701117661e-12 8.49358769203251e-12 5.86873564796478e-12 8.21296258309297e-12 6.33413786648999e-12 4.79669314746689e-12 3.76391526357365e-12 1.64316540804111e-12
9.19863851313695e-09 8.57707665439698e-09 9.35872773885378e-09 7.9892954708303e-09 6.77435568002435e-09 5.93770615399526e-09 1.34751404247281e-08 1.20377608293901e-08 1.18378152018704e-08 1.02726245718414e-08 9.00186391274635e-09 7.58911076924671e-09 6.73234675057616e-09 3.50633015514522e-09 3.217902491946e-09 4.41914974619432e-09 3.74688827327726e-09 2.2554499491164e-09 1.90314705719471e-09 1.58926114247644e-09 1.34157117235733e-09 2.56399343616736e-09 9.38791564098434e-10 7.18614380942136e-10 5.8816265590611e-10 4.62264346956865e-10 4.93525608342046e-10 3.33872763594745e-10 2.39800596757476e-10 1.88525663219816e-10 1.3577894128872e-10 1.08043912614516e-10 8.25626527714392e-11 6.22896622064697e-11 5.20213925796586e-11 1.45060649102111e-11 1.12563291412051e-11 8.69040012434208e-12 6.73356250118322e-12 5.11808033586225e-12 7.15256846598958e-12 5.53881066813125e-12 4.27469118835192e-12 3.29512002591987e-12 2.57044018215694e-12
8.10425078645218e-09 8.53004676796209e-09 7.75328797920447e-09 6.67877359369581e-09 5.90999152416795e-09 5.31307198406943e-09 1.1978264310228e-08 1.04889454788127e-08 1.00670959014763e-08 8.99812113797747e-09 7.40966801516861e-09 6.69884158848437e-09 5.81014571998451e-09 3.21364848015944e-09 4.4853711449937e-09 2.55624367688419e-09 3.22772736164292e-09 1.89531026687924e-09 1.64721695450818e-09 1.3920766655092e-09 1.13179941255331e-09 1.16789523437278e-09 1.80176089845722e-09 6.86583319556168e-10 5.62699810156693e-10 5.08229189532624e-10 3.9620420221374e-10 2.60466514835649e-10 2.20443747436605e-10 1.50814150861956e-10 1.19152554225548e-10 9.39079140475934e-11 7.23034313918347e-11 5.33766526229273e-11 4.15791806678021e-11 1.22853267111375e-11 9.49253562678779e-12 7.45139891756624e-12 1.00134618215975e-11 4.43161237711954e-12 6.16656962736184e-12 4.80323945370553e-12 3.7454517140069e-12 2.87811432917006e-12 2.18991658220162e-12
7.10538634910402e-09 6.29080951065825e-09 6.57549310495983e-09 5.79294192983413e-09 5.14941982518092e-09 1.16080164644806e-08 1.05307438968975e-08 9.95234406033975e-09 8.50983223292973e-09 7.62411286186183e-09 6.40479276690189e-09 5.67342838920115e-09 4.95983737411998e-09 4.29997765768343e-09 2.21320706861297e-09 2.15229153403462e-09 1.99118173254988e-09 1.85388288113238e-09 1.5512270892675e-09 1.11726144643091e-09 1.01673247459475e-09 8.94441346498958e-10 1.60618772249527e-09 6.05444951273514e-10 4.41251384318967e-10 8.1720177908299e-10 6.55559889134562e-10 2.05839625848726e-10 1.59427247094131e-10 1.24728248952101e-10 9.74105822185017e-11 7.65111722735816e-11 5.97060741410247e-11 4.70318247099326e-11 3.46863320121253e-11 2.70620802224974e-11 8.03691905255358e-12 6.3321111532906e-12 4.86421943571505e-12 6.79663247756867e-12 2.93347422628598e-12 4.05037295521246e-12 3.11713824269736e-12 2.38718998115701e-12 1.87498709762469e-12
6.20909787428025e-09 5.45646900052919e-09 5.66658944568276e-09 4.94144083844224e-09 4.5879194729728e-09 1.027093437415e-08 8.97045194352878e-09 8.50499096755322e-09 7.46181136988297e-09 6.55320445719851e-09 5.69903256412991e-09 5.15197347059867e-09 2.55263966729915e-09 3.75798668352585e-09 3.2259552742697e-09 1.91630781186436e-09 1.53301031598844e-09 2.06053450200794e-09 1.31780248261285e-09 1.19460361551717e-09 1.11092322273455e-09 7.6349677160184e-10 2.10653060797745e-09 5.28026252976955e-10 8.38905968607082e-10 6.19045996522468e-10 2.14109581818499e-10 1.77309961479233e-10 1.34540040369672e-10 1.03937089165119e-10 8.2239346543745e-11 6.32831713085104e-11 4.93170508626372e-11 3.84589787393419e-11 2.86669454281589e-11 2.25227239020895e-11 6.75184043077532e-12 5.19906428794457e-12 4.01582023843195e-12 5.62881821223637e-12 4.39776869955643e-12 1.8908203368286e-12 1.45232497601177e-12 1.95395994837244e-12 8.84407818385485e-13
6.20729752818651e-09 4.55087566608658e-09 4.94965114770009e-09 4.38275566417205e-09 3.92942298104985e-09 8.70591001538985e-09 7.67977391355282e-09 7.08605851702092e-09 6.20238149826985e-09 5.4251521078991e-09 2.98357178733449e-09 2.86505426426876e-09 3.76604813716564e-09 3.31385171793e-09 1.77102801338301e-09 2.38060466420694e-09 2.0380147006577e-09 1.31732216230628e-09 1.14470100887423e-09 9.5205111452455e-10 1.99354572997115e-09 1.68789558478258e-09 1.23889338455219e-09 1.01461896963816e-09 3.34865454444518e-10 2.10872143695404e-10 1.75683126073374e-10 1.41101358265502e-10 1.16590395409544e-10 8.61314128353495e-11 6.80184385289913e-11 5.16624197411933e-11 4.00854054699075e-11 3.15495879754739e-11 2.38413151689131e-11 1.85300371950799e-11 5.50303827298216e-12 4.26317679404764e-12 3.29092878667844e-12 2.56935982838621e-12 2.00420584175883e-12 1.56468461365658e-12 1.18511970663821e-12 9.3682916313055e-13 1.3091102910585e-12
5.29348136862379e-09 4.67483279438967e-09 4.20644718796146e-09 3.75798397336243e-09 3.35448296055066e-09 7.44405689624656e-09 6.52694157271259e-09 6.02065377748804e-09 5.47502009232276e-09 4.59236108363523e-09 2.58102031414106e-09 3.58136494569829e-09 3.07993041954675e-09 2.76511952795126e-09 1.41771290642674e-09 1.39485727872538e-09 1.1458826745646e-09 1.07997186711166e-09 9.47193560999476e-10 2.24624094798794e-09 1.33196496069111e-08 2.42934812213301e-09 1.38004146371069e-09 8.9035903817498e-10 2.40681504456194e-10 1.79946944187723e-10 1.44502939839785e-10 1.14587634268942e-10 8.94602755613786e-11 7.03334408520865e-11 5.59108242614379e-11 4.26461106222066e-11 3.26905634650942e-11 2.65164569606651e-11 1.9505682268306e-11 1.55457224958806e-11 4.46688978050709e-12 3.47599251085631e-12 2.67479874783643e-12 2.0898203040288e-12 1.66009730529181e-12 1.29720814948456e-12 9.81538407031737e-13 7.83417700076236e-13 6.12325556296651e-13
3.94792895043842e-09 3.50305558474387e-09 3.65808819449475e-09 3.31864582840122e-09 2.4278231738824e-09 6.6735167448732e-09 6.14327573285429e-09 5.41500962057139e-09 4.44408892861872e-09 4.03051116344338e-09 3.85971278111796e-09 3.32922702944816e-09 2.6573954968821e-09 2.34389890742236e-09 1.93921180693091e-09 1.01107262292129e-09 1.08382518757213e-09 9.06914383586815e-10 8.29876184182729e-10 1.69918380162054e-09 5.13091184438279e-09 2.29115970440302e-09 8.97108520746189e-10 1.00694596603893e-09 1.9852165140911e-10 1.63338850782725e-10 1.2042684022926e-10 9.69737446978687e-11 7.54937716356308e-11 5.93193904064789e-11 4.62115688046939e-11 3.57730210743193e-11 2.84209958963142e-11 2.19738348871504e-11 1.70841534585399e-11 1.26851224557617e-11 3.7766760302236e-12 2.93683844523835e-12 2.33952751002116e-12 1.82393691572004e-12 1.43351496760339e-12 1.15933855369774e-12 8.48605148496819e-13 6.65151748605243e-13 5.12707077865763e-13
4.03828714873318e-09 3.56277663505612e-09 3.09922809305173e-09 2.39723641356962e-09 6.56133381039643e-09 5.60468402998782e-09 4.9509175920252e-09 4.26940039997081e-09 3.82763504048728e-09 3.39519550250866e-09 2.9645155239378e-09 2.49187343353561e-09 1.39410239602985e-09 1.87803663056286e-09 1.66020053261621e-09 8.36293226153174e-10 8.74898807310284e-10 7.81506446437608e-10 6.8382894004019e-10 2.93111221940135e-09 4.12573532072391e-09 1.18949686842616e-09 1.00427720640734e-09 2.05259584646898e-10 1.83587846254941e-10 1.35748113576043e-10 1.05650653265982e-10 7.93995863685675e-11 6.24245873322163e-11 4.88744263163849e-11 3.78454065567572e-11 2.98416153454228e-11 2.28856416714389e-11 1.82034659795293e-11 1.39295772955297e-11 1.03140418552111e-11 8.0098931579438e-12 2.42460245357446e-12 1.92892673308712e-12 1.54314470828073e-12 2.11354685165488e-12 1.17909125461597e-12 7.08700143355955e-13 7.55539617045547e-13 4.25993662426845e-13
2.85872609957354e-09 3.04583283273733e-09 2.70990651250768e-09 2.4043826230075e-09 5.48802382268658e-09 3.97684944548196e-09 4.38953576719133e-09 3.18521830134568e-09 2.80503060423266e-09 2.86786521082637e-09 2.48899571170685e-09 1.26619135431922e-09 1.90382991134743e-09 1.63309415590088e-09 1.38589118553452e-09 8.54478866583962e-10 6.7399852054438e-10 6.3390809210884e-10 5.42957960826824e-10 1.36583440265748e-09 1.91947155972197e-09 6.97335746912487e-10 2.50415600248756e-10 1.95334198474352e-10 1.38782994837486e-10 1.10055253807175e-10 8.69777104646441e-11 6.76166033900546e-11 5.29165666097943e-11 3.96790502049161e-11 3.22023158527786e-11 2.50217185509264e-11 1.92003286808972e-11 1.4938507385566e-11 1.13432001214109e-11 8.40298764460117e-12 6.68982089305867e-12 2.00894364922793e-12 1.61920311400138e-12 1.25825663313414e-12 9.96488321285666e-13 7.56046864973542e-13 5.77704958594664e-13 4.53694905136067e-13 3.46299934548312e-13
2.94428560459605e-09 2.55045520396322e-09 1.96247871836322e-09 1.67404094200101e-09 1.46890703617955e-09 3.32222414062046e-09 3.69524340636608e-09 3.20576943646023e-09 2.79138295202604e-09 2.42152181617425e-09 1.20343118404254e-09 1.01804254655773e-09 8.64486601892698e-10 1.31933748383885e-09 7.44759803655714e-10 6.53576334094723e-10 6.01975655519118e-10 4.33939011218411e-10 4.817294731108e-10 9.44822967875037e-10 6.84884838003531e-10 5.90592642636037e-10 1.86053742643511e-10 1.49492147455778e-10 1.1136629083068e-10 9.4453709068595e-11 7.41909176748163e-11 5.46802254369856e-11 4.29901221658293e-11 3.37691486493143e-11 2.65965684084616e-11 2.07037940576039e-11 1.61986712422216e-11 1.23033402145624e-11 9.83924583800276e-12 7.28377940354958e-12 2.1300614333709e-12 1.64919076593168e-12 1.33337032346926e-12 1.04839041131567e-12 7.93446578781224e-13 6.26107882883257e-13 4.7601340525923e-13 3.66721094253037e-13 2.82233123981756e-13
