ENM/MaxEnt/Abudefduf_saxatilis.asc
NCOLS 720 
NROWS 360 
XLLCORNER -180 
YLLCORNER -90 
CELLSIZE 0.5 
NODATA_value -9999 
[rows 20 to 39 of 360, columns 360 to 404 of 720]
2.33218840933724e-08 2.30315296606205e-08 2.39726891431427e-08 2.38045193437132e-08 2.71521496210306e-08 5.66144419520133e-08 4.08630275373703e-08 3.96937870615316e-08 4.04629413211943e-08 3.88351022939472e-08 4.18375266995604e-08 4.81351109839846e-08 7.35334343469415e-08 9.00994872758769e-08 1.21621341523664e-07 2.66393748045323e-07 3.12967193960591e-07 3.24750448482235e-07 2.80753142838545e-07 2.39842038996201e-07 2.20019346027876e-07 1.24792555757983e-07 9.47574668175974e-08 8.6210970543612e-08 8.88013774219242e-08 7.93224479426041e-08 6.38760403766296e-08 2.95166870983451e-08 1.38300877175716e-08 1.28981480658254e-08 1.26492716331752e-08 6.98741323628928e-09 -9999 3.0901714339758e-09 2.29016418820098e-09 2.40436883740403e-09 1.86897060834822e-09 2.25773341961093e-09 2.9045497280675e-09 1.65494701080841e-09 1.57336399222413e-09 1.13279005699321e-09 9.54448633049913e-10 7.00488724833009e-10 -9999
3.04536229042381e-08 3.23280709212435e-08 3.50218305952898e-08 3.5596004609106e-08 4.82653460229797e-08 6.46344676400535e-08 7.03450765915075e-08 6.4586530182355e-08 5.20032656826682e-08 5.46310029311619e-08 5.85138090284384e-08 6.15240330312111e-08 6.39163851149705e-08 6.84738248060831e-08 9.04158944166601e-08 2.02678596540875e-07 7.19964427960478e-07 5.98887348972868e-07 4.35541589895338e-07 3.39001562543465e-07 2.91211927760571e-07 1.72706690994497e-07 1.37453671822005e-07 1.47473415817744e-07 1.02162252088266e-07 -9999 -9999 5.21950452460463e-08 -9999 -9999 1.08881875509967e-08 3.52867540310803e-09 4.10013267320552e-09 -9999 -9999 1.79652072956046e-09 -9999 3.8563614679683e-09 2.67147285374846e-09 2.37014755633564e-09 1.57696691678576e-09 1.15150082679056e-09 8.2753264347596e-10 7.25210535476424e-10 6.43494543640765e-10
5.00898279346187e-08 5.55125541883351e-08 5.81179748787675e-08 6.42524273168352e-08 6.90140887163695e-08 7.42817494591771e-08 7.70957440101056e-08 7.96124340365149e-08 8.78403824234765e-08 9.36211431047152e-08 9.44066827114689e-08 9.31656302203303e-08 9.41601036531179e-08 9.96320406414079e-08 1.07108266759263e-07 1.56320482019984e-07 2.53722706362105e-07 1.01577202403826e-06 7.8250084177583e-07 5.7458739739359e-07 3.56114418981473e-07 2.54002480843236e-07 1.61603771419809e-07 2.30733704320428e-07 2.4570201090678e-07 -9999 -9999 -9999 7.77107212625818e-08 1.26093144069444e-07 5.67144400403606e-08 1.31675377560634e-08 7.67028225431986e-09 4.40837062013229e-09 -9999 -9999 -9999 -9999 3.08308473572451e-09 1.70339399840161e-09 1.36494527254194e-09 1.08848480962088e-09 8.50358672617717e-10 7.0555616778889e-10 1.08332993842056e-09
1.04073697902756e-07 1.08315621865223e-07 1.15208692080149e-07 1.11348627016888e-07 1.19323389353714e-07 1.26180370641092e-07 1.26397504197694e-07 1.20176759628509e-07 1.22713870437963e-07 1.17492436415357e-07 1.2124700349296e-07 1.16940092796513e-07 1.10637052219161e-07 1.33508486575074e-07 1.87027633496532e-07 1.48243244913232e-07 1.12019520711887e-07 1.11635688161195e-07 5.97106933687133e-07 1.21539477030042e-06 1.01106382220508e-06 9.16168072838041e-07 4.28244549437346e-07 4.29305389363182e-07 6.19324838831753e-07 3.0858605805604e-07 2.12036534638727e-07 1.90547892408053e-07 2.16240750226641e-07 2.82993889930378e-07 2.81167954558444e-07 5.97947579697997e-08 3.31617934857135e-08 7.71995192373e-09 -9999 -9999 -9999 5.05815792173395e-09 2.57834678938455e-09 2.15760280952449e-09 1.6405081437342e-09 1.41296337190744e-09 1.11581934959553e-09 6.99822060245182e-10 9.80441302987006e-10
1.47719349814954e-07 1.52063514658292e-07 1.52491340696565e-07 1.5229733091891e-07 1.54496593860372e-07 1.54667087940093e-07 1.5297144701373e-07 1.62497974676721e-07 1.60554373227937e-07 1.47259402933746e-07 1.39692442933007e-07 1.44474249080739e-07 1.27268679543261e-07 1.39227582436528e-07 1.60064427515098e-07 2.0158729797506e-07 1.32687437847295e-07 1.2795638074241e-07 1.64720342894001e-07 2.54442644348707e-07 1.94028778563434e-06 1.4038344090095e-06 1.0374777711937e-06 6.86847080405868e-07 3.72255578699222e-07 2.86827257221224e-07 2.50549686769834e-07 2.48238092652784e-07 2.97023704109351e-07 3.18988795153234e-07 2.60279415938546e-07 1.55219825683706e-07 5.19442279428696e-08 2.54078422606228e-08 -9999 4.88839169570739e-09 6.01079918624869e-09 1.10207584128365e-08 3.97664850943938e-09 3.00200824293259e-09 2.64306784541599e-09 2.28401172271456e-09 1.70043622602314e-09 1.0777278147844e-09 1.24598149880475e-09
1.65965043747354e-07 1.66609700621463e-07 1.66885732733169e-07 1.61616113582273e-07 1.57491789241259e-07 1.64605339872133e-07 1.47151519600131e-07 1.44572318434728e-07 1.36085305948374e-07 1.40490353103212e-07 1.53693002995184e-07 1.45112306885506e-07 1.31601411503526e-07 1.48063822388916e-07 2.09750327027333e-07 1.84724394733402e-07 1.5045571282623e-07 1.41439228936996e-07 1.35771463288347e-07 1.26773186274713e-07 1.29395647644264e-07 1.44307245925589e-07 9.46071634197138e-07 1.62255067580847e-06 1.10263957233448e-06 1.06682576950411e-06 7.71460742385852e-07 5.01204659769667e-07 4.40456759543202e-07 4.32264168496403e-07 3.05107857465562e-07 2.23697500313123e-07 1.11060705226281e-07 -9999 3.24995825706404e-08 1.07964098419402e-08 1.17942965066226e-08 2.00448662261465e-08 1.92794487836862e-08 1.34769163617544e-08 9.5036182617781e-09 3.42609727171706e-09 2.74003760285115e-09 3.7309135539296e-09 3.09750281640307e-09
1.95334198518694e-07 1.94067900207672e-07 1.92318178322203e-07 1.86621375052543e-07 1.82377997172546e-07 1.79121527949354e-07 1.6998737245283e-07 1.65395463851732e-07 1.6275143687372e-07 1.68466305676034e-07 1.57588231692262e-07 1.51224598210632e-07 1.63230597859969e-07 1.58386030490177e-07 2.10062423284795e-07 1.76647912539891e-07 1.66433438113352e-07 1.58974351241535e-07 1.595854237167e-07 1.53669838775349e-07 1.42508329207417e-07 1.41127486134922e-07 1.42187550428308e-07 1.51991446394233e-07 1.62280333506971e-07 2.70544764607398e-07 2.52574437684297e-06 1.79176944296502e-06 1.05637317466288e-06 9.84130191387873e-07 4.30446631507861e-07 3.62304739176147e-07 2.48691538349513e-07 1.57457583170643e-07 6.21092507662942e-08 1.27760307913375e-07 8.1971425383132e-08 1.70220377930728e-08 2.71826072901675e-08 2.21447697613279e-08 1.85557786430751e-08 7.62553298956933e-09 6.48821305074443e-09 5.98236662083927e-09 1.06033625439516e-08
1.72461688300192e-07 1.92992439633525e-07 2.00107804241713e-07 1.89577214884283e-07 1.9188428390787e-07 1.97718966714826e-07 1.81134647789412e-07 1.81055987742505e-07 1.88258760368839e-07 1.79765985691972e-07 1.63974510604597e-07 1.67046710415551e-07 1.62085349039983e-07 1.94949753887461e-07 2.44459182101956e-07 1.84404738718661e-07 1.80301060850752e-07 1.8280800731447e-07 1.79620063959985e-07 1.72322136534983e-07 1.66124549455934e-07 1.60935913124038e-07 1.52961012019335e-07 1.45966047890236e-07 1.37947896887084e-07 1.43645687981206e-07 1.421218772681e-07 2.26782151749738e-07 7.44906129088295e-07 2.06546031862344e-06 1.44315716820615e-06 1.08958236178495e-06 7.65261878030963e-07 4.90787762755891e-07 4.76357782840004e-07 5.59334695889429e-07 3.36091802604138e-07 3.31307793748068e-07 3.1578655874801e-07 2.74063303497434e-07 2.50863679947344e-07 1.19905451161682e-07 1.24636519914617e-07 3.56154759840161e-08 1.66750981932472e-08
1.6286178393208e-07 1.55368637865785e-07 1.70726215281117e-07 1.87288778945511e-07 1.9476464361477e-07 2.00307127034689e-07 2.00012088712708e-07 2.10848047873292e-07 1.92910150071626e-07 1.98980773025032e-07 2.09192797810322e-07 2.19719305503801e-07 2.04152862760309e-07 2.27396307661682e-07 3.00683533331344e-07 2.43121449312053e-07 2.07793950605497e-07 2.1456564628348e-07 2.11153590730684e-07 2.06824841038949e-07 1.99301967748193e-07 1.88035840004852e-07 1.78491213018574e-07 1.69321709739959e-07 1.6077487236535e-07 1.68243987912284e-07 1.86411882182991e-07 4.70293776893103e-07 3.8031520598082e-06 3.11583014280389e-06 2.56565471514646e-06 2.23143374288091e-06 2.00160730027378e-06 1.5339987584775e-06 8.16989660619125e-07 4.07983067098787e-07 2.34987228271439e-07 8.14262585869394e-08 2.94172362622587e-08 1.4624460973494e-08 8.00855678228864e-09 1.15131578782171e-08 1.05634014914471e-08 9.8247007073572e-09 8.05016302982942e-09
2.62962141742927e-07 2.01975865860846e-07 1.94455381382109e-07 1.72996552180457e-07 1.84176661616903e-07 1.99065841916942e-07 2.15187781785726e-07 2.52613251374562e-07 2.35851658071104e-07 2.42925787233961e-07 2.72188489773733e-07 2.65624844141128e-07 2.60086585085787e-07 2.48068572096095e-07 2.67679804771345e-07 3.38204110645388e-07 3.1481619667283e-07 2.73390207218919e-07 2.57583168627096e-07 2.56107757509126e-07 2.4156828165506e-07 2.30580641243277e-07 2.18943075928135e-07 2.05343869714353e-07 1.92243814069595e-07 1.8985539911846e-07 2.06602564032153e-07 2.54629109982809e-07 5.23677578111209e-07 4.21065394500608e-06 4.06076752692894e-06 3.36245044702036e-06 2.41345096131136e-06 1.32153703616155e-06 6.91805385265795e-07 3.98456760520915e-07 1.35501719993024e-07 4.08986554709678e-08 2.74633319723508e-08 1.87983050466247e-08 1.52596143297338e-08 9.50339454018951e-09 1.23917247368101e-08 1.20487594758441e-08 1.06844164593734e-08
3.21216096997003e-07 3.1609601319595e-07 3.11799969679506e-07 2.84119449703993e-07 2.82647953751299e-07 2.75388503763293e-07 2.58458436987112e-07 3.04167689257212e-07 2.7883114618672e-07 3.13570772914526e-07 3.00124931442624e-07 3.13041160719877e-07 2.74530740608277e-07 2.74292605934251e-07 2.64468843048396e-07 2.99956556690469e-07 3.72618593328686e-07 3.61364233345671e-07 3.07423993630155e-07 2.9335241613474e-07 2.91233988316635e-07 2.75755090544557e-07 2.61811741079386e-07 2.53984673377382e-07 2.43001946979054e-07 2.32677967906127e-07 2.24961614296631e-07 2.12351969285102e-07 2.09523906733471e-07 2.23426129095128e-07 3.11908630539735e-07 5.429922546277e-06 4.38800239116655e-06 3.20677054451206e-06 2.25837540654176e-06 1.65822736311488e-06 1.05579472544146e-06 5.65333958335846e-07 3.25984439576653e-07 2.38320993343157e-07 1.05091418684701e-07 1.90653936685356e-07 2.66530083327922e-07 2.64992280066323e-07 1.29358532666751e-07
2.98262490283306e-07 2.9665134536057e-07 3.05789653101862e-07 3.1680651913507e-07 3.08820755801019e-07 2.932831343975e-07 2.76428631705817e-07 2.75913308571898e-07 3.04209949526207e-07 3.26175745665364e-07 3.23936564204738e-07 3.35631867964928e-07 3.40996652479623e-07 3.46013858456999e-07 3.30878056504193e-07 3.50686506317796e-07 3.64968021368477e-07 4.36037701484572e-07 3.66899517607938e-07 3.40948510071525e-07 3.31512386806549e-07 3.13647951315693e-07 3.0003603661166e-07 2.88291581386048e-07 2.75733390539845e-07 2.67447309379315e-07 2.56155178488527e-07 2.49231963655128e-07 2.45654722897993e-07 2.49417070985289e-07 2.54873218732577e-07 3.10046822397107e-07 4.40443111679402e-06 4.29465951227308e-06 2.84445166186489e-06 1.75600603895643e-06 1.06395169678221e-06 6.33695904539888e-07 5.98810840993589e-07 7.71854605387781e-07 8.29682979543984e-07 8.30414038460603e-07 7.88504094007977e-07 6.86596478916369e-07 6.6197178626411e-07
3.01274827798383e-07 2.87836010645788e-07 3.07773987623853e-07 3.21188615339826e-07 3.28983239906174e-07 3.16900414985911e-07 3.21582214166925e-07 3.38160103887244e-07 3.46254166862518e-07 3.46047425123971e-07 3.57845870335145e-07 4.06930153064567e-07 3.95859390347133e-07 4.05484704499282e-07 4.57816580169744e-07 4.81986583381857e-07 4.24763138044878e-07 4.67309898817034e-07 4.15195460158957e-07 3.89441542483956e-07 3.82960348904796e-07 3.63728288012595e-07 3.44579099168024e-07 3.28507713022517e-07 3.15272374986966e-07 3.11951561958104e-07 3.20147182629125e-07 3.35961635225203e-07 3.629647037468e-07 4.37549580940707e-07 9.36486710827622e-07 7.41441297929007e-06 7.06412027411902e-06 5.94490235187756e-06 5.02119910321765e-06 4.39050323510114e-06 3.65585371970466e-06 3.13605313707628e-06 2.67303101094981e-06 2.14194903203193e-06 1.38681301699079e-06 1.21606556386692e-06 2.5167111396768e-06 2.29060194150678e-06 9.01918274598792e-07
3.58730253847864e-07 3.75183456838576e-07 3.72026383089341e-07 3.79739844945952e-07 3.70640238610434e-07 3.71188548889814e-07 3.75624817848896e-07 3.91010288856119e-07 3.96393509806123e-07 4.08443077221637e-07 4.48813298052547e-07 5.02944446027851e-07 5.20503568091901e-07 5.14826080459064e-07 5.5657672024894e-07 5.71865835368618e-07 5.1863081221927e-07 5.18269366576032e-07 4.90968489388477e-07 4.68207952804892e-07 4.42934864078969e-07 4.20133043649839e-07 4.00893283762647e-07 3.88367724665994e-07 3.90709177417128e-07 3.94632579671332e-07 4.2310702939905e-07 5.00122983118963e-07 7.91859220269376e-07 3.48530000907127e-06 8.05543741236218e-06 8.12591289731841e-06 7.69140431945881e-06 7.08908789493039e-06 6.50067979917134e-06 5.74644784227808e-06 3.90222594368279e-06 2.90227031525746e-06 2.36584794712147e-06 2.03289308063289e-06 1.80488033469243e-06 1.63200914378267e-06 1.44388905336592e-06 1.29929855579167e-06 1.18568920915811e-06
4.48982162542935e-07 4.43891759994834e-07 4.89001084217623e-07 4.85518547502808e-07 5.08216019353346e-07 6.75920557741e-07 6.93088871410966e-07 6.20588466985946e-07 6.48285517987339e-07 7.06890182816479e-07 6.91190242184717e-07 6.82510380756763e-07 6.98606094785256e-07 7.0814974717e-07 7.0774806419328e-07 6.89027412365217e-07 6.5673274507568e-07 6.17398314504912e-07 5.85612299736478e-07 5.51173713480252e-07 5.25341926841727e-07 5.03176365498011e-07 4.81824945120456e-07 4.70949769358802e-07 4.80668510558508e-07 4.91204667334012e-07 5.15917662356802e-07 5.76779675449781e-07 9.33434031353188e-07 2.73395118430522e-06 1.22820552630383e-05 1.17422745356476e-05 1.18844734458932e-05 1.03007472663642e-05 9.03830910122085e-06 7.73997317223595e-06 8.04553119319603e-06 4.65432392178711e-06 3.75375687046034e-06 3.17355151165426e-06 2.70375237195446e-06 2.09862596114388e-06 2.05065885418934e-06 1.82434748493727e-06 1.62403016861183e-06
7.1467671684793e-07 8.09310408242712e-07 7.75371193310093e-07 9.31682740269566e-07 9.58597557350624e-07 9.19154055819327e-07 9.31037974142449e-07 9.71949050665792e-07 1.01589445725017e-06 1.01794642775799e-06 1.05448476565861e-06 1.0615485019827e-06 1.03327720782086e-06 9.94067026904424e-07 9.49392350145611e-07 8.98889825132946e-07 8.43542485385027e-07 7.94831378273866e-07 7.46219013569259e-07 7.04033315592081e-07 6.58593557912895e-07 6.31695045276759e-07 6.0746580271009e-07 5.84088866222856e-07 5.71003544476971e-07 5.79350213611766e-07 5.91042072709989e-07 6.36727823559203e-07 7.88363341426344e-07 1.15477840147992e-06 1.13194872732505e-06 3.03310347186573e-06 1.33226593454494e-05 1.43496351909715e-05 1.30684178561994e-05 9.35000742141161e-06 1.01608916375675e-05 9.00509518868364e-06 8.69159745429967e-06 7.72689848447089e-06 6.81698857759702e-06 6.14186612850231e-06 5.60391099479936e-06 5.04355769126922e-06 4.62253201279053e-06
1.21139722852206e-06 1.39357717542558e-06 1.38745921556326e-06 1.56942889292255e-06 1.48676832008564e-06 1.51336181585768e-06 1.53593628386343e-06 1.57144221595589e-06 1.57784717245372e-06 1.5643210439928e-06 1.51967187517934e-06 1.45116647039333e-06 1.37447055365888e-06 1.30114835493762e-06 1.23460466000974e-06 1.16906857892686e-06 1.10807070889411e-06 1.05358968389652e-06 9.8573021451623e-07 9.24167212414359e-07 8.68048788750358e-07 8.28596895608036e-07 7.93814405903332e-07 7.63408414526026e-07 7.27026167614344e-07 7.01560056768381e-07 6.92278434830533e-07 6.86500145854044e-07 7.05918581603399e-07 7.63265288325386e-07 1.06545444021791e-06 6.19823886967382e-06 1.94770096619391e-05 1.83282070118571e-05 1.71959466050431e-05 1.59729977980939e-05 1.4636128812875e-05 1.35593292148216e-05 1.2272128103837e-05 1.09607573032442e-05 9.55692046326279e-06 8.00107276209529e-06 7.11256029827701e-06 5.61125539409125e-06 5.34630499532303e-06
2.05985213062206e-06 2.27829296639164e-06 2.20016174706884e-06 2.06434503657313e-06 2.25229358737612e-06 2.2968001085717e-06 2.17389374852436e-06 2.15542166046408e-06 2.10600096273226e-06 1.98078948283351e-06 1.92495884181608e-06 1.88347895069152e-06 1.81771865693493e-06 1.72031081705567e-06 1.60555669514048e-06 1.52068792684733e-06 1.44053997821363e-06 1.37360197686335e-06 1.30661086502249e-06 1.24831939700684e-06 1.18877246095337e-06 1.14084693726709e-06 1.09147316089247e-06 1.03227425367623e-06 9.95091436351189e-07 9.4891706517279e-07 8.8716395872705e-07 8.30134468085556e-07 7.97828891361149e-07 7.89616301212198e-07 7.78722987510327e-07 7.62215855181674e-07 9.31451457095187e-07 2.09257650174379e-05 2.20731658548742e-05 1.94702003934237e-05 1.7909011737101e-05 1.63072394524948e-05 1.46873459571687e-05 1.32992967521265e-05 1.25064458592201e-05 1.1240966889927e-05 9.69025011563957e-06 8.70239756552022e-06 6.89104600846952e-06
2.81494061693289e-06 2.80831814791543e-06 2.92394848384207e-06 2.86166758482929e-06 2.84145492289519e-06 2.77218427831859e-06 2.7507751681268e-06 2.65618133895534e-06 2.60258213752683e-06 2.55232277769949e-06 2.50270798898742e-06 2.44885655369816e-06 2.35982754114708e-06 2.23365001217523e-06 2.09588246546948e-06 1.9615320294164e-06 1.85514694288261e-06 1.76124018492473e-06 1.67974658087305e-06 1.63261868275363e-06 1.59888859412444e-06 1.55183159227911e-06 1.48145949506272e-06 1.40776851496365e-06 1.33628809406354e-06 1.28891672227704e-06 1.21209755273509e-06 1.1578990758135e-06 1.09025341687452e-06 1.0230335652428e-06 9.49816884441467e-07 8.41890101015936e-07 8.17536385117918e-07 9.86676508627391e-07 2.79706883699674e-05 2.44887632395454e-05 2.29107499579501e-05 2.1076414859586e-05 1.85380923675167e-05 1.61705134462349e-05 1.4844789352338e-05 1.37376136856031e-05 1.27057443918584e-05 1.01684881819673e-05 9.62369365225995e-06
3.55957715894309e-06 3.5137051899695e-06 3.50148826833061e-06 3.42384719610193e-06 3.372802377238e-06 3.26347546127199e-06 3.23685597766439e-06 3.12367710403364e-06 3.11420096042189e-06 3.10039706838788e-06 3.07830313255055e-06 3.04492275491799e-06 2.95719010127886e-06 2.85760038806718e-06 2.73776838961289e-06 2.5963960282638e-06 2.42243438033855e-06 2.27775777964333e-06 2.16859101687691e-06 2.10302319562565e-06 2.0639232486294e-06 2.02650808440843e-06 1.97886525475984e-06 1.8910487626217e-06 1.81112674437588e-06 1.73306726234185e-06 1.65426062072986e-06 1.54331928684632e-06 1.43775479305357e-06 1.34195255579599e-06 1.24102209340332e-06 1.17618555722835e-06 9.59541732057211e-07 1.31270978768929e-06 3.36034963367138e-05 2.87340788413231e-05 2.6130334821772e-05 1.92465160938387e-05 6.4479396634433e-06 9.47495605003626e-06 1.5962137451406e-05 1.26012996904171e-05 7.50322319007779e-06 9.54701960215958e-06 6.44920784793022e-06
