ENM/MaxEnt/Abudefduf_saxatilis.asc
NCOLS 720 
NROWS 360 
XLLCORNER -180 
YLLCORNER -90 
CELLSIZE 0.5 
NODATA_value -9999 
[rows 40 to 59 of 360, columns 180 to 224 of 720]
1.83840902406962e-07 1.93427146550959e-07 2.01011061843168e-07 2.10933134745481e-07 2.18107017574335e-07 1.9647494446873e-07 1.94402615197532e-07 5.00830495681687e-07 2.13699701108475e-07 1.88501775197826e-07 1.84904546978262e-07 1.91197106872805e-07 2.20722492161622e-07 2.73552330828279e-07 2.78785072159713e-07 2.9405323122475e-07 2.98360570825318e-07 4.04018974542235e-07 4.31193885835311e-07 4.18141885953567e-07 4.16612662615722e-07 4.44517522887963e-07 3.36989768323381e-07 3.86418191537746e-07 3.64025294919919e-07 3.584472257559e-07 3.3917270316602e-07 -9999 -9999 -9999 -9999 -9999 -9999 -9999 -9999 -9999 -9999 -9999 -9999 3.57883498898377e-07 3.51774912743399e-07 3.63526494197633e-07 3.45412989259032e-07 4.53053262270038e-07 5.67236904808108e-07
2.07100610196651e-07 1.40890906160389e-07 1.91819642055438e-07 2.06253893222687e-07 2.40106858162457e-07 2.37171896612058e-07 2.41303704714676e-07 2.14807268805542e-07 5.7627703073431e-07 2.05805665259336e-07 1.26584106054578e-07 -9999 -9999 -9999 -9999 2.93331746724029e-07 3.29115711213784e-07 4.34002328793032e-07 3.913075280575e-07 4.59236594094482e-07 4.892739393543e-07 4.02982349838237e-07 3.99635957352743e-07 4.0725994415833e-07 4.22568166360076e-07 3.8423702843923e-07 4.49323919152513e-07 4.52175576788175e-07 4.73440056537958e-07 3.21791275326868e-07 -9999 -9999 -9999 -9999 -9999 -9999 -9999 -9999 -9999 -9999 -9999 -9999 -9999 5.11967091801568e-07 5.78827841825055e-07
1.57890740108004e-07 -9999 -9999 1.56844130500012e-07 2.11339396347955e-07 2.70568815600097e-07 2.68631610570578e-07 2.43965622711894e-07 2.42222964479749e-07 2.01855222779891e-07 1.42238140089016e-07 -9999 -9999 -9999 2.37547082694268e-07 2.58822453258195e-07 3.60971396627104e-07 4.79848368993843e-07 5.60363079036181e-07 4.43588946040529e-07 4.62003673241193e-07 4.69000544761587e-07 4.50761783059253e-07 4.09387875248233e-07 4.57731858926279e-07 5.16131666151589e-07 5.18234445314818e-07 4.68868632814491e-07 5.55120080489826e-07 5.97812913784505e-07 5.15988245755436e-07 4.59678294095763e-07 4.73860939303596e-07 -9999 -9999 -9999 -9999 -9999 -9999 -9999 -9999 3.73710045638529e-07 3.98687854157402e-07 5.75781343198397e-07 6.76835826015359e-07
-9999 -9999 -9999 1.70097070338809e-07 2.15334378507346e-07 2.1453884541931e-07 1.89096802500203e-07 3.00731099211993e-07 2.57540699658704e-07 -9999 -9999 -9999 -9999 -9999 -9999 4.27764279295464e-07 5.36239033377969e-07 4.59382188062094e-07 4.15901891869637e-07 4.51166566560892e-07 5.10180843288184e-07 4.71653755158199e-07 4.67293050379589e-07 5.00630657742167e-07 5.05723215486182e-07 5.26970498413087e-07 4.89745188860804e-07 4.72325256738929e-07 5.2467078908404e-07 5.96293879741352e-07 7.25840534975051e-07 5.91353830854686e-07 6.09500646764822e-07 6.38923425685748e-07 5.76832988519742e-07 -9999 -9999 -9999 -9999 -9999 -9999 -9999 -9999 -9999 4.28302273140575e-07
-9999 -9999 -9999 1.84619512641979e-07 2.91883024190256e-07 2.88362763928261e-07 2.3721850672285e-07 2.28331965859722e-07 -9999 -9999 -9999 -9999 -9999 -9999 -9999 3.00044237474964e-07 4.89068424396327e-07 4.00561294085323e-07 4.83398244681159e-07 4.67369165868931e-07 4.91161689642463e-07 5.29261479476459e-07 5.58866724555189e-07 6.22573616470828e-07 6.59990312621798e-07 5.33918149038666e-07 -9999 -9999 -9999 5.80729759118774e-07 9.36689174222894e-07 6.90315994176057e-07 7.27594629105002e-07 9.94234551145842e-07 7.97082507574375e-07 5.15124421738337e-07 -9999 -9999 -9999 -9999 -9999 -9999 -9999 -9999 -9999
-9999 -9999 -9999 -9999 1.87970746711938e-07 2.43545177532696e-07 2.42332625271282e-07 -9999 -9999 -9999 -9999 -9999 -9999 -9999 -9999 -9999 -9999 3.95620001397936e-07 5.37097956866192e-07 5.4395905440629e-07 5.53498862309705e-07 5.6990029549103e-07 5.80707317387358e-07 6.26669331183216e-07 7.11542739143001e-07 7.83420566105608e-07 6.80843056546253e-07 7.74407005249692e-07 8.03083665783576e-07 1.03384325344329e-06 1.08026205251301e-06 1.09072252541928e-06 1.13579689900052e-06 1.25221344278969e-06 1.24554382816203e-06 8.45807855766854e-07 -9999 -9999 -9999 -9999 -9999 -9999 -9999 -9999 -9999
-9999 -9999 -9999 -9999 -9999 -9999 2.85347020977485e-07 3.03533431039875e-07 3.15026533261937e-07 3.14079164431148e-07 2.97300282241157e-07 3.08487022635171e-07 3.42899537280274e-07 -9999 3.69959165448241e-07 4.55260379676748e-07 5.54380212218265e-07 5.61648221285274e-07 5.7618196410588e-07 6.01632328615458e-07 6.06310596419088e-07 6.21890379013481e-07 6.12359179648082e-07 6.31159112223336e-07 6.81842333150274e-07 7.81020809306073e-07 8.92559033577556e-07 1.07494028424891e-06 1.21620974353041e-06 1.24578082942299e-06 1.20397964788662e-06 1.22524338628271e-06 1.27188053073806e-06 1.24453051950771e-06 9.6091638920427e-07 -9999 -9999 -9999 -9999 -9999 -9999 -9999 -9999 -9999 6.07802647788242e-07
-9999 -9999 -9999 -9999 -9999 -9999 3.83057231373392e-07 4.40389515761949e-07 5.91757166653767e-07 4.8390647453857e-07 4.00003931615541e-07 3.72476691560041e-07 4.52686867192151e-07 5.23974931769265e-07 5.13579299512239e-07 6.6988968676878e-07 5.38042501291699e-07 6.28539728422772e-07 7.18969819383745e-07 6.78358927848812e-07 6.97768858162687e-07 6.83443224263969e-07 6.66336751551079e-07 6.67939805730718e-07 7.12037230112521e-07 8.33782971177488e-07 9.56504352110981e-07 1.13708234048136e-06 1.27385760002539e-06 1.3451516994151e-06 1.35248576557837e-06 1.01923510201898e-06 1.05233314837923e-06 -9999 -9999 -9999 -9999 -9999 -9999 -9999 -9999 -9999 -9999 6.68786285900527e-07 9.28120439373281e-07
7.05778472423865e-07 7.80426957978423e-07 1.01109950614155e-06 5.5948022912927e-07 -9999 -9999 5.14838363125238e-07 5.35383104210016e-07 4.7563751698752e-07 4.2965930716592e-07 4.93596332105752e-07 6.35067661908924e-07 5.34302707239828e-07 5.78634834529806e-07 8.67347313572278e-07 8.59974679505765e-07 8.53773847001667e-07 8.71632349189149e-07 8.85954446591064e-07 8.47565345917047e-07 7.78560743687063e-07 7.61260109720379e-07 7.52402586858252e-07 7.2889738919799e-07 8.22738699096836e-07 9.26147222766688e-07 1.10356699210561e-06 1.21754900232766e-06 1.28847908069569e-06 1.42693850087529e-06 1.56477488378289e-06 1.53448410178984e-06 1.33556395706208e-06 -9999 -9999 -9999 -9999 -9999 -9999 -9999 -9999 -9999 -9999 9.62642401097094e-07 1.08886408474177e-06
-9999 6.46523434578934e-07 7.08326463685168e-07 1.06379930919859e-06 6.71984064584417e-07 7.93978470414389e-07 6.67840095361275e-07 9.23845963847936e-07 -9999 3.87649386978206e-07 4.27866450221594e-07 5.48754322194757e-07 8.98892523750137e-07 1.0099883654779e-06 9.70491212218134e-07 1.04534317381212e-06 1.2032029021422e-06 1.1303259454656e-06 1.13669620000518e-06 1.03823732252487e-06 9.87562728394347e-07 9.30586569846356e-07 8.68391260154484e-07 8.30528701014865e-07 8.96682619768007e-07 7.84725470919191e-07 8.01706683560027e-07 8.18947673268385e-07 8.97676785584809e-07 1.00521318855722e-06 9.59273445525164e-07 1.18188165699228e-06 -9999 -9999 -9999 -9999 -9999 -9999 -9999 -9999 -9999 -9999 -9999 -9999 -9999
-9999 -9999 -9999 -9999 8.91766983779332e-07 1.56273989370441e-06 1.06176622067774e-06 1.40388271564055e-06 -9999 -9999 -9999 -9999 -9999 6.33307255279663e-07 7.41735767142992e-07 9.67944544285482e-07 1.26655329158896e-06 1.38442750404017e-06 2.07578375127767e-06 1.33116433870563e-06 1.30240969414023e-06 1.31458896901403e-06 1.17256147177216e-06 1.06760373569069e-06 -9999 -9999 -9999 -9999 1.06614134694561e-06 8.88310008687815e-07 1.3556814486916e-06 1.42176163889435e-06 1.04769548154142e-06 1.05503466738321e-06 -9999 -9999 -9999 -9999 -9999 -9999 -9999 -9999 -9999 -9999 -9999
1.23467360193902e-06 1.04389641278391e-06 9.57547939717202e-07 9.97143812421948e-07 1.11351492017734e-06 1.13928809742719e-06 1.53625548919524e-06 1.44495261580371e-06 -9999 -9999 -9999 -9999 1.09222238957583e-06 1.15866241175023e-06 7.3779436125092e-07 -9999 1.032128543686e-06 1.37381021099194e-06 1.62683920506178e-06 1.63453152716855e-06 1.56300358623053e-06 1.62218459747974e-06 1.68797513676384e-06 1.48738891032638e-06 1.24652847120448e-06 1.68633168514393e-06 1.74748141553407e-06 1.92096002766135e-06 2.28408053880646e-06 2.37080145876396e-06 2.28206903700046e-06 2.25567634167083e-06 2.04506159285984e-06 1.78737329945863e-06 1.54753310731109e-06 -9999 -9999 -9999 -9999 -9999 -9999 -9999 -9999 -9999 -9999
1.72440868679193e-06 1.48374659546116e-06 1.49802032372304e-06 1.47914361308318e-06 1.47008071417289e-06 2.87316295958395e-06 1.43378164359873e-06 1.67219720837137e-06 2.11143428699088e-06 -9999 -9999 2.13189090697488e-06 1.97202949627596e-06 1.98002316624156e-06 3.19623566888177e-06 1.63336605049127e-06 1.21768059290734e-06 1.0793841776264e-06 1.26315035082655e-06 1.89576296689517e-06 1.68948844248655e-06 1.93217643453367e-06 1.84469513403192e-06 2.11421811064253e-06 2.01685257039834e-06 2.20377690841717e-06 1.77619815856177e-06 2.68604768696384e-06 2.66359649983322e-06 2.71148127088296e-06 2.62464059125893e-06 3.12050286033898e-06 2.59163372776466e-06 2.7601905164574e-06 2.72210959176948e-06 2.19822770279254e-06 2.00441222067932e-06 1.65756929592113e-06 -9999 -9999 -9999 -9999 9.72477347665042e-07 1.08222405677431e-06 1.06458249299235e-06
1.37786598313967e-06 1.54178694924756e-06 1.64015961036388e-06 1.68786244912038e-06 1.79599032929738e-06 1.88967628790125e-06 1.81461065566383e-06 1.81732906252607e-06 3.61622524046761e-06 2.82014286637052e-06 2.15129483192537e-06 1.99653862778567e-06 4.18298719314443e-06 2.00477074632694e-06 2.43441106294868e-06 2.10861980483537e-06 2.151801715324e-06 2.21871512846102e-06 2.34691355167248e-06 2.42685329603422e-06 2.52084771460012e-06 2.4536898442423e-06 2.17017981722668e-06 2.66262473948521e-06 2.88801517839825e-06 2.48300958883769e-06 1.89654223976408e-06 2.56371598799389e-06 3.12783942045258e-06 3.33227619834162e-06 2.4502265621584e-06 3.91401054406477e-06 3.93403879142281e-06 3.86407939398919e-06 3.41838318397643e-06 3.27741323547018e-06 2.81287140992286e-06 1.99572382156894e-06 1.69367615193472e-06 -9999 -9999 -9999 -9999 1.14600826174088e-06 1.10956862841812e-06
1.63453508533379e-06 1.82226300870113e-06 1.8707017125015e-06 1.88671683769866e-06 1.99834620026455e-06 1.99606344567131e-06 2.02185263742858e-06 2.04842424733933e-06 2.04185202189576e-06 2.06743852123797e-06 2.13011164456707e-06 2.18520873826247e-06 2.65641855002881e-06 2.13799871512972e-06 2.12459773215767e-06 1.89378589589499e-06 2.45473541134014e-06 2.8568639543145e-06 2.86946246788106e-06 2.91898432673195e-06 3.08831008028552e-06 3.4493245183764e-06 3.43433541442981e-06 4.13333216454858e-06 9.74955697459026e-06 2.6327402747738e-06 9.147589234907e-06 3.78949553617696e-06 3.42077931044987e-06 2.87972798635728e-06 2.94523544224862e-06 3.34280020975627e-06 3.32233415625375e-06 4.65513007821107e-06 4.42313858237628e-06 4.35008227891129e-06 4.46138370255554e-06 2.22275920758818e-06 3.50684046756084e-06 2.71244856029648e-06 2.7793146625329e-06 1.74367710594925e-06 -9999 -9999 9.32746558172688e-07
1.81698351324006e-06 1.92548413435581e-06 1.97817626246629e-06 2.00556452904019e-06 2.0747998578501e-06 2.14156346945687e-06 2.20177419705846e-06 2.2945493467386e-06 2.31756688010514e-06 2.33750232531064e-06 2.41185114394233e-06 2.72703123655731e-06 2.62202237418844e-06 2.81010111303172e-06 4.16214618279608e-06 3.27266398131279e-06 3.20124653508565e-06 3.27510927023256e-06 3.27536950645591e-06 3.06019252348234e-06 2.73623124651586e-06 3.2182185471298e-06 3.69028441031544e-06 6.49439484842772e-06 2.81550038835223e-06 -9999 2.24489966763136e-06 2.69250339546813e-06 4.2581193336982e-06 4.32396360869644e-06 3.25602215089721e-06 3.69901098855739e-06 3.01614074322633e-06 3.56537855401504e-06 3.10035309456231e-06 5.70496847059115e-06 6.35463795514774e-06 3.75397917508465e-06 4.56939863346633e-06 3.06422494270321e-06 4.28096867610048e-06 2.57400773584212e-06 2.30839053379051e-06 2.60443148444132e-06 2.5262844913437e-06
1.89980540662656e-06 2.0062927419985e-06 2.03865293624048e-06 2.14232898801317e-06 2.21183551707338e-06 2.29257050861637e-06 2.37765982675308e-06 2.44796451622623e-06 2.52232152855303e-06 2.580783878027e-06 2.67724967145124e-06 2.73943848640601e-06 2.85148342380088e-06 3.07226649711705e-06 3.11725435460474e-06 3.20521162625746e-06 3.47207256240262e-06 3.44881597065489e-06 3.61676094479635e-06 4.45334214248796e-06 3.9117616553453e-06 4.28535314660096e-06 4.18955838767002e-06 8.05152033136634e-06 3.93621234124778e-06 2.64496601823096e-06 -9999 -9999 -9999 -9999 -9999 -9999 -9999 -9999 3.07532976060427e-06 3.83340726076068e-06 2.3165588273105e-06 3.89848160042608e-06 5.37441395137475e-06 4.27087765497061e-06 4.92321816307481e-06 5.48973392905039e-06 4.58911352446692e-06 3.633541664425e-06 4.92472886691563e-06
1.96938586667119e-06 2.04484847356602e-06 2.09952148016447e-06 2.20933392437694e-06 3.34726504138548e-06 4.32592174372506e-06 2.11808677304996e-06 4.67443889239438e-06 4.81936809681288e-06 2.69488119397806e-06 2.86125667134578e-06 2.94522299364229e-06 3.03808246952481e-06 3.33306572932199e-06 3.3466803234438e-06 3.36146474135262e-06 3.47670630019469e-06 3.67581501142207e-06 4.57452117541534e-06 5.28783606335333e-06 4.36348311965303e-06 4.48990277714366e-06 5.14484373889935e-06 6.7008067222739e-06 5.36995792695252e-06 -9999 -9999 -9999 -9999 -9999 -9999 -9999 -9999 -9999 -9999 -9999 3.54186257896424e-06 2.54915787031548e-06 3.04928727527871e-06 3.78018729932429e-06 4.35463182509612e-06 6.84952685169547e-06 5.53717356229783e-06 9.28133130508009e-06 9.75452675386265e-06
2.09761327137307e-06 2.11223917580897e-06 2.17656298568725e-06 2.24447742823018e-06 3.39999655338912e-06 4.37921427907678e-06 2.15097865256939e-06 2.2169674835876e-06 4.83044215928636e-06 5.05136132285565e-06 5.25559147544781e-06 4.36014267213609e-06 3.1400502721732e-06 3.35970151887706e-06 3.42456850415211e-06 3.70651942704916e-06 3.98400546131674e-06 4.97059705255096e-06 5.55404662205028e-06 4.55974790192122e-06 4.87773854001892e-06 5.29278024608064e-06 8.87271175193886e-06 7.47590607211869e-06 7.88091155262844e-06 3.98767790319139e-06 -9999 -9999 -9999 -9999 -9999 -9999 -9999 -9999 -9999 -9999 -9999 -9999 -9999 2.6418579709057e-06 3.9300392157722e-06 3.6693860623832e-06 4.61629406078626e-06 6.49318195769743e-06 6.25360947938784e-06
2.19526917077012e-06 2.19021410071841e-06 2.25239638511836e-06 4.26421455943945e-06 2.11094279872435e-06 2.1543312856934e-06 2.22546709008766e-06 2.30464181984331e-06 5.07522034702801e-06 2.86524013006909e-06 5.53279742500554e-06 3.19686999785519e-06 3.37857116779534e-06 3.62434043779667e-06 3.74151269777884e-06 3.9348815339699e-06 4.94783620099025e-06 6.00185823087077e-06 4.93061932172069e-06 4.82776493968622e-06 5.75608552420747e-06 6.45409223515265e-06 7.99888870287545e-06 7.29613071533668e-06 1.18533510991737e-05 6.16838627694411e-06 -9999 -9999 -9999 -9999 -9999 -9999 -9999 -9999 -9999 -9999 -9999 -9999 3.17548964586266e-06 3.11487419155451e-06 4.29091595732375e-06 2.9987019324654e-06 4.31204213421792e-06 3.9372265217501e-06 2.40437955827419e-06
