ENM/MaxEnt/Abudefduf_saxatilis.asc
NCOLS 720 
NROWS 360 
XLLCORNER -180 
YLLCORNER -90 
CELLSIZE 0.5 
NODATA_value -9999 
[rows 300 to 319 of 360, columns 90 to 134 of 720]
3.01515476957622e-14 3.71065491945671e-14 4.81594029124964e-14 6.00958079927035e-14 7.58667302176182e-14 9.33296911538049e-14 1.14495263070824e-13 1.38582920597596e-13 1.67066690193799e-13 2.14505905486878e-13 2.29097122121476e-13 3.1709076295267e-13 3.98210684763794e-13 4.89418098564178e-13 6.1263675279016e-13 7.83256203940402e-13 1.06114838647909e-12 1.3554681656268e-12 1.69243716126663e-12 2.05468810247592e-12 2.43048239064332e-12 2.96215491855398e-12 3.66456785436882e-12 4.31729775351484e-12 5.28782783973356e-12 6.41587609716125e-12 7.76829423596829e-12 9.02365724840291e-12 1.10206558193545e-11 1.37342869118756e-11 1.55574316858547e-11 2.0216554613608e-11 2.44822797261927e-11 2.91688156451907e-11 3.61469458653177e-11 4.40552207615201e-11 5.3350292018298e-11 6.32270189792123e-11 7.71713584767656e-11 9.15163638683407e-11 1.08867997599346e-10 1.30911878228117e-10 1.53074622984186e-10 1.80478566742413e-10 2.12128962227849e-10
2.86371370340241e-14 3.5166387552582e-14 4.60277672814334e-14 5.73944314040742e-14 7.1048916060928e-14 8.79503676387334e-14 1.07534383848129e-13 1.27105397212902e-13 1.53265232435543e-13 1.86539781518174e-13 1.92444657291254e-13 2.76378553701606e-13 3.39442639154662e-13 4.25269589126787e-13 5.48431513191234e-13 7.02592484156164e-13 8.61569741591099e-13 1.10335375219472e-12 1.42260652938398e-12 2.01459072666224e-12 2.6550703977499e-12 3.20312449228622e-12 3.54764367520576e-12 4.02324013835663e-12 4.78682444590096e-12 5.59301519428733e-12 6.64919664401326e-12 8.09299793748137e-12 9.52669749451171e-12 1.20649042299592e-11 1.5303180366722e-11 1.85931244127348e-11 2.24066909626375e-11 2.55451665032355e-11 3.20250983837593e-11 3.89517822548764e-11 4.66281132237208e-11 5.67649818112932e-11 6.8182905506959e-11 8.05978723085089e-11 9.553088729951e-11 1.12916896379056e-10 1.33318314663325e-10 1.56965631583551e-10 1.86334010898113e-10
2.60549126872446e-14 3.27156738572734e-14 4.35385190688046e-14 5.47902049906528e-14 6.88976339268511e-14 8.43571413190941e-14 1.02116303877411e-13 1.25341076176902e-13 1.47397513111998e-13 1.77820066054927e-13 2.21706715490948e-13 2.68073918801633e-13 3.31355087386202e-13 3.98508838767785e-13 4.9238226552589e-13 6.3929131902663e-13 8.43099043272399e-13 1.06394204855429e-12 1.26620146527215e-12 1.69086120944937e-12 2.18427067995926e-12 2.75364886411969e-12 3.34703321592096e-12 4.05174292370211e-12 4.93471533775797e-12 5.63064470940051e-12 6.2702988684444e-12 7.27680056413588e-12 9.06622698539218e-12 1.11819842797513e-11 1.39316741522271e-11 1.63462752571002e-11 2.03646772541875e-11 2.40821280642285e-11 3.01542478872026e-11 3.52080283071681e-11 4.26164799427804e-11 4.91261911066301e-11 5.938705743521e-11 7.16891341770485e-11 8.48279041463388e-11 9.83377360697037e-11 1.15750501575082e-10 1.37900986180545e-10 1.65301141779601e-10
2.38703259005233e-14 3.11126796776182e-14 3.9125498647428e-14 4.91077327034556e-14 6.3229277108172e-14 7.84407406355522e-14 9.71885782390565e-14 1.18789935839684e-13 1.42726525446223e-13 1.77086713352487e-13 2.17197693750533e-13 2.66812649542217e-13 3.19406294615961e-13 4.020021545031e-13 4.94045928125345e-13 6.47033225698933e-13 8.03539239022915e-13 1.0269697378733e-12 1.22339996940883e-12 1.47420555107492e-12 1.92989343503164e-12 2.34534848213291e-12 2.89874845056016e-12 3.49087368276735e-12 4.31067719700578e-12 5.25481411747079e-12 6.01853093588686e-12 7.47802377100686e-12 8.56485274221612e-12 1.01261463622925e-11 1.19306244699128e-11 1.49467388468015e-11 1.85374362326667e-11 2.21353013548315e-11 2.68417600976252e-11 3.15842365405986e-11 3.68631915821424e-11 4.48289597549253e-11 5.32235382236223e-11 6.3850212500362e-11 7.32881437008328e-11 8.90917950064808e-11 1.07190474561061e-10 1.27331032458594e-10 1.49344884333902e-10
2.19052183528838e-14 2.73493222764491e-14 3.39663701820004e-14 4.51735364615719e-14 5.7471544021837e-14 6.91968327183337e-14 8.89604463330928e-14 1.09632591795929e-13 1.37688736581195e-13 1.68929119931879e-13 2.08127769297094e-13 2.57935637829685e-13 3.18604156616685e-13 3.93893965780168e-13 4.89419396429233e-13 6.31020560099632e-13 7.53109072386053e-13 9.26911169761284e-13 1.20790892810802e-12 1.42441544957282e-12 1.76782456658526e-12 2.1503449885695e-12 2.68025374780954e-12 3.19278797210332e-12 3.83414340016601e-12 4.52816759200335e-12 5.44359471454715e-12 6.38256314427413e-12 7.79914042546258e-12 9.38835430912723e-12 1.07379410381228e-11 1.25234103382928e-11 1.54732704323484e-11 1.92218631696148e-11 2.35803776426418e-11 2.80644670585164e-11 3.34727867482637e-11 3.99658835512603e-11 4.82767330833048e-11 5.81320499127172e-11 6.94454570786495e-11 8.23759042414333e-11 9.75330485019382e-11 1.16447832494451e-10 1.36581594524592e-10
2.22681677750749e-14 2.58411908798257e-14 3.21352782543579e-14 4.00449554195616e-14 5.06207418087287e-14 6.50112439410337e-14 8.10547249854224e-14 1.00595089428717e-13 1.25681366244553e-13 1.55649526071021e-13 1.9839309280921e-13 2.40599733499859e-13 3.01116965946532e-13 3.75865886309592e-13 4.59525885031575e-13 5.61406368778008e-13 7.12916491356936e-13 8.39744206912276e-13 1.05659580087437e-12 1.31359235283736e-12 1.62066930434858e-12 1.95458723731905e-12 2.38960546381728e-12 2.86634458641604e-12 3.39796132255094e-12 4.04340957245574e-12 4.79525662807495e-12 5.69238195402655e-12 6.81439769795951e-12 8.26103889354127e-12 1.01477458630307e-11 1.22533573509385e-11 1.49075752653653e-11 1.76175658066111e-11 2.03473579330031e-11 2.45001811910722e-11 2.944845003155e-11 3.54097917894063e-11 4.29584201296671e-11 5.21446419656319e-11 6.30303355469812e-11 7.52038847007857e-11 8.91336564151931e-11 1.04733587248946e-10 1.22715531795043e-10
1.92866333489356e-14 2.15030019935817e-14 2.72769127426803e-14 3.59570159971545e-14 4.5967677104246e-14 5.64422459335479e-14 6.69866984384346e-14 9.06279908027416e-14 1.13803277459632e-13 1.34197629407479e-13 1.76138461712036e-13 2.24816651099154e-13 2.57666194234652e-13 3.31658436825223e-13 4.23278721126988e-13 5.1653524622938e-13 6.34866182562062e-13 7.78856156937477e-13 9.5415061758337e-13 1.17279214474516e-12 1.44435173737537e-12 1.73966588237004e-12 2.09803453686883e-12 2.50838615698411e-12 3.004141399481e-12 3.57748115393333e-12 4.27356871430754e-12 5.11881904219705e-12 6.17608236041857e-12 7.49415259139073e-12 9.0070138297626e-12 1.0747516589113e-11 1.28341290872655e-11 1.53435709548174e-11 1.83866392051447e-11 2.18600367258605e-11 2.5956909615769e-11 3.11660649003935e-11 3.77313025599505e-11 4.58030539437436e-11 5.60008637041877e-11 6.70799556532112e-11 7.81545211356508e-11 9.25102594861979e-11 1.11069314869094e-10
1.5552691196246e-14 1.94062081568295e-14 2.55266189735004e-14 3.08830094563059e-14 3.96041657785819e-14 5.09345469697181e-14 6.06256858252401e-14 7.67022382229133e-14 9.76254896369469e-14 1.19746584014485e-13 1.47414766151743e-13 1.87464336831829e-13 2.35527958681543e-13 2.94493852871349e-13 3.66907261636958e-13 4.60651698131102e-13 5.62329351395481e-13 6.76681389856268e-13 8.27323424237458e-13 1.02465558827779e-12 1.26100057991503e-12 1.52466533537716e-12 1.82978878006036e-12 2.1836597272731e-12 2.62639299999019e-12 3.17107595240853e-12 3.80193501316827e-12 4.5702384850796e-12 5.50250175456089e-12 6.62261064290494e-12 7.9755735610533e-12 9.45431895591715e-12 1.11982295734971e-11 1.31843592570822e-11 1.55673502621888e-11 1.8560972904789e-11 2.22575430016431e-11 2.69346437951995e-11 3.2615519408087e-11 3.95774580809096e-11 4.84458249461653e-11 5.91413334435252e-11 7.09962976254645e-11 8.421218018489e-11 9.95233660734745e-11
1.49529257581187e-14 1.83874896187935e-14 2.21193247552979e-14 2.63118858782705e-14 3.40249906601861e-14 4.51969152988988e-14 5.39766328066126e-14 6.71314138774322e-14 8.53280796842938e-14 1.06826188800225e-13 1.33570008812327e-13 1.64739774453155e-13 2.06865825601489e-13 2.59072972827683e-13 3.22505340696189e-13 4.0658193441734e-13 4.95670380820391e-13 5.94592169498234e-13 7.16651656085303e-13 8.77157637620796e-13 1.06674661068128e-12 1.29243061798103e-12 1.55669228745353e-12 1.85950623278954e-12 2.23962547646954e-12 2.71367440719575e-12 3.27710422358568e-12 3.95192195727579e-12 4.76286215285322e-12 5.69624715409267e-12 6.84156351705928e-12 8.13448033079006e-12 9.59205722043572e-12 1.13060657252104e-11 1.32921361414163e-11 1.56927983039635e-11 1.84759419810237e-11 2.19485609368088e-11 2.63640595734025e-11 3.18526679410598e-11 3.89537055899308e-11 4.70297925126515e-11 5.74329227202496e-11 6.94813515994286e-11 8.33844658104551e-11
1.32170991177314e-14 1.66081007143182e-14 2.0638704717193e-14 2.45338287161125e-14 2.80837066753733e-14 3.57606232351885e-14 4.81661123303821e-14 6.18778231614736e-14 7.46181906645444e-14 9.29948705919757e-14 1.16994530126546e-13 1.4247784111727e-13 1.74213003588502e-13 2.21526488790717e-13 2.76754058998253e-13 3.42621294745024e-13 4.17763583853891e-13 5.05304018536086e-13 6.09486129868329e-13 7.43287804490327e-13 9.01098748851311e-13 1.08701631174207e-12 1.30597217858417e-12 1.56138785537044e-12 1.8882161272942e-12 2.30380884845553e-12 2.80388684948278e-12 3.40082525676999e-12 4.10679751989646e-12 4.92811076512402e-12 5.91819642044436e-12 7.08052968916067e-12 8.40208314123151e-12 9.92524332349538e-12 1.16615876583726e-11 1.36344532121675e-11 1.59225876420269e-11 1.87683304160958e-11 2.21845330113112e-11 2.63606361814558e-11 3.14699884184076e-11 3.79748315192614e-11 4.5901840662698e-11 5.53497058774093e-11 6.59080717301968e-11
1.04131197408546e-14 1.43834920177402e-14 1.85422931828881e-14 2.24541343410513e-14 2.80609818520937e-14 3.50481448002245e-14 4.34547311288565e-14 5.34943273326977e-14 6.60727659358616e-14 8.26031013630586e-14 1.00060321218134e-13 1.21839684500037e-13 1.50903037958121e-13 1.87276907299477e-13 2.31382000195024e-13 2.83891054995694e-13 3.50066142007891e-13 4.29257468476583e-13 5.22563688161398e-13 6.3502140119608e-13 7.67615052965965e-13 9.21768967607051e-13 1.10494574504629e-12 1.32596705914442e-12 1.59619393651696e-12 1.93535527503534e-12 2.34657728856785e-12 2.85900329435848e-12 3.47940677161249e-12 4.21176841613443e-12 5.08794260681552e-12 6.09558737914724e-12 7.28414787794801e-12 8.64114566233756e-12 1.02078570056327e-11 1.19387524357534e-11 1.39806639982875e-11 1.63962929996883e-11 1.93248584594946e-11 2.29747171184968e-11 2.71453334010111e-11 3.21809367017047e-11 3.81043270657016e-11 4.54937911048307e-11 5.42735349539241e-11
9.58140343505621e-15 1.23080744188404e-14 1.52452439921742e-14 2.02608529075151e-14 2.59721633729344e-14 3.17543803473101e-14 3.90604078549675e-14 4.77364515747947e-14 5.9092715010366e-14 7.20450877546372e-14 8.76495399894888e-14 1.06379842732569e-13 1.30698017991272e-13 1.59780611098005e-13 1.92871950316525e-13 2.19995362776395e-13 2.74302574772248e-13 3.56415382923388e-13 4.33641725257291e-13 5.28468848218354e-13 6.38388488165159e-13 7.63454236849986e-13 9.19939641490726e-13 1.10093765173235e-12 1.32896186030435e-12 1.61237510475718e-12 1.95183629374932e-12 2.37145407181704e-12 2.86540711807501e-12 3.45542570405697e-12 4.20319996746391e-12 5.12721046486257e-12 6.2109366555924e-12 7.43675119844363e-12 8.806803768386e-12 1.02886818862045e-11 1.19959130272315e-11 1.40918358636314e-11 1.65277812290165e-11 1.94794547968053e-11 2.30683685026443e-11 2.74093104027721e-11 3.24956047623962e-11 3.87155210160556e-11 4.58433971896228e-11
9.37551324614604e-15 1.15697406046258e-14 1.43448476703621e-14 1.79078262217234e-14 2.22500699375031e-14 2.72396918903976e-14 3.41844523376912e-14 4.18030623435599e-14 5.14775480531244e-14 6.28770717764576e-14 7.64747912704484e-14 9.32125550275117e-14 1.13181332471432e-13 1.38078058318669e-13 1.69263493417611e-13 2.07863090628247e-13 2.48145155405619e-13 2.93741396876473e-13 3.50034860532173e-13 4.24471921407535e-13 5.18562319634455e-13 6.24851740188046e-13 7.569651562343e-13 9.1699359512976e-13 1.10708555417537e-12 1.33606520190212e-12 1.60813446545879e-12 1.9372726143714e-12 2.34093020087687e-12 2.84414579336257e-12 3.45804729994001e-12 4.21252377828861e-12 5.01390718282726e-12 6.03718726724703e-12 7.19150782726832e-12 8.51635321351369e-12 1.00072370036442e-11 1.17024874857318e-11 1.37975785473141e-11 1.64713934144215e-11 1.95954463875907e-11 2.35027537196902e-11 2.79813104326015e-11 3.25718802546254e-11 3.81593185369847e-11
8.37438840637299e-15 1.04772513995054e-14 1.30515103571234e-14 1.57429663869209e-14 1.96041664588344e-14 2.37889551997149e-14 2.83249919542553e-14 3.59159612709217e-14 4.33525241145469e-14 5.25394027684334e-14 6.39507632478927e-14 7.83779293793688e-14 9.67347572264159e-14 1.18363388347418e-13 1.43447822673694e-13 1.71285092354218e-13 2.09152062612467e-13 2.40815914802816e-13 2.87361648226297e-13 3.54047387844254e-13 4.26045708223795e-13 5.04178800474055e-13 6.06800018966009e-13 6.95329945860356e-13 9.16758727754476e-13 1.10655886112401e-12 1.35387755662066e-12 1.65626077542436e-12 1.99217883124621e-12 2.38758689232189e-12 2.67747373361062e-12 3.44010029932108e-12 4.1099166886713e-12 4.93086607071607e-12 5.87762744403097e-12 6.99687845931632e-12 8.37759490624634e-12 9.94912356155213e-12 1.19311204135882e-11 1.43402464339534e-11 1.69890780141598e-11 1.98165514185031e-11 6.08106771900984e-11 7.08537998391847e-11 8.20831227333977e-11
7.43614445906411e-15 2.36997494808014e-14 2.8254924103052e-14 3.46666696540127e-14 4.39047784989405e-14 5.46584935328254e-14 6.75665829916563e-14 8.05306224530667e-14 9.36681293698025e-14 1.09213376190242e-13 1.347001555225e-13 1.7199011842101e-13 2.12010372352137e-13 2.56802921250691e-13 3.12765096103399e-13 3.77151249182463e-13 4.5165696226553e-13 5.22623999714051e-13 6.28929027707691e-13 7.74903254938614e-13 9.10138413736016e-13 1.0305094134775e-12 1.28680621219964e-12 1.59815982812267e-12 1.97068076754919e-12 2.43647616393316e-12 2.9347849123305e-12 3.57076835319514e-12 4.34622637108909e-12 5.04424428120231e-12 6.12061536225662e-12 7.477195897001e-12 8.97390937162765e-12 1.07580473303371e-11 4.96983733085841e-12 5.91493222874202e-12 7.05250700550365e-12 8.56291780061958e-12 1.01692295812335e-11 3.16263019520537e-11 3.73885665671354e-11 4.23443279141401e-11 4.87282190635619e-11 5.65720394525748e-11 6.57108632021378e-11
1.7148509617156e-14 2.0995465025774e-14 2.51666180653445e-14 2.80177609381533e-14 3.49960571311913e-14 4.49747208193906e-14 6.10376186452528e-14 7.5561017298813e-14 8.984668270889e-14 1.04862941661464e-13 1.26165639587564e-13 1.54635273416481e-13 1.87656409161021e-13 2.24909667179002e-13 2.77793064914359e-13 3.33412341259279e-13 3.97729717941338e-13 4.84947244728691e-13 5.80978202712776e-13 6.96811162072061e-13 8.13708359583597e-13 1.00256997628011e-12 1.23184381051801e-12 1.52242435139272e-12 1.85231987096337e-12 1.84495180618102e-12 2.33070658461934e-12 3.28640373798573e-12 3.77209236260229e-12 4.47736417485056e-12 5.22153287292445e-12 6.20761909579999e-12 7.37180492062504e-12 8.92666355334457e-12 1.04202508441565e-11 1.24458441978743e-11 1.49318006032428e-11 1.80620042623139e-11 2.20662572089979e-11 2.65159952071071e-11 3.15146520020684e-11 3.59854369625889e-11 4.3268803106648e-11 4.90751046609185e-11 5.61181798279834e-11
1.54422929105741e-14 1.89887925253173e-14 2.3656539747624e-14 2.85780153099635e-14 3.46152329696433e-14 4.38201348282013e-14 5.26166269467791e-14 6.52219453879862e-14 7.85658899855486e-14 9.38046134419935e-14 1.07580517273691e-13 1.27659042674159e-13 1.48810898795027e-13 1.83613520608847e-13 2.21458399306786e-13 2.71040312556342e-13 3.35746238903394e-13 4.10051375793916e-13 4.95492571476874e-13 6.04177956697091e-13 7.21657978012174e-13 8.9089504946501e-13 1.0957333653836e-12 1.33542289732916e-12 1.66391357287782e-12 1.69788745023799e-12 1.96679716848606e-12 2.84898541066171e-12 2.78715573143136e-12 3.50492930680927e-12 4.6491193089144e-12 5.48062454199342e-12 6.46430967256572e-12 7.13244546374679e-12 8.81647385389474e-12 1.09063802002102e-11 1.31675666980061e-11 1.59234047316656e-11 1.96744659062421e-11 2.35128844856528e-11 2.81860744807475e-11 3.27678364170637e-11 3.691016501513e-11 4.19293607283892e-11 4.80571437273338e-11
1.37478402358185e-14 1.70995821160965e-14 2.1226154100137e-14 2.55945660857937e-14 3.05246626012453e-14 3.73537735019368e-14 4.45275257913586e-14 5.19159888943385e-14 6.58837434276441e-14 7.98799879670748e-14 9.75012594389212e-14 1.14441638039815e-13 1.30159115954479e-13 1.46349742579434e-13 1.79356169602516e-13 2.19829376281075e-13 2.80115076965399e-13 3.52595322658415e-13 3.90249962010944e-13 4.96011789407657e-13 6.3170985275925e-13 7.71895793115719e-13 8.32172191728849e-13 1.0694887434564e-12 1.47119643896178e-12 1.74471557138073e-12 2.04206324057223e-12 2.38784780284562e-12 2.94924569404184e-12 3.50397660398479e-12 3.81975801308278e-12 4.0915764538247e-12 5.3489477994125e-12 6.27386585442635e-12 6.95502038067018e-12 9.18977915498841e-12 1.11451959681277e-11 1.35879943891985e-11 1.53476851231122e-11 1.82065430171389e-11 2.17767364590025e-11 2.609334403234e-11 3.16505273266098e-11 3.63345391966646e-11 4.1257714275476e-11
1.25338190736499e-14 1.54443020918618e-14 1.89486583929363e-14 2.32868397892282e-14 2.75766401045977e-14 3.32218535306327e-14 3.99056929115792e-14 3.79327668237926e-14 4.07750542330315e-14 5.1845102456936e-14 7.08557499149863e-14 9.13244555962411e-14 1.11072134723696e-13 1.36646090317579e-13 1.69190609280365e-13 1.98446419505673e-13 2.40703495806427e-13 2.92806298652249e-13 3.40818400855857e-13 4.28023975704292e-13 5.06427467773279e-13 6.03764733416196e-13 7.32734538291898e-13 8.10160587461286e-13 9.13744986176847e-13 1.28168519408059e-12 9.93359692997649e-13 1.27958688571233e-12 1.80990159314367e-12 2.20502051269042e-12 1.71070027916752e-12 3.34621283240675e-12 4.23648360570786e-12 5.09272613326917e-12 5.97927717284474e-12 6.67198712814203e-12 8.6440472721585e-12 1.08451646407304e-11 1.31780918111351e-11 1.55317507258529e-11 1.71767352402942e-11 1.97887009954796e-11 2.63249861226215e-11 3.05912860396062e-11 3.44398907775428e-11
1.14824522904948e-14 1.38343383925452e-14 1.69327417182474e-14 2.04877679551667e-14 2.48384747001193e-14 2.99865116811616e-14 3.58397034404947e-14 4.18092786683454e-14 4.97394850270331e-14 5.46856299794988e-14 5.25189046707137e-14 6.11073403212249e-14 7.07502361183795e-14 1.03684653666709e-13 1.3919997559811e-13 1.50450165132726e-13 1.14799361237105e-13 1.24371552158959e-13 2.50610164043493e-13 3.18580649719401e-13 2.39572011937146e-13 2.71603589898865e-13 6.17111792804912e-13 7.0132183651264e-13 8.94322240642525e-13 1.17528352986279e-12 1.40023966421343e-12 1.50287177014369e-12 8.73088731586107e-13 1.01552242108601e-12 2.15530027226042e-12 2.73618558069904e-12 3.26404040230608e-12 3.80375183798273e-12 4.5423938212881e-12 5.22511544970982e-12 6.80817472056654e-12 8.44007127790043e-12 1.0390066677399e-11 1.25918156749553e-11 1.75528915471389e-11 1.84396794038672e-11 2.19127692572576e-11 2.48489303484627e-11 2.96517233913638e-11
