ENM/MaxEnt/ME_Abudefduf_saxatilis/Abudefduf_saxatilis.asc
ncols         720
nrows         360
xllcorner     -180.0
yllcorner     -90.0
cellsize      0.5
NODATA_value  -9999
[rows 135 to 161 of 360, columns 480 to 539 of 720]
1.73275E-2 1.0057E-2 4.08333E-3 5.39743E-3 3.41554E-2 3.67075E-3 1.44491E-2 1.29775E-2 9.00618E-3 5.00461E-3 5.4366E-3 5.95575E-3 8.60058E-3 1.97916E-2 6.06894E-2 4.47792E-1 5.26534E-1 4.76604E-1 5.57131E-1 4.76996E-1 -9999 -9999 -9999 -9999 5.20505E-1 5.16796E-1 -9999 -9999 -9999 -9999 -9999 -9999 -9999 -9999 -9999 -9999 -9999 -9999 -9999 -9999 -9999 -9999 -9999 -9999 -9999 -9999 -9999 -9999 -9999 -9999 -9999 -9999 -9999 -9999 -9999 -9999 2.01817E-1 1.99399E-1 1.62458E-1 2.26994E-1
1.18853E-2 7.82477E-3 5.22347E-3 1.8031E-2 2.16347E-2 3.01626E-3 3.0814E-3 2.42521E-3 2.50847E-3 2.38151E-3 4.11316E-3 4.80455E-3 6.42827E-3 8.20784E-3 9.13596E-3 3.85615E-2 4.98552E-1 5.40951E-1 6.64421E-1 4.99933E-1 -9999 -9999 -9999 -9999 5.09537E-1 5.51314E-1 -9999 -9999 -9999 -9999 -9999 -9999 -9999 -9999 -9999 -9999 -9999 -9999 -9999 -9999 -9999 -9999 -9999 -9999 -9999 -9999 -9999 -9999 -9999 -9999 -9999 -9999 -9999 -9999 2.14801E-1 3.44527E-1 3.77307E-1 3.67111E-1 3.67626E-1 3.11734E-1
1.45921E-2 8.58794E-3 1.34365E-2 4.18509E-2 8.14597E-3 2.36059E-3 1.93552E-3 2.27121E-3 2.12778E-3 2.1197E-3 2.3445E-3 4.47317E-3 5.85449E-3 6.79185E-3 7.90816E-3 1.91503E-2 4.07518E-2 9.74942E-2 5.83765E-1 6.15418E-1 4.88703E-1 -9999 -9999 5.02042E-1 6.06957E-1 5.01706E-1 -9999 -9999 -9999 -9999 -9999 -9999 -9999 -9999 -9999 -9999 -9999 -9999 -9999 -9999 -9999 -9999 -9999 -9999 -9999 -9999 -9999 -9999 -9999 -9999 -9999 -9999 -9999 3.12072E-1 4.09212E-1 2.89073E-1 2.64892E-1 2.47149E-1 5.54544E-2 1.43107E-1
1.19229E-2 8.62967E-3 6.84405E-3 4.93926E-3 3.31836E-3 2.35841E-3 2.38398E-3 2.05346E-3 1.87648E-3 2.03533E-3 3.87613E-3 4.24316E-3 5.30868E-3 5.91025E-3 4.85346E-3 2.93634E-3 5.97824E-3 1.27265E-2 2.01602E-1 5.4617E-1 5.88959E-1 5.62673E-1 5.74043E-1 5.8834E-1 4.76915E-1 5.26886E-1 -9999 -9999 -9999 -9999 -9999 -9999 -9999 -9999 -9999 -9999 -9999 -9999 -9999 -9999 -9999 -9999 -9999 -9999 -9999 -9999 -9999 -9999 -9999 -9999 -9999 -9999 -9999 3.18409E-1 3.17771E-1 1.7701E-1 3.07737E-2 2.56303E-2 2.46671E-2 2.60443E-2
9.6138E-3 7.8242E-3 7.80791E-3 4.2197E-3 3.04837E-3 3.00919E-3 2.44107E-3 2.06919E-3 1.82677E-3 1.80995E-3 1.84147E-3 2.13305E-3 4.71215E-3 5.24934E-3 2.40955E-3 2.40657E-3 2.71257E-3 3.93112E-3 3.38741E-2 5.09982E-1 5.39346E-1 5.15414E-1 4.42619E-1 4.35387E-1 4.61659E-1 5.19292E-1 -9999 -9999 -9999 -9999 -9999 -9999 -9999 -9999 -9999 -9999 -9999 -9999 -9999 -9999 -9999 -9999 -9999 -9999 -9999 -9999 -9999 -9999 -9999 -9999 -9999 -9999 2.69914E-1 4.00084E-1 1.06443E-1 4.13274E-2 3.94962E-2 5.33673E-2 3.89661E-2 3.14732E-2
1.03919E-2 1.083E-2 6.73089E-3 3.97438E-3 2.97131E-3 2.99922E-3 2.3793E-3 2.01856E-3 1.76934E-3 1.66294E-3 1.86873E-3 2.12315E-3 4.07965E-3 2.62334E-3 2.15244E-3 2.18593E-3 2.39572E-3 7.19068E-3 2.55351E-2 4.7523E-1 4.66624E-1 4.67009E-1 4.49623E-1 4.492E-1 4.64058E-1 4.99092E-1 -9999 -9999 -9999 -9999 -9999 -9999 -9999 -9999 -9999 -9999 -9999 -9999 -9999 -9999 -9999 -9999 -9999 -9999 -9999 -9999 -9999 -9999 -9999 -9999 2.50008E-1 3.79196E-1 1.79535E-1 1.09487E-1 4.42438E-2 1.79223E-2 2.40045E-2 2.40518E-2 1.87788E-2 1.8502E-2
1.052E-2 8.70814E-3 6.74932E-3 4.14318E-3 2.85273E-3 2.85655E-3 2.35485E-3 1.92577E-3 1.75004E-3 1.6398E-3 1.85328E-3 2.10841E-3 2.17081E-3 2.35384E-3 2.40547E-3 2.50855E-3 2.73998E-3 3.6603E-3 1.49875E-2 4.835E-2 4.51183E-1 3.9945E-1 3.8618E-1 4.36744E-1 4.44226E-1 5.22539E-1 4.10356E-1 -9999 -9999 -9999 -9999 -9999 -9999 -9999 -9999 -9999 -9999 -9999 -9999 -9999 -9999 -9999 -9999 -9999 -9999 -9999 -9999 -9999 -9999 2.40579E-1 9.50426E-2 7.3296E-2 2.96118E-2 2.01717E-2 1.20195E-2 9.22478E-3 9.52663E-3 9.95014E-3 1.18087E-2 1.05882E-2
1.11554E-2 8.61155E-3 5.74994E-3 3.8084E-3 2.91742E-3 2.7662E-3 2.22513E-3 1.895E-3 1.71114E-3 1.67573E-3 1.76496E-3 1.77353E-3 1.96472E-3 2.07902E-3 2.22224E-3 2.34601E-3 2.62452E-3 2.86581E-3 3.72474E-3 2.40262E-2 3.706E-2 3.71963E-1 3.61724E-1 4.16547E-1 4.41084E-1 5.2648E-1 4.13454E-1 -9999 -9999 -9999 -9999 -9999 -9999 -9999 -9999 -9999 -9999 -9999 -9999 -9999 -9999 -9999 -9999 -9999 -9999 -9999 -9999 -9999 2.11588E-1 2.38883E-1 6.6154E-2 1.9645E-2 9.50355E-3 8.95996E-3 8.55179E-3 7.085E-3 7.41403E-3 7.92417E-3 7.3845E-3 6.76761E-3
8.66861E-3 6.65223E-3 4.52627E-3 3.53037E-3 2.6794E-3 2.75033E-3 2.28121E-3 1.82603E-3 1.5265E-3 1.44703E-3 1.54359E-3 1.69357E-3 1.97674E-3 2.13378E-3 2.20528E-3 2.17822E-3 2.57278E-3 2.4961E-3 3.07478E-3 8.30832E-3 4.86328E-2 3.32471E-1 3.77978E-1 3.51923E-1 4.43374E-1 5.94876E-1 4.31642E-1 -9999 -9999 -9999 -9999 -9999 -9999 -9999 -9999 -9999 -9999 -9999 -9999 -9999 -9999 -9999 -9999 -9999 -9999 -9999 -9999 2.51291E-1 2.54818E-1 4.83042E-2 1.30731E-2 8.08362E-3 7.59784E-3 7.07287E-3 7.08349E-3 6.70036E-3 6.54006E-3 6.83719E-3 5.98749E-3 5.39109E-3
8.75911E-3 6.02103E-3 5.01576E-3 3.42751E-3 2.56755E-3 2.60806E-3 2.18418E-3 1.89453E-3 1.48161E-3 1.41191E-3 1.44826E-3 1.56921E-3 1.9891E-3 2.16345E-3 2.29873E-3 2.32137E-3 2.28122E-3 2.41206E-3 2.50238E-3 3.56502E-3 5.03178E-3 4.59499E-2 3.55369E-1 3.29246E-1 3.81602E-1 4.67171E-1 4.90974E-1 -9999 -9999 -9999 -9999 -9999 -9999 -9999 -9999 -9999 -9999 -9999 -9999 -9999 -9999 -9999 -9999 -9999 -9999 -9999 3.26172E-1 1.20345E-1 5.75793E-2 9.60736E-3 7.63946E-3 7.13815E-3 6.56116E-3 5.81446E-3 5.84805E-3 5.87706E-3 5.6042E-3 5.2678E-3 5.12862E-3 4.71426E-3
8.52291E-3 6.05479E-3 4.60415E-3 3.39099E-3 2.71236E-3 2.02788E-3 2.11195E-3 1.72173E-3 1.55268E-3 1.35793E-3 1.38958E-3 1.47198E-3 1.62598E-3 1.70836E-3 2.46315E-3 2.70881E-3 2.04581E-3 2.31263E-3 2.86139E-3 3.11689E-3 3.36432E-3 8.23419E-3 3.01079E-2 3.7421E-2 2.43853E-1 4.28949E-1 5.22801E-1 -9999 -9999 -9999 -9999 -9999 -9999 -9999 -9999 -9999 -9999 -9999 -9999 -9999 -9999 -9999 -9999 -9999 2.50421E-1 2.50183E-1 3.13366E-2 2.92364E-2 9.85975E-3 8.20634E-3 7.1115E-3 6.38721E-3 5.5668E-3 5.06699E-3 4.75415E-3 4.68214E-3 4.597E-3 4.34953E-3 4.3553E-3 4.08773E-3
8.128E-3 5.07143E-3 4.17391E-3 3.07146E-3 2.55594E-3 2.12633E-3 1.53539E-3 1.65054E-3 5.63633E-4 5.19645E-4 1.42358E-3 1.38591E-3 1.55319E-3 1.74965E-3 2.19329E-3 2.16002E-3 2.68988E-3 2.25859E-3 2.06185E-3 2.83675E-3 3.33246E-3 3.82101E-3 9.08915E-3 4.55337E-2 3.50738E-1 4.19826E-1 5.33099E-1 -9999 -9999 -9999 -9999 -9999 -9999 -9999 -9999 -9999 -9999 -9999 -9999 -9999 -9999 -9999 -9999 -9999 3.21706E-1 1.1156E-1 2.54814E-2 9.68784E-3 7.56022E-3 6.90975E-3 6.05336E-3 5.2191E-3 4.83149E-3 4.32239E-3 4.07087E-3 4.07674E-3 3.94047E-3 3.79242E-3 3.68816E-3 3.7304E-3
7.03802E-3 4.88728E-3 3.79218E-3 2.81874E-3 2.408E-3 2.04087E-3 1.62891E-3 1.28323E-3 5.33541E-4 4.81237E-4 4.98912E-4 1.39615E-3 1.44935E-3 1.54486E-3 1.9186E-3 2.07378E-3 2.46679E-3 1.76168E-3 2.69459E-3 2.98784E-3 3.34884E-3 3.51456E-3 7.20396E-3 3.27961E-2 2.17077E-2 2.98441E-1 5.4251E-1 4.07361E-1 -9999 -9999 -9999 -9999 -9999 -9999 -9999 -9999 -9999 -9999 -9999 -9999 -9999 -9999 2.75472E-1 2.20227E-1 9.23404E-2 2.28018E-2 7.41786E-3 6.84685E-3 5.97557E-3 5.28626E-3 4.70109E-3 4.27738E-3 4.03606E-3 3.84558E-3 3.46996E-3 3.33983E-3 3.26618E-3 3.15638E-3 3.36606E-3 3.59965E-3
5.06167E-3 4.33585E-3 3.60117E-3 2.59466E-3 2.22079E-3 1.81317E-3 1.5521E-3 5.2441E-4 4.59274E-4 3.69123E-4 4.7803E-4 5.05613E-4 5.92424E-4 1.60007E-3 1.75507E-3 2.06293E-3 1.81191E-3 2.53995E-3 2.85946E-3 2.38662E-3 2.97244E-3 5.71396E-3 6.9052E-3 1.00888E-2 2.46122E-2 2.28257E-2 3.94166E-1 4.65747E-1 -9999 -9999 -9999 -9999 -9999 -9999 -9999 -9999 -9999 -9999 -9999 -9999 2.48965E-1 3.03193E-1 1.0875E-1 4.61735E-2 1.88053E-2 5.87457E-3 4.22088E-3 3.27061E-3 2.84067E-3 4.27565E-3 4.00084E-3 3.72462E-3 3.46734E-3 3.24916E-3 3.08231E-3 2.90822E-3 2.80885E-3 2.8789E-3 3.21784E-3 3.53861E-3
4.89034E-3 3.8205E-3 3.21749E-3 2.8527E-3 2.02101E-3 1.68866E-3 5.64418E-4 4.92572E-4 4.25928E-4 4.80612E-4 4.97312E-4 5.25251E-4 5.44823E-4 5.79685E-4 1.68361E-3 1.58046E-3 1.87661E-3 2.69454E-3 2.455E-3 3.05006E-3 3.44296E-3 5.83639E-3 6.44743E-3 7.33426E-3 7.36185E-3 1.94914E-2 3.2336E-1 4.80867E-1 3.95454E-1 -9999 -9999 -9999 -9999 -9999 -9999 -9999 -9999 -9999 -9999 -9999 3.06456E-1 4.47473E-2 1.65869E-2 9.65457E-3 5.29805E-3 4.31159E-3 3.42174E-3 2.82279E-3 2.51946E-3 2.28661E-3 2.106E-3 3.2931E-3 3.07528E-3 2.89739E-3 2.62916E-3 2.46435E-3 2.45451E-3 2.72811E-3 3.08325E-3 3.44617E-3
4.22626E-3 3.53498E-3 2.96085E-3 2.43937E-3 1.92565E-3 6.51431E-4 5.30573E-4 4.60849E-4 4.04783E-4 4.5484E-4 4.6557E-4 4.98131E-4 5.36281E-4 5.86219E-4 1.66073E-3 1.52846E-3 1.79545E-3 2.22715E-3 2.296E-3 2.76156E-3 2.89726E-3 5.21475E-3 6.54924E-3 5.96004E-3 5.82002E-3 3.42224E-3 1.27656E-1 3.79664E-1 4.87306E-1 -9999 -9999 -9999 -9999 -9999 -9999 -9999 -9999 -9999 -9999 -9999 1.45879E-1 2.53482E-2 1.82989E-3 3.12633E-3 2.84154E-3 2.50557E-3 2.58874E-3 2.3235E-3 2.14678E-3 1.95294E-3 1.85984E-3 1.69992E-3 1.57712E-3 1.46999E-3 1.39431E-3 1.32534E-3 1.44328E-3 2.63424E-3 2.99468E-3 3.4772E-3
3.74979E-3 3.3221E-3 2.62266E-3 1.97558E-3 6.48916E-4 5.87312E-4 5.1689E-4 4.53483E-4 3.782E-4 4.39706E-4 4.82307E-4 5.22718E-4 5.66681E-4 1.69132E-3 1.80299E-3 1.63222E-3 1.68723E-3 2.02356E-3 2.05802E-3 2.30018E-3 2.2052E-3 4.87498E-3 6.79008E-3 1.13808E-2 6.42512E-3 6.90138E-3 5.16002E-3 3.35798E-1 4.35022E-1 3.656E-1 -9999 -9999 -9999 -9999 -9999 -9999 -9999 -9999 -9999 -9999 3.31669E-1 1.77935E-2 9.1769E-4 3.04311E-3 1.98727E-3 1.84914E-3 1.76867E-3 2.10336E-3 1.55471E-3 1.40948E-3 1.62146E-3 1.52083E-3 1.39394E-3 1.29203E-3 1.21851E-3 1.21309E-3 1.35814E-3 1.53814E-3 2.93704E-3 3.28471E-3
3.1818E-3 2.86017E-3 2.21025E-3 7.00085E-4 6.02837E-4 5.23161E-4 4.53084E-4 4.04691E-4 3.63299E-4 4.68669E-4 5.14064E-4 5.63338E-4 6.13878E-4 1.72972E-3 1.88341E-3 2.05666E-3 1.74394E-3 2.05449E-3 2.12731E-3 2.34733E-3 2.66685E-3 5.28425E-3 1.12417E-2 1.21021E-2 1.90777E-3 3.18515E-3 4.36729E-3 8.99965E-2 3.49995E-1 4.11019E-1 -9999 -9999 -9999 -9999 -9999 -9999 -9999 -9999 -9999 -9999 3.01155E-1 2.04499E-2 6.84368E-4 5.18487E-4 1.8326E-3 1.6102E-3 1.50726E-3 1.80398E-3 1.67222E-3 1.49868E-3 1.41944E-3 1.32858E-3 1.26073E-3 1.19575E-3 1.08704E-3 1.17227E-3 1.36242E-3 1.48074E-3 1.67692E-3 1.90316E-3
2.88668E-3 2.59952E-3 7.4317E-4 6.22917E-4 5.15102E-4 4.52316E-4 4.00899E-4 3.57279E-4 3.40877E-4 4.64373E-4 5.28043E-4 5.83816E-4 6.25309E-4 1.77982E-3 2.02124E-3 2.08102E-3 1.96303E-3 2.04701E-3 2.21289E-3 2.34871E-3 3.16933E-3 6.37037E-3 1.22323E-2 2.03143E-2 1.501E-3 2.82449E-3 7.00954E-3 1.29376E-2 2.95394E-1 4.39016E-1 -9999 -9999 -9999 -9999 -9999 -9999 -9999 -9999 -9999 -9999 2.56725E-1 3.57447E-2 8.26978E-4 5.1126E-4 4.4671E-4 3.75074E-4 1.3871E-3 1.26539E-3 1.18896E-3 1.12171E-3 1.32107E-3 1.18808E-3 1.11143E-3 1.05637E-3 1.02966E-3 1.14994E-3 1.28378E-3 1.41681E-3 1.59256E-3 1.79313E-3
2.83052E-3 7.97273E-4 6.30043E-4 5.32412E-4 4.58606E-4 4.07142E-4 3.58455E-4 3.24675E-4 3.40725E-4 3.84785E-4 5.34362E-4 5.90187E-4 1.70124E-3 1.77134E-3 2.21938E-3 2.33881E-3 2.4637E-3 2.11941E-3 2.19673E-3 2.27358E-3 3.63623E-3 2.79922E-3 8.6973E-3 3.5932E-2 4.44772E-3 2.35339E-3 1.07043E-3 1.03346E-2 1.77959E-1 4.69134E-1 2.94456E-1 -9999 -9999 -9999 -9999 -9999 -9999 -9999 -9999 -9999 2.78726E-1 8.83543E-3 6.98803E-4 4.76606E-4 4.2661E-4 3.64613E-4 3.39507E-4 2.93659E-4 2.70412E-4 1.01172E-3 9.33221E-4 1.10839E-3 1.02248E-3 8.94467E-4 1.00087E-3 1.10392E-3 1.227E-3 1.39096E-3 1.57186E-3 1.76875E-3
2.62329E-3 8.39844E-4 5.97928E-4 4.74362E-4 3.94471E-4 3.54488E-4 3.26516E-4 3.17877E-4 3.57808E-4 3.96321E-4 4.32159E-4 4.84133E-4 1.84044E-3 1.93318E-3 2.12799E-3 2.2524E-3 1.90337E-3 1.99464E-3 2.14251E-3 2.57538E-3 3.79707E-3 2.81185E-3 8.35027E-3 1.53689E-2 7.33207E-3 1.59875E-3 1.24065E-3 3.65669E-3 3.02195E-2 3.04487E-1 3.20601E-1 -9999 -9999 -9999 -9999 -9999 -9999 -9999 -9999 1.97527E-1 4.97102E-2 3.57291E-3 7.91425E-4 4.62711E-4 4.0955E-4 3.6238E-4 3.23701E-4 2.93118E-4 2.58032E-4 2.36053E-4 2.16787E-4 1.96273E-4 1.72566E-4 2.10601E-4 2.46652E-4 2.72505E-4 1.24435E-3 1.39082E-3 1.54654E-3 1.75135E-3
2.45932E-3 8.11642E-4 6.50702E-4 5.26261E-4 3.84375E-4 3.34201E-4 3.03227E-4 3.65501E-4 4.03098E-4 4.47863E-4 4.78607E-4 5.00583E-4 1.36284E-3 1.49869E-3 1.57407E-3 1.66739E-3 1.78428E-3 1.90974E-3 2.09095E-3 2.01384E-3 3.29255E-3 2.99709E-3 1.86196E-3 1.07158E-2 1.44506E-2 1.76328E-2 5.84116E-3 1.20734E-3 1.36431E-2 2.49699E-1 4.37075E-1 1.72776E-1 -9999 -9999 -9999 -9999 -9999 -9999 -9999 2.61531E-1 5.04878E-2 1.31585E-3 5.44429E-4 4.32156E-4 3.91994E-4 3.52089E-4 3.1072E-4 2.78865E-4 2.56735E-4 2.29855E-4 2.14129E-4 1.97562E-4 1.70725E-4 1.68006E-4 2.47838E-4 2.74812E-4 3.05553E-4 3.39107E-4 3.73924E-4 4.21118E-4
2.49754E-3 7.81688E-4 6.53337E-4 5.12094E-4 4.26704E-4 3.73544E-4 3.31163E-4 3.6487E-4 3.98927E-4 4.1246E-4 4.28694E-4 4.53709E-4 1.23942E-3 1.38603E-3 1.47044E-3 1.57026E-3 1.69335E-3 1.82254E-3 1.85742E-3 2.01012E-3 2.63869E-3 1.04061E-3 1.72619E-3 8.76807E-3 3.09592E-2 1.36595E-2 3.88676E-3 1.73714E-3 7.97404E-3 5.72904E-2 3.32953E-1 2.43092E-1 -9999 -9999 -9999 -9999 -9999 -9999 -9999 1.81254E-1 6.58623E-2 1.37524E-3 5.05891E-4 4.80224E-4 3.71948E-4 3.41308E-4 3.14521E-4 2.84888E-4 2.63937E-4 2.4406E-4 2.20872E-4 2.03402E-4 1.84109E-4 1.76254E-4 1.96157E-4 2.15713E-4 2.44846E-4 3.41838E-4 3.83788E-4 4.3221E-4
3.23603E-3 9.22356E-4 6.46774E-4 5.07145E-4 4.26124E-4 3.71339E-4 3.4191E-4 3.4861E-4 3.58712E-4 3.73426E-4 3.93339E-4 4.12559E-4 1.14315E-3 1.29053E-3 1.39251E-3 1.54077E-3 1.56206E-3 1.57872E-3 4.27006E-4 4.8876E-4 7.76949E-4 9.15297E-4 1.63385E-3 4.86304E-3 2.69889E-2 1.83974E-2 5.78449E-3 9.06064E-3 1.29606E-3 2.35794E-3 4.5514E-2 4.48719E-1 1.74338E-1 -9999 -9999 -9999 -9999 -9999 -9999 3.54118E-2 3.82036E-2 4.42042E-3 5.54915E-4 4.95174E-4 4.04683E-4 3.8281E-4 3.32855E-4 2.99727E-4 2.70729E-4 2.50025E-4 2.31244E-4 2.10345E-4 1.88601E-4 1.74881E-4 1.94672E-4 2.13725E-4 2.41891E-4 2.71078E-4 3.02325E-4 3.44645E-4
1.02988E-3 7.94228E-4 6.3457E-4 4.99197E-4 4.07133E-4 3.56366E-4 3.14511E-4 3.22906E-4 3.38165E-4 3.56739E-4 3.78419E-4 3.88665E-4 1.1159E-3 1.26907E-3 1.34868E-3 3.49183E-4 3.37397E-4 3.66134E-4 3.95379E-4 4.35938E-4 5.54487E-4 5.39233E-4 7.0981E-4 1.86636E-3 1.52268E-2 3.02294E-3 5.84032E-3 1.08859E-2 1.27587E-3 1.17058E-3 2.57724E-2 3.25321E-1 2.23045E-1 -9999 -9999 -9999 -9999 -9999 4.71667E-2 7.36264E-2 1.82094E-1 1.59411E-2 8.37698E-4 4.87333E-4 4.27367E-4 3.95884E-4 3.48124E-4 3.13344E-4 2.83684E-4 2.59719E-4 2.39856E-4 2.15288E-4 1.97901E-4 1.83236E-4 1.98156E-4 2.15224E-4 2.39612E-4 2.68635E-4 3.01581E-4 3.46479E-4
9.68863E-4 8.36458E-4 6.81753E-4 5.77606E-4 4.0254E-4 3.31217E-4 2.86671E-4 2.99205E-4 3.11531E-4 3.24962E-4 3.40427E-4 3.72652E-4 1.04322E-3 2.71349E-4 3.15208E-4 3.05983E-4 3.21321E-4 3.5228E-4 3.80877E-4 4.16108E-4 3.84743E-4 5.37779E-4 6.45722E-4 1.35749E-3 2.24717E-3 1.76009E-3 2.67808E-3 1.36629E-3 1.08929E-3 1.41711E-3 2.12434E-3 1.95309E-1 2.63322E-1 -9999 -9999 -9999 -9999 3.38835E-2 4.46619E-2 6.71133E-2 2.88761E-1 2.01928E-1 2.0392E-3 6.31845E-4 4.5823E-4 4.16074E-4 3.76253E-4 3.47448E-4 3.04138E-4 2.77332E-4 2.54729E-4 2.28492E-4 2.05241E-4 1.87929E-4 1.92798E-4 2.16542E-4 2.44795E-4 2.67981E-4 3.02072E-4 3.37582E-4
9.42339E-4 8.51937E-4 6.52791E-4 5.48148E-4 4.23146E-4 3.23553E-4 2.68105E-4 2.82164E-4 2.90881E-4 3.03018E-4 3.21598E-4 8.33137E-5 2.34009E-4 2.47352E-4 2.57535E-4 2.77866E-4 3.0358E-4 3.27522E-4 3.50821E-4 3.94885E-4 3.7338E-4 4.61246E-4 5.75151E-4 8.92089E-4 1.49396E-3 1.58102E-3 1.71105E-3 1.53797E-3 9.62328E-4 1.69189E-3 3.11429E-3 4.90111E-2 2.64782E-1 1.60164E-1 -9999 -9999 1.49746E-1 4.80556E-2 5.41799E-2 1.77123E-1 1.44237E-1 1.53336E-1 4.09438E-3 7.34208E-4 5.33575E-4 4.27772E-4 3.89948E-4 3.6445E-4 3.4255E-4 3.13101E-4 2.86484E-4 2.59965E-4 2.31532E-4 2.00632E-4 1.93805E-4 2.16068E-4 2.40044E-4 2.66507E-4 2.94454E-4 5.17589E-4
