ENM/MaxEnt/ME_Abudefduf_saxatilis/Abudefduf_saxatilis.asc
ncols         720
nrows         360
xllcorner     -180.0
yllcorner     -90.0
cellsize      0.5
NODATA_value  -9999
[rows 216 to 242 of 360, columns 120 to 179 of 720]
5.87941E-4 5.48398E-4 5.31162E-4 5.32666E-4 4.93075E-4 4.73471E-4 5.34817E-4 5.00091E-4 4.16866E-4 4.90744E-4 5.07702E-4 4.98543E-4 4.38062E-4 5.30469E-4 4.50589E-4 5.14731E-4 5.99172E-4 5.13694E-4 5.48304E-4 6.22487E-4 4.36462E-4 4.55816E-4 4.7061E-4 4.71122E-4 4.81244E-4 4.91311E-4 5.58005E-4 5.24632E-4 5.96429E-4 6.04004E-4 6.27682E-4 6.22446E-4 6.31001E-4 6.28544E-4 6.01846E-4 6.02708E-4 6.00966E-4 6.68314E-4 5.69902E-4 5.40913E-4 5.3615E-4 5.33353E-4 5.09057E-4 5.10283E-4 4.63538E-4 4.90643E-4 4.37618E-4 3.95317E-4 3.80689E-4 3.61622E-4 3.73584E-4 8.19505E-4 3.30593E-4 2.56417E-4 2.49653E-4 2.59614E-4 2.63054E-4 2.48491E-4 2.63832E-4 2.76902E-4
6.17234E-4 5.80157E-4 5.61032E-4 5.28546E-4 5.56852E-4 7.34608E-4 4.63888E-4 5.19214E-4 5.75966E-4 4.89519E-4 4.9737E-4 5.27265E-4 6.0085E-4 4.98569E-4 4.76513E-4 4.76725E-4 4.56818E-4 4.6043E-4 5.17831E-4 4.65319E-4 4.7664E-4 5.67427E-4 4.92393E-4 5.10085E-4 5.0213E-4 5.8053E-4 5.19777E-4 5.44219E-4 5.58344E-4 6.534E-4 6.92277E-4 6.73509E-4 6.51543E-4 6.61695E-4 6.65892E-4 6.4107E-4 6.31927E-4 6.03137E-4 5.86192E-4 5.74555E-4 5.69521E-4 5.3107E-4 5.24489E-4 5.27978E-4 4.85019E-4 4.94377E-4 4.29498E-4 4.11044E-4 4.07052E-4 4.21082E-4 3.92301E-4 4.31416E-4 3.24319E-4 2.79883E-4 2.44662E-4 2.39692E-4 2.53119E-4 2.50316E-4 2.7975E-4 3.09494E-4
6.62773E-4 6.21744E-4 5.94689E-4 5.73005E-4 5.3492E-4 5.07309E-4 4.73927E-4 4.56121E-4 3.94687E-4 4.88998E-4 4.45088E-4 4.68725E-4 5.15203E-4 5.26954E-4 4.87262E-4 4.90385E-4 5.01472E-4 4.80278E-4 4.81396E-4 4.90078E-4 4.91896E-4 4.94222E-4 5.13717E-4 5.25736E-4 5.37184E-4 5.47954E-4 5.47052E-4 5.58193E-4 5.86466E-4 6.02072E-4 6.88793E-4 6.97038E-4 6.91908E-4 6.91141E-4 6.74147E-4 6.72592E-4 6.50784E-4 6.31271E-4 6.214E-4 5.94194E-4 5.78286E-4 5.50832E-4 4.96344E-4 5.26356E-4 4.98597E-4 4.86001E-4 4.14685E-4 4.10332E-4 3.79829E-4 4.13825E-4 3.5141E-4 3.49628E-4 3.15371E-4 2.75886E-4 2.47837E-4 2.3898E-4 2.54372E-4 2.66793E-4 3.15511E-4 3.18393E-4
7.22727E-4 6.87408E-4 6.11944E-4 5.80692E-4 5.66505E-4 5.41688E-4 4.96212E-4 4.73737E-4 4.14937E-4 4.51989E-4 4.91107E-4 4.95305E-4 5.47316E-4 5.41613E-4 5.20463E-4 5.35659E-4 5.16376E-4 5.09103E-4 5.25571E-4 5.21745E-4 5.18114E-4 5.32463E-4 5.48599E-4 5.44911E-4 5.60976E-4 5.72341E-4 5.84973E-4 5.98706E-4 6.09304E-4 6.57454E-4 6.6324E-4 7.66192E-4 7.60608E-4 7.32878E-4 7.45791E-4 7.10585E-4 6.78643E-4 6.64083E-4 6.50309E-4 6.25349E-4 5.91994E-4 5.83103E-4 5.79993E-4 5.47659E-4 5.30042E-4 5.17627E-4 5.06688E-4 4.15006E-4 4.69714E-4 4.2203E-4 3.29123E-4 3.94424E-4 3.10951E-4 2.85363E-4 2.45259E-4 2.68392E-4 2.50335E-4 2.59775E-4 2.81068E-4 1.96137E-4
1.08805E-3 8.28651E-4 6.82147E-4 7.34507E-4 5.96562E-4 5.72045E-4 5.25909E-4 4.95413E-4 4.92882E-4 4.7623E-4 5.14952E-4 5.33048E-4 5.65201E-4 5.52313E-4 5.53571E-4 5.71384E-4 5.71621E-4 5.80701E-4 5.84737E-4 5.73703E-4 5.73359E-4 5.69063E-4 5.83183E-4 5.87522E-4 6.05254E-4 6.17359E-4 1.66866E-3 1.65765E-3 1.81477E-3 1.74674E-3 1.82382E-3 2.12455E-3 2.09985E-3 7.8362E-4 7.7066E-4 7.38646E-4 7.33208E-4 7.11789E-4 6.87675E-4 6.67314E-4 6.48283E-4 6.21925E-4 5.85975E-4 5.60115E-4 5.62947E-4 6.26913E-4 6.02619E-4 4.53867E-4 4.32709E-4 4.48165E-4 3.64143E-4 6.0071E-4 3.71503E-4 3.0676E-4 2.66762E-4 2.47316E-4 2.67179E-4 2.8508E-4 3.25731E-4 1.95363E-4
2.6479E-3 8.2403E-4 7.36768E-4 7.15825E-4 6.40241E-4 6.51365E-4 7.08908E-4 6.55702E-4 5.06905E-4 5.19718E-4 7.41813E-4 6.2649E-4 6.28556E-4 5.99657E-4 6.06233E-4 6.02754E-4 7.03706E-4 6.40668E-4 6.16481E-4 6.12819E-4 6.32183E-4 6.24827E-4 6.18739E-4 1.68672E-3 1.69491E-3 1.68841E-3 1.77724E-3 1.87805E-3 1.99954E-3 1.94154E-3 1.96117E-3 1.96105E-3 2.146E-3 2.06968E-3 2.04241E-3 2.03412E-3 7.73014E-4 8.07767E-4 7.48134E-4 7.19527E-4 7.09136E-4 6.9047E-4 6.82048E-4 6.91737E-4 6.06143E-4 6.15334E-4 5.60135E-4 4.57353E-4 4.21941E-4 4.31113E-4 4.17705E-4 3.65486E-4 3.55142E-4 3.28944E-4 2.89503E-4 2.482E-4 2.76851E-4 3.11154E-4 2.73079E-4 2.05051E-4
2.32151E-3 2.28693E-3 1.03685E-3 7.50217E-4 6.78147E-4 6.46476E-4 5.81756E-4 5.41361E-4 5.60467E-4 5.95432E-4 6.01098E-4 6.62642E-4 6.59245E-4 7.30307E-4 6.48396E-4 6.58747E-4 6.92921E-4 6.77271E-4 1.86105E-3 1.76887E-3 1.76196E-3 1.84983E-3 2.05967E-3 2.27701E-3 1.98909E-3 1.99645E-3 2.1112E-3 2.1568E-3 2.19407E-3 2.16151E-3 2.25846E-3 2.19086E-3 2.44095E-3 2.37077E-3 2.18781E-3 2.32206E-3 2.19028E-3 7.78876E-4 7.77992E-4 7.10391E-4 7.13505E-4 7.30129E-4 8.3213E-4 7.42849E-4 8.26504E-4 5.925E-4 5.16885E-4 4.48437E-4 4.57508E-4 4.0475E-4 3.69703E-4 3.67465E-4 3.06184E-4 3.43171E-4 2.77669E-4 2.52108E-4 2.88148E-4 2.8303E-4 2.05978E-4 2.18943E-4
2.73101E-3 2.96051E-3 9.34643E-4 7.62518E-4 7.78949E-4 6.9194E-4 7.33976E-4 6.63083E-4 6.73162E-4 6.5016E-4 7.45234E-4 7.25674E-4 8.16387E-4 7.87808E-4 7.33512E-4 1.90734E-3 1.88391E-3 1.99245E-3 2.02111E-3 1.93128E-3 1.99055E-3 1.92765E-3 1.97626E-3 2.12826E-3 2.13538E-3 2.08983E-3 2.20331E-3 2.28131E-3 2.37804E-3 2.50895E-3 2.38941E-3 2.46906E-3 2.8552E-3 2.59022E-3 2.45759E-3 2.29643E-3 2.18691E-3 2.10761E-3 2.18239E-3 8.75545E-4 8.04637E-4 6.86171E-4 6.96283E-4 7.18315E-4 8.17727E-4 6.01045E-4 4.80542E-4 4.49494E-4 4.13966E-4 3.92713E-4 3.51124E-4 3.77804E-4 3.16587E-4 2.89649E-4 2.65069E-4 2.72708E-4 2.68983E-4 2.59856E-4 2.07035E-4 1.99853E-4
2.7013E-3 2.47945E-3 2.30266E-3 8.01116E-4 7.69769E-4 7.79817E-4 7.40286E-4 6.26884E-4 6.61042E-4 6.72324E-4 7.95875E-4 7.64409E-4 8.29496E-4 2.49544E-3 2.77287E-3 2.26756E-3 2.30974E-3 2.16551E-3 2.31576E-3 2.34848E-3 2.28098E-3 2.26217E-3 2.2719E-3 2.2486E-3 2.26043E-3 2.33536E-3 2.40275E-3 2.51449E-3 2.54405E-3 2.68492E-3 2.61407E-3 2.93596E-3 3.12227E-3 2.75422E-3 2.62033E-3 2.5332E-3 2.46607E-3 2.3979E-3 2.10214E-3 2.1361E-3 7.63613E-4 6.87112E-4 7.27521E-4 6.81368E-4 6.88675E-4 6.09343E-4 5.83369E-4 4.5793E-4 4.09305E-4 3.96284E-4 3.55409E-4 3.46694E-4 3.42455E-4 2.84779E-4 2.71256E-4 2.23681E-4 2.32589E-4 1.92619E-4 1.91554E-4 1.94806E-4
3.07576E-3 2.68632E-3 2.44048E-3 8.40962E-4 7.74862E-4 7.18115E-4 7.16323E-4 6.98379E-4 7.43727E-4 8.85192E-4 7.85361E-4 1.07863E-3 3.33606E-3 3.65686E-3 2.40524E-3 3.45386E-3 3.95651E-3 3.07876E-3 2.43931E-3 3.03119E-3 2.48539E-3 2.45224E-3 2.39986E-3 2.40848E-3 2.47425E-3 2.59008E-3 2.53078E-3 2.76797E-3 2.87356E-3 2.92773E-3 3.31976E-3 3.13614E-3 3.14978E-3 3.11795E-3 2.91863E-3 2.76085E-3 2.81453E-3 2.44799E-3 2.30451E-3 2.16662E-3 2.18009E-3 7.74484E-4 8.08232E-4 7.37785E-4 6.78119E-4 6.4101E-4 5.67025E-4 4.82328E-4 4.35626E-4 4.01082E-4 3.82796E-4 3.51496E-4 3.61949E-4 3.09511E-4 2.74884E-4 2.43626E-4 2.82556E-4 2.02697E-4 1.85013E-4 1.91409E-4
3.40902E-3 3.11361E-3 2.82541E-3 2.30426E-3 8.37889E-4 8.11631E-4 7.92845E-4 7.87889E-4 8.33641E-4 8.77079E-4 9.57822E-4 2.98117E-3 3.15191E-3 3.88396E-3 2.7323E-3 3.33872E-3 4.17399E-3 3.55989E-3 2.75954E-3 2.88237E-3 2.80796E-3 2.82444E-3 2.67931E-3 2.44343E-3 3.11273E-3 2.83617E-3 2.91254E-3 3.06086E-3 3.17476E-3 3.68796E-3 3.5701E-3 3.6242E-3 3.59022E-3 3.23542E-3 3.19917E-3 3.10059E-3 3.05805E-3 3.19765E-3 2.70076E-3 2.50968E-3 2.32306E-3 8.89193E-4 8.4547E-4 7.41193E-4 6.56955E-4 5.68639E-4 5.87432E-4 5.00736E-4 4.50077E-4 4.40082E-4 3.84179E-4 3.83857E-4 3.43838E-4 3.09665E-4 2.40385E-4 2.54718E-4 2.40475E-4 1.87451E-4 1.70822E-4 2.06625E-4
3.62553E-3 4.01381E-3 2.66014E-3 2.65178E-3 9.20868E-4 8.91237E-4 7.63566E-4 8.05414E-4 9.99788E-4 9.20173E-4 2.54489E-3 2.50277E-3 2.98169E-3 2.86078E-3 3.17359E-3 3.28799E-3 4.38622E-3 3.67764E-3 3.09682E-3 3.25055E-3 3.01121E-3 3.63287E-3 3.9687E-3 3.19954E-3 3.13143E-3 3.54207E-3 3.17464E-3 3.38876E-3 4.05164E-3 4.12043E-3 4.25095E-3 4.20457E-3 3.84788E-3 3.7869E-3 3.47375E-3 3.36134E-3 3.40801E-3 3.2701E-3 2.85325E-3 2.97484E-3 2.64298E-3 2.28689E-3 8.11144E-4 7.33856E-4 7.29896E-4 7.8831E-4 6.2573E-4 5.72495E-4 5.18371E-4 4.77688E-4 4.30329E-4 6.42639E-4 4.32381E-4 2.82453E-4 2.44753E-4 2.45901E-4 1.97449E-4 1.91878E-4 2.55976E-4 2.73758E-4
4.22076E-3 3.90657E-3 3.15574E-3 2.98312E-3 1.07236E-3 9.04037E-4 9.62801E-4 8.92511E-4 1.1459E-3 2.39038E-3 2.42257E-3 2.52412E-3 2.93881E-3 2.76973E-3 3.09438E-3 4.7709E-3 4.57666E-3 4.26541E-3 3.65921E-3 3.80932E-3 3.39277E-3 3.29398E-3 3.36718E-3 3.72474E-3 4.12198E-3 3.67239E-3 4.31372E-3 4.33962E-3 4.57905E-3 4.65713E-3 4.5942E-3 4.53375E-3 4.4883E-3 4.31527E-3 4.31439E-3 4.03298E-3 3.92828E-3 3.64717E-3 3.22452E-3 3.58271E-3 3.68129E-3 2.82968E-3 1.00411E-3 8.39261E-4 7.51852E-4 7.47727E-4 6.96486E-4 7.8155E-4 6.17279E-4 5.19366E-4 8.29978E-4 4.75301E-4 4.15982E-4 2.9274E-4 2.91865E-4 2.97698E-4 1.99444E-4 2.03874E-4 2.75252E-4 2.86696E-4
6.71654E-3 4.2489E-2 4.44763E-3 4.85557E-3 1.54328E-3 1.07918E-3 1.13641E-3 1.22544E-3 1.10336E-3 3.00058E-3 2.81912E-3 2.68578E-3 2.90343E-3 3.15967E-3 3.49523E-3 4.42745E-3 5.38047E-3 4.36435E-3 4.07254E-3 4.44024E-3 4.12391E-3 3.89789E-3 3.81287E-3 4.87832E-3 4.43569E-3 4.79748E-3 4.79284E-3 4.93562E-3 5.45001E-3 5.79763E-3 5.89433E-3 5.45328E-3 4.92078E-3 4.92683E-3 4.74264E-3 4.50586E-3 4.34667E-3 4.13579E-3 4.41403E-3 4.88584E-3 4.37617E-3 4.63952E-3 4.82337E-3 3.48527E-3 4.14959E-3 2.95418E-3 1.08536E-3 1.63225E-3 8.88704E-4 8.04097E-4 1.23638E-3 5.3838E-4 4.59825E-4 3.76201E-4 3.14387E-4 2.71556E-4 2.34673E-4 9.00988E-4 3.64959E-4 4.07252E-4
5.74731E-3 1.19345E-2 8.98472E-3 4.35343E-3 2.15015E-3 1.40749E-3 1.23332E-3 1.45777E-3 3.24779E-3 3.19252E-3 4.12495E-3 3.71064E-3 4.62871E-3 4.39693E-3 4.96148E-3 4.83409E-3 5.70006E-3 5.47988E-3 5.90199E-3 5.4782E-3 5.35328E-3 5.02362E-3 5.08229E-3 4.78518E-3 5.05081E-3 5.02951E-3 5.90961E-3 5.88667E-3 6.25908E-3 6.61308E-3 7.36406E-3 6.69556E-3 7.36302E-3 7.21812E-3 5.71356E-3 5.08494E-3 6.92264E-3 1.00717E-2 1.57199E-2 1.51314E-2 1.90028E-2 1.59342E-2 1.39254E-2 3.13519E-3 4.53823E-3 4.42999E-3 1.36568E-3 9.10007E-4 7.45634E-4 5.5656E-4 7.34129E-4 5.79931E-4 2.10058E-3 7.30517E-4 1.10428E-3 8.62771E-4 7.95895E-4 1.16918E-3 7.03761E-4 9.57729E-4
2.501E-2 5.59857E-3 3.93672E-3 3.43459E-3 3.36522E-3 1.77585E-3 1.53424E-3 2.08475E-3 3.82558E-3 4.16937E-3 4.60162E-3 4.32055E-3 4.5062E-3 5.7317E-3 6.19708E-3 5.74151E-3 5.89733E-3 7.30548E-3 6.37598E-3 6.12184E-3 6.48694E-3 6.12316E-3 6.04666E-3 6.08493E-3 6.30005E-3 7.39729E-3 6.62527E-3 7.1094E-3 1.00069E-2 1.0072E-2 9.79414E-3 8.9647E-3 8.26411E-3 8.60463E-3 8.25719E-3 2.08807E-2 1.27554E-2 9.08355E-3 4.05073E-2 9.04088E-3 6.36971E-3 1.11736E-2 1.22811E-2 1.68679E-3 1.37512E-3 1.37019E-3 3.011E-3 1.17935E-3 2.28233E-3 2.42609E-3 2.55963E-3 1.4859E-3 7.86095E-4 8.33814E-4 1.24835E-3 4.78421E-4 5.07272E-4 4.72296E-4 1.13511E-3 5.95669E-4
4.38889E-3 3.9854E-3 5.2837E-3 3.72405E-3 1.44638E-3 2.40563E-3 1.78564E-3 2.43283E-3 7.26565E-3 4.89872E-3 1.54732E-2 4.98803E-3 4.84124E-3 5.28036E-3 6.69643E-3 6.22428E-3 6.83807E-3 7.59362E-3 8.03438E-3 8.04974E-3 6.72525E-3 8.19415E-3 8.75433E-3 8.00067E-3 7.88679E-3 7.42293E-3 2.60564E-2 3.16206E-2 3.27616E-2 6.20719E-2 1.61535E-2 1.04255E-2 2.3654E-2 1.08763E-2 3.31392E-2 2.65196E-2 3.18326E-2 1.77742E-2 1.11806E-2 5.76512E-3 7.40627E-3 4.71571E-3 3.75887E-3 1.58081E-3 7.81923E-4 1.23302E-3 1.11338E-3 9.46801E-4 6.89102E-4 6.61171E-4 6.24013E-4 6.13646E-4 4.48597E-4 4.25531E-4 3.32997E-4 3.62764E-4 9.26606E-4 3.7656E-4 3.89988E-4 4.5831E-4
3.85736E-3 3.91262E-3 3.43924E-3 3.33381E-3 1.14739E-3 1.15072E-3 1.50461E-3 1.66059E-3 6.54644E-3 5.65737E-3 1.41572E-2 1.4974E-2 9.71846E-3 7.30866E-3 6.75464E-3 7.39341E-3 7.21614E-3 9.85541E-3 1.18093E-2 2.90298E-2 1.04601E-2 2.36465E-2 8.57568E-3 8.85227E-3 1.05781E-2 1.08564E-2 1.03959E-2 2.8175E-2 1.40193E-2 1.69956E-2 2.24209E-2 9.5631E-3 8.16942E-3 1.01388E-2 1.05862E-2 2.74478E-2 1.24648E-2 5.96695E-3 1.90124E-2 8.86394E-3 4.00704E-3 3.42212E-3 2.95313E-3 9.76506E-4 9.58417E-4 9.12013E-4 9.11173E-4 7.33158E-4 7.25407E-4 5.50405E-4 5.19767E-4 4.1245E-4 4.23592E-4 5.91529E-4 3.35844E-4 2.37553E-4 2.314E-4 2.41023E-4 2.68464E-4 3.993E-4
3.54649E-3 3.04148E-3 3.39115E-3 1.17456E-3 1.12672E-3 1.13477E-3 1.55452E-3 1.27755E-3 3.74712E-3 4.65209E-3 5.66964E-3 7.57432E-3 1.06939E-2 1.26914E-2 6.94851E-3 7.02277E-3 7.99354E-3 9.02045E-3 1.11644E-2 1.09704E-2 3.79173E-2 5.88353E-2 1.20624E-2 1.07202E-2 1.25048E-2 8.47582E-3 1.42539E-2 2.17915E-2 1.31501E-2 1.50425E-2 2.22367E-2 1.11814E-2 1.24212E-2 9.29828E-3 1.12414E-2 1.24914E-2 7.40361E-3 7.04217E-3 6.08683E-3 4.93261E-3 3.77406E-3 3.41228E-3 2.93585E-3 1.12698E-3 1.07494E-3 8.04705E-4 7.24579E-4 5.87533E-4 5.56224E-4 4.71908E-4 3.75235E-4 3.54943E-4 4.23821E-4 5.76642E-4 3.14153E-4 2.06587E-4 2.16793E-4 2.13253E-4 3.07423E-4 3.89631E-4
4.39698E-3 3.26814E-3 2.72257E-3 1.08805E-3 1.10145E-3 9.84418E-4 1.39284E-3 1.27628E-3 3.76964E-3 4.01547E-3 4.25223E-3 4.69431E-3 7.13168E-3 1.16314E-2 8.33422E-3 8.22535E-3 7.65482E-3 7.93178E-3 1.61794E-2 1.76581E-2 1.17223E-2 1.25907E-2 8.64005E-3 9.92305E-3 1.28445E-2 9.8185E-3 6.71155E-3 1.13275E-2 2.38012E-2 1.28302E-2 1.04825E-2 8.04313E-3 5.62801E-3 5.8196E-3 6.34718E-3 6.41711E-3 5.72271E-3 4.62386E-3 4.20987E-3 7.21917E-3 3.31057E-3 2.91931E-3 2.63183E-3 1.03484E-3 1.09915E-3 7.44633E-4 7.29027E-4 5.68126E-4 3.78465E-4 3.52034E-4 3.5741E-4 3.79095E-4 3.20329E-4 2.53832E-4 2.31981E-4 2.13741E-4 2.18975E-4 2.38116E-4 2.52344E-4 2.68369E-4
3.75254E-3 3.67416E-3 1.07563E-3 1.03031E-3 9.61716E-4 9.87014E-4 1.04696E-3 1.28079E-3 3.12733E-3 3.71086E-3 4.53165E-3 4.15789E-3 4.70505E-3 6.11788E-3 6.41533E-3 6.43188E-3 7.20366E-3 1.00135E-2 9.89961E-3 8.50407E-3 8.43304E-3 8.89601E-3 8.32787E-3 1.13747E-2 8.65132E-3 8.41878E-3 8.63924E-3 7.41768E-3 7.74537E-3 6.91347E-3 6.85118E-3 8.02979E-3 6.74489E-3 5.68156E-3 5.12575E-3 4.94162E-3 5.9501E-3 3.91991E-3 3.77174E-3 3.39762E-3 3.01053E-3 2.7115E-3 3.39814E-3 1.35375E-3 7.1285E-4 6.62611E-4 4.06859E-4 3.82855E-4 3.94289E-4 3.52235E-4 3.53825E-4 2.87097E-4 3.2581E-4 2.80568E-4 2.30022E-4 2.48323E-4 2.59841E-4 2.6579E-4 2.80062E-4 2.99786E-4
3.12723E-3 1.17802E-3 1.14297E-3 9.89279E-4 1.00085E-3 9.91794E-4 1.18555E-3 1.27297E-3 3.30883E-3 3.58052E-3 3.76107E-3 4.32746E-3 4.55765E-3 5.19722E-3 5.97215E-3 5.85037E-3 6.1129E-3 8.83556E-3 7.44694E-3 8.25021E-3 9.58086E-3 1.00549E-2 7.13296E-3 7.02932E-3 6.75595E-3 6.44049E-3 5.74079E-3 5.9031E-3 5.95611E-3 7.01134E-3 6.82284E-3 5.95776E-3 5.55312E-3 4.78213E-3 5.51003E-3 4.8019E-3 4.79469E-3 3.79872E-3 3.95498E-3 3.5111E-3 2.46454E-3 4.08551E-3 1.02096E-3 5.09331E-4 4.57321E-4 4.25723E-4 3.80365E-4 3.52843E-4 3.47921E-4 3.25704E-4 2.76162E-4 2.60045E-4 3.02371E-4 3.5179E-4 3.47085E-4 2.22959E-4 2.36615E-4 2.65333E-4 3.1829E-4 3.21019E-4
9.0618E-4 9.25091E-4 9.58274E-4 9.10166E-4 1.04082E-3 9.77634E-4 1.0465E-3 1.11272E-3 3.05373E-3 3.17708E-3 3.61081E-3 4.15804E-3 4.44509E-3 4.97741E-3 5.78548E-3 6.322E-3 6.61965E-3 6.33068E-3 6.81894E-3 7.92989E-3 6.52417E-3 6.5981E-3 6.28968E-3 6.3824E-3 6.48294E-3 6.15622E-3 5.29294E-3 4.64652E-3 4.59582E-3 5.75032E-3 6.75828E-3 6.31157E-3 4.05657E-3 3.51574E-3 4.5856E-3 4.35526E-3 3.34368E-3 3.06868E-3 2.83938E-3 2.41568E-3 1.89337E-3 1.48882E-3 5.61399E-4 4.7517E-4 4.55124E-4 3.92015E-4 3.64762E-4 3.32052E-4 3.06609E-4 2.90936E-4 2.6266E-4 2.48022E-4 2.58988E-4 2.95471E-4 4.05187E-4 2.33811E-4 2.38273E-4 2.45139E-4 2.73604E-4 3.36578E-4
7.82904E-4 8.46547E-4 9.35008E-4 1.03421E-3 1.72117E-3 1.32963E-3 7.43968E-4 8.25077E-4 8.5209E-4 2.46423E-3 2.68596E-3 3.1631E-3 3.94998E-3 3.50281E-3 3.803E-3 4.28813E-3 4.76035E-3 5.02E-3 4.63534E-3 4.66285E-3 4.60902E-3 4.80384E-3 4.34623E-3 4.02019E-3 3.88817E-3 4.34378E-3 3.4995E-3 3.72851E-3 3.60057E-3 3.62742E-3 3.97567E-3 4.6362E-3 3.24985E-3 3.01927E-3 2.85132E-3 2.83111E-3 2.04731E-3 1.80851E-3 1.7603E-3 1.5482E-3 1.51212E-3 5.87564E-4 5.25982E-4 4.98792E-4 4.00343E-4 3.70721E-4 3.39049E-4 3.11811E-4 2.90819E-4 1.88915E-4 2.52223E-4 2.43128E-4 2.24642E-4 2.14685E-4 2.27228E-4 2.3289E-4 2.3682E-4 2.41443E-4 2.38493E-4 2.53063E-4
6.6835E-4 6.38151E-4 6.13544E-4 6.11368E-4 9.60052E-4 6.30194E-4 7.49404E-4 7.24109E-4 8.43178E-4 2.29529E-3 2.50362E-3 2.7646E-3 2.88163E-3 2.93181E-3 3.1986E-3 3.91334E-3 4.11619E-3 3.80965E-3 4.13641E-3 3.6545E-3 3.87977E-3 3.58719E-3 3.52413E-3 3.48403E-3 3.57341E-3 3.21493E-3 3.11543E-3 2.36301E-3 2.11723E-3 2.15801E-3 2.17307E-3 2.46469E-3 2.206E-3 2.11644E-3 2.00999E-3 2.39102E-3 1.87262E-3 1.56984E-3 1.61184E-3 1.34831E-3 4.79345E-4 4.54046E-4 4.28129E-4 4.09827E-4 3.97891E-4 3.87194E-4 4.6234E-4 4.5964E-4 3.54445E-4 2.89922E-4 2.39818E-4 2.29049E-4 2.16317E-4 2.08312E-4 2.16129E-4 2.37734E-4 2.30539E-4 2.5322E-4 2.85334E-4 3.32177E-4
5.86993E-4 5.73375E-4 5.572E-4 5.30125E-4 5.29747E-4 6.79103E-4 6.68965E-4 6.85997E-4 4.97763E-4 6.84684E-4 2.03398E-3 1.79408E-3 1.81755E-3 3.83826E-3 3.00139E-3 2.7162E-3 2.41534E-3 2.97971E-3 2.47114E-3 2.70164E-3 2.46087E-3 2.47785E-3 2.43985E-3 2.32887E-3 2.30613E-3 2.19998E-3 2.15599E-3 1.90112E-3 1.82073E-3 1.83485E-3 1.75474E-3 1.99223E-3 2.04324E-3 2.10111E-3 1.88788E-3 1.87345E-3 1.6583E-3 1.30924E-3 1.28262E-3 4.53123E-4 5.12483E-4 4.27025E-4 3.83789E-4 3.83378E-4 3.38211E-4 3.90339E-4 3.86394E-4 2.86116E-4 2.78339E-4 2.53849E-4 2.53537E-4 2.25812E-4 2.00363E-4 1.97767E-4 2.14747E-4 2.31648E-4 3.05303E-4 2.70788E-4 2.64777E-4 2.5828E-4
3.99249E-4 3.87897E-4 3.82287E-4 3.5484E-4 4.15496E-4 4.22064E-4 4.26008E-4 4.46852E-4 4.62405E-4 4.70922E-4 1.01086E-3 1.41557E-3 1.54295E-3 3.04521E-3 2.40484E-3 1.85464E-3 2.06939E-3 2.24135E-3 2.38808E-3 2.10288E-3 2.34521E-3 2.26311E-3 2.15134E-3 2.21332E-3 2.03733E-3 1.87064E-3 1.75067E-3 1.65247E-3 1.59622E-3 1.58829E-3 1.53562E-3 1.51762E-3 1.57339E-3 1.53035E-3 1.48275E-3 1.35485E-3 1.28598E-3 1.17307E-3 4.22224E-4 3.99486E-4 4.63403E-4 4.09736E-4 4.03702E-4 3.2077E-4 3.75525E-4 3.39361E-4 3.71564E-4 2.59941E-4 2.41503E-4 2.31677E-4 2.3118E-4 2.46126E-4 1.92219E-4 2.34424E-4 2.11484E-4 2.20906E-4 2.48132E-4 2.57763E-4 4.68201E-4 3.31599E-4
