ENM/MaxEnt/ME_Abudefduf_saxatilis/Abudefduf_saxatilis.asc
ncols         720
nrows         360
xllcorner     -180.0
yllcorner     -90.0
cellsize      0.5
NODATA_value  -9999
[rows 189 to 215 of 360, columns 600 to 659 of 720]
2.59769E-2 1.85065E-2 1.11544E-2 3.98827E-2 5.83729E-2 5.37512E-2 1.71843E-1 3.98717E-3 2.72646E-3 1.35182E-3 3.01225E-3 3.10611E-3 3.38025E-3 9.6224E-3 4.32136E-3 5.14512E-3 3.60923E-3 3.86838E-3 2.97325E-3 2.7348E-2 2.18549E-2 4.42475E-3 4.83623E-3 9.17549E-2 4.55714E-2 4.23414E-2 1.04331E-2 8.63425E-3 2.29424E-2 1.62753E-1 1.6549E-1 1.81785E-1 2.95616E-1 2.97969E-1 2.20657E-1 1.66972E-1 -9999 -9999 -9999 -9999 -9999 -9999 -9999 -9999 -9999 -9999 -9999 -9999 -9999 -9999 -9999 6.41102E-2 4.95574E-2 1.60116E-3 6.05833E-4 7.93685E-4 4.974E-4 6.67298E-4 2.36297E-3 1.86158E-3
3.44196E-2 3.22082E-3 9.60955E-4 7.36065E-2 7.79481E-2 4.55911E-2 5.67691E-2 2.193E-2 1.014E-1 1.67431E-2 3.29948E-3 2.2879E-3 2.44817E-3 2.8297E-3 4.76811E-3 1.42477E-2 1.0354E-2 2.95836E-3 1.94247E-3 2.51084E-3 1.98082E-2 5.96504E-3 2.63829E-3 1.71623E-2 1.49076E-1 1.03375E-1 6.51883E-2 1.1748E-2 5.12973E-2 2.61643E-1 1.92282E-1 1.50514E-1 1.53791E-1 1.51979E-1 3.1297E-1 2.92345E-1 2.20507E-1 -9999 -9999 -9999 -9999 -9999 -9999 -9999 -9999 -9999 -9999 -9999 -9999 -9999 -9999 1.1081E-1 5.11052E-3 2.43663E-3 1.29244E-2 3.08259E-3 4.59603E-3 9.41594E-3 7.41712E-3 3.51236E-2
1.59931E-1 5.03779E-3 7.01709E-4 2.15702E-3 1.4761E-2 4.61788E-2 1.57688E-2 1.43728E-1 1.6769E-1 1.68093E-2 6.22751E-3 3.17854E-3 1.95476E-3 2.26695E-3 9.11382E-3 1.72099E-2 2.32172E-3 1.36485E-3 2.00769E-3 2.85792E-3 5.3674E-3 7.19398E-3 2.44814E-3 2.60927E-2 1.29312E-1 2.95449E-1 5.86288E-2 1.57804E-2 3.63011E-1 2.24221E-1 1.42924E-1 1.48531E-1 1.12134E-1 1.29136E-1 1.33591E-1 2.10841E-1 3.0626E-1 -9999 -9999 -9999 -9999 -9999 -9999 -9999 -9999 -9999 -9999 -9999 -9999 -9999 -9999 -9999 7.90481E-2 6.09054E-2 1.0434E-2 7.4465E-2 9.41954E-2 2.82332E-2 1.52401E-2 -9999
1.56249E-1 4.52682E-3 3.45692E-3 6.10637E-4 3.56028E-3 1.86677E-2 4.52041E-3 5.43103E-3 2.2277E-2 1.55532E-2 6.77923E-3 2.85451E-3 1.86945E-3 2.75324E-3 1.70163E-3 1.98636E-3 1.38343E-3 1.51757E-3 3.18645E-3 9.20879E-3 1.93132E-2 2.70176E-3 3.00958E-3 2.82659E-2 5.58647E-2 2.66423E-2 1.35178E-2 5.84483E-2 2.72782E-1 3.251E-1 1.81785E-1 1.43778E-1 9.1616E-2 9.17656E-2 1.13077E-1 1.5405E-1 3.26111E-1 2.34027E-1 -9999 -9999 -9999 -9999 -9999 -9999 -9999 -9999 -9999 -9999 -9999 -9999 -9999 -9999 -9999 -9999 -9999 1.73641E-1 3.88455E-3 7.66539E-3 5.35163E-3 4.9009E-2
1.70574E-2 1.44682E-1 2.60358E-2 7.28083E-4 4.1496E-3 1.1377E-3 2.5167E-3 1.80174E-3 2.6339E-3 2.34348E-3 2.96075E-3 1.4993E-3 1.66138E-3 1.24432E-2 1.79166E-3 2.11255E-3 3.89733E-3 6.00024E-3 2.17332E-2 2.92495E-2 3.74779E-3 5.11537E-3 2.01686E-2 1.11923E-1 8.48689E-2 1.48611E-2 1.29247E-1 1.66968E-1 2.55037E-1 3.12903E-1 1.49437E-1 1.10038E-1 8.59815E-2 9.08611E-2 1.11589E-1 1.8001E-1 2.1523E-1 3.13506E-1 1.82534E-1 -9999 -9999 -9999 -9999 -9999 -9999 -9999 -9999 -9999 -9999 -9999 -9999 -9999 -9999 5.06271E-2 7.18399E-2 1.98052E-2 3.39209E-3 1.73779E-3 1.6514E-3 2.42256E-3
1.35572E-2 1.91994E-1 7.18496E-2 7.34972E-2 3.0439E-3 8.31108E-4 3.74777E-4 1.5567E-3 1.45183E-3 1.52744E-3 2.32767E-3 3.32231E-3 2.47983E-3 8.2747E-3 2.41511E-2 1.69433E-2 1.64272E-2 2.62768E-2 5.91065E-3 1.4353E-2 1.64256E-2 2.85121E-2 2.60034E-1 2.82354E-1 6.65006E-2 7.06433E-2 1.16627E-1 1.34302E-1 1.50248E-1 1.63472E-1 1.28885E-1 1.00949E-1 7.6289E-2 1.37173E-1 1.72356E-1 2.00855E-1 3.40317E-1 3.27162E-1 2.42575E-1 -9999 -9999 -9999 -9999 -9999 -9999 -9999 -9999 1.79849E-1 -9999 1.75728E-1 -9999 -9999 -9999 -9999 6.18084E-2 4.2683E-3 1.68465E-3 1.51099E-3 1.14092E-3 1.33098E-3
1.14589E-3 1.39776E-3 3.39099E-3 7.22519E-4 4.88051E-3 1.01248E-3 6.07517E-4 1.10306E-2 3.39071E-3 3.43498E-3 2.49809E-3 2.2142E-2 3.86255E-2 1.05382E-1 2.62082E-2 2.56439E-2 4.34529E-3 5.16627E-3 1.07434E-2 1.14776E-1 9.05023E-2 2.96465E-1 2.2605E-1 1.17709E-1 5.70135E-2 7.45961E-2 9.65832E-2 1.09212E-1 1.11233E-1 1.02961E-1 1.01352E-1 7.44413E-2 7.98886E-2 1.14871E-1 1.90993E-1 3.22729E-1 2.082E-1 1.95386E-1 2.39233E-1 -9999 -9999 -9999 -9999 -9999 -9999 -9999 2.25466E-1 2.71972E-1 3.30141E-1 3.30958E-1 2.3244E-1 2.39568E-1 -9999 -9999 7.69843E-2 1.40264E-1 9.23072E-3 2.58046E-3 1.56348E-3 1.49713E-3
2.57804E-1 1.98214E-2 4.16979E-3 9.49221E-3 3.2552E-2 3.12353E-1 3.50432E-1 2.73409E-1 3.82542E-1 1.42707E-1 2.21003E-2 2.49453E-2 2.51357E-2 6.90523E-2 3.65492E-2 2.93965E-2 1.08233E-1 7.35285E-2 6.86769E-2 1.01663E-1 8.34643E-2 2.98953E-1 6.84953E-2 6.56399E-2 7.31718E-2 6.39532E-2 8.5924E-2 3.61592E-2 3.19579E-2 4.8749E-2 7.13948E-2 7.02524E-2 8.43678E-2 1.1453E-1 1.52782E-1 2.66581E-1 2.24474E-1 2.56253E-1 2.59791E-1 3.08295E-1 2.33082E-1 -9999 -9999 -9999 2.2587E-1 2.3442E-1 2.05481E-1 2.28438E-1 1.69044E-1 3.83489E-1 4.08184E-1 5.46993E-1 5.95054E-1 -9999 -9999 -9999 1.36542E-1 7.66324E-2 7.16239E-2 6.34822E-2
2.67904E-1 1.23335E-1 2.96463E-2 5.93692E-2 1.62115E-1 2.80798E-2 2.8967E-2 2.98188E-2 2.54355E-2 2.84436E-2 1.21697E-1 7.75617E-2 8.45409E-2 1.83376E-1 6.51963E-2 1.08398E-2 4.27622E-3 6.35401E-3 1.04925E-2 9.72755E-3 1.3933E-2 3.38625E-2 8.23184E-2 7.51148E-2 6.91494E-2 5.74578E-2 3.13222E-2 2.81545E-2 2.76965E-2 3.32047E-2 6.03249E-2 6.04294E-2 8.43377E-2 9.90728E-2 1.30345E-1 1.70674E-1 1.74775E-1 1.49876E-1 1.59288E-1 1.95309E-1 3.23264E-1 2.24869E-1 -9999 -9999 -9999 -9999 2.0967E-1 2.46872E-1 3.60122E-1 3.67785E-1 4.61367E-1 1.39418E-1 6.5203E-1 5.2173E-1 -9999 -9999 3.85824E-1 1.22947E-1 1.20899E-1 3.07342E-1
1.94159E-1 1.97281E-2 8.93137E-3 9.38183E-3 5.96786E-3 6.59749E-3 8.04946E-3 2.8516E-2 1.37774E-1 1.75099E-1 2.48484E-1 1.15185E-1 4.82307E-2 9.86182E-3 5.53075E-3 1.07727E-2 2.04345E-2 5.45927E-2 5.54228E-2 5.62624E-2 5.58377E-2 6.4801E-2 7.02543E-2 4.80012E-2 3.99013E-2 3.11746E-2 2.66309E-2 2.52591E-2 3.84965E-2 3.06578E-2 4.68457E-2 5.33614E-2 7.24171E-2 8.83401E-2 1.1832E-1 1.77022E-1 1.84159E-1 1.9014E-1 2.08912E-1 3.29944E-1 2.08441E-1 2.50272E-1 2.53151E-1 2.50259E-1 2.52214E-1 2.41861E-1 2.35554E-1 3.82851E-1 5.1937E-1 4.09169E-1 6.3879E-2 1.66343E-2 2.1431E-2 5.50452E-1 5.20271E-1 -9999 -9999 3.78416E-1 2.38124E-1 2.22325E-1
1.8646E-1 2.09832E-1 1.69203E-2 7.73208E-3 6.85897E-3 5.50319E-3 1.03881E-2 1.22819E-1 -9999 2.46536E-1 2.33079E-2 6.58315E-3 4.91386E-3 1.28911E-2 6.8337E-2 6.6919E-2 8.30402E-2 8.14929E-2 5.31463E-2 6.08924E-2 5.24537E-2 4.29459E-2 5.7317E-2 7.61548E-2 9.25517E-2 9.40044E-2 8.76546E-2 7.93029E-2 7.22485E-2 6.65835E-2 6.31003E-2 6.72871E-2 8.13131E-2 8.41411E-2 1.09342E-1 1.44479E-1 1.46217E-1 1.47232E-1 1.59897E-1 1.86506E-1 3.12939E-1 3.71053E-1 2.78835E-1 1.7361E-1 1.8383E-1 2.42516E-1 2.35149E-1 3.65617E-1 4.22467E-1 2.47905E-1 3.543E-2 4.11116E-2 9.3596E-3 1.28668E-2 2.4188E-1 3.99088E-1 -9999 -9999 2.50911E-1 2.88586E-1
2.93909E-1 2.08474E-1 3.15305E-2 2.03024E-1 2.25017E-2 8.15909E-3 2.74227E-1 1.80055E-1 1.36343E-1 1.63242E-2 6.67241E-3 2.40037E-2 5.05459E-2 6.05258E-2 7.29982E-2 6.18418E-2 5.34177E-2 5.74729E-2 7.68595E-2 9.44067E-2 7.54328E-2 1.01674E-1 1.00979E-1 1.05027E-1 1.08026E-1 1.1101E-1 1.07707E-1 9.96278E-2 8.82483E-2 8.27482E-2 7.73129E-2 8.83392E-2 9.81107E-2 1.28312E-1 1.68015E-1 1.50982E-1 1.23204E-1 1.12014E-1 1.25771E-1 1.53181E-1 1.85477E-1 2.05645E-1 2.09248E-1 1.48896E-1 2.43866E-1 1.73045E-1 1.48135E-1 2.61304E-1 2.73524E-1 7.50646E-2 4.86995E-2 4.89468E-2 1.15489E-2 1.03816E-2 2.27778E-2 6.83335E-2 5.61136E-1 4.20758E-1 2.67371E-1 3.10263E-1
1.72217E-2 2.58124E-2 1.18296E-1 1.73206E-1 1.09939E-1 2.89501E-1 1.61008E-1 1.42567E-2 5.92241E-3 2.32415E-2 1.25687E-2 1.43741E-2 1.3656E-2 1.42128E-2 1.20371E-2 4.11656E-2 3.64866E-2 6.22711E-2 8.29014E-2 1.04688E-1 1.21004E-1 1.29247E-1 1.28007E-1 1.39386E-1 1.6067E-1 1.66032E-1 1.63255E-1 1.27452E-1 1.18009E-1 1.10913E-1 1.03362E-1 1.11434E-1 1.31106E-1 2.15584E-1 1.7285E-1 1.69613E-1 1.24204E-1 1.03376E-1 1.01312E-1 1.12897E-1 1.12234E-1 1.24194E-1 1.3634E-1 1.49684E-1 2.54325E-1 2.714E-1 2.43042E-1 1.95666E-1 1.7866E-1 1.99293E-2 2.62151E-2 2.03455E-2 1.34649E-2 1.11806E-2 1.25809E-2 1.29168E-2 1.31561E-2 1.19997E-2 2.27183E-2 9.719E-2
1.12023E-2 1.74156E-2 2.23761E-2 1.54078E-2 1.49584E-2 2.5604E-2 2.7121E-2 4.70787E-2 6.26856E-2 6.52451E-2 1.50556E-2 1.648E-2 1.22091E-2 4.12161E-2 8.85582E-3 2.56086E-2 4.3431E-2 5.65184E-2 7.81919E-2 1.01044E-1 2.31481E-1 2.47607E-1 2.46136E-1 2.52675E-1 2.64665E-1 2.61568E-1 2.52887E-1 1.89619E-1 1.57391E-1 1.48402E-1 1.33344E-1 1.49309E-1 1.68316E-1 3.14232E-1 1.92375E-1 1.49094E-1 1.00205E-1 7.0733E-2 4.93111E-2 1.51501E-1 1.99127E-1 8.70602E-2 1.14928E-1 1.52981E-1 2.17607E-1 2.73366E-1 2.56896E-1 2.21088E-1 9.56549E-2 1.26907E-2 1.64615E-2 1.24656E-2 1.14036E-2 9.32799E-3 1.28442E-2 1.12129E-2 9.65284E-3 1.18915E-2 1.00488E-2 1.11349E-2
5.05956E-3 5.08405E-3 6.05916E-3 6.22328E-3 1.15665E-2 5.40807E-2 9.3997E-2 6.49916E-2 5.44719E-2 5.67568E-2 1.68216E-2 4.8202E-2 4.24796E-2 4.5868E-2 3.88398E-2 7.3923E-3 1.061E-2 1.30538E-2 1.68129E-2 9.47193E-2 2.22608E-1 2.15807E-1 2.29697E-1 1.68477E-1 1.77172E-1 2.33456E-1 2.33201E-1 2.57088E-1 2.55892E-1 2.52756E-1 1.90731E-1 2.55674E-1 2.49574E-1 2.4487E-1 1.45532E-1 1.11887E-1 8.59906E-2 6.15401E-2 4.6042E-2 5.98417E-2 2.33547E-1 1.12051E-1 1.31478E-1 1.85099E-1 1.85591E-1 2.95431E-1 3.599E-1 4.2227E-1 4.67598E-2 1.36244E-2 8.63316E-3 8.29407E-3 1.01381E-2 1.45262E-2 1.38023E-2 1.45115E-2 1.64084E-2 1.52748E-2 1.57523E-2 1.13548E-2
5.81E-3 6.64994E-3 5.9316E-3 8.63679E-3 9.94451E-3 6.25558E-2 6.42025E-2 7.6467E-2 5.29345E-2 4.97253E-2 4.52043E-2 5.04493E-2 5.98751E-2 5.95199E-2 5.20381E-2 1.09577E-2 1.02755E-2 1.30783E-2 1.83863E-2 2.31119E-2 1.45161E-1 2.3292E-1 2.19702E-1 2.28685E-1 2.34469E-1 2.01928E-1 -9999 -9999 1.8658E-1 1.87109E-1 2.31311E-1 2.23706E-1 2.55065E-1 2.39689E-1 1.6204E-1 1.1206E-1 8.65386E-2 6.03988E-2 1.36113E-1 1.80909E-1 2.44309E-1 2.98599E-1 1.53389E-1 2.47529E-1 1.39974E-1 -9999 5.06834E-1 4.1567E-1 7.40214E-2 1.29091E-2 1.28995E-2 7.36884E-3 6.54759E-3 1.05732E-2 5.68395E-3 5.81726E-3 5.89895E-3 5.69587E-3 6.66942E-3 7.00939E-3
6.78153E-3 8.292E-3 7.48548E-3 6.77034E-3 8.3988E-3 3.856E-2 3.78113E-2 3.89613E-2 4.34945E-2 5.85478E-2 6.06756E-2 7.31814E-2 8.52308E-2 8.18886E-2 1.04722E-1 6.32091E-2 1.3083E-2 1.67546E-2 2.94907E-2 1.60007E-1 3.43211E-1 2.88915E-1 1.65049E-1 -9999 -9999 -9999 -9999 -9999 -9999 -9999 -9999 -9999 1.45797E-1 2.55585E-1 1.45599E-1 1.12151E-1 8.27073E-2 6.19926E-2 1.47995E-1 1.98928E-1 2.6603E-1 1.3269E-1 1.62324E-1 2.59212E-1 1.39118E-1 -9999 2.95429E-1 5.32505E-1 5.06926E-2 1.24846E-2 1.49995E-2 1.13278E-2 1.11807E-2 9.5877E-3 6.37922E-3 4.96932E-3 5.73962E-3 5.21739E-3 5.45373E-3 6.64372E-3
4.81106E-3 5.36758E-3 5.76346E-3 1.38877E-2 3.60171E-2 3.19248E-2 3.75081E-2 3.96398E-2 5.015E-2 6.95738E-2 8.56168E-2 1.17655E-1 1.31624E-1 1.34108E-1 1.25688E-1 1.32522E-1 9.70968E-2 1.11516E-1 2.76171E-1 4.74313E-1 4.5063E-1 -9999 -9999 -9999 -9999 -9999 -9999 -9999 -9999 -9999 -9999 1.93896E-1 2.5548E-1 2.49905E-1 1.45838E-1 1.12851E-1 8.14453E-2 6.1898E-2 1.53951E-1 2.15812E-1 2.73806E-1 1.36885E-1 1.91906E-1 2.25634E-1 -9999 -9999 -9999 4.93027E-1 7.88911E-2 1.36864E-2 1.32828E-2 1.23151E-2 1.23364E-2 9.06772E-3 1.27089E-2 6.9535E-3 4.68888E-3 5.37959E-3 5.60349E-3 5.05952E-3
4.97689E-3 5.23452E-3 5.57427E-3 3.57339E-2 4.55974E-2 3.71783E-2 4.23261E-2 4.50162E-2 7.82446E-2 9.39449E-2 1.22001E-1 1.77628E-1 1.85883E-1 5.39665E-1 5.11181E-1 2.2929E-1 2.66514E-1 2.74504E-1 3.7235E-1 4.92684E-1 -9999 -9999 -9999 -9999 -9999 -9999 -9999 -9999 -9999 -9999 -9999 1.96213E-1 2.59181E-1 2.52523E-1 1.55911E-1 1.13837E-1 8.22252E-2 6.23132E-2 1.59353E-1 2.18821E-1 2.75444E-1 1.36409E-1 1.884E-1 1.8195E-1 -9999 -9999 -9999 4.95545E-1 4.31137E-1 6.12712E-2 1.58763E-2 1.27769E-2 1.49867E-2 3.63259E-2 8.73987E-3 1.36781E-2 6.90312E-3 5.12382E-3 4.79709E-3 4.29707E-3
4.57957E-3 7.68694E-3 1.20652E-2 5.0163E-2 4.78329E-2 4.25366E-2 7.40653E-2 9.27207E-2 9.31713E-2 1.2385E-1 2.35968E-1 3.35221E-1 3.75385E-1 4.50321E-1 3.56134E-1 5.29384E-1 3.88451E-1 4.08472E-1 5.30792E-1 4.45127E-1 -9999 -9999 -9999 -9999 -9999 -9999 -9999 -9999 -9999 -9999 -9999 2.36976E-1 2.47819E-1 2.47653E-1 1.67E-1 1.15535E-1 8.61927E-2 6.27977E-2 6.52993E-2 2.17657E-1 2.70099E-1 1.42984E-1 1.85844E-1 2.01194E-1 -9999 -9999 -9999 4.67575E-1 4.94465E-1 5.32287E-1 2.87715E-1 6.20495E-2 9.05475E-3 2.21562E-2 2.02469E-2 1.03556E-2 7.84643E-3 1.19001E-2 6.35436E-3 4.68927E-3
6.70747E-3 1.70788E-2 4.13895E-2 5.1117E-2 7.82338E-2 7.73386E-2 8.49851E-2 9.50467E-2 1.01157E-1 2.04678E-1 3.12546E-1 3.04473E-1 -9999 -9999 -9999 3.63597E-1 5.36421E-1 5.22819E-1 5.27788E-1 5.20103E-1 -9999 -9999 -9999 -9999 -9999 -9999 -9999 -9999 -9999 -9999 1.90313E-1 2.42374E-1 1.59067E-1 1.47745E-1 1.33028E-1 1.0876E-1 9.09679E-2 8.2901E-2 8.59499E-2 2.51013E-1 1.20267E-1 1.43101E-1 1.82696E-1 2.05702E-1 -9999 -9999 -9999 -9999 -9999 3.9968E-1 4.93434E-1 8.07903E-2 1.22173E-2 1.32996E-2 1.91295E-2 2.20939E-2 2.07652E-2 1.12314E-2 7.63611E-3 9.486E-3
1.108E-2 4.29753E-2 6.76133E-2 9.73604E-2 1.07761E-1 1.00692E-1 1.02454E-1 1.18218E-1 2.06586E-1 3.57537E-1 3.39149E-1 -9999 -9999 -9999 -9999 -9999 4.58434E-1 -9999 4.17991E-1 4.1631E-1 -9999 -9999 -9999 -9999 -9999 -9999 -9999 -9999 -9999 -9999 -9999 1.93419E-1 2.45964E-1 1.86229E-1 1.79208E-1 1.35426E-1 1.21462E-1 1.07838E-1 1.10549E-1 1.15067E-1 1.3536E-1 1.71304E-1 2.1074E-1 1.94699E-1 -9999 -9999 -9999 -9999 -9999 -9999 4.49281E-1 3.17381E-1 9.46839E-3 1.6604E-2 5.13356E-2 3.63206E-2 3.26199E-2 4.30365E-2 4.04566E-2 1.73956E-2
3.42183E-2 7.61579E-2 1.15027E-1 1.17335E-1 1.42548E-1 1.42954E-1 1.48693E-1 1.33602E-1 2.2319E-1 2.93243E-1 -9999 -9999 -9999 -9999 -9999 -9999 -9999 -9999 -9999 -9999 -9999 -9999 -9999 -9999 -9999 -9999 -9999 -9999 -9999 -9999 -9999 -9999 1.80915E-1 2.41106E-1 2.49935E-1 1.65997E-1 1.59697E-1 1.40147E-1 1.51881E-1 1.47918E-1 1.37224E-1 1.81715E-1 3.05958E-1 -9999 -9999 -9999 -9999 -9999 -9999 -9999 4.32774E-1 4.54791E-1 1.67175E-2 1.01883E-2 4.42388E-2 4.20178E-2 5.23672E-2 4.82356E-2 1.67618E-1 1.4715E-1
4.84753E-2 1.14333E-1 1.31218E-1 1.40197E-1 1.68519E-1 2.6697E-1 2.62907E-1 3.92302E-1 2.85642E-1 3.27354E-1 -9999 -9999 -9999 -9999 -9999 -9999 -9999 -9999 -9999 -9999 -9999 -9999 -9999 -9999 -9999 -9999 -9999 -9999 -9999 -9999 -9999 -9999 -9999 -9999 1.79316E-1 2.33049E-1 2.17593E-1 1.68059E-1 2.52151E-1 2.56213E-1 1.58478E-1 1.77475E-1 3.04049E-1 -9999 -9999 -9999 -9999 -9999 -9999 -9999 4.34518E-1 4.88313E-1 6.50838E-2 1.20122E-2 2.34195E-2 1.20803E-1 1.52785E-1 7.15885E-2 1.31193E-1 1.32077E-1
5.974E-2 1.10986E-1 1.33694E-1 1.98832E-1 2.9794E-1 2.66294E-1 2.69242E-1 3.27644E-1 -9999 -9999 -9999 -9999 -9999 -9999 -9999 -9999 -9999 -9999 -9999 -9999 -9999 -9999 -9999 -9999 -9999 -9999 -9999 -9999 -9999 -9999 -9999 -9999 -9999 -9999 -9999 -9999 2.10236E-1 2.35332E-1 3.01282E-1 1.70549E-1 1.65888E-1 2.36897E-1 2.53477E-1 -9999 -9999 -9999 -9999 -9999 -9999 -9999 -9999 5.12959E-1 4.56806E-1 6.08926E-2 1.86693E-2 2.0207E-1 9.09297E-2 8.33457E-2 1.90444E-1 1.73008E-1
9.5804E-2 1.37888E-1 1.64316E-1 2.85628E-1 3.05578E-1 -9999 3.25175E-1 3.53333E-1 -9999 -9999 -9999 -9999 -9999 -9999 -9999 -9999 -9999 -9999 -9999 -9999 -9999 -9999 -9999 -9999 -9999 -9999 -9999 -9999 -9999 -9999 -9999 -9999 -9999 -9999 -9999 -9999 -9999 -9999 2.79692E-1 2.52509E-1 2.1357E-1 3.17081E-1 -9999 -9999 -9999 -9999 -9999 -9999 -9999 -9999 -9999 4.09325E-1 5.05465E-1 2.29379E-1 2.88268E-2 8.77696E-2 1.94513E-1 1.885E-1 1.68504E-1 2.42172E-1
9.21866E-2 1.61054E-1 1.87109E-1 2.57836E-1 3.72867E-1 -9999 -9999 3.3331E-1 -9999 -9999 -9999 -9999 -9999 -9999 -9999 -9999 -9999 -9999 -9999 -9999 -9999 -9999 -9999 -9999 -9999 -9999 -9999 -9999 -9999 -9999 -9999 -9999 -9999 -9999 -9999 -9999 -9999 -9999 -9999 1.89892E-1 2.2423E-1 1.90704E-1 -9999 -9999 -9999 -9999 -9999 -9999 -9999 -9999 -9999 -9999 5.00327E-1 4.44349E-1 1.55196E-1 3.72187E-2 1.888E-1 2.04585E-1 1.60283E-1 3.0766E-1
