ENM/MaxEnt/ME_Abudefduf_saxatilis/Abudefduf_saxatilis.asc
ncols         720
nrows         360
xllcorner     -180.0
yllcorner     -90.0
cellsize      0.5
NODATA_value  -9999
[rows 297 to 323 of 360, columns 480 to 539 of 720]
4.82784E-6 4.77916E-6 4.74735E-6 4.79981E-6 4.77346E-6 4.73123E-6 4.65475E-6 4.65666E-6 4.72976E-6 4.67488E-6 4.31127E-6 4.16268E-6 4.80446E-6 4.58381E-6 4.40268E-6 1.14125E-5 1.13819E-5 1.03891E-5 9.52283E-6 8.33425E-6 1.07347E-5 1.04679E-5 1.13935E-5 1.11177E-5 1.01769E-5 9.03106E-6 7.54343E-6 4.81842E-6 3.8926E-6 6.80206E-6 6.38945E-6 6.56693E-6 6.54964E-6 7.31204E-6 1.18402E-5 9.50883E-6 8.68992E-6 7.98214E-6 6.74672E-6 2.35713E-6 1.61167E-6 1.53511E-6 1.60237E-6 1.6905E-6 1.5836E-6 2.19716E-6 2.01523E-6 2.08196E-6 2.3307E-6 3.6006E-6 4.04881E-6 5.11659E-6 5.8996E-6 5.9981E-6 6.08741E-6 6.14662E-6 5.99742E-6 5.93464E-6 5.82937E-6 5.63933E-6
4.55918E-6 4.53335E-6 4.51324E-6 4.49064E-6 4.51952E-6 4.5721E-6 4.40558E-6 4.10114E-6 4.21956E-6 4.3985E-6 4.02644E-6 4.32981E-6 4.64544E-6 4.46093E-6 4.35951E-6 4.22878E-6 4.08126E-6 3.83563E-6 3.9483E-6 1.02176E-5 1.02476E-5 9.443E-6 1.04196E-5 9.86981E-6 9.25776E-6 8.41344E-6 7.775E-6 4.28431E-6 4.37788E-6 5.83681E-6 4.29154E-6 6.11105E-6 6.1968E-6 6.43316E-6 6.68646E-6 2.56646E-6 1.80536E-6 1.8156E-6 1.55591E-6 1.23757E-6 1.48516E-6 1.19673E-6 1.49609E-6 1.62946E-6 1.70293E-6 1.64555E-6 1.27388E-6 2.52349E-6 1.92581E-6 2.42578E-6 3.68742E-6 4.4338E-6 5.21886E-6 5.67895E-6 5.70291E-6 5.63391E-6 5.51543E-6 5.39741E-6 5.25531E-6 5.14546E-6
4.30856E-6 4.2706E-6 4.23564E-6 4.22202E-6 4.36835E-6 3.82146E-6 4.01287E-6 3.80633E-6 3.8986E-6 4.07599E-6 3.90165E-6 4.26461E-6 4.25576E-6 4.2154E-6 4.08603E-6 4.0807E-6 3.91801E-6 3.74636E-6 3.67731E-6 3.67543E-6 3.62198E-6 3.54107E-6 3.64509E-6 3.4533E-6 2.94288E-6 2.87115E-6 2.98049E-6 1.593E-6 1.62272E-6 1.62635E-6 1.79753E-6 1.84815E-6 2.55121E-6 2.56772E-6 1.86896E-6 1.88997E-6 1.54641E-6 1.38907E-6 1.21462E-6 1.18955E-6 1.17678E-6 1.44926E-6 1.56462E-6 1.73481E-6 1.75689E-6 1.73878E-6 1.80746E-6 1.72736E-6 1.5076E-6 1.32762E-6 2.27056E-6 3.63264E-6 4.25227E-6 4.84706E-6 5.23723E-6 1.37391E-5 1.33972E-5 1.3153E-5 1.29604E-5 1.27991E-5
1.04793E-5 1.03969E-5 1.02983E-5 8.62558E-6 8.89256E-6 3.22235E-6 3.96503E-6 3.1895E-6 3.88829E-6 3.77171E-6 3.97003E-6 3.93276E-6 3.89952E-6 3.84767E-6 3.80064E-6 3.74643E-6 3.7382E-6 3.60191E-6 3.59477E-6 3.57375E-6 3.4335E-6 3.49423E-6 3.53328E-6 3.34525E-6 3.05084E-6 2.76884E-6 2.77261E-6 2.56658E-6 2.90796E-6 1.62209E-6 1.49795E-6 1.50286E-6 1.46329E-6 2.67017E-6 2.36383E-6 2.36222E-6 2.33623E-6 2.32114E-6 2.39218E-6 1.23237E-6 1.41369E-6 1.4398E-6 1.49261E-6 1.49138E-6 1.54989E-6 1.54917E-6 1.60365E-6 1.53857E-6 1.40072E-6 2.08592E-6 5.37555E-6 7.72731E-6 9.71315E-6 1.12134E-5 1.19987E-5 1.21867E-5 1.20491E-5 1.18496E-5 1.16161E-5 1.20408E-5
8.71899E-6 8.58203E-6 8.0701E-6 8.14404E-6 8.14876E-6 8.17933E-6 8.21113E-6 7.64911E-6 8.08573E-6 3.65351E-6 3.68938E-6 3.65379E-6 3.5941E-6 3.56657E-6 3.53046E-6 3.47505E-6 3.45054E-6 3.4088E-6 3.40267E-6 3.18536E-6 3.33068E-6 3.23957E-6 3.24755E-6 3.20055E-6 3.13339E-6 2.98371E-6 2.75411E-6 2.72445E-6 2.70628E-6 2.64103E-6 2.48719E-6 2.26111E-6 2.42561E-6 2.64617E-6 2.60287E-6 2.5885E-6 2.37322E-6 2.38035E-6 6.34629E-6 5.95479E-6 3.16232E-6 3.67722E-6 3.5969E-6 3.66849E-6 3.78252E-6 4.3186E-6 3.982E-6 3.9491E-6 5.05713E-6 5.12824E-6 6.26026E-6 8.00559E-6 8.32526E-6 9.59002E-6 1.07155E-5 1.1182E-5 1.13964E-5 1.12815E-5 1.10944E-5 1.08609E-5
8.35711E-6 8.27098E-6 8.21832E-6 7.23171E-6 7.60234E-6 7.69208E-6 7.70171E-6 7.16882E-6 7.30039E-6 7.29507E-6 8.87582E-6 8.86911E-6 8.83155E-6 8.75759E-6 8.71058E-6 8.59428E-6 3.29187E-6 3.30169E-6 3.16189E-6 3.114E-6 3.10276E-6 3.12563E-6 3.1152E-6 3.06069E-6 3.02072E-6 3.00175E-6 2.87597E-6 2.78179E-6 2.18328E-6 2.32523E-6 2.23716E-6 2.63585E-6 2.48182E-6 5.50111E-6 5.522E-6 6.78206E-6 6.37336E-6 6.41147E-6 6.15272E-6 5.83923E-6 5.8892E-6 3.12643E-6 3.18859E-6 3.69587E-6 3.70808E-6 3.79605E-6 5.21859E-6 5.55182E-6 3.79767E-6 5.22613E-6 5.81021E-6 5.35657E-6 6.58778E-6 7.58662E-6 8.14709E-6 8.60298E-6 9.43913E-6 9.86399E-6 9.91178E-6 9.78595E-6
8.08335E-6 7.99091E-6 9.04226E-6 7.64251E-6 7.58171E-6 7.43157E-6 7.41742E-6 6.98836E-6 7.42131E-6 7.48171E-6 8.5592E-6 8.37844E-6 8.4159E-6 8.46766E-6 8.44991E-6 8.44694E-6 8.3551E-6 8.14163E-6 7.87421E-6 7.77961E-6 7.65284E-6 7.56793E-6 7.52062E-6 7.53585E-6 7.60169E-6 7.64535E-6 7.69312E-6 7.66395E-6 6.20214E-6 6.0462E-6 6.03317E-6 6.06926E-6 6.11119E-6 5.96238E-6 7.25936E-6 6.99053E-6 7.09975E-6 6.56907E-6 6.18085E-6 5.75906E-6 5.76691E-6 6.5342E-6 3.60924E-6 6.66915E-6 5.8096E-6 5.85113E-6 5.78248E-6 5.31268E-6 5.50163E-6 5.93503E-6 6.71084E-6 6.65763E-6 6.6871E-6 7.05777E-6 7.29211E-6 7.4714E-6 7.91284E-6 8.07519E-6 8.41006E-6 8.75668E-6
7.70202E-6 7.39019E-6 7.37736E-6 7.6716E-6 7.52654E-6 7.13918E-6 7.12342E-6 6.97498E-6 6.97453E-6 7.03336E-6 8.45958E-6 8.47855E-6 8.51495E-6 8.67607E-6 8.82075E-6 8.63374E-6 8.36293E-6 8.08692E-6 7.86719E-6 7.70988E-6 7.61575E-6 7.57174E-6 7.57611E-6 7.51961E-6 7.54834E-6 7.57521E-6 7.1596E-6 7.09972E-6 5.89187E-6 5.7673E-6 5.77629E-6 5.948E-6 6.39053E-6 6.36591E-6 6.24914E-6 6.18785E-6 6.10805E-6 6.83345E-6 6.13652E-6 6.1259E-6 5.47027E-6 3.90463E-6 3.89385E-6 3.45827E-6 6.45721E-6 6.48676E-6 5.52751E-6 5.46234E-6 5.43942E-6 5.76162E-6 5.98651E-6 6.28252E-6 6.3557E-6 6.28682E-6 6.48652E-6 6.4571E-6 6.78562E-6 7.26033E-6 7.71163E-6 8.24917E-6
7.14639E-6 7.17721E-6 7.13804E-6 7.3242E-6 7.16859E-6 6.57665E-6 6.39288E-6 6.52493E-6 6.59573E-6 6.67337E-6 8.00472E-6 7.96402E-6 7.92537E-6 7.96129E-6 7.97504E-6 7.82648E-6 7.62774E-6 7.46256E-6 7.3233E-6 7.19498E-6 7.18482E-6 7.20734E-6 7.20386E-6 7.18491E-6 7.16682E-6 7.18147E-6 7.13649E-6 7.06032E-6 5.83856E-6 5.76558E-6 5.82044E-6 5.90063E-6 5.84417E-6 5.83802E-6 5.89234E-6 5.90463E-6 5.91798E-6 6.64349E-6 6.64935E-6 6.21937E-6 6.28376E-6 6.20702E-6 5.73235E-6 5.6177E-6 5.64008E-6 5.67681E-6 5.62718E-6 5.51678E-6 5.38344E-6 5.35461E-6 5.53164E-6 5.76395E-6 6.04207E-6 6.56335E-6 6.59949E-6 6.8077E-6 6.72159E-6 6.91276E-6 7.25428E-6 7.41494E-6
6.59261E-6 6.69171E-6 6.65328E-6 6.65956E-6 6.41153E-6 7.22534E-6 7.06268E-6 7.25591E-6 7.39771E-6 7.45069E-6 7.27843E-6 7.0985E-6 7.04079E-6 7.05832E-6 7.05967E-6 6.81426E-6 6.57821E-6 6.54584E-6 6.53912E-6 6.69208E-6 6.68106E-6 6.67091E-6 6.6797E-6 6.71612E-6 6.83084E-6 6.83784E-6 6.82812E-6 6.79033E-6 6.77784E-6 5.64193E-6 5.81168E-6 5.75531E-6 5.77148E-6 5.79254E-6 6.88255E-6 5.83115E-6 5.90738E-6 5.88115E-6 6.9722E-6 6.93589E-6 6.58635E-6 6.24877E-6 6.45971E-6 6.25162E-6 5.92977E-6 5.94432E-6 5.39642E-6 5.83787E-6 5.5365E-6 5.54964E-6 6.15493E-6 6.33297E-6 6.1141E-6 6.41529E-6 6.52854E-6 6.71388E-6 6.80714E-6 6.76115E-6 6.80484E-6 6.88159E-6
6.2731E-6 6.23875E-6 6.11017E-6 5.95461E-6 5.56048E-6 5.4187E-6 6.60541E-6 6.55433E-6 6.77333E-6 6.77837E-6 6.52494E-6 6.42679E-6 6.29819E-6 6.25359E-6 6.18073E-6 6.00791E-6 5.86854E-6 5.80443E-6 5.81507E-6 5.9618E-6 6.02799E-6 5.93269E-6 6.00046E-6 6.09552E-6 6.23032E-6 6.39386E-6 6.47415E-6 6.54241E-6 6.56632E-6 5.57855E-6 6.55977E-6 6.44539E-6 6.44303E-6 6.50632E-6 6.51046E-6 6.51762E-6 6.5377E-6 6.45286E-6 6.48325E-6 6.43973E-6 6.25024E-6 6.30802E-6 6.47645E-6 6.39746E-6 5.86851E-6 5.76919E-6 5.79419E-6 5.90335E-6 5.92296E-6 6.11118E-6 6.18707E-6 6.1221E-6 6.14295E-6 6.08255E-6 6.04806E-6 6.12076E-6 6.16464E-6 6.15707E-6 6.18006E-6 6.23244E-6
5.81802E-6 5.71995E-6 5.43591E-6 5.23484E-6 4.90394E-6 4.87994E-6 5.05425E-6 6.14415E-6 6.26414E-6 6.32585E-6 6.42291E-6 5.90315E-6 5.86893E-6 5.91336E-6 5.64452E-6 5.43683E-6 5.1811E-6 5.22533E-6 5.25811E-6 5.34445E-6 5.44841E-6 5.50001E-6 5.53083E-6 5.70357E-6 5.87578E-6 6.08097E-6 6.27437E-6 6.32221E-6 6.25752E-6 5.9874E-6 6.03526E-6 6.07931E-6 6.02515E-6 6.13181E-6 6.14095E-6 6.16E-6 6.13457E-6 6.07014E-6 6.03757E-6 6.10162E-6 6.16274E-6 6.18478E-6 6.25678E-6 6.1956E-6 6.00445E-6 5.94425E-6 5.84218E-6 5.88683E-6 5.87622E-6 5.77921E-6 5.66304E-6 5.65383E-6 5.54817E-6 5.44365E-6 5.40364E-6 5.41734E-6 5.50726E-6 5.60361E-6 5.69449E-6 5.58264E-6
5.14692E-6 5.15909E-6 5.01631E-6 4.80059E-6 5.81973E-6 5.47116E-6 5.33029E-6 5.12328E-6 5.13939E-6 5.23679E-6 5.57917E-6 5.78686E-6 5.71317E-6 5.36163E-6 5.02597E-6 4.76014E-6 4.76585E-6 4.7788E-6 4.64916E-6 4.68873E-6 4.97046E-6 5.13331E-6 5.2777E-6 5.4873E-6 5.66772E-6 5.83761E-6 5.92538E-6 5.76503E-6 5.54477E-6 5.41112E-6 5.35114E-6 5.40656E-6 5.49136E-6 5.59069E-6 5.66663E-6 5.65864E-6 5.64403E-6 5.66151E-6 5.66818E-6 5.77366E-6 5.85081E-6 5.75989E-6 5.73184E-6 5.53161E-6 5.2823E-6 5.091E-6 4.96014E-6 5.00861E-6 5.15389E-6 4.98299E-6 4.84417E-6 5.09406E-6 5.12102E-6 4.98912E-6 4.87966E-6 4.8717E-6 4.79612E-6 4.82074E-6 4.70522E-6 4.59977E-6
4.77894E-6 4.84702E-6 4.72839E-6 4.81186E-6 4.83949E-6 5.6871E-6 5.27162E-6 4.75226E-6 4.55636E-6 4.33338E-6 4.43493E-6 4.5678E-6 5.09971E-6 5.12013E-6 4.65049E-6 4.47366E-6 4.46456E-6 4.31643E-6 4.33383E-6 4.3572E-6 4.54645E-6 4.68676E-6 4.78578E-6 4.83417E-6 4.89287E-6 4.99478E-6 5.07696E-6 5.19381E-6 4.93957E-6 4.87153E-6 4.95377E-6 5.21516E-6 5.43242E-6 5.50806E-6 5.47398E-6 5.3796E-6 5.32039E-6 5.28892E-6 5.17269E-6 5.16847E-6 4.9346E-6 4.59052E-6 4.26954E-6 4.06745E-6 4.17515E-6 4.35702E-6 4.25367E-6 3.9954E-6 3.88925E-6 4.09576E-6 3.97539E-6 4.3368E-6 3.9955E-6 4.16832E-6 3.93139E-6 3.72781E-6 3.77259E-6 3.57021E-6 3.41216E-6 3.36949E-6
4.56022E-6 4.77752E-6 4.86174E-6 5.18056E-6 4.99095E-6 4.84139E-6 5.06536E-6 4.76439E-6 4.60877E-6 4.5933E-6 4.32087E-6 4.30402E-6 4.06734E-6 4.59002E-6 4.72438E-6 4.58779E-6 4.23774E-6 4.44251E-6 4.29687E-6 4.06414E-6 4.18368E-6 4.33301E-6 4.41333E-6 4.51073E-6 4.26738E-6 4.42234E-6 4.43373E-6 4.42096E-6 4.52799E-6 4.57288E-6 4.7751E-6 4.77776E-6 4.62516E-6 4.46549E-6 4.43837E-6 4.63003E-6 4.71857E-6 4.52738E-6 4.25167E-6 3.98641E-6 4.12718E-6 4.53827E-6 4.65419E-6 3.11111E-6 3.12668E-6 4.73347E-6 5.17516E-6 5.3455E-6 3.64913E-6 5.96521E-6 5.25678E-6 5.90587E-6 3.67294E-6 4.32699E-6 7.61445E-6 5.61386E-6 5.99783E-6 5.55767E-6 3.89972E-6 4.93427E-6
3.7144E-6 3.81564E-6 3.68359E-6 3.97714E-6 4.46987E-6 3.79017E-6 4.08323E-6 3.98674E-6 4.1139E-6 4.25075E-6 3.86933E-6 3.86672E-6 4.19999E-6 3.90495E-6 4.02897E-6 4.35911E-6 4.05019E-6 4.20196E-6 2.42829E-6 4.308E-6 4.13662E-6 4.06333E-6 4.38523E-6 2.73831E-6 2.77438E-6 4.57083E-6 4.11553E-6 4.27053E-6 4.03104E-6 4.24718E-6 4.25867E-6 4.00937E-6 4.58793E-6 3.88073E-6 4.04724E-6 3.92397E-6 4.41617E-6 3.93368E-6 3.98102E-6 3.04313E-6 2.64251E-6 2.48313E-6 2.10655E-6 3.19368E-6 3.32546E-6 2.63761E-6 2.83324E-6 3.29258E-6 4.64082E-6 3.35808E-6 5.64538E-6 6.03681E-6 4.60067E-6 5.94403E-6 4.51071E-6 4.28627E-6 4.25434E-6 7.26651E-6 2.73877E-6 5.76898E-6
5.67938E-6 7.1866E-6 6.35049E-6 4.61919E-6 4.42513E-6 4.97785E-6 6.97424E-6 7.99723E-6 4.36379E-6 6.56263E-6 4.63326E-6 3.97568E-6 4.64004E-6 4.65218E-6 3.8801E-6 4.76095E-6 5.38931E-6 4.29276E-6 5.24906E-6 4.88544E-6 4.79218E-6 5.08648E-6 6.84871E-6 4.56402E-6 4.89083E-6 3.36662E-6 5.99763E-6 4.93794E-6 4.1066E-6 3.89795E-6 3.91681E-6 4.48299E-6 3.72703E-6 6.23347E-6 5.63452E-6 5.54496E-6 3.97569E-6 2.90997E-6 2.2538E-6 2.24173E-6 2.41893E-6 2.67014E-6 1.99419E-6 2.34183E-6 2.44211E-6 2.4268E-6 3.02863E-6 3.22941E-6 2.7852E-6 2.71911E-6 2.53845E-6 2.26924E-6 2.79666E-6 2.22847E-6 1.90169E-6 1.71745E-6 1.55932E-6 1.36958E-6 1.27969E-6 2.12293E-6
3.24369E-6 5.56871E-6 6.8424E-6 6.55012E-6 4.62939E-6 2.38465E-6 1.93851E-6 2.08782E-6 1.88936E-6 1.88535E-6 1.99278E-6 4.3341E-6 2.09764E-6 1.95005E-6 2.3129E-6 2.4451E-6 2.78059E-6 2.18435E-6 2.47333E-6 1.98699E-6 1.82376E-6 2.15776E-6 2.61537E-6 2.5884E-6 2.49707E-6 2.48294E-6 2.90492E-6 3.14585E-6 3.84978E-6 3.8629E-6 3.60216E-6 3.44489E-6 3.07071E-6 3.053E-6 6.01693E-6 2.46053E-6 2.1958E-6 2.54097E-6 2.30708E-6 2.45787E-6 7.35648E-6 6.66968E-6 3.18418E-6 2.44336E-6 1.83056E-6 2.34709E-6 2.0174E-6 1.71103E-6 1.42468E-6 1.37961E-6 1.53997E-6 1.5935E-6 1.15629E-6 -9999 -9999 -9999 -9999 -9999 -9999 -9999
-9999 -9999 9.90252E-7 1.36779E-6 1.36301E-6 1.63272E-6 1.08659E-6 -9999 1.47929E-6 1.68898E-6 1.64903E-6 1.48364E-6 1.54244E-6 1.58684E-6 1.82576E-6 2.65069E-6 1.6504E-6 1.5141E-6 1.40118E-6 1.38906E-6 1.82905E-6 1.77505E-6 1.85001E-6 2.35143E-6 2.83807E-6 2.40618E-6 2.57957E-6 2.67122E-6 2.8636E-6 3.05605E-6 2.80652E-6 2.81894E-6 2.73709E-6 2.78647E-6 2.77747E-6 2.44404E-6 2.45454E-6 2.61116E-6 2.47172E-6 2.35322E-6 2.22256E-6 2.11917E-6 1.89869E-6 1.44112E-6 1.42406E-6 1.43526E-6 1.09837E-6 -9999 -9999 -9999 -9999 -9999 -9999 -9999 -9999 -9999 -9999 -9999 -9999 -9999
-9999 -9999 -9999 -9999 -9999 -9999 -9999 -9999 -9999 -9999 -9999 -9999 -9999 -9999 -9999 -9999 -9999 -9999 -9999 1.24371E-6 1.76817E-6 1.97465E-6 1.94944E-6 2.10537E-6 5.84036E-6 4.68085E-6 2.27924E-6 2.43574E-6 2.48289E-6 2.48168E-6 2.48159E-6 2.51889E-6 2.48959E-6 2.50844E-6 2.50799E-6 2.84481E-6 1.96137E-6 1.84298E-6 1.58609E-6 1.44943E-6 -9999 -9999 -9999 -9999 -9999 -9999 -9999 -9999 -9999 -9999 -9999 -9999 -9999 -9999 -9999 -9999 -9999 -9999 -9999 -9999
-9999 -9999 -9999 -9999 -9999 -9999 -9999 -9999 -9999 -9999 -9999 -9999 -9999 -9999 -9999 -9999 -9999 -9999 1.13668E-6 1.41134E-6 2.27699E-6 3.17937E-6 2.50975E-6 3.31194E-6 3.47148E-6 3.08838E-6 9.76588E-6 2.35525E-6 2.36214E-6 2.37596E-6 2.40909E-6 2.40066E-6 3.28856E-6 5.96772E-6 2.93993E-6 2.38536E-6 1.75604E-6 -9999 -9999 -9999 -9999 -9999 -9999 -9999 -9999 -9999 -9999 -9999 -9999 -9999 -9999 -9999 -9999 -9999 -9999 -9999 -9999 -9999 -9999 -9999
-9999 -9999 -9999 -9999 -9999 -9999 -9999 -9999 -9999 -9999 -9999 -9999 -9999 -9999 -9999 -9999 -9999 1.21198E-6 1.45647E-6 1.58378E-6 1.74897E-6 1.74855E-6 1.9795E-6 1.99258E-6 2.06299E-6 2.27339E-6 2.7768E-6 3.84985E-6 2.87046E-6 5.66455E-6 2.91682E-6 3.17718E-6 2.47511E-6 1.7668E-6 2.0454E-6 1.90364E-6 -9999 -9999 -9999 -9999 -9999 -9999 -9999 -9999 -9999 -9999 -9999 -9999 -9999 -9999 -9999 -9999 -9999 -9999 -9999 -9999 -9999 -9999 -9999 -9999
-9999 -9999 -9999 -9999 -9999 -9999 -9999 -9999 -9999 -9999 -9999 -9999 -9999 -9999 -9999 -9999 -9999 1.19957E-6 1.72563E-6 2.03311E-6 2.04658E-6 2.01203E-6 1.90279E-6 1.81613E-6 1.84322E-6 2.14149E-6 1.57616E-6 1.39575E-6 1.57287E-6 1.66672E-6 1.44136E-6 1.29755E-6 -9999 -9999 -9999 -9999 -9999 -9999 -9999 -9999 -9999 -9999 -9999 -9999 -9999 -9999 -9999 -9999 -9999 -9999 -9999 -9999 -9999 -9999 -9999 -9999 -9999 -9999 -9999 -9999
-9999 -9999 -9999 -9999 -9999 -9999 -9999 -9999 -9999 -9999 -9999 -9999 -9999 -9999 -9999 -9999 -9999 1.23532E-6 1.69297E-6 2.06863E-6 2.00634E-6 2.04231E-6 1.99431E-6 2.02397E-6 1.57949E-6 1.28795E-6 -9999 -9999 -9999 -9999 -9999 -9999 -9999 -9999 -9999 -9999 -9999 -9999 -9999 -9999 -9999 -9999 -9999 -9999 -9999 -9999 -9999 -9999 -9999 -9999 -9999 -9999 -9999 -9999 -9999 -9999 -9999 -9999 -9999 -9999
-9999 -9999 -9999 -9999 -9999 -9999 -9999 -9999 -9999 -9999 -9999 -9999 -9999 -9999 -9999 -9999 -9999 -9999 1.39134E-6 1.86513E-6 1.96894E-6 1.9947E-6 2.04421E-6 1.55875E-6 1.24394E-6 -9999 -9999 -9999 -9999 -9999 -9999 -9999 -9999 -9999 -9999 -9999 -9999 -9999 -9999 -9999 -9999 -9999 -9999 -9999 -9999 -9999 -9999 -9999 -9999 -9999 -9999 -9999 -9999 -9999 -9999 -9999 -9999 -9999 -9999 -9999
-9999 -9999 -9999 -9999 -9999 -9999 -9999 -9999 -9999 -9999 -9999 -9999 -9999 -9999 -9999 -9999 -9999 1.19421E-6 1.50086E-6 2.06854E-6 1.8897E-6 2.0213E-6 1.46985E-6 -9999 -9999 -9999 -9999 -9999 -9999 -9999 -9999 -9999 -9999 -9999 -9999 -9999 -9999 -9999 -9999 -9999 -9999 -9999 -9999 -9999 -9999 -9999 -9999 -9999 -9999 -9999 -9999 -9999 -9999 -9999 -9999 -9999 -9999 -9999 -9999 -9999
-9999 -9999 -9999 -9999 -9999 -9999 -9999 -9999 -9999 -9999 -9999 -9999 -9999 -9999 -9999 -9999 1.15337E-6 1.39496E-6 1.97558E-6 1.5532E-6 1.43689E-6 1.22842E-6 1.14836E-6 -9999 -9999 -9999 -9999 -9999 -9999 -9999 -9999 -9999 -9999 -9999 -9999 -9999 -9999 -9999 -9999 -9999 -9999 -9999 -9999 -9999 -9999 -9999 -9999 -9999 -9999 -9999 -9999 -9999 -9999 -9999 -9999 -9999 -9999 -9999 -9999 -9999
