Environmental Parameters/RCP 26/2100/Net_Primary_Production.asc
ncols 720
nrows 360
xllcorner -180.00
yllcorner -90.00
cellsize 0.5
NODATA_value -9999
[rows 250 to 274 of 360, columns 280 to 335 of 720]
4.624095745 4.542270675 4.462734796 4.277694505 4.100542748 3.929011058 3.809129354 3.816784592 3.969311481 4.190431209 4.255897366 4.229787504 4.075560486 3.860062687 3.520199563 3.315369831 3.395443317 3.614386311 3.542417195 3.374388441 3.174970392 3.032073146 3.054194152 3.211556468 3.266001819 3.250922076 3.174855839 3.227800597 3.259179415 3.316870658 3.328335471 3.39529966 3.522846149 3.489482449 3.500432475 3.519171849 3.51581513 3.499558661 3.520968836 3.362759249 3.267844673 3.356354544 3.519604681 3.62755172 3.612125525 3.474665573 3.399363952 3.413129598 3.582610283 3.559321864 3.492780728 3.355555702 3.288640175 3.265611129 3.229674418 3.142396454
5.447884323 5.107837263 4.892459372 4.690332338 4.509912338 4.372142488 4.161988851 4.137588898 4.332642304 4.609015072 4.664771724 4.514978966 4.33631707 4.251248436 4.066972528 3.935862565 3.931560321 4.042224027 4.030285403 3.910438623 3.738041269 3.552685957 3.656948917 3.760619322 3.84679297 3.681812435 3.406709759 3.403814277 3.522075014 3.60155385 3.668174613 3.676690627 3.728641663 3.811340313 3.947964637 4.068383947 4.120738478 4.113863222 4.066946451 3.924409859 3.738550469 3.543351078 3.573677735 3.668250749 3.778869053 3.815031843 3.751450218 3.765351139 3.712831764 3.58690368 3.503069049 3.437594045 3.349109553 3.332337365 3.31324595 3.277655458
6.46453118 5.960817449 5.554780131 5.20625338 5.018644035 4.682101775 4.467400024 4.385791952 4.713134374 5.19634271 5.267201923 4.926743452 4.709936678 4.820443224 5.059519317 5.271285772 5.357445218 5.369085819 5.192883778 4.843965173 4.541951232 4.335941281 4.50059399 4.433817696 4.432232585 4.155149683 3.727830015 3.523773048 3.510122886 3.647480858 3.800616134 3.932852531 4.068159731 4.244310083 4.455236252 4.612088669 4.676903598 4.67649335 4.576701205 4.393623443 4.147247877 3.863691119 3.797691083 3.827056848 3.9705995 4.071888281 4.058857914 4.030456068 4.041036125 3.999795532 3.975418862 4.049271811 4.240568727 4.301908892 4.056537291 3.679750254
6.881379988 6.702833343 6.58778986 6.430099718 6.084476598 5.563988816 4.971551476 4.779611481 5.128183868 5.30031044 4.877011757 4.47867997 4.388729576 4.716272932 5.444004666 5.935614463 5.84799936 5.59340464 5.316926632 4.994984716 4.738608841 4.752425477 4.933188669 4.955681972 4.69124876 4.303676076 3.856556024 3.668956459 3.595974296 3.764567664 3.975948319 4.09839442 4.187984858 4.438614473 4.654384218 4.758264404 4.725090694 4.72666882 4.694792908 4.470372573 4.37605055 4.098162986 3.968772246 3.950575599 4.069553688 4.296131665 4.42273682 4.376411438 4.293386824 4.223766737 4.292740952 4.555928521 4.925677553 5.088005681 4.971477203 4.659910221
6.020552013 5.862379912 5.847371649 5.767995957 5.709804129 5.717654247 5.61062526 5.201064516 5.030363332 4.79708612 4.275219282 3.82682588 3.694619285 3.882933641 4.260627553 4.427111708 4.244670738 4.310154822 4.489433486 4.466538783 4.336441867 4.280591849 4.310770426 4.220575094 4.18212777 4.13588481 3.9781956 3.900269046 4.016766325 3.976979759 3.776520025 3.7934836 3.850668902 4.034011625 4.295495804 4.430012312 4.409275018 4.435459152 4.533001687 4.479099531 4.361444619 4.386253655 4.240951035 4.415053874 4.599261098 4.804573953 5.01465844 5.069926847 4.92675649 4.77587292 4.785493948 5.007835571 5.346643738 5.318819545 5.255474243 5.250393413
5.925561301 5.696056411 5.525182467 5.258011166 5.159065127 5.264113192 5.145906936 4.853657912 4.632058088 4.50043194 4.350592615 4.111010116 3.913571592 3.856932279 3.966899356 4.040081054 4.191295011 4.503888544 4.637076054 4.465589765 4.251056351 4.043817054 4.062265391 4.114080919 4.147611326 4.263151903 4.277227446 4.218171816 4.265881144 4.263707902 4.194718786 4.230477847 4.166688304 4.249603488 4.41397028 4.552047234 4.596263636 4.570108373 4.556281958 4.586303607 4.660360515 4.691263661 4.680515267 4.764154088 4.795744549 4.822681658 4.996450152 5.150436424 5.181402434 5.135731772 5.118990317 5.305515137 5.563172512 5.638118833 5.636002868 5.608405918
6.325694732 6.02186285 5.725936964 5.308563821 5.038231146 4.992838949 4.993603565 4.874654114 4.710875684 4.457395989 4.165640334 4.080893006 3.924275283 3.741865279 3.872798057 3.963039955 4.021682078 4.187160637 4.445384722 4.397930112 4.105409607 3.863136983 3.870959859 3.975005355 4.117489327 4.280287772 4.379355349 4.383810796 4.367185757 4.223178606 4.105316009 4.091214854 4.142635502 4.149912391 4.202595912 4.324140027 4.442349542 4.505598918 4.57397569 4.654491786 4.692168906 4.725783598 4.814816639 4.805496894 4.824751057 4.775653593 4.835635889 4.959088285 4.928570241 4.839234985 5.035022739 5.193528254 5.459373817 5.619620904 5.656415597 5.774613004
6.582613103 6.591023877 6.521321367 5.812063813 5.293812603 4.958666861 4.989100154 4.968230147 5.139988381 4.966360983 4.521046299 4.1091647 3.725426039 3.544569947 3.678804263 3.947396297 4.213008564 4.118758254 4.160432611 4.280456807 4.172495566 4.029091448 3.874017857 3.94874881 3.986037336 4.077397753 4.185664002 4.203436896 4.229351413 4.236418754 4.136830568 4.166019149 4.231811035 4.276456311 4.298013635 4.249136895 4.269999452 4.421562888 4.623650108 4.795104731 4.914836958 5.105661228 5.019362085 4.966806155 5.021471996 4.963208456 4.872179125 4.926387686 4.755275324 4.674549215 4.63448884 4.947199952 5.342364311 5.751545075 5.888908636 5.89521043
5.852280185 6.127993111 6.289675832 6.218072027 5.891736597 5.474766716 5.157290492 4.955136217 5.186667666 5.572904367 5.577360746 5.098538473 4.284660332 3.781956155 3.714301856 3.981887829 4.480653908 4.874538165 4.997413605 4.875276703 4.575340543 4.198796116 4.094538745 4.012081772 3.928302787 3.951613326 4.022754263 4.109361209 4.177825525 4.082779866 3.990492318 4.047469702 4.223193042 4.395113327 4.626840353 4.669586662 4.68573207 4.768110812 4.911003634 4.979574122 5.069970619 5.221396685 5.356351379 5.416297819 5.463960115 5.411100574 5.363730248 5.325072445 5.467834417 5.496144295 5.37107233 5.077875219 5.036763847 5.355027039 5.84344659 6.260543596
5.768280011 5.849152803 5.741118453 5.484197754 5.316981114 5.223600194 5.207293667 5.152572412 5.286985543 5.72980009 6.008877419 5.775043741 5.401893053 4.825042561 4.053214565 4.02486138 4.53642616 5.267519038 5.766097456 5.772925913 5.384190939 4.844963085 4.567413125 4.276256543 4.111002199 4.156335257 4.314841237 4.413824994 4.369127098 4.136022646 4.015072249 3.902637865 3.900895361 4.070888273 4.379484802 4.543603864 4.611089826 4.712018184 4.823371768 4.87947138 4.81616566 4.83278092 5.020208657 5.137836095 5.183629692 5.151814315 5.041425116 4.909447394 4.903781228 5.083226133 5.208712071 5.186456256 5.285569001 5.490004551 5.64277079 5.625174381
6.040490232 6.200633943 6.084339228 5.593798123 5.074906163 4.75037843 4.794246983 5.073463079 5.335398484 5.702535156 6.035699975 5.946373567 5.602694582 5.254661664 4.727469757 4.387771245 4.827920347 5.740653258 6.733607035 6.927904673 6.28733309 5.559954327 5.017491058 4.608025774 4.382288549 4.387494177 4.60964907 4.726711195 4.65706503 4.287138581 3.891258501 3.69492406 3.632966895 3.759226296 4.105241504 4.318143241 4.434630275 4.69067879 4.772506189 4.738977179 4.832630046 4.975538701 4.900394939 4.991604481 5.090562627 4.924667068 4.631000105 4.412986804 4.391419236 4.537127446 4.793915898 5.076883826 5.236313678 5.279359873 5.21230232 5.160919856
6.213347893 6.415995304 6.304854527 5.8277715 5.291408394 4.91195498 4.650607705 4.739111755 4.672019277 4.813725594 5.367471371 5.4883142 5.314771552 4.97041177 4.668700974 4.553948063 4.766189959 5.245925859 6.378993392 7.206438575 6.8218261 6.138279103 5.37184393 4.8103421 4.770617466 4.772943445 5.197591614 5.431968253 5.284202751 4.721803591 4.319006111 3.907180857 3.848763648 3.829815425 4.108127207 4.253278952 4.423223436 4.737403709 5.053902045 5.706441589 6.266797893 6.980982609 6.682797801 5.924561992 5.676744971 5.248956382 4.842901137 4.660789855 4.498134833 4.434181843 4.58804518 4.777271301 4.884716589 4.841287155 5.091640633 5.336457863
6.27344707 6.451416761 6.353452802 5.913604982 5.324810743 5.089940503 4.871419631 4.623656627 4.298515618 4.308706615 4.742494784 5.147811491 5.262219347 4.954213277 4.513514694 4.23033582 4.17105481 4.600289743 5.576412659 6.196998525 6.186653394 6.154992152 6.179157179 5.806352478 5.561317783 5.707291421 6.00978313 6.086792797 6.033577491 5.851950962 5.533859599 4.870265257 4.582324997 4.605021328 4.47365921 4.364365246 4.58421791 4.979990888 5.395821761 5.735765677 6.399559788 7.291373797 7.458358072 6.953909993 6.150478031 5.360458046 5.066279322 5.104423966 4.825103097 4.607023206 4.505423363 4.404219333 4.43748245 4.602146335 5.077505019 5.541947205
6.570220925 6.714243442 6.587167736 5.969869904 5.129804369 4.589026794 4.492596257 4.325824324 4.021534231 4.034661688 4.614580423 5.058118608 5.218254402 5.144760478 4.487628117 4.066523165 3.893680871 4.167668987 4.87661222 5.606776569 5.760752596 5.644933321 6.45167334 6.498978473 6.337803788 6.322286092 6.276278757 6.154682022 6.277778186 6.409972906 6.360571366 6.090534851 5.509160459 5.1635243 4.845936783 4.721154924 4.803350195 5.082165822 5.470273551 5.69629157 6.267889868 7.084104698 7.331268396 7.142497227 6.732767448 6.54759258 6.665573455 6.778542884 6.535440218 6.265271921 4.976937547 4.401728977 4.275999498 4.440602846 4.862843081 5.216121674
6.66757673 6.550825201 5.904211197 5.149198696 4.557820503 4.017602187 3.774074372 3.687934484 3.637179732 3.704646137 4.206749611 4.847416654 5.040038843 5.157612264 4.804538563 4.244537093 3.71213397 3.628857899 3.980323207 4.735746887 5.259791389 5.26104914 5.344551522 5.852533039 6.359818857 6.296894979 6.178626791 6.027524825 6.161590107 6.870883517 7.414526306 7.301609032 6.960792001 6.411654875 5.480962805 5.136644468 5.059912335 5.086163525 5.436981097 5.70093561 6.226106547 6.693125702 6.934229285 7.273091469 7.481678855 7.521370426 7.436704356 7.584448438 7.050856948 6.878959015 6.828976329 6.005412899 4.881893285 4.514547065 4.633027129 4.977135919
6.073523778 6.120516919 5.824062508 4.899448715 4.08566324 3.545839339 3.265682608 3.10411863 3.234460019 3.534437623 3.958949354 4.580964334 4.963311832 5.005629733 4.763616715 4.323489498 3.675076645 3.320659511 3.511485644 4.104318563 4.657673184 4.712093621 4.735796712 4.812303465 5.21158753 5.742930342 5.717745051 5.442010704 5.296650808 5.838639569 6.200074684 6.438284181 6.50189491 6.469419226 6.237671711 5.911150482 5.608107429 5.24057541 5.199905019 5.676932167 5.781071261 5.238683894 5.177620333 5.54197235 6.83791656 7.942645345 8.073516656 8.147994988 8.224491496 7.607181557 7.323089987 7.143165451 6.595167797 5.73439477 5.340057891 5.424232688
6.084205117 6.318738218 6.053592078 5.202549975 3.959178925 3.238019068 3.018243704 3.161077388 3.454465419 3.821037244 4.34628129 4.799222574 5.130953155 5.101143382 4.909710493 4.475661553 3.956508823 3.672932275 3.7032119 3.912862856 4.157141782 4.369375762 4.48371144 4.591832869 4.641778767 4.785403609 4.76685958 4.452074878 4.281388596 4.277116619 4.407089669 4.88230912 5.086422898 5.372647196 5.799626 6.145468447 6.422509439 6.177425385 5.712333601 5.559009966 5.118713714 4.243177362 4.011105746 4.411275499 5.378762726 6.018864457 6.040417589 5.753797013 5.740970839 6.695862394 8.121268358 7.898111362 7.887800224 7.031701971 6.36789063 6.026016083
7.277578115 7.821473293 7.361301687 6.232463289 5.153002683 4.302955233 3.557860386 3.871334717 4.26181592 4.662636202 5.135073327 5.475848913 5.763951689 5.669850856 5.478862207 5.014252849 4.717247561 4.456819966 4.299776163 4.348584916 4.526268691 4.782776348 4.788710736 4.787702113 4.511962179 4.213585984 3.836518619 3.524008207 3.288996406 3.15169571 3.926820587 4.613679834 4.726717249 4.88467142 5.099643487 5.380593706 5.728843156 5.998621229 6.226702593 6.098740268 5.551582668 4.661747254 4.038488027 4.24812315 4.965921864 5.211270414 5.207761656 5.224112421 5.244385451 5.491319112 7.022825535 8.309192024 8.396740071 7.9390225 7.234620396 6.591263693
8.76370864 9.097647388 7.942292374 6.697511766 5.570841022 4.296242725 3.97463562 4.080447368 4.400145262 4.992041737 5.355443805 5.532568786 5.507278722 5.451317877 5.472669844 5.466446746 5.715256091 5.613598973 5.280083045 5.14940219 5.34579251 5.557385273 5.76154748 5.29996492 4.941274878 4.432107322 3.711305559 3.037514631 2.717144322 3.20343161 4.641327076 5.54180285 6.067763548 6.225770805 6.552760489 6.497568451 6.317325402 6.777029485 6.767323706 6.727844011 5.923070479 4.924801178 4.594656173 4.824582953 4.931768868 4.637078848 4.539289512 4.950047471 5.16198948 5.179266911 6.032941397 6.605949719 7.883986458 8.200396784 7.750128862 6.831563544
8.527996484 8.216863032 8.085987065 6.900191307 5.222158507 4.014841747 3.363133408 3.361754585 3.719214816 4.429696593 5.084684119 5.314868875 5.31756226 5.438523367 5.520358216 5.879302975 6.003178656 5.507075228 4.792877007 4.266048782 4.550735001 5.800017621 6.219439674 6.018333137 5.677966867 5.323649384 4.844738636 4.235433415 3.919458482 4.563510884 5.59815811 6.408868358 7.309222594 7.418948226 7.374130655 7.611298934 7.680589799 7.155540865 6.956025492 7.21114967 7.007411215 6.174265873 5.710510071 5.457171239 4.976090509 4.329975229 4.042101558 4.242760595 4.070222378 4.092870513 4.437598633 5.024732323 5.458434578 5.86930383 5.80127025 5.480858963
7.846438792 7.293698378 7.295661606 6.925630849 4.759257194 3.389850259 3.100179601 3.322642762 3.908153158 4.882707726 5.6931125 5.812407937 5.67013165 5.757787265 5.941693205 6.362975109 6.00263197 4.954090808 3.662059549 2.79819034 3.720430657 5.226781592 6.135512143 6.389415823 6.456377916 6.401558872 6.034551654 5.657847505 5.517668556 5.742509849 5.779321771 5.388095044 4.977546167 4.857671447 5.17688226 5.526144989 5.830213893 5.616915412 5.622731522 6.030007266 6.259974558 5.89837553 5.776867736 5.608669482 4.992445232 4.054412246 3.71463364 3.971705446 3.57041182 2.997485921 3.138489556 3.233645111 3.304509679 3.474760568 3.565025749 3.566432511
6.856186781 6.698395591 6.571605802 5.975342356 4.643613007 3.868323751 3.501772415 3.549263813 4.270774312 5.723556969 6.674666889 7.068534382 7.166398223 7.070870604 7.193319965 6.804956123 5.539067555 4.168137908 2.479447983 1.917373855 3.949172329 5.32457279 5.518058315 6.025046576 6.107976194 6.102820393 6.040014792 5.887187319 5.636810325 5.204972345 4.383503692 3.897188697 3.403740004 2.800111193 3.18294717 3.554143012 4.158273339 4.412586102 4.088493763 4.465859151 5.037882365 5.383330397 5.426169373 5.155573133 4.371116636 3.207047237 3.124709008 3.775523277 3.190727904 2.618268132 2.562182955 2.594739664 2.428894397 2.310587792 2.242173767 2.2642517
6.069801282 6.340674125 6.065350492 5.708998535 5.354047753 5.097787362 4.598596599 4.02383646 5.081114825 7.687451784 8.374038152 8.661929518 8.727441542 8.70527653 8.02279776 6.713815965 5.138670094 3.864292521 2.629593946 2.259360626 3.648872022 4.694641801 4.642484942 4.567584954 5.173729267 4.935116274 4.858322907 4.648617934 4.187986022 3.378605936 3.032385604 3.16335354 2.932746429 2.296567895 2.380085411 2.969234483 4.171500914 4.509161459 4.143941682 4.163287813 4.20270185 3.913230263 3.719103755 3.364591859 2.478571143 2.054918557 2.709227614 3.876733128 3.419275163 2.593129873 2.500280039 2.449203981 2.285783412 2.263837261 2.315900754 2.302962821
5.38158277 6.048969459 6.466882769 6.350684911 6.101097446 5.45950979 4.728200845 4.133987706 5.439187866 7.296840195 7.511751726 7.648773957 8.347059134 8.599397261 7.010659203 5.75486524 4.534074571 3.364263568 2.645412227 2.41609104 2.603462199 3.242142731 3.48859583 3.08144372 2.830606187 2.902756445 3.072560532 3.006201936 2.674610121 2.394795185 2.469125204 2.831390826 2.753191162 2.396871569 2.38548615 2.694582799 3.111204365 3.258514684 3.191259224 3.21145542 3.031951608 2.698031254 2.26504379 1.998922322 1.926622121 2.086628461 2.523797797 3.095288994 3.0318012 2.441017423 2.294250298 2.33448646 2.323966008 2.393869916 2.403424121 2.211598679
4.993243609 5.768058822 6.382367574 6.510118954 6.136816926 5.46244625 4.567871802 4.301509354 5.012701731 5.911194254 5.95446676 6.011590827 5.445650779 5.147464573 4.849792458 4.457974806 4.014507169 3.471741686 3.026218619 2.76144268 2.762452932 3.06828972 2.995951567 2.809452359 2.555790823 2.601033309 2.758074319 2.921294887 2.953933785 3.011144698 2.993949223 2.809176454 2.686621156 2.734326525 2.6773063 2.672340255 2.646704204 2.795775887 2.964779269 3.002822632 3.05372919 2.911061281 2.430680208 2.049961826 1.976369182 2.197181573 2.431180095 2.595379017 2.52525392 2.271665959 2.229888691 2.255018568 2.256149193 2.330729738 2.307993826 2.082963241
