Environmental Parameters/RCP 26/2100/Net_Primary_Production.asc
ncols 720
nrows 360
xllcorner -180.00
yllcorner -90.00
cellsize 0.5
NODATA_value -9999
[rows 175 to 199 of 360, columns 112 to 167 of 720]
11.94066554 11.70868333 11.67273801 11.55212428 11.30580623 11.12958044 11.06644049 11.15054823 11.33504976 11.57563552 11.53388992 11.45164203 11.27398107 11.26333885 11.25493646 11.09021157 10.98626573 10.86602546 10.78271214 10.37987415 10.10934915 9.81328357 9.794184938 9.761572815 9.685267694 9.534671903 9.387809783 9.19006858 9.022060782 8.892280981 8.787743747 8.844366297 8.87207035 8.7685287 8.642520756 8.477536961 8.559960872 8.591826074 8.626978844 8.577705361 8.480332792 8.384372108 8.340328932 8.343578316 8.374209516 8.371553384 8.380398154 8.34253896 8.295846172 8.313835599 8.312243968 8.26255139 8.192017674 8.097720332 7.988049649 7.918804418
12.87426893 12.84570061 12.59467378 12.46225834 12.44121324 12.44069263 12.4260392 12.3672178 12.33317424 12.30491605 12.26266194 12.11749297 12.00383343 12.08380051 12.24058215 12.23433018 12.13496923 11.86918654 11.59958728 11.29710488 10.72262321 10.30972786 10.24605893 10.28134115 10.35734173 10.44557616 10.54629032 10.55280305 10.39389335 10.16033813 10.04801504 10.06072201 10.13094187 10.18983126 10.17881464 10.04361268 9.78175085 9.613921866 9.643313475 9.708942845 9.693562053 9.681733325 9.629821405 9.577070363 9.509253316 9.470620193 9.46238637 9.343270212 9.305120446 9.313169867 9.333923459 9.380635805 9.438967332 9.463246912 9.440518916 9.432244115
12.45772932 12.73430698 12.99037691 13.13415729 13.34924344 13.61348387 13.96255102 14.133716 14.23403434 14.32090439 14.00266681 13.86378426 13.53012025 13.49314675 13.55300378 13.42086308 13.28526251 12.90498767 12.44125515 11.94258966 11.74001489 11.10930275 10.99572331 11.09609101 11.3402782 11.60380058 11.85766328 12.07129657 12.08668016 12.24976499 12.08896562 12.14950625 12.2544812 12.31933571 12.3283742 12.27408648 12.06288114 11.73256617 11.78553235 11.65477559 11.61582489 11.62613835 11.52502 11.43119577 11.36047859 11.48112677 11.48136798 11.47697121 11.35241054 11.34664938 11.38863154 11.57326158 11.68864127 11.68735884 11.73731592 11.65914349
12.74493057 13.15528341 13.82877305 14.22498189 14.55762703 14.95461073 15.28942771 15.56336228 15.70523344 15.60994517 14.99139704 14.78436217 14.72905185 14.74988647 15.00096824 15.03537968 14.99749627 14.55766615 14.23502155 13.66039179 13.27215228 12.84994371 12.58624904 13.08674924 13.33756745 13.44498247 13.75758927 14.04622477 14.38973658 14.73400183 14.7730317 14.76354431 14.85943701 14.81580455 14.63098545 14.61146772 14.66559339 14.6637354 14.5219164 14.31568153 14.15357459 14.30356409 14.34811484 14.14029952 14.07730114 14.07305989 14.05314635 13.99976946 13.98657449 14.03859258 14.05939367 14.15888034 14.16706946 14.08557594 14.11285065 14.15983588
13.8498256 13.77194934 14.03053477 14.31118231 14.54513334 14.75535613 14.98248242 15.02364408 14.9500221 14.87500034 14.73258249 14.72450979 14.79997486 14.96977359 15.16875438 15.32069314 15.44242073 15.37466701 15.39963204 15.32653254 15.28408285 14.95882031 14.72033001 14.81811982 15.08277189 15.31566679 15.32110199 15.35660401 15.44505358 15.42620547 15.52029327 15.55047743 15.51728416 15.47635719 15.43076802 15.52949287 15.71056433 15.94994217 16.13595523 16.04684442 15.81189875 15.83125722 15.96252248 15.98606538 15.874804 15.78269713 15.79834707 15.79216495 15.85996803 15.93598351 16.01261087 16.21659193 16.3262561 16.21050574 16.13811683 16.32723585
15.42649232 15.56241978 15.26808459 15.32466803 15.23183659 14.95302375 14.67420813 14.57247976 14.48418107 14.39351775 14.25331365 14.45231773 14.69964348 15.01907781 15.25552105 15.57707787 15.87199699 15.9717733 16.10048395 16.37008041 16.35788195 16.15685411 15.8960307 15.72498027 15.76175448 15.68571664 15.66027943 15.69757424 15.70000872 15.6099014 15.49998298 15.38724452 15.44859447 15.490558 15.46006463 15.52618295 15.79120941 16.17085375 16.71204716 16.7670846 16.38424769 16.27458818 16.20756835 16.25241898 16.26647636 16.19766094 16.15267619 16.47478715 16.74650051 16.91158116 17.05325767 17.09882915 17.12382399 17.18775928 17.16382802 17.0016177
15.93603846 16.04119316 15.92381019 15.71518928 15.2198961 14.71503917 14.46255296 14.53486737 14.47031461 14.38611466 14.30178527 14.37866222 14.4178709 14.63553775 14.9238063 15.19189868 15.40908404 15.60079958 15.89554921 16.23640675 16.27498493 16.02313202 15.84434044 15.74858744 15.75213484 15.59266355 15.6068122 15.59265144 15.37668239 15.33730887 15.20126872 15.07710479 15.13001136 15.10618627 14.96862061 15.00479504 15.22483863 15.3950192 15.75647853 16.20121859 16.27741009 16.23982936 16.21554978 16.32390358 16.30989648 16.34692401 16.40658826 16.5477246 16.71838015 16.79941826 17.02719368 17.00189151 16.95465855 17.15056039 17.25054905 17.38574542
15.94342105 15.81919286 15.55527188 15.11423476 14.74341936 14.55876511 14.43638653 14.27169051 14.08982463 14.00938444 13.85430526 13.96757923 14.13831767 14.314509 14.43558186 14.53433186 14.64658976 14.74505756 15.01563471 15.21430723 15.54381568 15.32339398 15.19815996 15.15753102 15.17077535 15.17388131 15.09291306 15.1146166 14.95539397 14.90094513 14.80063796 14.7606926 14.61444516 14.45447933 14.40498792 14.43548873 14.66514915 14.81165551 15.03484696 15.27795754 15.62646031 15.91391861 15.89922234 15.87903872 15.96601307 16.0967093 16.22056961 16.34065993 16.42660238 16.41080156 16.36287011 16.32401906 16.45918004 16.67021401 16.9935599 17.40981825
15.16949292 15.02654143 14.7213405 14.54224437 14.28553369 13.9917247 13.71443644 13.46525829 13.29026837 13.2747367 13.50454055 13.70610669 13.86238914 13.8943065 13.96543626 13.99814058 14.03983776 14.10784759 14.15497717 14.34980519 14.35656659 14.30294197 14.32069391 14.40207101 14.48844559 14.56942037 14.51421715 14.44625389 14.40933254 14.33662977 14.20961972 14.10848368 14.01403081 13.89368344 13.89973704 13.99471797 14.17982951 14.35358822 14.55186214 14.74745944 15.00199735 15.23149945 15.29841684 15.42157866 15.60491323 15.71452245 15.79963788 15.91047458 16.03635214 16.09208994 15.97749814 15.90661891 15.94071276 15.98856226 16.06635004 16.54149033
14.71154019 14.64358624 14.41452652 14.14781529 13.87818716 13.547468 13.22239731 13.00319657 12.88016979 12.9184965 13.23187258 13.38825654 13.53598852 13.51752691 13.60053197 13.68951052 13.73938844 13.80312443 13.86826579 13.96489143 13.89790699 13.74686137 13.7172211 13.80118914 13.99916038 14.10483569 14.0071772 13.80069088 13.65323644 13.61899823 13.52617238 13.46773095 13.37678544 13.29335198 13.36463448 13.53856456 13.81840091 14.01664596 14.18341883 14.33444861 14.54646606 14.68675956 14.79002554 15.04645683 15.2115738 15.18317498 15.19727893 15.24957642 15.49666002 15.484659 15.4405944 15.47325775 15.45255631 15.44892788 15.54418355 15.81156068
14.42746632 14.36584443 14.25680052 14.09718115 13.88233993 13.61778099 13.21122516 13.04200571 12.96597533 12.97881268 13.28881644 13.26965354 13.29680067 13.30734137 13.40175327 13.50783277 13.57340347 13.63583282 13.65674008 13.63547333 13.58147059 13.45962938 13.40577938 13.49560823 13.76713999 13.86692282 13.81283626 13.70412856 13.60129751 13.57041206 13.47668003 13.35802861 13.19434308 13.12970743 13.22569605 13.41702323 13.61632627 13.72348424 13.8143627 13.92764691 14.16074857 14.37195763 14.54044133 14.68490344 14.67586122 14.63380642 14.60157614 14.70799465 14.89134412 14.75470606 14.8465978 15.07384516 15.15396312 15.27953334 15.42891003 15.60874842
14.0371453 14.16827925 14.13602382 13.93478829 13.73664569 13.56767863 13.37831561 13.26057408 13.17343395 13.14786822 13.31097167 13.33058625 13.26349936 13.29986472 13.37014791 13.38714082 13.39896955 13.42159882 13.42280488 13.39887455 13.39097973 13.35879043 13.32747284 13.34466692 13.45090102 13.59879132 13.6475889 13.62820622 13.63898162 13.66561558 13.62682879 13.47095054 13.29865865 13.24786618 13.27650063 13.36926967 13.42012547 13.40765785 13.54619116 13.72334827 13.9445262 14.13235441 14.25515488 14.33520112 14.38214164 14.39002808 14.4175794 14.6276718 14.57005832 14.53907974 14.58898373 14.70383815 14.8507487 15.06497711 15.33388346 15.49797878
13.5863563 13.6677362 13.71567231 13.62720504 13.53782229 13.53403926 13.51397764 13.47830426 13.48219812 13.48522305 13.57401814 13.45584076 13.33716791 13.28417752 13.3198509 13.30136321 13.28660827 13.30591459 13.32272589 13.35460506 13.35522719 13.31882365 13.2894041 13.30302004 13.34370673 13.39231897 13.43168225 13.41434941 13.45369313 13.58204056 13.58738635 13.49802874 13.30375765 13.18588201 13.18039931 13.21723964 13.26617319 13.252303 13.38995807 13.60084768 13.83383851 14.04804457 14.2275067 14.27027211 14.24806938 14.25782871 14.3498173 14.5113701 14.30187933 14.28786479 14.28068336 14.30970803 14.38362151 14.52899259 14.74543195 15.02498239
13.16400152 13.14241067 13.1828608 13.26884609 13.37647252 13.51535134 13.58493324 13.60591501 13.69640138 13.66951875 13.57408799 13.51096481 13.40346597 13.32055032 13.36550433 13.33915163 13.31774984 13.35287001 13.34058214 13.35739158 13.33929598 13.28372583 13.21971882 13.16734962 13.09236605 13.06224521 13.0442325 13.03746458 13.1595768 13.48363049 13.56708817 13.43152486 13.11714388 12.91167643 12.87611295 12.86465116 12.96279673 12.94921711 13.02896161 13.25964276 13.57648615 13.81783653 14.01098166 13.97101767 13.91552296 13.99228722 14.18192498 14.33755271 13.96264415 13.83663621 13.83191627 13.82500771 13.89644016 14.05048463 14.25347105 14.4898463
13.03048618 12.96045259 12.89448515 12.94257212 13.04417849 13.19424808 13.24674953 13.27964012 13.39756697 13.39937095 13.30748294 13.27826828 13.24633323 13.32629472 13.39214668 13.38447351 13.3793382 13.27628177 13.25007342 13.21963128 13.16216774 13.05424515 12.94235792 12.82723434 12.69814372 12.66909577 12.73254678 12.76648417 12.86166999 13.1831849 13.24564964 13.11160251 12.87080348 12.67951168 12.62220182 12.61615288 12.72665709 12.69830298 12.71013077 12.8760431 13.10881972 13.28049786 13.48041184 13.54426239 13.60212918 13.71811889 13.88199069 13.98331393 13.82090431 13.7845818 13.73548247 13.62540573 13.6113381 13.71044572 13.9072137 14.17830866
12.67797686 12.57844456 12.49219198 12.55747117 12.66275998 12.76304387 12.8029529 12.87555415 12.95375265 12.94776052 12.88416423 12.84492109 12.863243 12.94540614 13.06288596 13.06682173 13.03115115 12.9333837 12.86869589 12.78924569 12.67868746 12.62423489 12.58151047 12.49501854 12.42175046 12.43704744 12.53684796 12.61110976 12.74723094 13.03349156 13.04066833 12.94819638 12.73116283 12.54930999 12.49769609 12.49646116 12.60043029 12.58720271 12.65046652 12.8138978 13.01700808 13.20860907 13.41482438 13.45720235 13.5095194 13.59460503 13.71167321 13.91749084 13.94265238 13.91091384 13.80157378 13.52616865 13.36887665 13.42949923 13.60535901 13.85948155
12.26914302 12.2161787 12.16227747 12.22470123 12.3194484 12.37877831 12.43730728 12.51454279 12.55577803 12.52885163 12.38340139 12.36749906 12.42608391 12.56026328 12.69535907 12.66511064 12.64232676 12.57984154 12.53113616 12.48330995 12.40619365 12.34206557 12.32528035 12.29660958 12.24654727 12.2451093 12.36600708 12.49908283 12.71716319 12.86424417 12.88579311 12.86194008 12.78408896 12.69269269 12.64061593 12.61577848 12.66883127 12.69931067 12.67081406 12.80671358 13.04913685 13.22740782 13.40340357 13.31519615 13.23167142 13.38045206 13.60066514 13.85966875 13.97270989 13.99164833 13.85106891 13.64206336 13.50040734 13.47701903 13.56816478 13.95870186
11.85114775 11.90074952 11.86961634 11.93891373 11.97212655 11.99228363 12.00451003 12.02134136 12.07708009 12.12576963 12.04656623 12.08897401 12.1115176 12.19860092 12.36702036 12.33588904 12.3335151 12.28199434 12.26081233 12.2430129 12.2292079 12.09880132 12.12819573 12.17300631 12.14574277 12.17752323 12.31723092 12.46543135 12.64052745 12.66872138 12.77177501 12.89128792 13.0237313 13.02145049 12.92534918 12.77374383 12.78275158 12.75471319 12.8015643 12.94315606 13.21529225 13.30302004 13.46025616 13.20102625 13.02981749 13.16119265 13.30806781 13.59372307 13.82454205 13.90240993 13.81810941 13.70010432 13.51789385 13.40782456 13.44253216 13.81555293
11.38936915 11.51701948 11.60301128 11.63291465 11.52801001 11.50724431 11.53626014 11.56476745 11.6358758 11.77169336 11.76499575 11.75646717 11.81474142 11.95802027 12.11207453 12.09460665 12.08284684 12.05365732 12.04957906 12.04635203 12.03701459 12.00557733 11.99988229 12.00485043 11.94963139 11.9290622 11.98680885 12.09585089 12.19262462 12.26972602 12.39586435 12.57353649 12.75471505 12.79324573 12.75330596 12.62566913 12.64418568 12.66003866 12.73020077 12.981968 13.11056502 13.10501806 13.10821809 12.89772894 12.71949336 12.78071664 12.9486192 13.20140995 13.35363276 13.33833858 13.28318194 13.22635822 13.0887758 13.01941834 13.1120095 13.47315777
10.98078769 11.05394401 11.03192754 10.91868989 10.83879219 10.86221356 10.93875896 10.98733069 11.04369201 11.11751795 11.12800743 11.28329709 11.40270755 11.54366042 11.63773052 11.66294701 11.78015582 11.87644433 11.95545029 12.05487829 11.98651455 11.93895657 11.8865855 11.78586483 11.63385808 11.56087313 11.61105651 11.676847 11.89543121 11.96162589 12.09247764 12.26753183 12.40811031 12.4368798 12.43084483 12.38810271 12.4715399 12.61939481 12.63447758 12.6638636 12.65172567 12.5594018 12.51927856 12.41594274 12.35956885 12.44703401 12.48222776 12.51468528 12.54594047 12.50840258 12.46732567 12.53486704 12.58705743 12.63739727 12.8011452 13.1710358
10.60511172 10.54529101 10.32033237 10.21277579 10.23625582 10.30928642 10.38976433 10.41717222 10.43874677 10.44694334 10.47092862 10.5839204 10.78623813 10.91819862 10.99506766 11.10230386 11.2858424 11.54292421 11.68143237 11.70067256 11.67504024 11.6601116 11.5960245 11.4559331 11.2740742 11.19993813 11.30329166 11.52973156 11.69530489 11.71635184 11.75270509 11.88255101 11.96534559 11.97008789 11.98382396 12.0337829 12.06037402 12.12022919 12.16522045 12.10517436 12.05578353 11.9531434 11.93879358 11.93279866 11.95278205 12.00553868 11.94520947 11.86446287 11.77887246 11.69896778 11.66104618 11.78850606 11.99222729 12.19121739 12.45908346 12.72532251
10.08841628 10.0097456 9.716256056 9.702481795 9.743238799 9.805258829 9.788396768 9.785175323 9.779555257 9.782527108 9.818862192 9.952015243 10.00313135 10.04640339 9.962832555 10.06772416 10.42197272 10.82008379 11.00279763 11.05900062 11.09792246 11.17932471 11.13896258 11.00009307 10.85139252 10.82267333 11.01512741 11.27183903 11.41547132 11.28781587 11.26545295 11.34583075 11.34932088 11.33060269 11.32930163 11.34142 11.38019748 11.48836315 11.69729792 11.79080084 11.80893928 11.77877095 11.76229864 11.61355246 11.56817749 11.60884276 11.61066629 11.49456576 11.29530929 11.17882039 11.20152697 11.48904301 11.86285168 12.11983897 12.21993472 12.44047005
9.587283712 9.529768489 9.36020026 9.305764921 9.313741233 9.304192849 9.237077087 9.202857036 9.213043377 9.234934114 9.231486358 9.259202518 9.2432159 9.192243684 9.147021919 9.222359397 9.40022245 9.800455999 10.10095514 10.31607669 10.54141345 10.60642209 10.53683041 10.44788351 10.3527857 10.38325252 10.65231487 11.07989717 11.08652074 11.01041865 10.99967025 11.06244884 11.11923531 11.08146366 10.98651299 10.81837947 10.63074358 10.64307708 10.97789407 11.26835588 11.43136714 11.5139056 11.62871253 11.57686953 11.46957744 11.38570998 11.22509502 11.02980785 10.88357531 10.89126896 11.01200376 11.33301761 11.75596751 11.99915726 11.98429056 12.12865673
8.971353061 9.013531264 8.965059649 8.919980843 8.888851851 8.827212267 8.77982704 8.810983039 8.930922952 9.053301066 9.079613257 8.854191285 8.671765681 8.565259632 8.476098999 8.45024921 8.576223161 8.948045317 9.288948495 9.561715648 9.878412355 9.933385532 9.935835376 9.898075368 9.833232965 9.913125075 10.17315406 10.43360308 10.19057073 10.28049272 10.44989377 10.65177936 10.74364409 10.71492955 10.59949212 10.34192648 10.00581682 9.940801188 10.37316583 10.71299519 10.89083869 11.042431 11.21985447 11.22774649 11.12442277 10.98260749 10.77192277 10.55423077 10.45175549 10.50778478 10.68330184 10.9770298 11.24024577 11.3527393 11.37947384 11.48414239
8.074504323 8.137277327 8.041283116 7.973307278 8.021042217 8.102667052 8.123314008 8.11345689 8.224619552 8.297821973 8.309483528 8.271287661 8.160128724 8.09610961 7.946009748 7.82286888 7.947412785 8.249628358 8.514146786 8.870094549 9.173114784 9.20507079 9.256362449 9.218790103 9.166798554 9.181427304 9.286846034 9.374951944 9.372774977 9.43439547 9.432228282 9.410819039 9.641866665 9.746883065 9.67964856 9.447628167 9.241227061 9.149915539 9.470215067 9.724861942 9.610621259 9.844901972 10.14636829 10.1891458 10.15219465 10.07533725 9.96528659 9.880712256 9.821802378 9.86959599 10.1444833 10.4202684 10.49327385 10.5550494 10.53408999 10.52552368
