Environmental Parameters/RCP 26/2100/Net_Primary_Production.asc
ncols 720
nrows 360
xllcorner -180.00
yllcorner -90.00
cellsize 0.5
NODATA_value -9999
[rows 275 to 299 of 360, columns 560 to 615 of 720]
5.575635936 5.612325389 4.945842084 4.873660626 4.783486016 5.298596574 5.990845151 6.339573767 6.435469026 6.222676719 6.123974686 5.916707916 5.970138591 5.618729861 5.026783329 4.303896101 3.489253111 2.913369099 2.921734238 3.09529365 3.420803463 3.982677823 4.268346354 3.646360943 3.126715543 2.909151139 2.550380072 2.155333757 2.07979884 2.453275258 2.570494544 1.833524089 1.441099914 1.100378111 1.262860373 2.058361424 2.851216588 3.000612371 3.067369107 3.302678932 3.597542644 3.701928305 4.213531734 4.268443212 4.328363109 4.112659255 4.137718119 3.969079815 4.087958951 6.398739293 6.301993039 4.701352678 3.514210926 3.547446802 3.672927385 3.30346846
4.379082471 3.814595286 4.06047469 4.207515623 4.078879487 3.47825815 3.927469254 5.150349811 6.368286675 7.082801778 7.223737892 6.894019432 6.70100702 6.267534802 4.892686848 3.941883566 3.450995311 3.445436014 3.494967008 3.184417496 2.854233608 2.987192012 3.295309376 3.25367786 3.219370265 3.131259698 2.828718163 2.346729394 1.99543545 2.061243868 2.117850585 2.062665066 1.982603222 1.89887872 1.881217351 1.949976431 1.884093508 1.808886416 1.883747056 1.901556971 2.324715024 3.257611534 3.287704894 2.877358813 2.414062386 2.438160591 2.970050555 3.685605712 4.273325438 4.034785321 3.547655651 2.64133024 2.232605359 2.411884256 2.97506596 3.411679761
1.703867922 1.368504018 0.935568707 0.751631567 0.743087148 0.977464719 1.466226997 2.564966213 3.937686794 5.050148349 5.542620085 5.599058 5.167326191 4.619908985 3.613979323 3.328500548 3.396939253 3.714552848 4.051017342 3.858267097 3.215101315 2.694186289 2.517526504 2.606154419 2.691296861 2.599393018 2.339765895 1.998939551 1.712811179 1.676128479 1.676862827 1.599736046 1.807860564 2.120853169 2.390800044 2.286836272 1.998521388 1.726933056 1.681780908 1.899146242 2.140335273 2.365876222 2.336427802 1.904737437 1.864572056 1.926729456 2.599603729 3.353727981 2.892629243 2.515320433 3.449650016 3.625936806 3.320864169 2.875316422 2.974799369 3.176065162
0.856297789 0.477279071 0.607758993 0.701645389 0.465664081 0.334169483 0.492978375 0.848608091 1.764496788 2.828083001 3.291405039 3.143733833 2.779317088 2.690267051 2.923854394 3.342469689 3.619935364 3.789622104 4.010509467 3.967453027 3.75162228 3.401789349 2.957715886 2.612909302 2.41507357 2.253676066 1.951234648 1.693634083 1.512377756 1.487230649 1.561957179 1.602631062 1.621567411 1.593159745 1.70875364 1.946724253 1.937088091 1.783664105 1.788863679 1.802198589 1.860679593 1.864717808 2.049956471 1.800829777 1.823016908 1.96171226 2.187156118 1.979586901 1.729320036 2.005328657 2.77019199 3.629243933 3.828773508 3.182337619 3.151366254 3.289038548
0.775671331 0.611239113 0.727348728 0.716320006 0.560458982 0.439487165 0.368555775 0.246404903 0.476374058 1.009358093 1.426391536 1.556033967 1.768249087 1.907110447 2.13924679 2.391602844 2.910825424 3.19084106 3.593149362 3.676103428 3.615751397 3.812685609 3.704850795 3.322968259 2.873965772 2.345337067 2.103657462 1.952848164 1.953598578 1.995643601 2.131130779 2.140005352 1.980819972 1.962590497 2.384074265 2.684011823 2.676244592 2.437615301 2.192023909 1.941929106 1.636875793 1.501910388 1.449742122 1.372690545 1.266834792 1.322249882 1.438893378 1.654850319 1.78333465 2.201937838 2.342625055 2.865977352 3.639024915 3.392612096 3.677821718 4.263258306
0.915548066 0.74549322 0.810890226 0.912751071 1.051258994 1.203610562 0.838196604 0.511873281 0.52262703 0.643505948 0.773128122 0.867223367 1.310240012 1.831585309 2.265752526 2.300539054 2.440992976 2.711279085 3.006185172 3.097099019 3.09591461 3.094249172 2.917229896 2.502826741 2.362269675 2.354584867 2.550730947 2.963768551 3.263751976 3.619522322 4.123385763 4.170456668 4.223954631 4.053902114 3.660147311 3.274940187 3.110696329 2.832936589 2.421556506 2.033281839 1.834057039 1.779076876 1.68675906 1.572894398 1.349037746 1.298959367 1.304134959 1.165789319 1.17713795 1.178343548 1.551961759 2.635335317 3.673681058 3.777052741 3.844615538 4.652475938
1.006147591 1.228984213 2.216034569 2.937323647 3.362199524 3.153917845 2.7716693 1.946705393 1.144663664 0.813678605 0.655964715 1.349108759 2.027552575 2.249195473 2.30748672 2.597057028 2.923539374 3.353228094 3.492241492 3.674346488 3.82607244 3.40768951 2.927585505 2.368764486 2.272773534 2.356523881 2.597089624 3.081089584 3.658412024 4.919816973 5.872989306 6.08175504 5.870625144 5.746986018 5.320433294 4.616009071 3.91010684 3.193598473 2.458574949 1.932734391 1.674090745 1.690849662 1.685471041 1.645186683 1.59873208 1.694997773 1.694822684 1.493229298 1.618765527 1.897248439 2.188914223 2.78831576 3.295152215 3.743564943 4.035313381 4.19679191
1.865112921 3.315236885 4.068578826 4.393525189 4.893738544 5.368098849 5.475064972 4.736215109 3.727928735 2.886394504 2.764322795 2.849170705 2.275708131 1.855936367 2.290008124 3.032424254 3.506231355 3.836752614 3.822385333 3.935810644 3.770755371 3.342457348 2.903102664 2.535582986 2.36817426 2.369982423 2.596488921 2.945058048 3.476255573 4.558990942 5.990109872 6.20023557 5.991815822 5.890493514 5.639203126 4.985551815 3.683113027 2.611125354 2.036766149 1.68900378 1.304032747 1.137063839 1.206571236 1.360163093 1.50975585 1.908804057 2.151283203 2.048899187 1.966116484 2.081132261 2.182143508 2.458955161 2.753676381 3.092694096 3.538524034 3.547846572
2.747922204 4.44661919 4.981036065 5.148423137 5.508524831 5.874003517 6.146931555 6.084472174 5.592335481 4.839760251 3.999219742 3.059340408 2.009265823 1.692258287 1.83402258 2.124197548 2.107580891 2.112343907 2.290019533 2.759589348 2.979499055 3.061898984 2.826982178 2.353961114 2.234921325 2.547012642 2.875607461 2.865066053 3.004944418 3.49430507 4.165300401 4.620065913 4.560453119 3.84949916 3.131543985 2.454062924 2.120968886 1.969401026 1.751140226 1.317630289 0.803958392 0.299306354 0.075163087 0.360837905 0.765917124 1.300896751 1.722529531 1.952382037 2.042976208 1.958975103 1.789191505 1.851503737 2.422661753 3.301381599 3.815184115 3.742004978
3.017709358 4.078957019 4.708447959 4.768521525 4.908916773 5.228292895 5.533071933 5.649011582 5.446666852 4.97284485 4.300775938 3.127244068 1.641745446 0.839142362 0.853791134 1.098976703 1.376910834 1.768662594 2.24718987 2.396489028 2.470612526 2.638231963 2.286224626 2.218089532 2.508568345 2.789766295 2.795482287 2.502287738 2.148663625 1.866283361 1.922867727 2.322306624 2.393515781 2.304660389 2.151085064 2.052676165 1.999035943 1.937125577 1.824981067 1.524667488 1.233971445 0.865816837 0.788566889 1.115419669 1.684746472 2.028013812 1.914895372 1.680969028 1.48818735 1.595245441 1.870409818 2.28126999 3.15457629 4.040088039 4.037727136 3.72634246
2.364505315 3.094910178 3.748873016 4.00579744 4.037799081 3.974208143 4.20510117 4.442240344 4.494915716 4.219860071 3.097244306 2.070306567 1.316416077 0.691177323 0.461325282 0.711932778 1.069486141 1.60176307 2.244088799 2.235385124 2.204705728 2.254086081 2.187153324 2.509763464 2.932423726 2.937112935 2.80104694 2.546573989 2.375684679 2.274562139 2.269337419 2.384023508 2.417219337 2.326066839 2.179589355 1.986748306 2.010358963 2.623425098 3.403871087 3.888480598 3.729243297 3.576809308 3.380445763 3.834071336 4.245284246 4.003391135 2.461147727 1.480270177 1.584645361 1.961313188 2.37593893 2.882800065 3.304379061 3.657218069 3.291204805 1.703540795
1.540866215 1.716593513 2.172248438 2.933440264 3.07876966 2.949091839 2.888837596 2.896905411 2.871904988 2.653682837 2.109230729 1.624339027 1.240102574 0.643948326 0.461573247 0.438807299 0.635984121 1.293986803 1.659349538 1.743989298 1.930654049 1.961468952 2.431752626 3.26810102 3.175618825 2.774956636 2.403541934 2.426605904 2.662703162 2.803764772 2.935797675 3.192000557 3.304239828 3.076734021 2.751065418 2.578342101 2.95403623 3.585720202 4.149885848 4.033796722 3.509563161 2.941477578 3.040542593 3.414038802 3.597237868 3.644643584 3.67600983 3.406172618 2.749972977 3.158769803 3.912357381 4.394142656 4.27672267 2.635077341 1.120895147 0.052800402
2.024683403 1.806185814 2.054309938 2.608304145 2.816219348 2.980393358 3.108249279 3.068725346 2.897612285 2.646630164 2.353414427 1.734621124 1.307442551 0.981808873 0.685238978 0.507841585 0.6882241 1.128594158 1.382006332 1.330280211 1.483554253 1.668395707 2.338224091 2.744082361 2.461444819 2.032919554 1.736388542 1.632365165 1.717653126 2.356247744 2.773641841 2.957004122 2.634851029 2.650590148 2.921384061 3.199845785 3.329041647 3.461550921 3.773838747 3.474235069 2.6442823 1.939872513 1.64018292 1.673246268 1.516892808 1.461592037 1.899604686 3.08284536 4.217515932 5.237325793 5.424906267 4.260245711 3.060986055 1.858528936 1.114438986 0.355460215
2.440782497 2.169903601 1.987494994 2.110615838 2.085064305 2.534380648 2.971397713 3.01611633 2.579576336 2.265249612 2.127062296 1.941581257 1.543472987 1.276469091 0.746741192 0.486178789 0.581532717 0.8616962 1.234737458 1.340692164 1.000523102 0.732960412 1.326477155 1.666457625 1.666775206 1.326737925 0.975289848 0.750151696 0.668029767 0.715414528 0.721706543 1.040300354 1.365925185 2.152367262 3.253755393 3.803198226 3.571867011 3.267046995 3.1779618 2.710413421 2.106179018 1.667669741 1.335398061 1.338540344 1.449343981 1.480289269 1.627725782 2.017754596 2.691839589 2.978106961 2.85246945 2.666933462 2.577404259 2.563834889 2.207934856 1.614618115
1.772638643 1.704388531 1.650007209 1.569961896 1.906834077 2.351791365 2.628842834 2.47535808 1.912712352 2.041280502 2.505542478 3.096857341 3.135616891 2.717758529 2.245474607 1.738592749 1.444001915 1.839779783 2.898947103 3.031341359 2.230962273 1.132285921 0.813659281 1.086464617 1.323212869 1.0743069 0.702330377 0.409168657 0.274378108 0.212231884 0.159866875 0.146659091 0.357569195 1.049323473 2.789073857 3.572124289 3.17648286 2.867242787 2.431556117 2.133176895 1.900247298 1.643131953 1.345877768 1.196429599 1.448527677 2.091096481 2.641224302 3.133906052 3.542793216 3.593316069 3.316243878 2.947481349 2.992442343 3.099473659 2.868036972 2.569175791
1.778101781 1.745524583 1.707490766 1.7947827 2.455913229 2.999462187 3.071428044 2.361924388 1.804402564 2.837594366 3.908488434 4.50714468 4.71544778 4.747602157 4.512432031 4.257644527 4.061688436 4.044304602 4.071628908 3.860660363 3.426865442 2.591838362 1.792456023 1.574557275 1.398609485 0.865010777 0.503839925 0.499237562 0.485138502 0.369657995 0.166124897 0.088006025 0.198916765 0.529780984 1.309983665 2.130789449 2.389906906 2.290390432 2.069549635 1.907346072 1.853262307 1.92350056 1.973892329 1.739451429 1.70202204 1.997672953 2.30050832 2.668838715 3.052316839 3.234196687 3.212919692 3.106595483 3.192784963 2.952795243 2.794111846 2.769859508
2.988913096 3.155061044 2.969858237 2.318533137 3.076933092 3.549123416 3.334569046 2.500396455 1.742740162 1.657257322 2.651519841 3.790368559 4.211236257 3.476463957 3.103556344 2.949785674 2.924549161 2.845376264 2.75182887 2.581986832 2.29349127 1.852189191 1.080600778 0.774079468 0.37931907 0.094788382 0.329419272 0.928529538 1.286130631 1.088298159 0.369596761 0.0 0.0 0.0 0.164038502 0.854807906 1.347673126 1.494059572 1.561156008 1.78756332 2.059185645 2.337679733 2.342042746 1.976344502 1.639162656 1.452277647 1.424129819 1.601684839 2.15203478 2.615567064 3.01973871 3.085564822 2.962363884 2.481430769 2.120767487 1.946152421
4.105075495 4.265474388 3.868977074 3.15359002 2.985850675 3.225971013 3.217540681 2.551334212 1.81214395 1.220679376 1.199038234 1.564611448 1.800251659 1.611774554 1.063787844 0.888457289 0.87265647 0.849672128 0.861262903 0.400876394 0.0 0.0 0.0 0.0 0.0 0.0 0.722191995 1.289917156 1.134243095 0.514149433 0.06044656 0.0 0.0 0.0 0.0 0.0 0.337592093 0.843665795 1.695857849 2.166986233 2.331695752 2.279480221 2.003589645 1.55130052 1.136160456 0.987473177 1.142543741 1.475457102 1.678598812 1.877536764 2.196122427 2.591576893 2.208936494 1.802056562 1.739144325 1.735259313
4.436317133 4.193321336 3.95422685 3.768544411 3.362334566 3.36816581 3.471115604 2.968923189 2.150065498 1.347997924 0.929422677 0.48097875 0.327584334 0.06892439 0.0 0.0 0.0 0.0 0.056924531 0.0 0.0 0.0 0.0 0.0 0.0 0.811628764 1.516135875 1.63008878 1.353039173 0.959321856 0.807094388 0.869249925 0.624609878 0.150093576 0.020738691 0.20194822 0.876974547 2.266637282 2.905188128 2.482157201 2.072474221 1.656454522 1.19339861 0.973454211 1.17153232 1.403968316 1.500182785 1.503296895 1.492379233 1.688020304 2.072112868 1.956644468 1.733313082 1.858483534 1.909141662 1.675424632
3.485652618 3.308844287 3.469161456 4.032317316 4.484017147 4.668328445 4.555630265 4.038858926 3.17019294 2.630913397 1.99324009 1.460504951 0.822951784 0.40907925 0.150383916 0.20427187 0.27108565 0.31224289 0.219356734 0.0 0.0 0.0 0.0 0.0 0.738285948 1.200516243 1.627500169 1.818942139 2.040093532 2.410964109 3.013835521 3.444814123 3.208573908 2.325773938 1.955105923 2.495168475 3.276726464 2.966155764 2.167033032 1.682151342 1.343079843 0.950034708 0.910629751 1.525986474 1.974333543 2.075118711 1.780283172 1.465421403 1.465608599 1.732235076 1.793770818 1.750921598 2.096517012 2.16830126 2.053343458 1.64682162
3.754510079 4.083737032 4.439492011 5.407935241 5.501826759 5.308772437 4.951177631 4.34653461 3.482235596 2.743602498 2.030306961 1.872108551 1.753993565 1.480420586 1.675831154 1.735395286 1.034847461 0.166372396 0.0 0.0 0.0 0.0 0.030069612 0.521597685 0.995758688 1.427104464 1.84397283 2.0235423 2.08277232 2.223352203 2.851089463 3.431067104 3.560630605 3.472433425 3.247393295 3.018432762 2.638835926 2.289320342 1.944789197 1.657513669 1.436313149 1.542920945 1.887655817 2.359378152 2.899262588 3.565630177 3.139737761 2.112488495 1.910284627 2.069469308 2.166703576 2.10924237 2.091852482 2.198412549 2.463821555 2.329235198
5.407658871 5.782392807 5.981524009 6.202930817 6.434374489 6.146861473 5.660416558 4.609305644 3.479921957 2.801374765 2.693046583 2.574436599 2.349901246 2.573217731 2.956191543 2.946807304 1.461082604 0.0 0.0 0.0 0.0 0.0 0.0 0.169385923 0.480402727 1.163403504 1.882868353 2.235874999 2.345660236 2.491375897 2.688560635 2.668700647 2.620678861 2.669365611 2.369866474 1.937916037 1.71282934 1.733932644 1.832168782 1.844048733 2.03221431 2.53248075 2.645719098 2.613424323 2.730727894 3.251007991 3.456850769 3.897557734 4.180693999 3.925680649 3.157042898 2.296925988 1.730384072 1.96822104 2.565990202 2.688584384
5.127449986 4.538833862 3.631772706 3.731382778 4.507046659 4.755784757 4.520046292 4.196841503 3.969473764 3.929351922 3.64120258 3.246187931 2.870781114 3.069630824 3.450466087 2.91740871 1.776045887 0.6655131 0.0 0.0 0.0 0.0 0.063167419 0.14553545 0.336094992 0.592238968 1.010128297 1.613521017 1.744035864 1.710423734 2.154504182 2.159350086 1.740326872 1.515587326 1.155499835 0.925407279 1.205787761 1.529653091 2.067436697 2.705144463 3.008425701 2.989365952 2.523785457 2.504479373 2.611180302 2.762879711 3.00355372 3.312098561 3.609180916 3.472794546 2.865694696 1.789418049 1.319893636 1.488110982 2.213156084 2.634368604
4.806511104 3.550382098 3.043551464 3.203289118 3.329708939 3.305325517 3.208759939 3.362155054 3.65329138 3.879734315 3.969309619 3.848820925 3.670819104 3.509366652 2.509339247 1.707947114 1.230418915 0.767751597 0.399566488 0.148412539 0.0 0.0 0.178588787 0.825189054 1.015858492 1.059656264 1.114838989 1.139117405 1.158063766 1.868610037 2.39704363 2.42048176 1.990582095 2.059220104 2.032576129 1.944997581 2.305484377 2.412314294 2.822947456 3.23985354 3.317120718 2.961291 2.533855615 2.574806567 2.568665426 2.573814476 2.67412886 2.65107071 2.478848211 2.050606301 1.265380066 0.316792633 0.678854296 1.398978289 2.044750378 2.395970048
3.807649715 3.20233684 3.260795493 3.521299222 3.32269026 2.761433832 2.567487769 3.051988548 3.277141834 3.396483138 3.334183479 2.370846691 1.82616082 1.680108486 1.584319863 1.390977763 1.472633565 1.566976774 1.192615367 0.464622397 0.084162224 0.217110617 0.768593978 1.57944276 1.6972085 1.534362091 1.335991547 1.354231266 1.998294843 3.076746594 2.797762165 2.191367093 1.950558508 2.303177724 2.332008444 2.349615563 2.44430406 2.597503597 2.955291653 3.046598053 3.063742071 2.844152274 2.699313685 2.925669542 2.903878689 2.691221656 2.619863953 2.167882398 1.662848052 1.430245349 1.395633677 1.470666844 2.004612004 2.704716055 2.995368559 2.591681667
