Environmental Parameters/RCP 26/2100/Net_Primary_Production.asc
ncols 720
nrows 360
xllcorner -180.00
yllcorner -90.00
cellsize 0.5
NODATA_value -9999
[rows 0 to 24 of 360, columns 616 to 671 of 720]
0.593469566 0.593074161 0.592681841 0.592293742 0.591911579 0.591537158 0.59117307 0.590822485 0.590489653 0.590179901 0.58990001 0.589658186 0.589463743 0.589325995 0.589252479 0.589246571 0.589306233 0.590424606 0.590591662 0.583625777 0.58329798 0.582938403 0.582554203 0.582150737 0.58173234 0.582302222 0.581862871 0.581416243 0.580963708 0.581506669 0.581045897 0.580582127 0.580116 0.579648011 0.579178479 0.578707783 0.578236184 0.577763887 0.577291095 0.576817954 0.576344552 0.575871032 0.575397513 0.574923994 0.574450591 0.573977333 0.57350428 0.573031488 0.5725589 0.57208669 0.571614713 0.571143086 0.570671837 0.570200908 0.569730357 0.569260126
0.706759281 0.706155726 0.706543302 0.705924991 0.706304243 0.705685088 0.705072423 0.704472273 0.704892067 0.705341314 0.704831618 0.702377321 0.701994752 0.701700541 0.702508289 0.702424353 0.702444377 0.702554447 0.703735248 0.697823416 0.697698822 0.697563199 0.700419478 0.700269942 0.700116361 0.699960074 0.699802215 0.699643482 0.699484604 0.699326134 0.701168465 0.701011944 0.70085685 0.702703459 0.70255209 0.702402875 0.702256075 0.702111778 0.698970223 0.699831522 0.69969584 0.699563272 0.699434022 0.699308177 0.698185875 0.698067219 0.696952397 0.696841424 0.695734518 0.695631607 0.694532937 0.694438553 0.693348411 0.6932627 0.698406424 0.697449956
0.759492832 0.759123184 0.749161118 0.748938764 0.748714665 0.748496124 0.749289204 0.749098574 0.755778543 0.755342044 0.754928275 0.75554772 0.756212947 0.75593777 0.755733607 0.755605375 0.757548027 0.757547474 0.757585018 0.757642527 0.757705624 0.757764297 0.757812173 0.758845854 0.758863549 0.757425616 0.757455477 0.757476664 0.757489179 0.757493457 0.75749011 0.758480164 0.758464565 0.758444774 0.75742224 0.757398637 0.757375732 0.757355185 0.758338778 0.758327951 0.757324073 0.756328052 0.755340647 0.75536198 0.755391899 0.755429675 0.755474292 0.75452411 0.753726228 0.751742366 0.751753774 0.752757711 0.751751621 0.743178971 0.743185461 0.74315985
0.854065758 0.847395189 0.846976793 0.84634294 0.845535338 0.844603434 0.843594404 0.841548201 0.839841174 0.844949798 0.836520485 0.836503314 0.835604733 0.834840583 0.833219237 0.832735765 0.830368925 0.830086123 0.828852935 0.828641379 0.82743293 0.827217824 0.824992341 0.81624763 0.813992578 0.812739163 0.811485661 0.80923026 0.808971468 0.808708341 0.807440403 0.806167955 0.804891723 0.802612805 0.802332885 0.799053465 0.797776564 0.796504522 0.790968304 0.788773847 0.787586905 0.786404969 0.784223463 0.781035167 0.779831345 0.778603076 0.77052915 0.770222832 0.765871635 0.765495875 0.762111507 0.762730575 0.761360716 0.761006639 0.759670918 0.758253096
0.86909064 0.86896756 0.867922034 0.866018498 0.862321467 0.861858105 0.858605577 0.858515006 0.860001659 0.85992919 0.860978616 0.85796538 0.856853556 0.859602151 0.860495842 0.858841406 0.858995598 0.856992789 0.856881205 0.854707556 0.854507438 0.855245366 0.854789047 0.851349032 0.849923992 0.846509298 0.846098381 0.845683477 0.845256756 0.842810521 0.842337671 0.840832334 0.838290871 0.831363897 0.832008343 0.832667341 0.830352394 0.832068326 0.834802689 0.834522827 0.835190294 0.835777639 0.839270855 0.835870131 0.834183593 0.833469181 0.837305357 0.839142362 0.838271459 0.837335014 0.837432803 0.83783787 0.837891479 0.839508779 0.840305263 0.844049442
0.834334962 0.850904122 0.850420591 0.850929413 0.851399876 0.852871686 0.852501107 0.85344541 0.854718528 0.851453951 0.863143679 0.864720001 0.865146314 0.864356058 0.8652783 0.865862588 0.86510909 0.873532641 0.872736156 0.869853829 0.87848815 0.878554099 0.877689658 0.874923746 0.872282631 0.871785625 0.870442396 0.869254582 0.869220792 0.868340139 0.871960277 0.872140576 0.87433125 0.874378806 0.875940517 0.876829843 0.876424892 0.878073595 0.87683773 0.880922074 0.880870386 0.880895037 0.883744826 0.883735192 0.88273178 0.882746448 0.881788234 0.879856583 0.878944324 0.879235275 0.879447995 0.878659164 0.875866361 0.874067802 0.874261779 0.874446123
0.887397851 0.882482302 0.881538319 0.883110275 0.882037944 0.873826764 0.873516576 0.874449121 0.871048367 0.871111202 0.869090116 0.869610754 0.870492979 0.872245146 0.866841845 0.866264658 0.865520851 0.866649032 0.874218589 0.87360834 0.882775261 0.883074943 0.88544772 0.8819371 0.883571629 0.882356835 0.880282634 0.879339234 0.883979141 0.884459529 0.879605795 0.874438818 0.873045472 0.873092475 0.873378274 0.872876582 0.878158433 0.878949824 0.880533567 0.879861676 0.886735652 0.887534348 0.886181777 0.885760848 0.89042235 0.889943418 0.889460876 0.88896323 0.883443543 0.881895423 0.880312436 0.877688406 0.874016929 0.876511767 0.874773337 0.873762299
0.984398386 0.984207378 0.979982142 0.978619064 0.97800442 0.96755111 0.964254723 0.957854878 0.955891097 0.95053346 0.945457694 0.938380515 0.927761925 0.924685417 0.918847276 0.910164992 0.906571484 0.902021129 0.893493474 0.890246214 0.893388176 0.892681797 0.888254901 0.886188005 0.884497655 0.886166585 0.89318605 0.895853911 0.897408579 0.899725012 0.9002304 0.901271065 0.902941043 0.912079558 0.913355383 0.915470475 0.916375808 0.917002384 0.92678197 0.927463087 0.935798686 0.930794515 0.930958806 0.929296162 0.922802486 0.922455743 0.920217513 0.917026657 0.921579107 0.920830818 0.920821971 0.914583739 0.919099257 0.914691482 0.907399604 0.902234111
0.973415299 0.970048481 0.964522158 0.961649755 0.959203608 0.954918476 0.942203158 0.939518563 0.934213371 0.930050679 0.936609344 0.935531774 0.929286209 0.928316498 0.927420828 0.917578785 0.915786251 0.912054587 0.906393107 0.903704233 0.904784451 0.90309704 0.895492616 0.894024968 0.892747979 0.895060162 0.89480824 0.896844751 0.897788297 0.903008768 0.905241643 0.914328673 0.921863742 0.92608956 0.932114723 0.936030789 0.941903534 0.949827052 0.963680184 0.965974556 0.96836529 0.970917987 0.967715227 0.96682529 0.975205156 0.972863898 0.9712514 0.966401771 0.963807979 0.970464607 0.968177192 0.971723901 0.970700261 0.970841851 0.959496421 0.957242359
0.948665576 0.957063923 0.959511526 0.959963305 0.964350416 0.964504434 0.967149652 0.95791975 0.957095966 0.95589683 0.953453215 0.951813243 0.949413748 0.945357693 0.943400781 0.942038954 0.938217418 0.937878882 0.939398305 0.937176723 0.936800643 0.942207815 0.939165766 0.940378523 0.949539477 0.94760675 0.950378861 0.948612433 0.948917121 0.953364157 0.956365169 0.952546397 0.952595496 0.950479473 0.948199362 0.948876608 0.951254682 0.950663642 0.950474554 0.94965467 0.949104142 0.958042772 0.960047619 0.960702455 0.962893595 0.965093961 0.970042573 0.96882708 0.975387986 0.977233663 0.974427152 0.970617431 0.968771172 0.967948348 0.968080567 0.966543448
0.899112143 0.901133171 0.930058421 0.954063988 0.953082606 0.952953967 0.95376579 0.954418967 0.952785223 0.95146778 0.947064138 0.946583285 0.944994856 0.939339661 0.936178607 0.932168768 0.927324116 0.924635184 0.927929068 0.927864225 0.927081128 0.935292774 0.939334161 0.950396177 0.961730228 0.965329527 0.968954293 0.974662689 0.98124161 0.981343823 0.986365078 0.986351253 0.983336533 0.983331702 0.976626528 0.968382577 0.963036524 0.959491474 0.95278144 0.948219909 0.942897779 0.938444427 0.935479591 0.931948889 0.924677879 0.919055252 0.917645171 0.914775941 0.909921306 0.909124123 0.909264258 0.9097812 0.915541343 0.924389664 0.925234635 0.941932987
0.787863537 0.792595441 0.794960069 0.797410146 0.862013956 0.86009613 0.860840548 0.862295768 0.865510781 0.881306943 0.879193394 0.880205655 0.880491571 0.900207146 0.901117804 0.904223474 0.905981142 0.906792993 0.920824736 0.920655759 0.922008097 0.92622338 0.927592395 0.942353014 0.943774736 0.945886772 0.951636554 0.967344909 0.973849179 0.979617937 0.984037702 0.987404783 0.990166678 0.989586697 0.979567616 0.973550603 0.963680446 0.953944662 0.946875778 0.938744808 0.935244869 0.916244375 0.913094234 0.90829446 0.909995928 0.902570348 0.893552904 0.891219621 0.88319619 0.88538829 0.87965728 0.878067251 0.88654735 0.883564644 0.889244606 0.893291581
0.772679574 0.779422233 0.784833974 0.791027967 0.799653557 0.836682593 0.856453349 0.859952503 0.869018637 0.894902099 0.913176191 0.916609773 0.909831841 0.926205714 0.922214909 0.920622813 0.918635866 0.913450494 0.92261823 0.917026482 0.918326812 0.926788431 0.94584524 0.953064417 0.961129554 0.966238906 0.985224091 0.992774032 1.001667057 1.011830755 1.020299562 1.01869792 1.020600379 1.025453006 1.016700233 0.994783128 0.98502473 0.973214628 0.975028961 0.974561408 0.975339062 0.977134594 0.978507829 0.977671705 0.986576313 0.990087079 0.991593668 0.993181951 0.995125534 0.99861194 0.992043468 0.989186054 0.980501238 0.980623241 0.971595524 0.975016825
0.919767801 0.925746543 0.912522519 0.915522745 0.921492756 0.929618342 0.94101482 0.944836996 0.920269638 0.921685307 0.959280063 0.954173185 0.958340912 0.956333504 0.967309345 0.96682689 0.968310371 0.962320599 0.972126756 0.968261156 0.967454602 0.968133361 0.979472767 0.98498771 0.990864006 0.995663198 1.00326995 1.005453902 1.00897986 1.007673913 1.003045967 0.999560638 1.000295597 0.999950222 0.994517788 0.993323629 0.995535636 0.997897499 1.006985607 1.009420288 1.019710151 1.023985096 1.041319163 1.050834864 1.062538708 1.073492516 1.08817601 1.0900872 1.088209712 1.089359168 1.082164934 1.070277445 1.056815992 1.046830934 1.033891778 1.026922022
1.134840946 1.137914427 1.136687933 1.121178764 1.121792739 1.122158632 1.110953424 1.11203501 1.111986203 1.084266754 1.090200269 1.084494928 1.081303868 1.075677457 1.066926663 1.060075883 1.056017674 1.048578793 1.041580486 1.034625777 1.029522013 0.999975018 1.000498829 0.992136163 0.992398855 0.98178591 0.983839825 0.992600952 0.99550499 1.008049498 1.012947381 1.031349209 1.04040897 1.048466074 1.054542256 1.048977487 1.049451734 1.044525328 1.041560346 1.042763877 1.045663696 1.052916079 1.063996664 1.077009016 1.089846977 1.090768666 1.092811202 1.093357016 1.096260385 1.096286549 1.096040593 1.08944875 1.083050855 1.066083118 1.061030867 1.046616118
1.235127973 1.224081294 1.216772711 1.184222929 1.173301949 1.168702991 1.164040907 1.14482714 1.145286398 1.150086027 1.133343467 1.145466027 1.151531091 1.156379323 1.142783905 1.141833782 1.143670583 1.126609044 1.127455209 1.120860368 1.114103477 1.098547393 1.08347449 1.068354904 1.063833857 1.048627339 1.048569568 1.047110622 1.061033021 1.072657906 1.087643497 1.109766075 1.137595129 1.146524301 1.157973602 1.172169606 1.172388875 1.16313278 1.154120371 1.140740729 1.137252577 1.122788497 1.122969552 1.118859218 1.115327643 1.104679512 1.096910535 1.092226506 1.081004884 1.071937761 1.060891052 1.056038978 1.045693469 1.03768424 1.033434906 1.022308628
1.236413809 1.21647655 1.189598523 1.194348559 1.165921334 1.168398274 1.170402946 1.169228402 1.181415806 1.191155141 1.211941679 1.228552923 1.221909799 1.234494644 1.24954214 1.261753991 1.262666279 1.258042466 1.261441852 1.257126743 1.270722074 1.268795837 1.255100418 1.251992508 1.249099616 1.253317168 1.241240039 1.249276334 1.242205821 1.238709199 1.232090173 1.235125615 1.236633747 1.238918776 1.233175659 1.236772659 1.233689691 1.232798357 1.23072014 1.226448629 1.219992788 1.20216838 1.197459263 1.183600078 1.177354541 1.166295056 1.153563149 1.148046082 1.135330676 1.133376209 1.12054561 1.109030534 1.106050593 1.104113413 1.102248847 1.10732569
1.351407584 1.343059441 1.29433797 1.280384371 1.29849161 1.296811941 1.313362387 1.331476466 1.359067479 1.378417306 1.397812273 1.434611186 1.429330907 1.442034874 1.44870003 1.455479156 1.447936025 1.45396791 1.450646669 1.464067172 1.466997928 1.473762677 1.460015308 1.452476776 1.4454622 1.439849555 1.405330375 1.38229091 1.376919419 1.347486948 1.339216135 1.326160389 1.310900494 1.303710887 1.290281449 1.280351484 1.27335015 1.2606128 1.256438642 1.255156036 1.246225496 1.242009777 1.232110895 1.231696719 1.225405867 1.212173083 1.203146123 1.194170734 1.186293404 1.183573448 1.17865589 1.180960011 1.178664243 1.179788786 1.17833406 1.173547003
1.518602367 1.511550072 1.475670433 1.467681897 1.477251179 1.493573829 1.514249074 1.53425688 1.575887465 1.599969051 1.607595565 1.644764212 1.656685286 1.649360289 1.635722321 1.636255154 1.628825354 1.618328504 1.607305167 1.612158871 1.608983759 1.616482856 1.605814963 1.593566034 1.591514505 1.582230441 1.556193078 1.539647783 1.518036181 1.485172397 1.462700369 1.443576795 1.422092988 1.389783167 1.377846696 1.344219898 1.315507048 1.302794844 1.268457534 1.241175079 1.229261281 1.224689127 1.206131594 1.20347488 1.210411487 1.21193513 1.214587683 1.217847836 1.222052932 1.220691658 1.226426219 1.219648344 1.203580119 1.200597646 1.185784378 1.174624864
1.699427696 1.688644377 1.698935521 1.688094548 1.698029373 1.700670749 1.71992142 1.726322429 1.74080857 1.769070135 1.777793368 1.781131985 1.785692002 1.778053498 1.763060252 1.765144494 1.761305815 1.763446257 1.767163834 1.76330941 1.758289232 1.731829921 1.685931842 1.661961665 1.628432365 1.582471654 1.572629059 1.555457391 1.532522903 1.515303768 1.50851396 1.495634875 1.485551562 1.469135343 1.445861155 1.410276105 1.395016938 1.373510226 1.357952075 1.37451425 1.360932569 1.354346343 1.363808813 1.358960115 1.359728165 1.350049308 1.340492163 1.323091943 1.300758682 1.282432961 1.270100242 1.240840968 1.215583819 1.221342885 1.220958366 1.218706137
1.93528767 1.931446342 1.935488981 1.928423328 1.898657589 1.898650109 1.890382206 1.87792271 1.884647994 1.889993175 1.889776206 1.905718789 1.889371779 1.872461959 1.87709328 1.88122096 1.877203031 1.867978688 1.85733597 1.83061455 1.808663801 1.771582116 1.722432964 1.691791578 1.671894745 1.633394626 1.62165318 1.631932246 1.619534858 1.642209885 1.655730332 1.663947536 1.64767442 1.626863668 1.592488814 1.580761746 1.557764481 1.573093876 1.598550327 1.60730278 1.616101101 1.656499662 1.675740263 1.686600444 1.706828858 1.674560219 1.672685146 1.656304987 1.62147425 1.607529732 1.554548478 1.529920672 1.506350032 1.480627951 1.443242189 1.427622541
2.068285045 2.10263487 2.127890039 2.137367352 2.134641836 2.120403078 2.115645097 2.113705123 2.106707252 2.109332534 2.111135575 2.135699178 2.108628571 2.029187715 2.025664813 2.006244467 1.999530767 2.007686038 2.006995783 1.980430592 1.972925616 1.923810341 1.930395811 1.946220611 1.949576603 1.954701496 1.940588671 1.905732264 1.84742405 1.867269079 1.885423611 1.904157951 1.909447572 1.867291867 1.825623913 1.775288198 1.785103115 1.791146002 1.785135013 1.760784333 1.796734286 1.803641149 1.82815647 1.830014226 1.805121166 1.797198725 1.787983463 1.765593508 1.73401038 1.712759724 1.691721234 1.679899258 1.666500699 1.656051638 1.650026068 1.653185638
2.155228402 2.123152459 2.120870893 2.115651296 2.12424589 2.147640102 2.119686862 2.137359668 2.122144069 2.172372129 2.205109107 2.167315659 2.221839619 2.212366438 2.192668035 2.160194155 2.121432335 2.081902407 2.09050742 2.052744967 2.065737906 2.050324401 2.048536669 2.048984461 2.064557135 2.061176114 2.023968729 2.014818921 1.981720561 1.939224778 1.921342424 1.895911933 1.885063684 1.882487908 1.854111208 1.819918485 1.773445314 1.762716274 1.770773088 1.737500133 1.7186162 1.684399991 1.689975237 1.678924891 1.649386249 1.632245432 1.622629177 1.634540386 1.635465014 1.63612343 1.628676982 1.631044259 1.622454351 1.616867405 1.609322615 1.61959324
2.021680353 1.969506819 1.897915703 1.868257415 1.860369928 1.863534329 1.854179369 1.823758299 1.798230689 1.79177674 1.757213788 1.741400745 1.740413485 1.715476625 1.788739057 1.742293302 1.699315879 1.558256976 1.606092963 1.64960348 1.72163354 1.690194389 1.650635037 1.60343782 1.574000984 1.550308196 1.584366226 1.630625164 1.622331853 1.597975614 1.55100043 1.534884999 1.568335516 1.483149041 1.432292425 1.403855509 1.393162122 1.380316244 1.363805088 1.349858736 1.326095575 1.338099362 1.33860606 1.339452778 1.327348262 1.33909029 1.370991464 1.384238596 1.397000102 1.414305385 1.453696343 1.461074891 1.477860671 1.48832929 1.501964434 1.514435222
1.921790943 1.851832436 1.829147746 1.778365055 1.762977103 1.701688569 1.696722582 1.66784742 1.661462535 1.65010916 1.624184224 1.622248674 1.617579459 1.602845732 1.550653949 1.511820708 1.463508001 1.41442733 1.379681868 1.340946183 1.311958942 1.277514064 1.22654211 1.182000095 1.119612833 1.065693446 1.006799808 0.971579109 0.925410946 0.895851117 0.859953667 0.879818574 0.900544284 0.826405332 0.898946892 0.916673976 0.960173289 1.01151687 1.030897285 1.044659468 1.082751871 1.064231299 1.076734014 1.069146674 1.058088819 1.069667953 1.073231077 1.095499494 1.117765118 1.15116284 1.178139966 1.203656633 1.217930025 1.272884372 1.279638265 1.284380094
