Environmental Parameters/RCP 26/2100/Sea-surface_salinity.asc
ncols 720
nrows 360
xllcorner -180.00
yllcorner -90.00
cellsize 0.5
NODATA_value -9999
[rows 275 to 299 of 360, columns 56 to 111 of 720]
34.47134781 34.463871 34.45529175 34.44714355 34.43997192 34.43205261 34.42429352 34.41696548 34.40787506 34.39619064 34.38438797 34.37286377 34.36397552 34.35974884 34.35689926 34.35464478 34.35396957 34.35037231 34.34480667 34.3404808 34.33494568 34.33183289 34.32963181 34.32686615 34.32460022 34.32146835 34.31434631 34.30490112 34.29878998 34.29654694 34.2948761 34.2920723 34.28775406 34.28433228 34.27903366 34.27470398 34.27174377 34.26777649 34.26317215 34.25860977 34.25309372 34.2469368 34.24067307 34.23490524 34.22983932 34.22523499 34.22217178 34.22005081 34.21839905 34.21676254 34.21546173 34.21309662 34.20970154 34.20420837 34.19755936 34.19367599
34.47231674 34.46435928 34.45362854 34.44422531 34.43658066 34.42962265 34.42110062 34.41290283 34.40653229 34.39983368 34.39014053 34.37773132 34.3663063 34.35842514 34.35274506 34.34767151 34.34600067 34.34390259 34.34280396 34.34172058 34.33924484 34.33637619 34.33485794 34.33295059 34.33213425 34.32934189 34.32320786 34.31375504 34.30771255 34.30554962 34.30260849 34.29780197 34.29376602 34.29199219 34.28871155 34.28487396 34.28113174 34.27652359 34.27145386 34.26594162 34.25955582 34.25337219 34.24707794 34.24049759 34.23561478 34.23136902 34.22741318 34.22502518 34.22415161 34.22302628 34.22171783 34.22028732 34.21735382 34.21355057 34.20973587 34.20689392
34.46570206 34.45836258 34.44912338 34.44255829 34.43548203 34.42792511 34.42229462 34.4162674 34.40995407 34.40382767 34.39543152 34.38400269 34.3736496 34.36349106 34.35651016 34.35105515 34.34685898 34.34432983 34.34408188 34.34482956 34.34526443 34.34611511 34.34648514 34.34590912 34.34293365 34.33717728 34.33084106 34.32418442 34.31896591 34.31784821 34.31661606 34.30992889 34.30366135 34.30075455 34.29894257 34.29462051 34.28992844 34.28369141 34.27649307 34.27128983 34.26548767 34.26028824 34.25496674 34.24824524 34.24237823 34.23723602 34.23252869 34.22990799 34.22734451 34.22645569 34.22450638 34.22220612 34.2199707 34.21786118 34.21496201 34.21182251
34.45636368 34.44847488 34.43925095 34.43280411 34.42813492 34.42385864 34.42190552 34.41857147 34.41162109 34.40323257 34.39260483 34.38292313 34.37556458 34.37144852 34.36629868 34.35966492 34.35406494 34.35060883 34.34879684 34.34985733 34.35076141 34.35085297 34.34920502 34.34634781 34.34212112 34.3362999 34.33141327 34.32830429 34.32835388 34.32709885 34.32414627 34.31910706 34.31393051 34.30912781 34.30611038 34.30034637 34.29327011 34.2866478 34.28239059 34.28128815 34.27709198 34.26942825 34.2626915 34.25701904 34.25222015 34.24679947 34.24088287 34.23722839 34.23509216 34.2317009 34.22738647 34.22309875 34.21986771 34.21783829 34.2143364 34.20980835
34.44700241 34.43835831 34.42604446 34.41679001 34.41033173 34.40860367 34.40889359 34.40778732 34.40333939 34.3958168 34.38765717 34.38033676 34.37570572 34.37351227 34.37020111 34.36552048 34.36224365 34.36035538 34.35897446 34.35822678 34.3543129 34.34938812 34.34493256 34.34119797 34.33857346 34.33499908 34.33171463 34.3326149 34.33370209 34.33167648 34.32723999 34.32297134 34.31878662 34.3132019 34.30716324 34.30180359 34.29572296 34.29341888 34.29266357 34.29169464 34.28732681 34.28059769 34.27445221 34.2682457 34.26281357 34.25491714 34.24835968 34.24426651 34.24115372 34.23911285 34.23511887 34.23080444 34.22780609 34.22463226 34.21751404 34.21194839
34.44044876 34.43053055 34.41196442 34.39787674 34.38656998 34.38200378 34.38347244 34.38603973 34.38716507 34.38531494 34.38102722 34.37465668 34.37011337 34.36604309 34.36458588 34.36161041 34.35839462 34.3552742 34.3544426 34.35292816 34.34742355 34.34135437 34.33852386 34.33826447 34.33863449 34.33662033 34.33234024 34.32822037 34.32380676 34.31918335 34.31626511 34.3139267 34.31041718 34.30694199 34.30347824 34.30148697 34.29995728 34.29851532 34.29880524 34.29809189 34.29498291 34.29030228 34.28411484 34.27666855 34.2687149 34.26247025 34.25668335 34.25269699 34.25007248 34.2460289 34.24090195 34.2351265 34.23106003 34.22642517 34.21989822 34.21339417
34.43397141 34.42283249 34.40190125 34.38207626 34.36643219 34.35765457 34.35805893 34.3618927 34.36719131 34.36874771 34.36738205 34.36398697 34.35975647 34.35267258 34.34542465 34.34260178 34.34083176 34.33866882 34.33565521 34.33320236 34.33057404 34.32871246 34.32836533 34.32784653 34.32961273 34.3302536 34.32654572 34.31947708 34.31205368 34.30518723 34.30092621 34.30226898 34.30239487 34.3029747 34.30264664 34.30117416 34.2996788 34.29604721 34.29350281 34.29221344 34.29069519 34.28844452 34.28510666 34.27879333 34.2717514 34.26657867 34.26295471 34.26068115 34.25610733 34.24886322 34.23925781 34.23149109 34.22530365 34.21927261 34.21274567 34.20682907
34.42259979 34.41291428 34.39614487 34.3774147 34.35995483 34.34699631 34.33688354 34.33138657 34.33235168 34.33491516 34.33367157 34.32997894 34.32361221 34.31552887 34.30926895 34.30678177 34.3062439 34.30496216 34.3021431 34.29895782 34.29803467 34.29941177 34.30108261 34.30283356 34.30405807 34.30223083 34.30179214 34.30055237 34.29639435 34.29111481 34.28855515 34.29132462 34.2949295 34.29728699 34.29657364 34.29546356 34.29291153 34.28634262 34.27892685 34.27426147 34.27223969 34.27325821 34.27411652 34.27013779 34.26591873 34.26216888 34.25931931 34.25510788 34.24891281 34.23973083 34.22938538 34.22066498 34.21342087 34.20597076 34.19796753 34.19368362
34.40602493 34.40079117 34.39141464 34.37604141 34.35844803 34.34096909 34.32552719 34.31694031 34.3095665 34.30416107 34.2958374 34.28659058 34.27503204 34.26535034 34.26011658 34.25979996 34.26051331 34.25965118 34.25531769 34.2509079 34.25061035 34.25226593 34.25341415 34.25455856 34.25802994 34.25970078 34.26171875 34.26465607 34.26635742 34.26724625 34.26873016 34.27373123 34.28081131 34.28700256 34.28943253 34.29144287 34.28795624 34.27817917 34.26763535 34.25782776 34.25250626 34.2521553 34.25278473 34.2514801 34.24853134 34.24546051 34.24305344 34.23868561 34.23292923 34.22362137 34.21224213 34.20099258 34.19278336 34.18544006 34.17974472 34.17624664
34.35850906 34.36417389 34.36231995 34.34922409 34.33810425 34.32413483 34.31160736 34.29970169 34.28748322 34.27666092 34.26607513 34.2519722 34.2342186 34.22040939 34.21300507 34.20994568 34.2059021 34.20290756 34.20014572 34.19472504 34.18881989 34.18611526 34.18722153 34.18779373 34.19046021 34.19380569 34.19734192 34.20201111 34.20867157 34.21455383 34.2191925 34.22954559 34.24427032 34.25851059 34.26789093 34.27454376 34.27538681 34.26872635 34.25759506 34.24471283 34.23591995 34.23286438 34.2310524 34.22768784 34.22266006 34.2176857 34.21458054 34.2116127 34.20796967 34.19900894 34.19084167 34.18226242 34.17437744 34.16734314 34.1632309 34.15998077
34.26675034 34.27630234 34.28390503 34.28691483 34.2842598 34.2791748 34.27138519 34.26481247 34.25475693 34.24136353 34.22813416 34.21207809 34.19655609 34.18283463 34.17367554 34.16415787 34.15593338 34.15089035 34.14492798 34.13561249 34.12474823 34.11843109 34.11679459 34.12026978 34.12215424 34.12120438 34.12018967 34.12100601 34.12574387 34.13228607 34.13948441 34.14939499 34.1676178 34.19064713 34.21104431 34.22842789 34.2399292 34.24246597 34.23754501 34.2307663 34.22460175 34.22024918 34.21566391 34.2106781 34.20384598 34.19603348 34.18798447 34.18323898 34.18021011 34.17667007 34.17144394 34.16558075 34.16114426 34.15644836 34.15246582 34.14766693
34.15282822 34.15714645 34.16565323 34.17769623 34.18879318 34.19911957 34.20792389 34.21173859 34.20550537 34.1944046 34.17710495 34.15729141 34.14659882 34.13816071 34.12780762 34.11598587 34.10468674 34.09482574 34.08678818 34.0797081 34.07439804 34.07223892 34.07165146 34.07038879 34.06539536 34.05798721 34.05189896 34.04883194 34.04839706 34.04828644 34.04884338 34.05532837 34.07107925 34.09098816 34.10984039 34.12896729 34.1504097 34.17253494 34.18972397 34.20111084 34.20692444 34.21027374 34.20944595 34.20374298 34.19387817 34.18411255 34.17306519 34.16353226 34.15733337 34.15172195 34.14519501 34.14154816 34.14155579 34.13911438 34.13340759 34.12631607
34.03961945 34.04802322 34.05461884 34.06242371 34.07188416 34.08557129 34.0994339 34.11558151 34.12496185 34.1249733 34.1168251 34.10682678 34.10531616 34.1042366 34.09483337 34.07722855 34.06035995 34.04358292 34.03108597 34.02671051 34.03290176 34.04149628 34.04435349 34.04046631 34.03004456 34.01583481 34.00580597 33.99650192 33.98499298 33.97535706 33.96933746 33.97224045 33.98546982 33.99927902 34.00531387 34.00758743 34.02440643 34.06293869 34.10705566 34.14168167 34.16613007 34.18051529 34.18582535 34.18364334 34.18060684 34.17689133 34.16828156 34.15652084 34.1466217 34.13869476 34.1291008 34.12134171 34.11969376 34.11774445 34.11184311 34.10214615
33.94588852 33.95212555 33.9541626 33.94932175 33.95005798 33.95343399 33.96702957 33.9870491 34.00526047 34.01993942 34.03003311 34.03974533 34.0506134 34.06150055 34.0628891 34.05653763 34.0432663 34.02371979 34.00107193 33.9826622 33.98088074 33.99160385 34.0014801 34.00274277 33.99481964 33.98093414 33.96609879 33.95233154 33.93960571 33.92578125 33.91146088 33.90504456 33.91082764 33.91923523 33.91892624 33.91110611 33.91139221 33.93441772 33.97744751 34.02260208 34.06129837 34.09153748 34.11034012 34.12064362 34.1305275 34.14294434 34.15034103 34.15093994 34.14832687 34.14021301 34.12930298 34.1174736 34.1079216 34.10076141 34.09045029 34.07788849
33.85928345 33.87228012 33.8728981 33.86154938 33.84545135 33.83406067 33.83217239 33.8411293 33.8517189 33.86378479 33.88533401 33.91394043 33.94602203 33.97616959 34.00112534 34.01589966 34.02111435 34.01623154 33.99892044 33.9729805 33.95541 33.94958115 33.95309448 33.95650101 33.9548378 33.95007324 33.94090652 33.92956161 33.91605759 33.90107346 33.88388824 33.87197495 33.8679657 33.86697006 33.86360931 33.8578949 33.85506439 33.86059189 33.87376785 33.89324951 33.91653442 33.9426384 33.9695282 33.99560165 34.02514648 34.05997849 34.0943985 34.11798477 34.12812042 34.12753296 34.1205864 34.1111412 34.0994606 34.08884048 34.08078003 34.07353973
33.80041504 33.8161087 33.81900406 33.80616379 33.78619766 33.76929474 33.75835037 33.75117111 33.74272537 33.74112701 33.74885559 33.77080154 33.80500412 33.84331131 33.88382339 33.9223175 33.95605469 33.97837448 33.98189163 33.96879196 33.94922638 33.93155289 33.92461395 33.92398453 33.9224205 33.92280197 33.92042923 33.91146851 33.89688873 33.883461 33.86923599 33.85626221 33.84618759 33.8386879 33.83333588 33.83044434 33.83341217 33.8397789 33.84601593 33.85388184 33.86353302 33.87352371 33.8851738 33.8997612 33.92047119 33.94894028 33.98207092 34.01473999 34.04089355 34.05622864 34.06248474 34.06433105 34.06413651 34.06270218 34.06177139 34.06114197
33.74367142 33.75141907 33.75492096 33.74726486 33.73296738 33.71978378 33.71435547 33.707798 33.69688034 33.69128799 33.69755936 33.7101593 33.71892929 33.72640228 33.73962784 33.76354599 33.80044556 33.85357285 33.90572739 33.93238831 33.93613815 33.92430496 33.90778351 33.89789963 33.89677048 33.89967346 33.90023422 33.89548874 33.88650131 33.87387848 33.85612106 33.83575058 33.81966782 33.81054687 33.80671692 33.80721283 33.81280518 33.82264709 33.83365631 33.84502792 33.85371399 33.859375 33.86489868 33.87096405 33.87770081 33.88694763 33.89881516 33.9129715 33.9299736 33.94694138 33.96240997 33.97726059 33.99161911 34.0046196 34.0150528 34.02193451
33.70480347 33.70775223 33.70475006 33.69527435 33.68809128 33.69007111 33.69132996 33.68706131 33.67907715 33.67583847 33.677948 33.68244553 33.6882782 33.69463348 33.70890427 33.72522736 33.73957443 33.75977325 33.80157089 33.84991074 33.88212967 33.89601898 33.89686966 33.89192581 33.88688278 33.88764191 33.89022446 33.89060974 33.88232422 33.86182785 33.83708572 33.81467819 33.80001068 33.79319382 33.7939415 33.79961395 33.80581284 33.81421661 33.82388687 33.83657455 33.84867477 33.855896 33.86310959 33.8683548 33.87288666 33.87807083 33.88238907 33.8864212 33.89314651 33.90264511 33.91462326 33.93055725 33.94845963 33.96378326 33.97329712 33.97939301
33.67707825 33.67499542 33.66769028 33.6574173 33.6542511 33.65628815 33.65998077 33.66278076 33.6629715 33.66450882 33.6688652 33.67913055 33.69367981 33.70521164 33.71164322 33.71576691 33.71642303 33.71458435 33.72882462 33.75419998 33.78194809 33.80702972 33.8274231 33.84354782 33.85421753 33.85984039 33.86155319 33.85769653 33.84495926 33.82513046 33.80474091 33.79032898 33.78407669 33.78501892 33.789608 33.79919434 33.8064003 33.81375122 33.81895065 33.82514572 33.83363342 33.84407806 33.85486984 33.8638382 33.87000275 33.87453842 33.87930298 33.88233948 33.88311005 33.88736725 33.8967514 33.91127014 33.92751694 33.93969727 33.9480896 33.95174789
33.65125656 33.64374924 33.63628387 33.63308716 33.63968658 33.65284729 33.66588211 33.68052673 33.69013977 33.69474411 33.70421219 33.71666336 33.72417068 33.71808624 33.7125206 33.70990753 33.70259094 33.6922493 33.68997574 33.6947937 33.70428467 33.71533585 33.72507858 33.73480606 33.74515915 33.754776 33.76250076 33.76836395 33.77149582 33.77170563 33.77241135 33.77369308 33.7763443 33.78062439 33.78568268 33.79108047 33.7946434 33.79481506 33.79567337 33.80204773 33.8133316 33.82482529 33.83606339 33.84475708 33.8514595 33.85757446 33.86196899 33.86728668 33.87457275 33.88347244 33.89335251 33.90567398 33.91305161 33.9195137 33.92334747 33.9234314
33.64598465 33.6413002 33.64030457 33.64721298 33.67043686 33.68994141 33.70323944 33.71902847 33.73387527 33.74297333 33.74808502 33.74463654 33.73348236 33.71502304 33.70711136 33.70490265 33.70023727 33.69506836 33.69235229 33.69144821 33.69158554 33.69463348 33.70180893 33.70606232 33.71194839 33.71960068 33.72843933 33.73747253 33.74689484 33.7568779 33.76424789 33.76250076 33.7609787 33.76205444 33.76686478 33.77302551 33.77803421 33.78220367 33.78815842 33.79942703 33.80978394 33.81761551 33.82464218 33.82938004 33.83409119 33.83855057 33.84342194 33.84958649 33.86389542 33.88153839 33.89740372 33.90716171 33.91220856 33.91480255 33.91623306 33.91689682
33.6530571 33.65557861 33.6635437 33.68379593 33.71139526 33.73093033 33.74407959 33.75501633 33.75652313 33.74708557 33.73693085 33.72685242 33.71805191 33.70977402 33.705616 33.70438766 33.70362473 33.70244598 33.70216751 33.70178223 33.70221329 33.70280457 33.70450592 33.7096138 33.71714401 33.72640991 33.73444748 33.74194717 33.74488831 33.74633026 33.74527359 33.74097443 33.73843765 33.74162292 33.74885941 33.75703812 33.76422882 33.77232742 33.78323364 33.79800034 33.81050873 33.81692123 33.8204422 33.82035065 33.82278442 33.8299675 33.83878326 33.84872437 33.86001205 33.87194443 33.88301468 33.89185333 33.89741898 33.90074539 33.90335846 33.90310669
33.67246246 33.68300247 33.6980629 33.71878052 33.7422905 33.7639122 33.77864075 33.77367783 33.75292206 33.7319603 33.72315979 33.71260834 33.69432831 33.68243408 33.67456436 33.67269516 33.67531204 33.68546677 33.69514847 33.69822693 33.69774628 33.69919586 33.70357895 33.70899582 33.7171402 33.72793961 33.73557281 33.73951721 33.73760986 33.73407364 33.73143768 33.72830582 33.72412872 33.72270966 33.72634125 33.73252869 33.73971939 33.75045013 33.76642227 33.78466797 33.79838181 33.80537033 33.80832291 33.81061554 33.81800842 33.83083725 33.84357834 33.85512161 33.86116409 33.86220551 33.86341476 33.86719131 33.87093735 33.87460327 33.87474823 33.87791824
33.72697449 33.73529053 33.74428558 33.75407028 33.77100372 33.79241562 33.79635239 33.7684021 33.72873306 33.69781494 33.68538284 33.67422867 33.65726471 33.64211655 33.6350708 33.63736343 33.64284515 33.65475082 33.67193222 33.67840195 33.6791153 33.67967224 33.6776886 33.6793251 33.69071198 33.70418549 33.7145195 33.72156143 33.72581482 33.72522354 33.72124481 33.71458817 33.7073555 33.70529175 33.70643234 33.70758057 33.71026611 33.72112274 33.73955154 33.75757599 33.77044678 33.77559662 33.77555084 33.77864838 33.79097366 33.80847931 33.82453537 33.8373909 33.84314346 33.84636307 33.84863663 33.85012817 33.85084915 33.85046387 33.85177612 33.85807419
33.76507568 33.77074814 33.77341461 33.78468704 33.80067062 33.80427933 33.77450562 33.72719574 33.68045807 33.64330673 33.62542343 33.62094879 33.6176796 33.61436462 33.60822678 33.60436249 33.60255814 33.60559082 33.62231445 33.64201355 33.65299225 33.65408325 33.65286255 33.65477371 33.66082764 33.66851425 33.67736816 33.68566132 33.69070435 33.69157028 33.68746948 33.68257523 33.68058014 33.68563843 33.69441605 33.70275879 33.70746613 33.71231079 33.72632217 33.73776627 33.74372101 33.74571991 33.74585342 33.7489357 33.75554657 33.76686478 33.7844696 33.80185318 33.8116951 33.82092285 33.8312645 33.83621979 33.83721542 33.83779144 33.8377533 33.83948517
