Environmental Parameters/RCP 26/2100/Sea-bottom_salinity.asc
ncols 720
nrows 360
xllcorner -180.00
yllcorner -90.00
cellsize 0.5
NODATA_value -9999
[rows 125 to 149 of 360, columns 56 to 111 of 720]
34.55183792 34.55080032 34.5461731 34.53913879 34.53029633 34.52110291 34.51325226 34.51369858 34.52191925 34.52713776 34.52630615 34.52561569 34.52806854 34.53426743 34.54278183 34.54969788 34.55072403 34.55015182 34.54960251 34.54714966 34.54825974 34.54837418 34.54874039 34.55418777 34.56507111 34.5786705 34.5946579 34.60541153 34.60018158 34.60781479 34.60338211 34.60494995 34.61386108 34.62369537 34.63145828 34.64068604 34.66431046 34.67865372 34.69500351 34.70419693 34.70819855 34.7166748 34.72719193 34.72710037 34.7308197 34.7470665 34.79578781 34.83845139 34.86590958 34.87304306 34.85514069 34.83395004 34.83056259 34.852314 34.87617874 34.89366913
34.55564117 34.5503273 34.54246902 34.53476715 34.5296936 34.5290184 34.53360748 34.54288864 34.54595566 34.54940033 34.53580093 34.5327034 34.53208542 34.5342598 34.53846359 34.54392624 34.54211426 34.54234314 34.54765701 34.55217361 34.55607986 34.55487823 34.56164551 34.56338882 34.57555389 34.59327316 34.61020279 34.61563492 34.62651062 34.62295914 34.63002396 34.62791443 34.62969208 34.63082123 34.6356163 34.64643478 34.65680695 34.66443634 34.66786194 34.67372513 34.68153763 34.69517517 34.70898056 34.72613907 34.73451233 34.75752258 34.81264114 34.83178329 34.83891296 34.82320023 34.80246735 34.78636932 34.79968262 34.82476425 34.85536194 34.84579086
34.56586838 34.55483246 34.54730225 34.54036331 34.53778458 34.54336166 34.55413055 34.56497192 34.56058121 34.55589294 34.54397964 34.53718948 34.53278732 34.5294838 34.52716827 34.53021622 34.53710556 34.54216003 34.5472374 34.55802536 34.56658173 34.57647705 34.57042313 34.57043457 34.57762146 34.60373306 34.61626816 34.63686371 34.65504837 34.6684494 34.66890335 34.66553879 34.6473732 34.64278793 34.64213562 34.64390564 34.65744781 34.66113663 34.65835953 34.65737915 34.6701088 34.69480515 34.70724869 34.707798 34.71813202 34.75141907 34.79180145 34.80955887 34.80535889 34.77855301 34.74591827 34.75545502 34.77531815 34.8119545 34.82697678 34.81773376
34.5737381 34.56863403 34.56666946 34.56211472 34.56039047 34.5630188 34.56463623 34.578228 34.56930542 34.57314682 34.55524445 34.54536057 34.54000473 34.53409958 34.53091049 34.53519058 34.54421234 34.55628204 34.56106567 34.5662117 34.57554245 34.58349228 34.59263229 34.58641815 34.59230042 34.59817505 34.6143074 34.63447952 34.66603851 34.6759491 34.6856575 34.676754 34.67193985 34.66725159 34.66457748 34.65596008 34.67446899 34.67010117 34.66451645 34.66525269 34.68358231 34.69557571 34.70068741 34.69569016 34.72005463 34.74803925 34.76917267 34.78152847 34.78240585 34.75346756 34.72756195 34.72812653 34.75128937 34.78545761 34.78592682 34.79051208
34.57872009 34.57984924 34.57855606 34.57643509 34.56452179 34.56972122 34.57447052 34.57668686 34.57590485 34.56326675 34.55586624 34.54897308 34.54486084 34.54603958 34.55194092 34.55980301 34.56657028 34.57141113 34.57388306 34.57946777 34.58797836 34.59592056 34.5990181 34.60560989 34.60454178 34.60630035 34.62134933 34.64176941 34.65729523 34.67331314 34.67618561 34.67363358 34.67385483 34.67505646 34.67586136 34.68216324 34.68411636 34.67789078 34.67069244 34.6710434 34.68116379 34.68651962 34.687603 34.71105576 34.73882294 34.77174377 34.7736702 34.77528381 34.75300598 34.72964478 34.7287178 34.73138046 34.7450943 34.75535965 34.73862839 34.73799515
34.5788269 34.58010864 34.57961273 34.57798767 34.57171631 34.57195663 34.57303238 34.56588745 34.57291412 34.56890106 34.55730438 34.55501175 34.55931091 34.56962967 34.58034134 34.58950043 34.58935165 34.5903244 34.59037781 34.59187317 34.59788132 34.6018219 34.60694122 34.60898972 34.60345078 34.61419296 34.62397766 34.62852859 34.63447952 34.64179993 34.64881897 34.64290619 34.64794159 34.65492249 34.66123199 34.67677307 34.67923737 34.67864609 34.67226028 34.67136765 34.66374969 34.66592789 34.69508362 34.74055862 34.77510452 34.7858696 34.78985977 34.76402283 34.74311447 34.7367897 34.73740768 34.73508835 34.73538208 34.72964096 34.70091248 34.68943405
34.58119202 34.57839584 34.57516098 34.57519913 34.57739639 34.5819664 34.58552933 34.58190155 34.58124924 34.57992554 34.57175064 34.57870865 34.59269333 34.59648895 34.60472107 34.6087265 34.6054039 34.59991455 34.5954628 34.59607315 34.59937668 34.60562515 34.60596848 34.60254669 34.61078644 34.62205124 34.6172142 34.61846924 34.61727524 34.61523438 34.61950302 34.61890793 34.62028503 34.6201973 34.64906693 34.66323853 34.66534424 34.66027069 34.65211487 34.64514923 34.64928055 34.65929794 34.68759155 34.73059464 34.76054764 34.76448059 34.73708725 34.71783447 34.69453812 34.69151306 34.70435333 34.70895767 34.69584274 34.6631279 34.6268158 34.59294128
34.58576202 34.57991409 34.57965851 34.58200455 34.58637619 34.58646393 34.58693695 34.58742905 34.58821106 34.58953094 34.59067917 34.58868408 34.5965271 34.60863876 34.61237717 34.61302185 34.6108551 34.5992775 34.60403442 34.60316086 34.5965004 34.59971619 34.60762405 34.60764313 34.61166763 34.61068726 34.6098938 34.60655212 34.60637665 34.60832977 34.61095047 34.60925293 34.60329437 34.60886002 34.64199829 34.65629959 34.65751648 34.65010071 34.64320374 34.65057373 34.65358734 34.65361786 34.6627121 34.70409012 34.71218491 34.69348526 34.66876221 34.65391541 34.63484192 34.65209579 34.66350174 34.66843414 34.63774109 34.6101799 34.57343674 34.54349518
34.58966446 34.58654022 34.5857048 34.58753967 34.58832932 34.58777618 34.58840942 34.58360672 34.59134674 34.59441757 34.59794235 34.60289764 34.60652924 34.6088295 34.6107254 34.61146164 34.61090088 34.60921097 34.59670258 34.59383392 34.60146332 34.60126495 34.60199738 34.60643005 34.60774612 34.60561371 34.60421753 34.60509109 34.60887146 34.6143837 34.61499405 34.60898209 34.60370255 34.62511826 34.63999939 34.65119934 34.6627655 34.66456985 34.66139984 34.66597748 34.66162872 34.6587944 34.67482376 34.6933136 34.67814255 34.634655 34.60800171 34.5970726 34.58919525 34.58192062 34.58777618 34.57698441 34.57566452 34.57061386 34.55928421 34.5719986
34.58900452 34.58880997 34.58819199 34.5913353 34.59451675 34.59660339 34.59879303 34.60003281 34.59955597 34.59583664 34.60558701 34.61128235 34.61481857 34.61712265 34.61861038 34.61755753 34.61598587 34.61422729 34.60997391 34.58942032 34.59007263 34.58713913 34.59746552 34.61304474 34.60322571 34.60245895 34.60608292 34.62041092 34.62734985 34.62049866 34.62009811 34.61809921 34.61786652 34.61423874 34.61531448 34.62758636 34.64330673 34.66275024 34.67878342 34.68746948 34.6892395 34.6792717 34.7029953 34.69911194 34.68148041 34.6427803 34.59677505 34.58802032 34.57024002 34.57316971 34.57855988 34.58481598 34.58947372 34.60596848 34.61528015 34.61817169
34.58426285 34.58517838 34.58842087 34.59477615 34.60152054 34.6042099 34.60702133 34.60142136 34.60377121 34.59889984 34.60686874 34.61463928 34.62269592 34.62588501 34.62391663 34.61000061 34.6052475 34.59235764 34.5864563 34.57421875 34.57639313 34.57980347 34.59122086 34.5933075 34.59962845 34.60368729 34.60958099 34.61445236 34.61997604 34.62032318 34.61546326 34.61795044 34.61434937 34.61038971 34.59565735 34.60614395 34.62123871 34.64808273 34.66984177 34.68647385 34.68972778 34.68595886 34.69733429 34.70040131 34.67972183 34.64567566 34.63072586 34.60388565 34.58969879 34.59312057 34.59741211 34.60810471 34.62389755 34.64345551 34.65694427 34.66688538
34.58421326 34.5846138 34.58377838 34.59380722 34.59728241 34.60325623 34.60558701 34.6039505 34.60139465 34.60436249 34.60290527 34.60457611 34.6085434 34.61156082 34.61165619 34.60883331 34.60118866 34.59075546 34.5741806 34.56615448 34.56822205 34.57086563 34.58168793 34.59118271 34.58864594 34.59663391 34.61444855 34.60737991 34.61505508 34.60369873 34.61154938 34.6186676 34.61993027 34.61141586 34.59902573 34.60334778 34.61478043 34.63173294 34.65149689 34.66132736 34.67594528 34.67140579 34.67683792 34.69356155 34.69357681 34.67866898 34.65528488 34.62176895 34.60507965 34.60006332 34.60153961 34.60969925 34.62287521 34.6383667 34.65551376 34.66723251
34.57860947 34.58057404 34.58446503 34.5894165 34.59549713 34.60442734 34.60146713 34.60313034 34.59514999 34.58850479 34.58954239 34.59648895 34.60165405 34.60720825 34.61484146 34.61414719 34.60677719 34.59296036 34.58267593 34.57547379 34.5725174 34.57721329 34.58723831 34.59403992 34.59163284 34.58815002 34.58078003 34.58666229 34.60814667 34.62052155 34.61725998 34.63534927 34.63119507 34.63815689 34.62158966 34.62504196 34.63592529 34.64731216 34.64915085 34.65353394 34.65686417 34.66194534 34.68061829 34.69873428 34.68023682 34.66567993 34.62727356 34.61181259 34.60705948 34.60427856 34.60733795 34.61280823 34.61508942 34.62030792 34.62916946 34.63793182
34.57655716 34.56524658 34.56100464 34.56378555 34.56572342 34.57611465 34.58465958 34.59035492 34.58966827 34.58810425 34.58852768 34.59217453 34.60005188 34.60952759 34.61502075 34.61174011 34.6038475 34.59467316 34.58628464 34.58374023 34.58764648 34.59516525 34.59231186 34.59133911 34.58602142 34.58817673 34.59769058 34.60987854 34.62047958 34.63565826 34.63477707 34.62453461 34.62362289 34.63642502 34.64138794 34.64095688 34.63911057 34.64323425 34.64122391 34.63555527 34.63581085 34.65220642 34.67057037 34.67485046 34.65826797 34.6420517 34.61320877 34.60128403 34.59642792 34.59256744 34.59142303 34.59292603 34.58843231 34.58356094 34.60450745 34.62535477
34.5618248 34.55997467 34.56254578 34.5701561 34.5768013 34.58116913 34.58356857 34.5862236 34.58803558 34.58755112 34.58735657 34.59115982 34.5982399 34.60509872 34.61009598 34.61545563 34.61242676 34.60253143 34.59082413 34.58459854 34.58794022 34.5970993 34.60236359 34.60468674 34.60580444 34.60263824 34.61205673 34.62285995 34.62934494 34.62758255 34.62854767 34.62176514 34.61380386 34.63000488 34.63339996 34.63539505 34.62918472 34.62739563 34.6221962 34.6171608 34.61433411 34.61898422 34.61862946 34.63098907 34.63718033 34.62092972 34.59957504 34.59944534 34.59672165 34.58003235 34.57595444 34.57012939 34.57827759 34.59672546 34.6223793 34.65047836
34.56551743 34.56898117 34.5731926 34.57746506 34.58420563 34.58971405 34.59361649 34.59759521 34.59893036 34.59743881 34.59513855 34.58989716 34.60383606 34.61534882 34.62440109 34.62602234 34.61898422 34.61259079 34.60240555 34.6048584 34.60879898 34.61317062 34.61510849 34.61894226 34.62018585 34.62396622 34.62468719 34.62179565 34.63230896 34.63182068 34.62774658 34.61595917 34.6156311 34.61805344 34.61968231 34.61750031 34.62287903 34.61299515 34.60781097 34.59689331 34.59928894 34.60298157 34.61410141 34.61591721 34.61064148 34.60616302 34.61180496 34.61871338 34.61238098 34.60077286 34.58066177 34.59973145 34.59461594 34.61865616 34.64957047 34.66998672
34.56834793 34.57411957 34.58164597 34.58826447 34.59494781 34.60342026 34.6079216 34.60690308 34.60310364 34.60324097 34.60761642 34.61682892 34.62860107 34.64185715 34.6442337 34.6410675 34.63617706 34.63383865 34.62840271 34.6290741 34.63197327 34.63321686 34.63155746 34.6197052 34.6134491 34.61853409 34.62440109 34.62110519 34.62378693 34.62383652 34.6352005 34.63578415 34.62468719 34.63201523 34.62958145 34.62660599 34.62400436 34.619133 34.61127853 34.58892822 34.58325577 34.58823013 34.59930801 34.60645676 34.612854 34.6239624 34.6409874 34.65901947 34.67171478 34.67232513 34.66197205 34.66422272 34.66199875 34.66238785 34.66527939 34.66851425
34.57497025 34.58269882 34.58281708 34.5830307 34.58854294 34.60577774 34.61850357 34.62414551 34.62304688 34.62059402 34.63209534 34.63949203 34.6450119 34.64702606 34.64473343 34.63993454 34.63668823 34.63694 34.63880157 34.64081955 34.63812637 34.63618851 34.6298027 34.63366699 34.63843155 34.64187241 34.64374542 34.64701462 34.64195633 34.64202118 34.64305496 34.63331604 34.64044189 34.62694168 34.63186646 34.63346863 34.62903214 34.63428879 34.63221359 34.61973953 34.62975311 34.62882996 34.63692474 34.64839935 34.66764832 34.67844772 34.69411087 34.70082855 34.70260239 34.70108414 34.7071228 34.68736267 34.65626526 34.62198257 34.58355713 34.5409584
34.57052231 34.56573486 34.56938171 34.58496094 34.60041046 34.61240005 34.62044525 34.62698746 34.63194656 34.62997818 34.62885666 34.63789749 34.63946152 34.6396904 34.6344986 34.63278198 34.63606262 34.64295959 34.64770126 34.65367126 34.66129303 34.66370392 34.66300201 34.6678009 34.66835022 34.66815567 34.67205048 34.67784882 34.67393875 34.67106628 34.65894318 34.65987778 34.65605927 34.65709305 34.66255951 34.66595459 34.67575455 34.67624664 34.68328094 34.68028641 34.67835236 34.68149567 34.68614197 34.68767548 34.68510056 34.66228104 34.62484741 34.58739853 34.5590744 34.52160645 34.50229263 34.53010178 34.47660828 34.42777634 34.3427124 34.30748367
34.57147598 34.58064651 34.59028625 34.59999847 34.60976028 34.61708832 34.62198257 34.62889481 34.63352203 34.63379288 34.63235855 34.63331223 34.63433075 34.63448715 34.63339996 34.63320923 34.6379776 34.63993073 34.64836121 34.65439606 34.66310501 34.66901779 34.67435455 34.67697144 34.67988586 34.68474197 34.69129562 34.70040894 34.71007538 34.71128845 34.70642853 34.69338608 34.69338608 34.69284439 34.69905853 34.70362854 34.70999527 34.70616531 34.69804001 34.68874359 34.66699219 34.64382172 34.63932037 34.60975266 34.57447433 34.53450394 34.49364471 34.45450211 34.42269897 34.3835907 34.34635544 34.31464386 34.26700974 34.25158691 34.20459747 34.16353226
34.60655594 34.61352921 34.61465836 34.61907578 34.62209702 34.61983871 34.61875153 34.62775421 34.63018417 34.63178635 34.629879 34.6278801 34.63489914 34.6417923 34.65129471 34.66234589 34.66601562 34.67009354 34.667099 34.65589142 34.65121078 34.65217209 34.65603256 34.66667938 34.67633057 34.6866951 34.69701385 34.70175171 34.70961761 34.71208572 34.71692657 34.72473526 34.71640015 34.7082634 34.70800018 34.71644974 34.69958496 34.67705536 34.64737701 34.62434387 34.58095551 34.56287003 34.53260422 34.49753952 34.483284 34.44253159 34.39987183 34.36170197 34.30931091 34.28271103 34.24568939 34.19310379 34.16723251 34.13795853 34.10780716 34.0955162
34.63059235 34.62539673 34.61848831 34.61847305 34.61528015 34.62451172 34.62990189 34.6319046 34.63290405 34.6352272 34.63427353 34.64113998 34.64684296 34.66215897 34.67524338 34.68015671 34.68026352 34.67499161 34.66636658 34.65975952 34.66268158 34.66981888 34.66971207 34.67443466 34.67333984 34.67570877 34.6745491 34.68915939 34.70850754 34.71783066 34.72885513 34.727211 34.72272873 34.69473267 34.6709137 34.63079453 34.60052109 34.56489563 34.53619385 34.52641678 34.47731018 34.46846008 34.43484879 34.39395905 34.36275101 34.33395767 34.27603912 34.23978424 34.19739914 34.15966034 34.14095688 34.12506104 34.10966492 34.09188843 34.07559586 34.07019806
34.62797165 34.63529968 34.6432457 34.647789 34.64880753 34.64241028 34.64035034 34.63721466 34.63857651 34.63815308 34.63834381 34.6410408 34.64776993 34.65715408 34.66799927 34.67738724 34.6893692 34.70265579 34.70761871 34.70623398 34.702034 34.69783783 34.68360901 34.67623901 34.65642929 34.64586639 34.64100266 34.65406418 34.66529846 34.65641785 34.65390015 34.6403656 34.61666489 34.58704758 34.5554924 34.52453613 34.4985199 34.45552444 34.42498016 34.39186096 34.35619736 34.3423233 34.30617523 34.27506256 34.24659348 34.21641922 34.20438004 34.19684219 34.18598557 34.16616058 34.15203476 34.13838196 34.12267685 34.09465408 34.07841873 34.07463074
34.64003372 34.64443588 34.64796829 34.64702988 34.6425705 34.63356781 34.62866592 34.62453461 34.6256485 34.62945938 34.63482285 34.64004135 34.6474762 34.65734482 34.66581726 34.67298508 34.68553162 34.70113373 34.69315338 34.67629623 34.65924835 34.63829041 34.62508774 34.60494232 34.58122253 34.56804276 34.53305817 34.530056 34.52306747 34.51351929 34.53293228 34.51856613 34.49562454 34.46598053 34.43455505 34.38292694 34.35696793 34.34107208 34.31690216 34.29013443 34.26143265 34.23916245 34.22520828 34.21883774 34.21703339 34.21669388 34.21456146 34.2093811 34.19711685 34.18054199 34.16830826 34.15900803 34.14958191 34.13542175 34.11539078 34.10769272
34.60085678 34.61418533 34.61932373 34.61919022 34.61791992 34.61867905 34.62071991 34.63045502 34.63445663 34.6275444 34.62244034 34.62023926 34.62052536 34.61734772 34.63526154 34.63072205 34.62628174 34.62061691 34.60586548 34.60433578 34.58201599 34.56361771 34.54711533 34.52833939 34.50609589 34.47906876 34.43911362 34.41679001 34.39767075 34.37756348 34.35792923 34.33759308 34.34079361 34.31341553 34.29999924 34.29180527 34.28281021 34.26637268 34.25856781 34.25378799 34.24965286 34.24584579 34.24185181 34.23973465 34.24053574 34.23859024 34.23290634 34.22517014 34.21479797 34.20742416 34.19189835 34.18605423 34.18325806 34.17324448 34.16220093 34.15004349
