Environmental Parameters/RCP 26/2100/Sea-bottom_temperature.asc
ncols 720
nrows 360
xllcorner -180.00
yllcorner -90.00
cellsize 0.5
NODATA_value -9999
[rows 50 to 74 of 360, columns 280 to 335 of 720]
4.29492712 4.426136971 3.8956635 4.158572912 4.334173203 4.261406422 4.69874239 4.874515057 5.000730038 5.229186535 4.535860062 4.540837288 4.51956749 4.432441711 4.093869209 3.160923719 3.316217422 3.563906431 3.783679247 4.122085571 4.341777802 4.304842949 4.566417694 4.791096687 5.600532532 7.225345612 7.307693005 7.10692215 6.840583801 6.777940273 7.047824383 6.6432724 7.602825165 7.116800308 6.966439247 6.740305901 6.337864876 -9999.0 -9999.0 -9999.0 -9999.0 -9999.0 -9999.0 -9999.0 -9999.0 -9999.0 -9999.0 -9999.0 -9999.0 -9999.0 -9999.0 7.130694389 6.394861698 5.818000317 5.172254086 5.354502678
4.480772018 4.435371399 4.189875364 4.803684235 5.007049561 4.674972057 4.788527966 5.197270393 5.237639427 4.374950886 4.017783642 3.702377319 3.693010569 2.862213373 2.627355814 2.461594582 2.405348063 2.666424513 2.852739334 4.003642082 4.152396679 4.201339722 4.222707272 4.319579601 4.944954872 6.2457757 7.519980907 7.596351147 7.393633842 7.110121727 6.948108673 7.49598074 7.037712574 7.039813519 7.659745216 7.686517239 7.277818978 -9999.0 -9999.0 -9999.0 -9999.0 -9999.0 -9999.0 -9999.0 -9999.0 -9999.0 -9999.0 7.798178196 8.108563423 8.564435005 7.966012478 7.418111801 7.00539875 6.980674744 7.4665308 6.195310593
4.742540359 4.93522644 4.956242561 4.949400425 4.903402328 5.122827053 4.524240017 4.227575779 2.703460693 2.68676734 2.505099535 2.305202484 2.249591112 2.249482155 2.188860655 2.196228743 2.275355816 2.280454874 2.775434494 3.598951578 4.183239937 4.135611534 4.108005524 4.186006069 4.228747845 4.335600853 5.183786392 7.780210972 7.741603374 7.705778122 7.763521194 7.33123064 7.443172932 7.702644825 7.775328159 7.870802402 7.999940395 8.119460106 8.889118195 7.333148479 6.46724987 -9999.0 -9999.0 8.424835205 9.240401268 8.680197716 8.445898056 8.435112 8.612846375 8.275567055 8.377192497 7.57956934 5.032639027 5.493708611 6.133839607 6.064984322
4.984817028 4.532896996 4.49300909 4.212843418 4.151380539 3.721302748 3.053543091 2.708086491 2.329075813 2.310102224 2.242565155 2.171726942 2.179497242 2.185896397 2.151594162 2.152699232 2.149374723 2.376718521 2.296322584 3.910539627 4.022924423 4.123150349 4.041604996 4.136703491 4.264522552 4.348057747 4.435096741 4.821074009 5.652163982 7.922512054 7.707783699 7.794849396 8.104519367 8.151854515 8.196126461 8.187939167 8.207387924 8.292780876 8.338579178 8.367925644 5.398609638 5.76370573 8.390697479 8.424563408 8.469827652 8.047264099 4.922420502 4.978691578 4.775122643 4.426267624 4.41121769 4.404148102 4.580377579 5.390104771 6.612066746 6.407231331
4.083943367 4.111371517 3.069963932 2.675148964 3.012902975 3.277693033 2.522197723 2.305078983 2.264646769 2.202994585 2.184787989 2.180888891 2.154447794 2.141235113 2.13039279 2.30897665 2.454287767 2.508956194 3.150697708 3.985883236 4.073636055 4.094051838 4.17266798 4.165142536 4.190429688 4.334339142 4.355613232 4.435848713 4.985143185 7.622112274 6.724431992 5.616333961 4.55424881 4.652878761 4.704167366 4.778985977 4.703421593 4.79148674 4.730903149 4.613804817 4.305578709 4.455559254 4.44853735 4.626143456 4.508145332 3.9320755 3.916606426 3.907216549 3.602147341 3.605914354 3.906837225 4.399246216 4.673074722 5.302859783 5.429417133 5.988927841
4.026899099 4.05807209 3.010565519 2.514389038 2.318644524 2.321503401 2.322023153 2.230071306 2.213724375 2.211141825 2.193799019 2.171975374 2.159208536 2.129659414 2.109761953 2.230754852 2.243986845 2.486941814 2.664069891 3.98541069 4.037220478 4.108137608 4.06613636 4.116176605 4.324739933 4.343599796 4.388504982 5.425749302 5.512915134 4.644421101 4.635196686 4.528449059 4.617584229 4.489478111 4.391124249 4.445872784 4.448070526 4.434223175 4.413294792 4.012192488 4.301362991 4.294440269 4.430953979 4.396138668 3.947146893 3.369811296 3.392225742 3.412169456 3.245317459 3.391467094 3.521837473 4.251776218 4.536966801 4.700325966 5.096756935 5.192822456
3.637646914 3.145390034 2.46596837 2.319234848 2.311306 2.29025197 2.222800016 2.20958066 2.1904037 2.197212219 2.212036371 2.196791649 2.195271254 2.179124355 2.203095913 2.251556158 3.038485289 2.662585735 3.798877239 4.004014015 4.035256863 4.090634346 4.140061378 4.271995544 4.227315903 4.809918404 4.903977394 4.703925133 4.549194336 4.540928841 4.369723797 4.202457905 4.22996664 3.878724337 3.89459157 4.214027882 4.220087528 3.545726776 3.304048538 3.972117662 3.670163155 4.000454664 3.375118017 3.356908321 3.144058943 3.048884392 3.179614544 3.160502434 3.10221386 3.186757088 3.471538544 3.766590357 4.454960346 4.775479317 4.716988087 4.738059998
2.418921232 2.273913145 2.187558651 2.195695639 2.203286171 2.207046986 2.208955288 2.208746433 2.182765484 2.192041874 2.196005583 2.215651989 2.228774786 2.236223459 2.248576641 2.461401463 3.03070879 3.133291006 3.166175604 4.037199974 4.118485451 4.197944641 4.280388832 4.35462904 5.030220985 4.919795513 4.508671761 4.279343128 4.239137173 3.667062044 3.6754601 4.094499111 3.754066467 3.77250433 3.378376722 3.777806759 3.790916443 3.487044096 3.045692682 2.968780994 2.967647552 2.960303783 3.045817852 2.975296736 3.003672838 2.557814837 2.575016737 2.572053432 2.849761009 2.938563108 3.20199728 3.379539251 3.804289103 4.45470953 4.171890736 4.688333988
2.298821688 2.227329016 2.187315941 2.149830103 2.154045582 2.161141157 2.166363478 2.166650534 2.172518492 2.093089819 2.086278915 2.187469721 2.194680452 2.254112482 2.334877729 2.463720798 3.000480652 3.09913373 3.973819256 4.151119709 4.199959755 4.231915474 4.472749233 5.07307291 4.298042297 4.472540379 3.935779095 3.922412634 3.141051769 3.355467796 3.316053867 3.128659487 3.197700024 3.151247501 2.601145744 2.51813674 2.522020102 2.447463989 2.462098122 2.538419724 2.488502502 2.447437048 2.443174362 2.387903452 2.427237272 2.504664898 2.452532053 2.549993992 2.558809519 2.975031137 3.159837246 3.72996068 4.148864746 4.628829956 8.727075577 8.784346581
2.252909184 2.189531326 2.14884901 2.148228407 2.151178122 2.158697605 2.144460917 2.115338326 2.165148735 1.914389849 1.903274775 2.216850758 2.293685436 2.456656218 2.348364592 3.370104313 2.989585161 3.885074139 4.135752201 4.171712399 4.224555492 4.723747253 4.543807507 4.230113029 4.391580582 3.86184144 3.272864819 3.091862917 3.056039095 2.934428215 3.002753496 3.004949093 2.964429855 2.881810665 2.445009708 2.331065416 2.305813313 2.280348301 2.286331892 2.318781376 2.337697506 2.317968369 2.303395987 2.331559896 2.353662968 2.370714426 2.444874287 2.46941328 2.908290386 3.28251791 3.506164074 3.970250845 6.831511021 8.428715706 8.975552559 8.932957649
2.176460743 2.175963879 2.096593142 2.105871201 2.084227085 2.097187757 2.099378824 2.099253416 2.219307184 2.185040712 2.164839029 2.215045691 2.432578087 2.467820168 2.83132267 3.369844913 3.822718143 4.028642178 4.125232697 4.384545326 4.609825611 4.403625965 4.374304771 3.478112936 3.489747524 3.27338624 3.020875216 2.857573271 2.689110994 2.715978146 2.690919161 2.611133337 2.676191568 2.730789423 2.326840639 2.236511946 2.302301168 2.324049473 2.340139627 2.338265419 2.380639791 2.363359213 2.36757946 2.373520851 2.381721258 2.500338793 2.895007372 3.2441535 3.264750957 3.432211876 3.878232718 4.423508644 4.973820686 5.792676449 5.222148418 5.244109154
2.052209377 2.064353228 2.029886007 2.050583601 2.068735361 2.089431524 2.09401989 2.094238281 2.211966515 2.210381985 2.263332844 2.238649845 2.430911779 2.686619759 2.543398619 3.833992481 3.984130859 4.123459339 4.27564621 4.367748737 4.122124434 3.72718811 3.429613113 3.037611485 3.148142576 2.927724838 2.769429445 2.694579124 2.636904478 2.43158555 2.429616928 2.432467222 2.46014595 2.394534588 2.331213951 2.318548203 2.311355114 2.332383394 2.339829445 2.344826937 2.342991829 2.342668056 2.473608494 3.674007416 4.211540699 7.414909363 8.647220612 8.893219948 8.925662041 8.748131752 6.35358429 7.432230473 7.206232071 4.558747292 3.975089073 4.34362936
2.040737152 2.001762629 2.018958569 2.038131952 2.060474634 2.125251055 2.14627552 2.381207466 2.387645006 2.397674322 2.422286272 2.339796782 2.755244255 2.584075451 3.764714241 3.863968134 4.073993683 3.88140893 4.326462269 3.914769173 3.128998518 3.021723509 3.115554094 2.904515743 2.953403234 2.816242218 2.344911814 2.352920532 2.369150639 2.386475325 2.407448292 2.398201704 2.400560141 2.392170429 2.358965397 2.361190319 2.363489389 2.35685277 2.361078739 2.351313114 2.526232958 3.224901676 7.251909256 8.972976685 7.657916069 6.244579792 5.762768745 5.906156063 5.754049778 5.527700901 6.38050127 7.463419437 7.936854362 3.806612968 4.14702034 4.017698765
1.886466503 1.895626545 1.905617237 2.03543663 1.911358595 2.201583385 2.235813618 2.348338842 2.426414013 2.334080696 2.332504511 2.416574955 2.471583128 3.197890282 3.671093225 3.76206255 4.147402763 3.98806262 3.478750944 3.003676176 2.832275152 2.905746222 2.641149044 2.634504318 2.685246229 2.387318373 2.329451323 2.310617924 2.3319695 2.362108707 2.411622524 2.4097507 2.399494886 2.39947629 2.406842232 2.404974461 2.403548956 2.407278538 2.40539217 2.51891613 3.613322973 6.04151392 7.391816616 7.644470215 6.880470753 6.344577312 5.983314037 6.105892181 6.126719475 8.643588066 8.486476898 8.758687973 8.813988686 4.673435211 3.827171803 3.994888067
1.965328455 1.996738434 2.026884079 1.92017889 1.922986507 2.142228365 2.18465209 2.151520967 2.168981314 2.245785236 2.325736761 2.823046446 3.341506004 3.838216305 3.494181395 3.930000544 3.13866806 2.747108459 2.733430624 2.614350796 2.623741865 2.361331224 2.360691071 2.396626711 2.352425814 2.275149584 2.258008957 2.267384052 2.30498147 2.454631567 2.448615789 2.4287467 2.410775423 2.406558037 2.40018487 2.406639099 2.4121387 2.699217796 2.666187286 3.550455332 3.940779209 6.825411797 7.630054474 6.726629734 6.310050488 6.322901726 5.80192709 5.891741276 6.384045124 8.048945427 8.907411575 9.31854248 9.468191147 9.454273224 4.857036114 3.633677006
1.981345654 1.919952393 2.095472813 1.937950373 2.130293608 2.039317846 2.198406696 2.278663874 2.21980691 2.360759497 2.682588816 3.165920496 3.727779388 2.923185825 3.125783443 2.918076277 2.616139174 2.615766287 2.617594719 2.429900885 2.415220976 2.461385012 2.240104675 2.283294201 2.285203218 2.298535347 2.302925348 2.30537343 2.471557856 2.476278543 2.474392891 2.445278883 2.437730074 2.388501883 2.382497787 2.423830748 2.489311457 2.780985594 3.131813288 4.531601906 6.163933277 5.405725479 3.979791641 4.996696949 5.060852051 5.053032875 5.048529148 5.78490448 6.317905903 8.620381355 9.404392242 9.655191422 8.972799301 9.971986771 3.754870653 3.51860857
1.906601429 2.02064395 2.107450724 2.178922892 2.248061419 2.300106049 2.317522287 2.188078165 2.317185163 2.334382296 2.573470116 2.572347403 2.852784634 2.932034254 2.738556862 2.868801355 2.564285755 2.577955008 2.268827438 2.227501154 2.335595369 2.257360935 2.2519629 2.28352356 2.284892082 2.288361788 2.384116888 2.452809811 2.446567774 2.455684185 2.455097914 2.440857887 2.440782547 2.394767284 2.430269957 2.570573092 2.772638559 3.05079627 3.55177927 4.459510326 5.19115591 3.95955801 4.838274956 4.910943985 4.063349247 8.289759636 7.835944176 7.482587814 8.61652565 9.528320313 9.339337349 9.325082779 9.108506203 3.288011312 3.15316391 3.134681225
2.132046938 2.026914835 2.079572678 2.089743376 2.171985626 2.272922754 2.391925812 2.411372185 2.4803195 3.069983721 3.41102767 3.302080393 2.932548761 2.759594679 2.677327871 2.437218904 2.243472338 2.170560837 2.204911947 2.2559762 2.280487776 2.300023079 2.296365261 2.289043427 2.326328039 2.419033051 2.427325249 2.417000771 2.426529169 2.437939644 2.378238201 2.441864967 2.507852554 2.651603699 2.899700403 3.353696823 3.299416304 3.331290007 4.12552309 3.787241459 3.9084692 4.018516541 4.080804348 4.066364765 4.932536602 8.636881828 9.453141212 9.591135979 9.726205826 9.310892105 9.657836914 5.517697334 3.096101046 3.004062176 2.945805073 2.908016443
1.919844866 2.037617207 2.043844461 2.045030355 2.273991823 2.242176294 2.353304625 2.449153423 2.768730879 3.191071749 2.942368507 2.828692675 3.196240902 2.527086973 2.462757587 2.187431574 2.185298443 2.263311863 2.27426219 2.249900579 2.286645412 2.33291173 2.337729454 2.332136631 2.332073927 2.371105433 2.428869247 2.415637732 2.445249557 2.438633204 2.471552372 2.584815502 2.796965361 2.849569559 3.021972895 3.172802925 3.355458975 3.450064182 3.002075672 3.157352686 3.267060757 3.662966728 4.04719162 4.073479652 6.300357819 8.643604279 9.501411438 9.489721298 10.10345459 9.576491356 3.938375235 3.068175316 2.885887384 2.858981371 2.871755123 2.87677598
1.823202372 2.086735725 2.081305742 2.088350534 2.256596804 2.261753082 2.266437054 2.42630744 2.612711906 2.554152012 2.798266172 2.782053232 2.437599897 2.227998257 2.17461586 2.119897842 2.177675486 2.142449379 2.270658016 2.25917697 2.384094238 2.350082397 2.354964256 2.379124165 2.383808374 2.370066881 2.309378862 2.335947752 2.333557844 2.441450834 2.516503334 2.527105093 2.536571026 2.493831635 2.482134819 2.462647676 2.395790815 2.475412846 2.529597759 3.318588734 3.97833252 3.920696735 4.767604828 5.499241352 7.874091148 7.050302029 6.754714966 4.342047215 3.532270908 2.994856119 2.948774338 2.85367775 2.840476513 2.854023218 2.851506472 2.852849245
2.17449975 2.10179162 2.093831301 2.091439962 2.185857058 2.240959167 2.189902544 2.389048338 2.776143789 2.683953047 3.110955238 2.458641768 2.194620609 2.149005175 2.103469849 2.070670843 2.213066816 2.197306871 2.197390079 2.372115135 2.371885777 2.35038352 2.372490168 2.383471251 2.339764118 2.295212269 2.378792048 2.284524441 2.271864653 2.63307023 2.403672934 2.402911901 2.387391329 2.367803335 2.41106534 2.746448994 2.409081697 2.383829117 2.47527957 2.947933912 3.645538807 4.02050972 5.33138752 5.816077232 5.080556393 3.876060009 2.946723938 3.001797915 2.93688035 2.872200489 2.807955742 2.81089592 2.821167946 2.825272799 2.830022097 2.84018445
2.0128901 2.18037653 2.227773905 2.161196232 2.167750359 2.269067764 2.179189444 2.446531057 2.731925964 2.655012846 2.456498623 2.193049431 2.154431343 2.152944803 2.0670228 2.083647966 2.276505947 2.227214098 2.286241293 2.341236353 2.324654818 2.328902721 2.327325344 2.310759068 2.285108328 2.314822435 2.301343679 2.289912462 2.441646814 2.395655632 2.362924576 2.327842951 2.544595242 2.296588421 2.351804972 2.301287889 2.368119955 2.404978037 2.473222256 3.041704178 4.219234467 3.953492165 3.181053162 3.07565999 2.827797174 2.791273594 2.811243534 2.77776432 2.730055571 2.663118601 2.675903082 2.762875795 2.799495935 2.816895485 2.830713749 3.372457027
2.00555253 2.011204958 1.916759253 2.150068998 2.197130203 2.361647129 2.251829147 2.386115313 2.59246254 2.622631073 2.517386198 2.249351263 2.195453644 2.174025297 2.185698509 2.096263647 2.212239742 2.14471221 2.311326981 2.295883656 2.299229622 2.29400897 2.290174961 2.293627739 2.295654535 2.273566723 2.291407347 2.283741474 2.285010099 2.300377846 2.558381557 2.299912453 2.360497236 2.339073896 2.332035542 2.327607155 2.348845243 2.348797798 2.691001654 2.722831488 3.18782568 2.834709883 2.828665257 2.802858353 2.775343657 2.786355495 2.75146842 2.475390911 2.386258841 2.579071522 2.666175127 5.300302505 10.72288704 10.28507233 9.999624252 10.03899193
1.998558283 1.938834667 2.024422646 2.342099905 2.277752876 2.220021248 2.114746094 2.306036234 2.562805414 2.444887638 2.258564949 2.168612242 2.283653498 2.218532562 2.190216541 2.192101479 2.315678596 2.275038481 2.259961843 2.266833067 2.273441315 2.264386177 2.277789831 2.272219658 2.265110493 2.270843983 2.278301477 2.281506062 2.280397654 2.294435263 2.296782255 2.270040751 2.398930788 2.340673208 2.246738434 2.217242718 2.362290859 2.477124214 2.531531096 2.56833744 2.871340752 2.958536386 2.962683439 2.721767187 2.550393343 2.472583532 2.374033689 2.294039726 2.317035437 2.617567062 8.049263954 10.66099453 10.57411671 10.67430019 10.57263374 10.44836235
1.838091373 1.772448778 1.766209841 1.7654953 1.920071363 1.910358667 1.913171291 1.913257122 1.985724926 2.112959862 1.641655922 2.324512005 2.344073296 2.354662895 2.414506674 2.229686737 2.079188824 2.246297836 2.008964539 2.246134281 2.233116388 2.257958412 2.253077984 2.271266699 2.314139366 2.299935341 2.307950258 2.307735205 2.294147253 2.296801567 2.274014473 2.291884184 2.389553308 2.352798939 2.26874876 2.259112358 2.244703531 2.394924164 2.43701458 2.631055593 2.862222433 2.496507645 2.312449932 2.30111146 2.30693841 2.277863741 2.344532013 2.243313313 2.242362976 3.103180885 9.345292091 9.488536835 10.49312878 10.53245163 10.38761616 10.27304935
