Environmental Parameters/RCP 26/2100/Sea-bottom_dissolved_oxygen.asc
ncols 720
nrows 360
xllcorner -180.00
yllcorner -90.00
cellsize 0.5
NODATA_value -9999
[rows 250 to 274 of 360, columns 280 to 335 of 720]
221.562439 221.5160675 221.5197601 221.6157379 221.967865 222.1386871 222.2217712 222.2136688 222.1245422 221.947525 221.5313721 221.8224182 221.129425 221.0744476 221.1654816 220.8103485 221.0181427 220.6228485 220.6243134 222.0236816 222.2458038 223.0099182 220.3983612 225.179245 219.9159241 228.6205444 225.3956757 226.0913696 222.1834564 222.3761749 229.8328705 223.1271515 231.516922 225.7219238 237.9033813 238.1276398 240.2206726 240.5408478 239.7735443 240.526001 238.6935272 241.9840698 241.2120972 242.9603424 240.3289185 241.9658966 241.5912476 241.5744781 241.3213501 241.2478485 241.1030731 240.3932037 240.4123383 240.9286194 240.9208374 241.0071716
221.9462128 221.6406097 221.5284119 221.4406738 221.4557343 221.6812286 221.6856079 221.7144623 221.7019653 221.6386108 221.3835297 221.595993 221.0727844 221.1066132 221.0986786 220.6639404 220.9145355 220.8736725 220.7820129 222.1259308 222.7055969 222.0040283 219.9271851 219.9222412 219.8022461 219.3644867 224.7458496 219.8517914 220.0071869 219.2615662 221.5495453 221.6739655 234.598053 235.299469 235.7949371 238.9541626 236.8863983 239.4161682 239.6407013 233.3984985 239.9495392 239.5978699 242.1504974 240.681366 237.881424 235.7216187 241.6396484 241.698761 240.6704559 240.5641479 240.5226135 241.8873138 242.1528625 242.3140869 242.2763672 242.0636444
221.5833282 221.8421631 221.8702393 221.6898956 221.3834686 221.2489319 221.3099213 221.4914856 221.5848083 221.6130981 221.3944092 221.2003021 221.5106812 220.8293762 220.7733307 221.2339325 220.5899811 220.9705658 221.0703888 221.0556946 222.4839783 222.3752136 220.2664337 220.0798645 219.6220398 219.6966553 219.3042603 219.5108032 219.6390686 220.2540436 221.0826263 226.6018066 227.9203033 225.0539398 225.4498138 230.3967438 235.3805695 236.348053 232.2484436 238.5845947 238.1036682 238.6540985 237.2101593 230.9179382 224.1944733 219.5113068 241.0552368 230.7999878 240.8838501 240.8251953 242.315155 240.8894043 242.7797241 241.9746857 242.7010956 242.5195465
220.8578033 221.3742676 221.8748474 222.1405792 222.1454315 221.6646729 221.2206421 221.3201447 221.4591522 221.618576 221.7284851 221.4821167 221.6481171 221.5503387 221.1273193 220.5434265 220.5667572 220.3746948 222.3462677 220.9289551 220.7739563 220.7491913 220.6728363 220.5606079 220.3070526 220.0820465 219.8830719 219.6805267 219.4647522 219.7099609 220.2619324 225.417572 226.9538116 227.9400024 225.1379242 229.9269409 227.6920166 231.109024 227.3844757 229.9082947 232.4254456 236.7381744 230.2012634 231.1522217 225.980545 225.4941254 231.848587 239.6757355 235.4038239 240.6516266 240.9160614 241.2377625 241.3305206 241.7349548 242.8473358 242.4535522
219.957962 220.1034241 220.5519409 221.4342804 222.0565948 222.1663513 221.8524475 221.4515381 221.185791 221.1919403 221.3032074 221.5278931 221.7824249 221.5500641 221.5948029 221.0884094 219.6656952 219.5592346 219.5036163 226.2032318 220.0575714 220.3199921 220.480011 220.2259521 219.98703 219.6693268 220.3825836 219.1872101 219.2107086 219.503006 219.7320404 221.2583466 218.6944885 224.6856079 224.520401 220.1592865 230.1730652 230.4800262 230.7669678 234.9983673 235.7012634 235.7121887 231.3666382 225.3610229 217.5058136 239.9445496 229.7720795 239.3007965 239.6950836 240.0008392 240.5917206 240.9129944 243.1004181 240.080658 256.1542969 237.206955
219.8907776 219.7722626 219.8938141 220.2259064 221.0072021 221.5678101 221.8205566 221.7204742 221.4496918 221.1832123 221.046524 221.007431 221.1563263 221.5511627 221.7791595 220.4283447 219.3808899 219.0037537 219.508316 219.6763763 218.8363037 219.2592163 219.3055115 219.6113739 219.0273743 218.7934418 219.5561218 220.0830994 218.671875 219.0458832 222.8280182 224.2980347 223.1588287 225.6600647 232.087677 229.5498352 232.4056854 228.5110779 232.2747803 234.1270752 234.7215424 233.0461731 230.8448486 232.1612549 217.3348694 216.9093628 219.8083954 237.604538 234.2880249 237.6966553 238.0052338 238.4988403 241.9359741 240.7100525 241.02034 241.9265747
220.1173706 219.6994781 219.4945679 219.8589935 219.9091034 220.4179535 221.1664734 221.5433044 221.3915863 221.2046661 220.9679108 220.7770538 220.6924744 220.9215088 221.4730377 220.3394623 220.5606384 218.712677 219.441391 218.2786713 218.2837677 218.0521393 221.0894775 219.5442047 218.1136017 218.0892334 218.3244934 230.4901581 222.7017975 220.6203766 223.8941193 227.854187 222.8827057 222.7453308 224.6616974 225.2378082 225.3658905 226.6463318 228.7599182 229.1859741 232.5231476 232.6009521 232.8094788 226.2931976 217.0939941 216.4626617 213.3165436 234.3275604 239.2764893 238.4375916 237.0643311 237.7603302 236.1614532 237.1788025 235.42453 237.9518738
220.2310944 219.6711578 219.2631073 219.3894501 219.1320038 219.5021973 220.0070953 220.693634 221.0993958 221.186264 220.8994751 220.5187988 220.3583984 220.4352417 220.6820221 220.3654785 220.3682556 219.9962769 220.1851959 218.4643402 217.9771423 218.4450684 218.2566376 217.8228455 217.9687653 218.1313782 218.3577576 218.3950348 228.8141327 221.1026611 217.4705963 217.5869446 218.8362732 220.795105 221.0513153 221.7335663 230.3140259 223.0437469 229.6967621 230.2013245 230.2896423 231.1058655 227.9846649 222.6839905 222.7378693 210.6085815 215.8592834 213.1624603 227.2962799 235.110321 234.1211395 230.327179 227.9232025 233.3446503 232.7949982 230.8266602
219.5307922 219.2614441 219.1643677 218.9154205 218.9026489 218.7912903 219.1629639 219.4830475 219.9275208 220.0921936 220.0005035 219.8214569 219.7823181 219.8760071 220.1175232 220.4710388 220.5278473 220.2904663 220.2714844 219.410675 218.9557953 217.8184357 217.5877991 218.0892029 217.3512421 217.8324738 217.9135895 217.9306335 218.0512695 217.6968842 218.1319427 218.1402893 218.1695251 218.2235107 217.6641998 218.7869568 222.8711548 223.7754364 219.5617676 223.9714203 224.8096619 227.7173309 226.4896851 224.5585632 219.3545532 218.0529022 218.3935394 223.7015533 216.1141968 221.3878784 223.966095 224.7726288 226.2031403 224.9212952 223.9299011 223.8218842
219.6292877 219.4442139 219.3134613 219.0410614 218.6794739 218.7777252 219.1000977 219.5371094 219.4985504 219.5658112 219.5345917 219.3989258 219.2986755 219.2995605 219.2574615 219.3795929 219.5852356 219.5713806 219.1715546 218.9273529 219.413147 217.8896179 218.1891479 217.8121948 217.7299042 217.888855 217.9887848 217.5507355 217.3042755 217.2481537 216.6170044 216.7834625 217.7399445 216.8652191 217.2637634 217.6847076 217.8143005 216.6059265 217.4671478 222.5612183 225.2272186 225.3300629 225.5096283 225.3531952 225.0848846 222.8513031 220.7579193 210.937149 221.8178711 235.9648895 222.9247742 223.0518494 221.8542786 220.319397 220.1472473 224.7336884
219.680069 219.55159 219.4550629 218.9639893 218.7995758 218.932312 218.9625854 219.2329712 219.4451752 219.6588287 219.6890259 219.5571442 219.3710022 219.2673645 219.238739 219.281601 219.4725647 219.3223419 219.1251678 219.0102081 218.2606964 217.8118134 217.2330933 217.34935 218.0945435 218.2483978 218.0829315 218.0059814 217.6771545 217.4220123 216.8152466 217.5984039 215.9850311 217.6453247 216.3098297 219.8613892 219.0710297 216.9879456 220.7257843 223.4351959 222.745285 221.8755493 221.9420013 223.1609344 223.0881805 218.4889221 218.6663361 220.0591431 235.9570618 221.5995331 221.5511169 221.6305389 221.2278137 215.8430481 219.8592834 219.4821472
219.6812286 219.6569824 219.4319916 219.2227478 218.9577942 218.8766327 219.0037079 219.1043243 219.3388672 219.6443329 219.72789 219.6668701 219.5104523 219.3630219 219.2615509 219.2510986 219.286499 219.1946106 219.449646 219.2212982 218.6127014 218.2240601 217.8558502 217.644989 217.5836182 217.5782471 217.5589905 217.6799316 217.5486298 217.4859772 217.1266022 216.4745178 216.2202606 215.9202271 219.1059113 219.1583557 215.8421173 221.6902161 223.0129395 223.1933594 222.2871552 220.6299438 215.873642 223.6221313 223.0066376 210.1466217 227.9315186 219.0525665 218.1585846 219.1075745 218.6080933 220.9739227 220.8114471 220.011261 219.1692505 216.9233704
219.5102081 219.5589447 219.414978 219.2521515 219.0660706 218.9904022 219.0542297 219.223526 219.3526917 219.58815 219.7081451 219.7577972 219.7494812 219.5120087 219.4308472 219.2899933 219.3734741 219.2236176 219.4294739 219.2028809 218.9561462 219.8990784 218.2646027 218.704483 218.0540161 217.622879 218.0843658 217.7337036 218.0897827 217.6419983 217.8476868 217.6743011 216.4263306 216.1330719 217.8991852 216.0705566 218.4365997 215.894043 219.6107941 221.2103577 220.2416382 218.3665314 220.3504333 223.240387 221.2811737 220.06633 213.7293549 217.8742676 217.3313446 217.5897522 217.6751404 219.0861053 219.5959778 219.2104492 218.2285004 217.336853
219.3246155 219.402359 219.3320465 219.1849976 218.9493256 218.9122925 218.9875641 219.1576538 219.3625488 219.6742859 219.8548889 219.9100189 219.9481201 219.6687317 219.4343414 219.3029022 219.2868652 219.1748199 218.7655945 219.0618591 218.9202576 218.8292542 219.7793427 218.8333893 218.7357483 218.4625702 218.4891663 218.538147 219.522995 218.5670013 219.8443909 218.3517914 215.9668427 216.0707855 215.9519653 216.3128052 216.6319275 216.9732208 216.9958954 219.3786163 219.8072205 220.2381897 221.9702759 222.5222321 222.3991699 218.4252625 219.8591003 217.0405579 216.8180389 216.4640961 216.7823181 217.1556396 217.3142395 217.9344025 217.6856079 216.8466492
219.161026 219.4755402 219.4111786 219.2789001 219.1040344 218.8826447 219.0006866 219.1725616 219.3999023 219.6595612 219.8594055 219.957016 220.0073395 219.8105927 220.0210266 219.4539642 219.3733521 219.3281555 219.3682404 218.7036285 218.7070465 218.9564514 219.027298 219.0364685 218.7625427 218.70047 218.7090149 218.7678833 218.8503113 218.4604492 218.5258636 218.3175049 217.8227081 216.6451569 217.1665802 215.9983063 216.1036682 217.763916 218.3491516 218.7809143 218.9588623 220.625824 221.9815521 220.9209595 222.170105 221.1177979 220.3129425 217.4308624 216.2587433 215.4758453 214.7555084 216.0542297 216.8730621 216.8354492 216.7178345 215.6141052
219.4522705 219.5247192 219.5322571 219.3898468 219.191391 219.0441742 219.0393677 219.129303 219.3257141 219.5570526 219.7894135 220.0458374 220.0590057 219.9436646 219.773819 219.5333862 219.427475 219.4061279 218.9022217 218.7967987 218.8592224 218.9729309 219.0745239 219.1018677 218.8213501 218.6965179 218.6610718 218.9441223 218.7877502 219.0747833 219.817215 219.4159393 219.3241272 219.2389526 217.7440948 216.2856293 216.0089264 216.1061707 215.9772339 217.7943726 218.9639893 219.3274536 217.8326111 217.8723297 220.1233215 221.2301636 217.1860504 217.4737701 215.7436371 214.8417816 215.4531097 215.6231842 216.1109009 216.319519 216.1528473 214.5689087
219.5305481 219.5691681 219.534729 219.4683838 219.27034 219.125946 219.1003876 219.188324 219.3468323 219.4947815 219.6153259 219.7514496 219.8545837 219.924057 219.6474304 219.4351349 219.3612823 219.4564972 219.0823517 219.0777435 219.1418762 219.2308044 219.3245544 219.2954865 218.8852386 219.0718842 218.9306641 218.8435364 218.9155579 218.8934937 219.4429321 219.5372772 219.428833 219.3227539 219.2412415 216.6584015 215.962616 216.0366821 215.8947906 215.8992004 216.8707428 218.212326 216.0938416 216.5921631 217.8373108 220.595108 214.0028839 216.6797791 215.464859 214.9306488 215.0107422 215.4509888 215.7388763 215.87677 214.4027557 214.0558167
219.4536133 219.4831085 219.4231873 219.3073425 219.211853 219.1303711 219.1552887 219.2088318 219.5530548 219.5542603 219.6667175 219.710968 219.6954498 219.6470032 219.5049438 219.361908 219.2987976 219.1982727 219.4768372 219.2870026 219.3677368 219.1547394 219.5652008 219.5213623 219.3272858 218.0634613 218.7013702 218.6747284 218.8908691 219.0380402 220.596405 219.5762329 219.4154663 218.7297211 218.2622833 216.8957977 216.3336639 215.5775757 215.4606934 215.3517303 215.3145752 217.0538635 215.802063 217.3846741 218.9662781 219.4492188 217.7047882 215.2076111 215.3727417 214.9525452 214.9981537 215.1576996 215.4811096 215.436676 215.1643524 214.9718018
219.0267792 219.0699463 219.0681763 219.0901947 219.0534973 219.0657501 219.1126251 219.2552795 219.4291077 219.4809723 219.5822296 219.6294403 219.6463165 219.6578979 219.5575714 219.4108582 219.3019257 219.2964325 219.4126129 219.5933838 219.8446045 220.094223 219.9663086 219.9055176 219.7189331 219.512146 219.8164215 219.0260468 218.9569092 219.094635 219.2960815 219.4693451 218.9425201 218.9546814 218.6284027 218.0429993 217.4048157 215.7814484 215.218338 214.6485291 214.6874237 216.5106201 215.1488647 216.5128479 218.210556 217.2477875 217.7304535 215.384964 212.4684448 214.9328308 214.8806458 213.7018433 215.0048981 214.9838409 214.1697235 214.6992493
218.7062836 218.6853943 218.7488708 218.9232635 218.9022675 219.0174866 219.0572662 219.2302856 219.3752747 219.5097656 219.5854645 219.6465912 219.6939697 219.7269897 219.6729126 219.6306 219.565506 219.548111 219.5216064 219.6371307 219.8102417 219.7964935 219.9473572 220.0176392 220.0753784 219.8235321 220.0349121 219.401123 218.4461823 219.0978088 220.2197723 219.3307953 218.8834381 218.9694824 219.3932037 218.3529816 217.7760773 216.1946564 214.9599457 214.6517792 214.7080078 214.5382233 215.1547699 216.2419128 215.6415405 216.6086121 215.9169617 215.9828644 215.3052673 215.0307922 214.7916718 214.3709106 214.4359589 214.2932281 213.5772705 214.0594635
218.3518829 218.4265594 218.506897 218.5806732 218.6893616 218.8625183 219.0834808 219.1733246 219.303833 219.3414459 219.3901825 219.4189758 219.4556427 219.530426 219.6161652 219.6610413 219.6853943 219.6808472 219.7183838 219.8300018 220.0768585 220.2657166 220.4852448 220.3331146 220.2801056 220.2908325 220.3076935 219.5367737 219.4626465 219.484787 219.6943207 219.6244812 219.773407 219.8087463 219.8259277 218.8862457 217.4450989 215.8710632 215.5392609 214.4272308 215.5036011 214.5402374 214.8585205 215.314682 215.4299622 215.7309723 215.3968353 215.1891937 215.1043854 214.5853119 212.3164215 213.955719 212.7393494 213.3668823 213.3256073 213.6700897
218.1681366 218.2414703 218.3081207 218.3792267 218.4345093 218.5478821 218.7391815 218.9940186 219.3104248 219.4725189 219.6024475 219.5897522 219.577652 219.6266022 219.6860199 219.7858429 219.8822021 219.9247589 219.9559631 220.1444244 220.229126 220.2917633 220.3531647 220.5770416 220.7338409 220.6289215 220.4668427 220.6808624 219.9570007 219.879715 219.9130554 220.5739288 220.8582916 220.1039734 220.12677 221.3021393 218.0801086 216.5131531 217.1126862 217.8995972 217.9338684 214.8184967 215.6163635 215.6780701 214.9095001 214.8373718 214.7757568 214.6532288 214.6061249 211.2516174 214.2593079 211.9824371 213.8106689 213.259903 213.3201294 213.6735077
218.186554 218.3033295 218.5854797 218.4624634 218.5076447 218.7256622 218.8865204 219.353653 219.5037231 219.5659637 219.5897064 219.6285553 219.602829 219.6698303 219.7518311 219.8442383 219.901886 219.8721619 219.9889069 220.0102539 220.0144501 220.5794067 220.7087708 220.6724396 220.6687622 220.7254333 220.7769623 220.8061676 220.5377502 220.5638123 220.6392365 221.3082123 220.8121948 220.0578308 218.8709564 218.8473358 217.1691284 216.9494019 220.3712311 220.487442 224.4793396 216.9846802 217.0053406 214.8695374 214.9752655 214.782486 215.5473938 214.6373596 214.994751 211.1120148 210.924942 211.913559 212.83078 211.9827271 212.6488037 212.9266205
218.23526 218.4230652 218.6167755 219.1401978 219.1480865 219.3042603 219.4087524 219.5029449 219.5860291 219.7104797 219.7583618 219.744812 219.6857758 219.6655579 219.7330017 219.7930908 219.8229675 219.8925629 220.1374664 220.195816 220.3173828 220.3334198 220.7608948 221.05867 221.1921234 221.343399 221.325531 221.3826447 220.6360474 220.7772217 221.6290894 221.628891 221.6183624 221.5173645 221.3571014 221.0733337 220.828598 218.598114 218.2818604 218.0500488 218.8399506 218.8596497 217.3804169 217.618454 214.6316528 217.91539 214.7686462 214.414856 214.5560455 215.4106903 214.1535187 212.75383 210.3748016 209.6334686 212.553421 213.4011078
218.6446075 219.2051086 219.3746643 219.4650879 219.5448761 219.5854645 219.5750427 219.6174316 219.7671051 219.9972076 220.1266174 220.0895538 219.9925537 219.8621521 219.7868652 219.8069763 219.8424225 219.8961029 220.1372986 219.8781128 220.2205505 220.6425934 220.131546 221.3110352 220.5167847 221.6121216 226.0917511 222.1498108 222.2759399 222.3998718 222.5427856 222.5540314 222.5762177 222.1807251 222.0759735 220.7373962 222.9325256 219.2304077 219.7079926 219.4008942 219.516983 218.3094482 217.2524261 215.9026947 215.7577057 215.964035 214.4466858 214.756012 214.2284851 214.06633 215.7843018 213.1611481 211.0338745 211.5609741 211.7835236 210.8282318
