Environmental Parameters/RCP 26/2100/Sea-surface_temperature.asc
ncols 720
nrows 360
xllcorner -180.00
yllcorner -90.00
cellsize 0.5
NODATA_value -9999
[rows 250 to 274 of 360, columns 616 to 671 of 720]
17.01956367 17.0339241 17.01830101 16.98076057 16.92703438 16.91717529 16.99824524 17.12991714 17.21257973 17.24595451 17.26316643 17.3630085 17.51385117 17.62479591 17.59218216 17.42822075 17.27739716 17.17367935 17.14869499 17.11738586 17.27812576 16.90249159 -9999.0 -9999.0 -9999.0 -9999.0 -9999.0 -9999.0 -9999.0 -9999.0 -9999.0 -9999.0 -9999.0 -9999.0 -9999.0 -9999.0 -9999.0 -9999.0 -9999.0 -9999.0 -9999.0 -9999.0 -9999.0 -9999.0 19.77352333 20.13109398 20.88312531 21.23591232 21.37228584 21.4946785 21.50476837 21.38224602 21.16908073 20.96694946 20.7913456 20.63087845
16.67606354 16.71774483 16.72570992 16.69915771 16.66202164 16.6442337 16.68228531 16.78022003 16.8647213 16.92032814 16.9544487 17.00625229 17.02360535 17.06793404 17.2393055 17.42615128 17.28272438 17.20514488 17.06897485 16.83067513 16.7497921 16.5480957 16.23238373 16.44945984 -9999.0 -9999.0 -9999.0 -9999.0 -9999.0 -9999.0 -9999.0 -9999.0 -9999.0 -9999.0 -9999.0 -9999.0 -9999.0 -9999.0 -9999.0 -9999.0 -9999.0 -9999.0 -9999.0 -9999.0 19.59434891 20.27395248 20.7193718 20.88142204 20.94454765 20.89730072 20.71483421 20.54413223 20.46201324 20.41933823 20.33874512 20.27724457
16.39131165 16.41589928 16.47168541 16.44640732 16.40590477 16.38059044 16.40911293 16.48836899 16.53685188 16.55845451 16.57289314 16.60758209 16.62244034 16.64862633 16.73571587 16.99683952 17.17903137 17.13078499 17.05245209 16.93806458 16.73340225 16.38054466 15.96825218 15.95867443 -9999.0 -9999.0 -9999.0 -9999.0 -9999.0 -9999.0 -9999.0 -9999.0 -9999.0 -9999.0 -9999.0 -9999.0 -9999.0 -9999.0 -9999.0 -9999.0 -9999.0 -9999.0 -9999.0 -9999.0 19.57532883 20.18585587 20.40815926 20.46863937 20.48308372 20.3115387 20.09578514 20.00061035 19.99254417 19.99202156 19.95650864 19.94600105
16.22251129 16.13762856 16.08808899 16.0632 16.07759476 16.10723114 16.16404533 16.22185516 16.20526123 16.14890289 16.15763474 16.18082428 16.19280243 16.24464607 16.31286621 16.414114 16.55310059 16.65003777 16.71991158 16.7307148 16.57208061 16.33136749 15.8340292 15.44784069 -9999.0 -9999.0 -9999.0 -9999.0 -9999.0 -9999.0 -9999.0 -9999.0 -9999.0 -9999.0 -9999.0 -9999.0 -9999.0 -9999.0 -9999.0 -9999.0 -9999.0 -9999.0 -9999.0 18.47456852 19.3149662 19.96610451 20.04802322 20.08789635 19.99388885 19.84049034 19.67153549 19.58021545 19.58644485 19.58517838 19.55016899 19.55652237
16.016572 15.8151598 15.64694977 15.60356712 15.68133068 15.77724266 15.82600212 15.8563242 15.85640717 15.81061172 15.78760433 15.80504513 15.86446667 15.93229198 16.01390266 16.09814072 16.16189671 16.15332603 16.14331245 16.19725418 16.20973969 16.27317047 16.14694118 15.69717503 15.63990974 -9999.0 -9999.0 -9999.0 -9999.0 -9999.0 -9999.0 -9999.0 -9999.0 -9999.0 -9999.0 -9999.0 -9999.0 -9999.0 -9999.0 -9999.0 -9999.0 -9999.0 -9999.0 18.11554718 18.88197899 19.63649178 19.74429512 19.75960541 19.63379478 19.43419456 19.27198982 19.1830349 19.19851875 19.17851639 19.0815258 19.02643394
15.54518127 15.36789894 15.20682049 15.2355566 15.30242252 15.35815144 15.3893261 15.41305542 15.45513058 15.48649693 15.48986721 15.52587986 15.59515762 15.6636343 15.73365688 15.75934887 15.76545811 15.77057457 15.79646492 15.84365559 15.84879112 15.89558029 16.10269356 16.06697178 15.78684711 15.7133131 -9999.0 -9999.0 -9999.0 -9999.0 -9999.0 -9999.0 -9999.0 16.24856089 16.30222771 -9999.0 -9999.0 -9999.0 -9999.0 16.25816917 16.01494312 16.37209129 16.7258606 17.3723526 18.65548134 19.22762299 19.34533119 19.34675026 19.18171883 18.97043419 18.819664 18.77932549 18.82391739 18.83126831 18.74403572 18.68650246
15.14090252 15.0895977 14.99889851 15.01333904 15.04442692 15.05567837 15.05533981 15.05228043 15.09294319 15.18239307 15.28422642 15.34433651 15.39476013 15.43211079 15.43032074 15.40575886 15.39640999 15.41910648 15.48963928 15.57433605 15.63261509 15.68274021 15.81680679 15.96577644 15.9725666 15.87314987 15.83140087 15.76465416 15.74904919 15.7404623 -9999.0 -9999.0 15.94767094 15.93909836 15.87865141 15.89157049 -9999.0 -9999.0 15.83115673 15.85326767 16.23794937 16.78190422 17.13674545 17.6738205 18.44981766 18.86718559 19.04747772 19.04367256 18.8164978 18.54212189 18.38419533 18.40555191 18.54014015 18.59573555 18.54206848 18.47258377
14.70463753 14.66222858 14.66722488 14.78788471 14.85720921 14.83451176 14.788908 14.7325592 14.72936058 14.80008316 14.8837738 14.92559147 14.92886066 14.94715405 14.97903538 14.98334122 14.97432709 14.99263191 15.07038975 15.16355228 15.24102116 15.34240818 15.47593498 15.57954407 15.70274734 15.81653404 15.92969036 15.95045567 15.86283779 15.70829296 15.7544136 15.78593731 15.92415237 15.95437908 15.93670845 15.86841202 15.67696381 15.71518326 15.75089359 15.90404606 16.56225014 17.04701996 17.23464584 17.53919601 17.99880409 18.46023178 18.66344643 18.57058144 18.20632172 17.91251373 17.83673859 17.93837166 18.12883759 18.21959877 18.2251339 18.18672562
14.18048573 14.18379211 14.2517519 14.38926697 14.46717548 14.51097775 14.50186729 14.42959404 14.3697958 14.33975029 14.33233738 14.34616947 14.37679768 14.44178963 14.48157692 14.53722668 14.60366154 14.6306715 14.71724796 14.82879543 14.91692734 15.01774883 15.13746643 15.30491066 15.45028782 15.55851078 15.65125179 15.69115067 15.76252842 15.84961224 15.81500053 15.78357506 15.75253773 15.69738579 15.75308323 15.84370518 15.76522446 15.68842983 15.63036346 15.75874424 16.13680458 16.72300911 16.96630859 17.18063736 17.47301674 17.79577827 17.88871384 17.78178787 17.48661995 17.34935379 17.31098175 17.39816475 17.53978539 17.61053276 17.67441368 17.7066803
13.71132374 13.7169199 13.79772663 13.83766365 13.85623264 13.90887833 13.94821072 13.94506645 13.95071602 13.9154892 13.80860329 13.83859253 13.98448086 14.07455444 14.08918667 14.13680553 14.21030235 14.25169086 14.31993675 14.46260643 14.59454918 14.73463058 14.89779854 15.0802536 15.20338917 15.28599358 15.32309055 15.33548546 15.36807823 15.50560284 15.63541222 15.46372509 15.34074688 15.33547783 15.39418888 15.52919006 15.63559055 15.60184574 15.54350281 15.57347012 15.61571026 16.28016853 16.66846466 16.8015461 16.98234749 17.06499863 17.03452301 17.08652306 17.06320381 17.01988983 16.94923592 16.91980934 16.91064453 16.91861153 17.03651428 17.13282204
13.31860733 13.32749367 13.34529877 13.34965038 13.32078743 13.30918026 13.3231144 13.36091137 13.43041897 13.4257288 13.39232635 13.43750095 13.58062649 13.68905163 13.73220253 13.80551815 13.87907696 13.89684486 13.98115349 14.11722755 14.22872925 14.36553001 14.57283974 14.82129097 14.97489262 15.02275372 14.97039795 14.90252781 14.91275597 15.04627991 15.32488441 15.26503944 15.07555008 15.06394672 15.14378262 15.26815033 15.39541531 15.44222927 15.45666885 15.46537304 15.07279205 15.80603027 16.31587219 16.37180328 16.43571854 16.53129387 16.69234467 16.83146858 16.87549973 16.81431007 16.65229797 16.47837257 16.3877449 16.43683338 16.55425644 16.526371
12.89102173 12.90712452 12.87449551 12.840662 12.75577641 12.69507217 12.69143772 12.77042389 12.93605137 13.04558086 13.09368134 13.14948654 13.25846577 13.38493919 13.45815182 13.54883957 13.60174274 13.6373148 13.70959187 13.82854271 13.92476177 14.02236462 14.19432449 14.40145779 14.54855728 14.6201334 14.56755638 14.55112457 14.54658985 14.60318565 14.82119465 15.02736282 14.8727951 14.66300774 14.89820385 15.10573959 15.21956635 15.27758121 15.31423187 15.28824234 14.72132397 15.41799545 15.94675255 16.05016518 16.1586113 16.33665276 16.44209671 16.4246273 16.36450958 16.29433918 16.09417629 15.95392418 15.99510002 16.14552689 16.20870972 16.15682983
12.52082634 12.52505207 12.48040676 12.41558933 12.37158871 12.35379124 12.36851406 12.44065475 12.56169319 12.68735695 12.78161144 12.89356422 12.9746418 13.03196239 13.09203339 13.14343071 13.17009354 13.24677944 13.38173676 13.539608 13.61968327 13.69334698 13.81002712 13.9234581 14.02200794 14.11206436 14.18646526 14.27432251 14.29254723 14.35464191 14.46023273 14.67236996 14.77169418 14.6443615 -9999.0 14.85238114 14.89813055 14.91451134 -9999.0 -9999.0 14.71121788 15.322258 15.6559124 15.88762856 16.11510849 16.1302433 15.97472954 15.8879261 15.75621414 15.6722393 15.63208771 15.65524197 15.78019238 15.84197807 15.75282288 15.68422794
12.27146149 12.28627682 12.2384634 12.19151783 12.18967724 12.23264217 12.27566147 12.31868076 12.38140011 12.44500542 12.5378809 12.58618069 12.641675 12.7021904 12.7699461 12.8059454 12.82775116 12.9208765 13.04334068 13.1274662 13.21566677 13.32876682 13.45245647 13.53591728 13.59881306 13.67499638 13.76438808 13.90270138 14.0130806 14.0548296 14.13391685 14.28267574 14.52222443 14.58051491 14.53634262 -9999.0 -9999.0 -9999.0 -9999.0 -9999.0 14.43752193 15.0436039 15.35816193 15.6574049 15.84407616 15.65020752 15.33011246 15.33381462 15.33259201 15.31254292 15.31956863 15.37267303 15.38327122 15.28501129 15.15109158 15.09768391
12.07766724 12.09362984 12.09320641 12.08794212 12.09437656 12.13114452 12.14817047 12.1529026 12.18000126 12.20745087 12.28669643 12.33390903 12.34671307 12.34267426 12.37441444 12.41435242 12.48887539 12.6299839 12.71978092 12.75364208 12.78699493 12.9471159 13.13433266 13.21101189 13.23980236 13.32631016 13.4202137 13.51821995 13.5745697 13.61893749 13.69007492 13.84950638 14.06919479 14.39149284 14.31153584 14.33649294 -9999.0 -9999.0 -9999.0 -9999.0 14.06443119 14.75160599 15.07599163 15.3829813 15.46876526 15.12552738 14.92255402 14.98702621 15.06856632 15.04690456 14.92733383 14.83372784 14.75431347 14.60429382 14.53396511 14.55920124
11.84807873 11.86502075 11.8772192 11.90592003 11.93613911 11.95164394 11.9460001 11.91559792 11.90447807 11.91953373 11.97955704 12.00380611 11.97921562 11.97504234 12.00667858 12.03503513 12.09607029 12.21114349 12.34147453 12.41642761 12.48027039 12.62581444 12.85720253 12.95005608 12.95267105 12.94929695 13.00382614 13.11741447 13.16357517 13.18396854 13.26749897 13.38165665 13.56867313 14.03531933 14.22259808 14.12911575 -9999.0 -9999.0 13.85575649 13.82176781 14.15200901 14.54489517 14.8079052 15.12679768 15.14318466 14.82832432 14.59852886 14.56779861 14.59554672 14.52310276 14.34828568 14.22550392 14.14262962 14.04894066 14.01017857 14.04470634
11.60621929 11.59149933 11.61733913 11.64643383 11.67042828 11.67577839 11.66449928 11.62933064 11.6007328 11.58752441 11.60077286 11.59092808 11.59686947 11.63599777 11.71975327 11.79096031 11.85009956 11.90473843 11.95617294 12.05556297 12.10737228 12.22930622 12.43944454 12.5842905 12.60762405 12.55725861 12.54550743 12.61966801 12.72279739 12.76578331 12.86022377 12.95196056 13.09581661 13.42159176 13.87002945 13.99556828 13.87866592 13.69985732 13.49767494 13.62590885 14.05310249 14.31701183 14.51467991 14.7129364 14.66869164 14.45429516 14.24942875 14.20820618 14.20035839 14.14908791 14.03263474 13.88338661 13.721632 13.60496998 13.55313683 13.60137463
11.27598953 11.27436733 11.31183529 11.36092854 11.39396477 11.39599323 11.35053635 11.29294968 11.2512598 11.21358681 11.19416046 11.19896698 11.28924179 11.36844444 11.46265125 11.53605556 11.58524513 11.61111069 11.58822823 11.58824539 11.62171555 11.71154022 11.87912655 12.04404926 12.08710766 12.06305122 12.07076073 12.16039562 12.27425575 12.37310314 12.49005699 12.54165173 12.65533066 12.8371563 13.10764313 13.51077938 13.69922733 13.63783073 13.59047794 13.64498901 13.85813427 13.94895744 14.03971386 14.07116699 13.98322773 13.88838673 13.83967686 13.79638767 13.82211876 13.80851936 13.71385574 13.5684433 13.38247871 13.20996857 13.08690357 13.09648037
10.94260311 10.96379471 11.02779007 11.07107258 11.11949253 11.13438797 11.06917095 11.0126915 10.97584248 10.960639 10.94775295 10.9761858 11.04861355 11.12731361 11.2239418 11.32742882 11.39078522 11.40376091 11.3765049 11.3587122 11.39829922 11.41862106 11.42582417 11.5202322 11.56572914 11.55760479 11.61572552 11.81082439 11.93942451 12.02996159 12.11929798 12.17354393 12.25469971 12.43602085 12.6412611 12.92152977 13.15198421 13.20597744 13.17664909 13.25764179 13.36330032 13.42026806 13.49971581 13.5049305 13.47287655 13.45930195 13.42234993 13.33648014 13.32971191 13.33982372 13.27159405 13.16822052 13.01719189 12.84744167 12.69785404 12.6815834
10.65622234 10.68161011 10.72707558 10.81439686 10.87190247 10.90169525 10.89971447 10.86585045 10.81144142 10.76119709 10.75754261 10.79707527 10.86637115 10.94637585 11.01761723 11.08732128 11.15924644 11.21700764 11.22014332 11.22374058 11.26439095 11.29722977 11.26612091 11.24999237 11.25350475 11.24453163 11.31661224 11.49820709 11.65356731 11.75861931 11.84845257 11.92713165 12.01476479 12.144804 12.32816124 12.53317356 12.6562767 12.70843029 12.76582623 12.85911465 12.96539307 13.01922798 13.05740166 13.08529568 13.06969929 13.0547924 13.01938343 12.93543053 12.86565399 12.82250118 12.75380898 12.6900692 12.58633518 12.44277 12.32305527 12.30593491
10.40057087 10.42421246 10.48674011 10.57237816 10.65701103 10.70728493 10.72619438 10.70621681 10.64217949 10.60046196 10.58254623 10.62333679 10.70138168 10.76795101 10.82110119 10.84836769 10.91766834 10.97068119 10.99509716 11.00787544 11.05727196 11.11659431 11.12545109 11.08892727 11.03802681 11.00312996 11.05221939 11.16937351 11.33344364 11.42906475 11.52739429 11.61606503 11.68147564 11.77337742 11.94135571 12.16786098 12.29185677 12.31552696 12.39586067 12.51672745 12.62554646 12.66621399 12.68254566 12.71861458 12.71885967 12.67393684 12.62266064 12.50913334 12.37599945 12.25592613 12.15776825 12.08161545 11.97165012 11.89455986 11.87462807 11.89547729
10.20060635 10.23514557 10.29959297 10.37534332 10.44829941 10.49945641 10.53112984 10.52127838 10.44746017 10.41371536 10.40995312 10.47074318 10.54955769 10.6029911 10.63237858 10.67728233 10.70795631 10.73043346 10.73482513 10.77150822 10.84058189 10.90080357 10.91167641 10.89831066 10.83884907 10.79372311 10.81917286 10.90788841 11.05840874 11.1388588 11.1627903 11.21360493 11.27332973 11.34951401 11.50692368 11.79366684 11.96396065 12.0397234 12.06895542 12.1021843 12.15861988 12.18820572 12.19937992 12.24377823 12.27527714 12.27882385 12.23541737 12.13266182 11.95900917 11.78424454 11.65235519 11.51111221 11.38505554 11.35286903 11.40224648 11.46033001
10.02477837 10.04309082 10.0900135 10.17033195 10.2638979 10.30256748 10.29849434 10.27207184 10.2275095 10.21976089 10.22721004 10.28266144 10.35681057 10.42508793 10.45678711 10.47874451 10.47113895 10.45505524 10.46070099 10.50175667 10.57795143 10.62796974 10.62657928 10.60925579 10.54854393 10.49342918 10.52782249 10.59861279 10.70856476 10.79742718 10.8422823 10.88116455 10.93445587 10.9895649 11.07774639 11.26400089 11.46468163 11.59582329 11.6584568 11.71256447 11.75508785 11.75200653 11.70006371 11.66300678 11.72117138 11.79476547 11.80791759 11.74175262 11.59661198 11.46393108 11.34496689 11.19899464 11.05079937 10.97131062 11.00085831 11.04355335
9.793405533 9.825940132 9.861473083 9.933519363 10.02142143 10.07092571 10.06130791 10.04780197 10.03957176 10.02916431 10.04108334 10.08029652 10.12978077 10.18014526 10.21776009 10.23560333 10.22188091 10.22489452 10.22780609 10.22658157 10.28012371 10.33012199 10.34412575 10.32459927 10.27522755 10.24615955 10.2923584 10.36504745 10.40385914 10.49458694 10.53156185 10.56947899 10.57424927 10.5745163 10.61368084 10.70172596 10.80889225 10.88194466 10.95205975 10.98577118 10.98902035 11.01838684 11.06186962 11.1139307 11.18761635 11.3026619 11.393116 11.40251732 11.32251167 11.233284 11.13376427 11.00409889 10.85468578 10.7593689 10.71135807 10.68509769
9.573040962 9.585326195 9.607851982 9.685271263 9.758495331 9.810317993 9.81533432 9.808631897 9.803531647 9.799607277 9.79395771 9.79828167 9.836502075 9.86027813 9.886563301 9.938641548 9.957830429 9.975305557 9.991374969 10.01331139 10.040905 10.03428078 10.0570631 10.07729244 10.075284 10.10921097 10.16394711 10.23778152 10.2699213 10.32607841 10.34937286 10.33078671 10.26119423 10.19727707 10.24180412 10.32024479 10.37947655 10.39110374 10.39775944 10.40589428 10.37227917 10.3557291 10.43150043 10.56326962 10.71430397 10.92150688 11.06191635 11.09692001 11.06688595 11.00862885 10.91324043 10.77144909 10.62144756 10.50179386 10.38729191 10.32584858
