Environmental Parameters/RCP 26/2100/Sea-bottom_salinity.asc
ncols 720
nrows 360
xllcorner -180.00
yllcorner -90.00
cellsize 0.5
NODATA_value -9999
[rows 275 to 299 of 360, columns 504 to 559 of 720]
34.64978409 34.75281525 34.75802994 34.62263107 34.75675201 34.75448608 34.74115753 34.73703766 34.73413467 34.73768997 34.72713852 34.72767639 34.76268387 34.73165512 34.73252106 34.74322891 34.74934769 34.75642395 34.77046585 34.82190704 34.78422165 34.77840805 34.76015091 34.71066284 34.68499374 34.6630249 34.64662552 34.65328217 34.62615585 34.65198135 34.63152695 34.63333893 34.65899658 34.63794327 34.64458084 34.65368271 34.68809509 34.69189072 34.69484711 34.67162323 34.663311 34.7225647 34.71062851 34.712677 34.71314621 34.71089935 34.73060608 34.72840118 34.72513962 34.72313309 34.72486115 34.72679138 34.7272644 34.73042297 34.73198318 34.71313477
34.74757767 34.75199509 34.75428009 34.75378418 34.74718094 34.74472427 34.72898865 34.72498322 34.72571564 34.73290253 34.74119186 34.71059418 34.71232986 34.71776962 34.72011948 34.72696304 34.7236824 34.72443008 34.72989655 34.73708344 34.74082565 34.74390411 34.7102623 34.70223618 34.67926025 34.66189194 34.65338516 34.64757538 34.6452446 34.64588928 34.64717484 34.66584778 34.64559937 34.64774704 34.65584183 34.66231155 34.68869781 34.68911362 34.6892395 34.68995667 34.69451523 34.69997025 34.70352554 34.72195435 34.70692825 34.7061348 34.72801971 34.72767639 34.7254715 34.72296524 34.74295044 34.71636963 34.71279526 34.71408463 34.71907806 34.68609238
34.75942993 34.74004745 34.74146271 34.74268723 34.74357986 34.74048996 34.72525406 34.72491074 34.73033524 34.73692322 34.70608902 34.70891953 34.70924377 34.70790863 34.70199585 34.70343018 34.70084381 34.69425201 34.7022171 34.70553207 34.70701981 34.69372559 34.68807983 34.68331528 34.67576218 34.67237473 34.67091751 34.67063904 34.6712265 34.67269516 34.6737709 34.67425537 34.67686081 34.69042969 34.69159317 34.69414139 34.67550278 34.69316101 34.67253876 34.6893425 34.6896553 34.70957947 34.71371078 34.69696045 34.69647598 34.69590378 34.6965332 34.69677734 34.72003555 34.71695709 34.71234894 34.70886612 34.70637512 34.73044968 34.71078491 34.71487427
34.75916672 34.73275375 34.73427963 34.73725128 34.7400856 34.7403183 34.72534561 34.7266922 34.73411942 34.74201202 34.71308517 34.71424866 34.7115593 34.70730972 34.70207596 34.70119858 34.69490814 34.69875336 34.69778824 34.70241928 34.70559311 34.70923233 34.7089119 34.70576859 34.70025635 34.69869614 34.69502258 34.69447327 34.69408798 34.69409561 34.69618607 34.69643784 34.69649506 34.69549561 34.69356537 34.68996811 34.68806076 34.68498611 34.68167496 34.67964172 34.69161606 34.69117737 34.6907196 34.68954086 34.68967819 34.69161987 34.69277573 34.71506119 34.69239807 34.68915939 34.68589783 34.68341827 34.70717239 34.70644379 34.70782089 34.71073151
34.60407639 34.63818359 34.75018311 34.77835083 34.72072983 34.73699951 34.73974609 34.74118805 34.72864532 34.70576477 34.71281433 34.71547318 34.71316528 34.71107101 34.70765305 34.70567703 34.70558167 34.7107811 34.72516632 34.73379898 34.7333374 34.72889328 34.72126007 34.70993042 34.69714355 34.69141388 34.68912888 34.68692398 34.68988419 34.69565201 34.69735718 34.69900131 34.70012283 34.70061493 34.70065689 34.70057678 34.69901657 34.69784927 34.69421768 34.70170212 34.68967056 34.68875122 34.69371414 34.6921196 34.69127274 34.6913681 34.69177628 34.69306564 34.69270325 34.69088745 34.68787766 34.70817947 34.68439484 34.68367004 34.71025085 34.71182632
34.4391098 34.4977684 34.49661636 34.58563995 34.68901825 34.73582077 34.73826981 34.7219696 34.7236557 34.69807816 34.70392227 34.70724869 34.70695114 34.70571136 34.70375443 34.70611191 34.71179962 34.72385788 34.73646927 34.74172592 34.73547745 34.71076584 34.68669891 34.67900085 34.65203094 34.65991592 34.66115189 34.6556778 34.66881561 34.66613388 34.67987823 34.67502975 34.68917084 34.69060898 34.69311523 34.69483566 34.69542694 34.69600296 34.6961174 34.69662476 34.69658661 34.69907761 34.69669342 34.6949501 34.69381714 34.6932373 34.69327927 34.69333267 34.69330978 34.69266129 34.6896286 34.68689728 34.68550873 34.685215 34.68461609 34.68444824
34.425457 34.42747498 34.43371201 34.44065094 34.50061035 34.50848007 33.88809586 34.73772049 34.71934509 34.72179413 34.69647217 34.69854355 34.69908142 34.69937134 34.7009964 34.70804214 34.72371674 34.73803329 34.7481575 34.74830627 34.73521423 34.70261765 34.66821671 34.65712357 34.65036774 34.65407944 34.64739609 34.65622711 34.65054703 34.66337204 34.66905594 34.67398834 34.67752457 34.6812973 34.6861496 34.68817902 34.68999481 34.69806671 34.69326782 34.69536209 34.69900513 34.69717407 34.69778824 34.6963768 34.69581985 34.69515991 34.69587708 34.6952095 34.69585419 34.69698715 34.69952393 34.69442749 34.69068909 34.68819046 34.68589783 34.68347168
34.55344772 34.09178162 34.30628204 34.43003845 34.44567871 34.5669899 34.56890488 34.7358284 34.71092987 34.6896553 34.69361115 34.69716263 34.69932556 34.70310593 34.70849609 34.7192688 34.73815155 34.75181961 34.75979996 34.75578308 34.7290802 34.70093918 34.67007828 34.64729691 34.63899612 34.65368652 34.65575409 34.65562057 34.64929581 34.66130829 34.66659927 34.67044067 34.67329788 34.67753601 34.6721344 34.68600464 34.68830872 34.69339371 34.69073105 34.69373703 34.6934166 34.69361115 34.69114304 34.69366837 34.69355392 34.6936264 34.69122314 34.69098663 34.69206619 34.69392776 34.69594193 34.69649887 34.6951561 34.69213104 34.68766022 34.68438339
34.58845139 34.56208801 34.40945435 34.30691147 34.19155121 34.46375656 34.47212219 34.48044968 33.87900543 34.76996994 34.68920517 34.71857071 34.70769119 34.71641922 34.71909332 34.74399567 34.75534058 34.76603317 34.76644135 34.75900269 34.74235153 34.70930862 34.67791748 34.64284515 34.63187408 34.64452744 34.65112686 34.65290451 34.65410995 34.65001297 34.65360641 34.65467834 34.65558624 34.66782379 34.67296982 34.67816544 34.68293381 34.68612289 34.68828583 34.68910217 34.68666077 34.68756104 34.68632126 34.68048096 34.67874908 34.67529297 34.67328644 34.66848755 34.67161942 34.67450333 34.67951202 34.68268585 34.68309402 34.67804718 34.68273926 34.67247009
34.4944458 34.15332413 34.04172516 34.18185425 34.19637299 34.12495041 34.35489655 34.68385696 34.69831848 34.41517639 34.73786163 34.75365829 34.6961441 34.72115707 34.72023392 34.74065399 34.76285934 34.75082016 34.74734497 34.74227905 34.72924423 34.69526291 34.67115402 34.65532303 34.62559509 34.62530136 34.63008118 34.63412094 34.63709641 34.6460228 34.6406517 34.63979721 34.63888931 34.64194107 34.6453476 34.66315842 34.6583519 34.67808151 34.66707611 34.68533707 34.68519592 34.68314743 34.67779541 34.67467117 34.67046356 34.66663361 34.66246796 34.65535355 34.65532303 34.65324783 34.65413666 34.65743637 34.65889359 34.66389084 34.66446686 34.66463089
34.58149719 34.00122833 34.09267044 34.01620483 34.02502823 34.46857071 34.49132538 34.68543243 34.69884491 34.71210861 34.72208786 34.46651077 34.72844315 34.75432968 34.71155548 34.69882965 34.70692062 34.70343399 34.70227051 34.6968689 34.68967438 34.67736816 34.66256714 34.65034485 34.63435364 34.62428284 34.62030792 34.62229919 34.62433624 34.6254158 34.62261963 34.62007904 34.61919785 34.62036514 34.62223434 34.63182449 34.65402222 34.66452789 34.65642548 34.65691757 34.65565109 34.65311432 34.64988708 34.64723587 34.66999054 34.66582489 34.65935516 34.65021515 34.64404297 34.64021683 34.63528061 34.63499069 34.63482666 34.63615417 34.63637543 34.63703918
34.62560654 34.17475128 33.91556549 34.12044144 34.65179443 34.66799545 34.66220856 34.71657562 34.73467636 34.71456528 34.73885345 34.74230957 34.68510056 34.64691162 34.66597748 34.66970825 34.71063232 34.68951797 34.67390442 34.64318848 34.6439743 34.64686203 34.64394379 34.63894272 34.62885666 34.62425995 34.62055969 34.61842728 34.61629868 34.61512756 34.6134491 34.61101532 34.61066055 34.61013794 34.61056519 34.61458588 34.62218857 34.64756012 34.63887024 34.64092255 34.64105606 34.64060593 34.639328 34.66276169 34.66201019 34.65955734 34.65208435 34.64395523 34.63470459 34.62903214 34.62721634 34.62842178 34.62863159 34.62722015 34.64592743 34.62516785
34.73711395 34.73937225 34.73592377 34.72062302 34.71694183 34.73719406 34.70883942 34.7159462 34.74568939 34.73730087 34.73377609 34.6751976 34.70889664 34.64321136 34.61410522 34.61860657 34.62203598 34.63162994 34.63399506 34.65065765 34.65892792 34.64396286 34.61537552 34.64699936 34.61790085 34.61925507 34.61852646 34.64513016 34.61292267 34.61133194 34.61024094 34.60985184 34.60970688 34.60856247 34.60665512 34.61978531 34.61394882 34.61882401 34.62259674 34.62482834 34.62670517 34.62578964 34.62519455 34.62428284 34.64713669 34.64624405 34.64243698 34.6361084 34.62885666 34.6252594 34.62650681 34.62854004 34.63095474 34.63005447 34.62451553 34.62361526
34.73056793 34.68543243 34.72561264 34.71715164 34.73246384 34.73373032 34.7352562 34.73565292 34.73604202 34.73343658 34.67308044 34.66579437 34.65121078 34.64244843 34.61273956 34.62467575 34.62792206 34.62378693 34.62650681 34.62326431 34.63737106 34.64016342 34.60541534 34.60300064 34.60924911 34.61645508 34.61748123 34.64429855 34.6121788 34.63988113 34.60992432 34.63868713 34.61008453 34.60964966 34.60738754 34.60654831 34.60771942 34.61012268 34.61258316 34.61461258 34.61547089 34.61398697 34.61315918 34.63514709 34.61687851 34.63716507 34.6352005 34.62981033 34.62326431 34.62052917 34.62385941 34.62657928 34.62690353 34.61704636 34.62188339 34.63937378
34.68138885 34.72701263 34.72056198 34.71363068 34.7117691 34.7136879 34.73558807 34.73370361 34.73436356 34.7178688 34.6712265 34.65784454 34.64157104 34.63747025 34.63131332 34.6245575 34.62171555 34.62294769 34.6234436 34.61731339 34.60686874 34.602108 34.59850693 34.62936783 34.60806656 34.61346817 34.64647675 34.61487198 34.61027908 34.60747147 34.63621902 34.60697937 34.60900879 34.60954666 34.60907745 34.60770416 34.60643005 34.60790253 34.6111908 34.6132164 34.6145401 34.61428833 34.61393356 34.61445618 34.61612701 34.61785889 34.63339615 34.62797928 34.62238312 34.61952209 34.6211586 34.62269974 34.62223816 34.63378525 34.61712265 34.61702347
34.67791367 34.67596817 34.71550751 34.70400238 34.70121765 34.69537354 34.68984604 34.68578339 34.71986389 34.71609879 34.711483 34.65504074 34.67895126 34.63738251 34.63924789 34.64400482 34.62704086 34.62510681 34.6181488 34.61399078 34.60987854 34.60430145 34.6034317 34.60338211 34.63726425 34.61106873 34.61300278 34.63998032 34.63613129 34.63314056 34.63254929 34.60413361 34.60709 34.60938644 34.61032104 34.60941696 34.60826111 34.60855484 34.62641907 34.61377716 34.61566162 34.61561966 34.61468506 34.63046265 34.62888718 34.61457443 34.61390305 34.62861252 34.6243782 34.61997604 34.61804962 34.61743546 34.60593414 34.6052742 34.60834885 34.60753632
34.67480469 34.67116928 34.67166138 34.65997696 34.6545372 34.65320206 34.65124512 34.6796875 34.67443085 34.6681366 34.65612793 34.64562988 34.63716507 34.63150787 34.63134384 34.62300491 34.62154007 34.61966324 34.61693192 34.6138382 34.64447784 34.64235687 34.64129257 34.64021683 34.61230087 34.64361191 34.64269638 34.61046219 34.63786697 34.63558197 34.6035881 34.60301208 34.60520935 34.6082077 34.60919952 34.60881424 34.62125397 34.60844803 34.62311172 34.62470245 34.62652969 34.62755203 34.62553406 34.62408447 34.62219238 34.60869598 34.60815811 34.62394333 34.62226486 34.61988449 34.6161499 34.61452103 34.61174393 34.60894775 34.60665894 34.60566711
34.70718002 34.70421982 34.7003746 34.65019226 34.64699173 34.64640808 34.6463623 34.64526749 34.64109039 34.65002823 34.64332962 34.62962723 34.6217308 34.62401199 34.62491989 34.61577988 34.61674118 34.61584473 34.61719131 34.61619186 34.6163559 34.64666367 34.64479065 34.61270523 34.64327621 34.64484024 34.64536667 34.6435318 34.61075974 34.60833359 34.60682297 34.60571289 34.60517502 34.60567093 34.60635376 34.61812973 34.61870193 34.61878967 34.61846924 34.61783218 34.61848831 34.61856842 34.61877823 34.61852646 34.61772537 34.60209274 34.60103226 34.60095215 34.61528397 34.61463165 34.61405563 34.61304092 34.61208725 34.60263062 34.60910416 34.60565948
34.71078873 34.68517303 34.69302368 34.69013214 34.64280319 34.68171692 34.67529297 34.66675186 34.64519882 34.6293869 34.62243271 34.62318039 34.66306686 34.65791321 34.62017822 34.61991119 34.62978363 34.61665344 34.61895752 34.6177063 34.61628342 34.61618423 34.61441422 34.64279938 34.61327362 34.61476517 34.64576721 34.61373138 34.61171722 34.60985184 34.609272 34.60848618 34.60686111 34.60610199 34.60640335 34.60641479 34.61673737 34.61652374 34.61582565 34.61518478 34.61445999 34.6147995 34.61624908 34.61714554 34.61574936 34.61281204 34.61128998 34.5978241 34.5993576 34.61525726 34.6164093 34.606987 34.61717224 34.6089325 34.61763763 34.61845398
34.6940918 34.65764999 34.65374756 34.64901733 34.65236664 34.67782974 34.66728973 34.65303802 34.64143753 34.63183975 34.62754059 34.6267128 34.66762924 34.66266251 34.65030289 34.64817429 34.62226868 34.62594604 34.62372208 34.62258911 34.61969757 34.61976242 34.61841202 34.61588287 34.61418915 34.61396408 34.61471176 34.64384079 34.61384964 34.61000061 34.61037064 34.60949707 34.64091873 34.60831833 34.60842514 34.60874176 34.60830688 34.60750198 34.61800385 34.6172905 34.61674118 34.61679077 34.61733627 34.61740494 34.61602402 34.61315918 34.59926987 34.61302567 34.61841583 34.62277603 34.62589264 34.6178894 34.61885834 34.62285614 34.62709427 34.62968063
34.66195297 34.65457153 34.64462662 34.64397812 34.64656067 34.66915131 34.65196609 34.63711166 34.67943954 34.63394928 34.6288414 34.62618637 34.66963577 34.66558838 34.64767838 34.6645813 34.64497375 34.64579391 34.6278801 34.63076401 34.62839127 34.62332916 34.62204361 34.62127304 34.6165657 34.61435318 34.61319733 34.64299393 34.64219666 34.60945511 34.60921478 34.6415329 34.60974503 34.61179733 34.61303329 34.61356354 34.61341476 34.61260986 34.61147308 34.610466 34.62110519 34.62156296 34.62001801 34.61915207 34.6180954 34.60415649 34.61556244 34.61800003 34.62395477 34.63021088 34.63586426 34.62578201 34.6358757 34.63740921 34.63362122 34.63486481
34.65942764 34.64468002 34.65652847 34.65019608 34.63957214 34.65597916 34.64688492 34.68937683 34.69337463 34.70059204 34.67553711 34.67212677 34.68546677 34.67234802 34.66418839 34.64035797 34.63794708 34.65283966 34.6416893 34.64577484 34.63476181 34.62931442 34.62880325 34.62662125 34.62266159 34.62075806 34.61708832 34.61384964 34.61086655 34.60855103 34.60775757 34.60866928 34.61180878 34.61572647 34.61848831 34.62018585 34.62062073 34.6190567 34.61793518 34.61642456 34.61564255 34.61570358 34.61479187 34.61329651 34.62467575 34.62431335 34.62413788 34.62902451 34.63341141 34.63771439 34.63137436 34.63050842 34.63115692 34.63386536 34.6388588 34.6339798
34.64379883 34.64284134 34.64865494 34.66040802 34.64609909 34.69241333 34.69613647 34.70183182 34.70466614 34.7016716 34.6941452 34.69519424 34.6970253 34.69522858 34.68654633 34.68066025 34.63758469 34.63381195 34.65052032 34.65262604 34.64429092 34.63580704 34.62914658 34.63087845 34.62770844 34.62404251 34.62405777 34.61792755 34.61225128 34.60867691 34.60754776 34.60932922 34.61338425 34.61726379 34.61965179 34.62110519 34.62147141 34.62071609 34.62033463 34.62024689 34.62059784 34.62095642 34.62058258 34.61937714 34.61860657 34.61898804 34.62153625 34.62562561 34.62944412 34.63907623 34.64011765 34.63379288 34.63498688 34.63594437 34.63393784 34.63377762
34.64172745 34.63991547 34.67131424 34.67952728 34.69063568 34.69532394 34.68188095 34.70182419 34.7023735 34.70207596 34.69999313 34.69655228 34.68079758 34.67906189 34.65376282 34.63990784 34.64022446 34.6267395 34.63261032 34.63492584 34.67310715 34.65252686 34.63671494 34.640522 34.63106537 34.62798691 34.62343979 34.62170792 34.61852646 34.61455536 34.61192322 34.61148834 34.61420822 34.61743164 34.62018204 34.62067413 34.62064743 34.62046051 34.62122345 34.62257385 34.62299347 34.62358093 34.62324905 34.62265778 34.62239838 34.6234169 34.62519836 34.627285 34.62996292 34.633255 34.63616562 34.63858032 34.64185715 34.64219284 34.6436882 34.63881683
34.65458679 34.64507294 34.66202164 34.64932632 34.68959045 34.68010712 34.69200134 34.69117737 34.70040512 34.70019913 34.68919754 34.68793869 34.66167068 34.66076279 34.65084076 34.64612198 34.63772964 34.63361359 34.64608002 34.64558792 34.63436508 34.67095947 34.67483521 34.66885757 34.65803146 34.65058899 34.62464523 34.62340546 34.62302017 34.62112808 34.62002182 34.62001038 34.62115479 34.62248611 34.6228981 34.62234497 34.62231445 34.62270737 34.62389374 34.62611008 34.62712097 34.62740707 34.62721252 34.6265564 34.62571335 34.62761307 34.629879 34.63166428 34.63325119 34.63624954 34.63845825 34.64103317 34.64536285 34.64827728 34.64771652 34.6465416
