Environmental Parameters/RCP 26/2100/Sea-bottom_dissolved_oxygen.asc
ncols 720
nrows 360
xllcorner -180.00
yllcorner -90.00
cellsize 0.5
NODATA_value -9999
[rows 25 to 49 of 360, columns 280 to 335 of 720]
-9999.0 -9999.0 -9999.0 -9999.0 -9999.0 -9999.0 -9999.0 -9999.0 -9999.0 -9999.0 -9999.0 -9999.0 -9999.0 -9999.0 -9999.0 -9999.0 -9999.0 -9999.0 -9999.0 -9999.0 -9999.0 -9999.0 -9999.0 -9999.0 -9999.0 -9999.0 -9999.0 -9999.0 -9999.0 -9999.0 -9999.0 -9999.0 -9999.0 -9999.0 -9999.0 -9999.0 -9999.0 -9999.0 -9999.0 367.8043278 364.7897627 379.4047533 365.9116516 360.3406982 345.3655396 313.8782654 342.8316956 319.3873901 305.1286316 296.6401062 295.7948608 300.9976196 306.1257935 301.45578 303.4358826 304.1021423
-9999.0 -9999.0 -9999.0 -9999.0 -9999.0 -9999.0 -9999.0 -9999.0 -9999.0 -9999.0 -9999.0 -9999.0 -9999.0 -9999.0 -9999.0 -9999.0 -9999.0 -9999.0 -9999.0 -9999.0 -9999.0 -9999.0 -9999.0 -9999.0 -9999.0 -9999.0 -9999.0 -9999.0 -9999.0 -9999.0 -9999.0 -9999.0 -9999.0 -9999.0 372.2519121 372.5225241 372.2692496 371.2931522 368.8545405 361.6817643 350.3921509 354.5047913 346.5065308 353.7878113 296.9013977 308.2998047 315.7834778 326.1652222 318.7562866 312.7668762 305.7762756 305.6333923 313.9721985 320.6110229 314.9859314 303.1201172
-9999.0 -9999.0 -9999.0 -9999.0 -9999.0 -9999.0 -9999.0 -9999.0 -9999.0 -9999.0 -9999.0 -9999.0 -9999.0 -9999.0 -9999.0 -9999.0 -9999.0 -9999.0 -9999.0 -9999.0 -9999.0 -9999.0 -9999.0 -9999.0 -9999.0 -9999.0 -9999.0 -9999.0 -9999.0 -9999.0 -9999.0 -9999.0 -9999.0 -9999.0 -9999.0 -9999.0 372.1344599 370.7383784 366.8535156 355.9169006 328.4046021 318.9455872 331.2796936 357.565979 348.3858643 310.0603333 300.7787476 296.7050171 299.377594 301.2634583 301.2056274 306.9090576 321.2451782 313.5847168 312.6975403 323.8197632
-9999.0 -9999.0 -9999.0 -9999.0 -9999.0 -9999.0 -9999.0 -9999.0 -9999.0 -9999.0 -9999.0 -9999.0 -9999.0 -9999.0 -9999.0 -9999.0 -9999.0 -9999.0 -9999.0 -9999.0 -9999.0 -9999.0 -9999.0 -9999.0 -9999.0 -9999.0 -9999.0 -9999.0 -9999.0 -9999.0 -9999.0 -9999.0 -9999.0 -9999.0 -9999.0 372.8708979 372.4756786 371.0095697 -9999.0 -9999.0 330.7995605 306.3097534 299.5804749 301.4483643 299.7297974 335.5009155 356.714325 346.0646973 339.0012512 338.8690186 330.6092834 314.6176758 305.3285828 303.9284973 303.4564209 303.422821
-9999.0 -9999.0 -9999.0 -9999.0 -9999.0 -9999.0 -9999.0 -9999.0 -9999.0 -9999.0 -9999.0 -9999.0 -9999.0 -9999.0 -9999.0 -9999.0 -9999.0 -9999.0 -9999.0 -9999.0 -9999.0 -9999.0 -9999.0 -9999.0 -9999.0 -9999.0 -9999.0 -9999.0 -9999.0 -9999.0 -9999.0 -9999.0 -9999.0 -9999.0 -9999.0 -9999.0 373.4426988 372.4482117 368.2265576 356.4417114 339.1115417 365.9597778 314.675293 311.3489685 351.9185181 299.8914185 300.6915283 311.9779663 335.1995544 334.7550964 319.7365723 325.1091919 311.1742249 310.3535461 309.8374634 303.5446167
-9999.0 -9999.0 -9999.0 -9999.0 -9999.0 -9999.0 -9999.0 -9999.0 -9999.0 -9999.0 -9999.0 -9999.0 -9999.0 -9999.0 -9999.0 -9999.0 -9999.0 -9999.0 -9999.0 -9999.0 -9999.0 -9999.0 -9999.0 -9999.0 -9999.0 -9999.0 -9999.0 -9999.0 -9999.0 -9999.0 -9999.0 -9999.0 -9999.0 -9999.0 -9999.0 -9999.0 -9999.0 -9999.0 380.4018625 353.9684753 317.9422913 335.1442566 305.2223206 301.7352295 300.9238892 300.9570313 300.4547119 301.2573242 303.3315125 316.1946106 322.0422668 324.495575 303.8978271 302.7902527 303.1633911 304.1894836
-9999.0 -9999.0 -9999.0 -9999.0 -9999.0 -9999.0 -9999.0 -9999.0 -9999.0 -9999.0 -9999.0 -9999.0 -9999.0 -9999.0 -9999.0 -9999.0 -9999.0 -9999.0 -9999.0 -9999.0 -9999.0 -9999.0 -9999.0 -9999.0 -9999.0 -9999.0 -9999.0 -9999.0 -9999.0 -9999.0 -9999.0 -9999.0 -9999.0 -9999.0 -9999.0 374.8102812 366.7158502 362.0984716 366.6867676 383.176239 345.9660339 365.308136 337.0387573 349.9642029 320.7880859 327.0210876 313.5022583 307.7672424 303.6885986 303.9960632 304.2492676 302.7618103 303.2018127 304.4407959 305.4771423 305.8230591
-9999.0 -9999.0 -9999.0 -9999.0 -9999.0 -9999.0 -9999.0 -9999.0 -9999.0 -9999.0 -9999.0 -9999.0 -9999.0 -9999.0 -9999.0 -9999.0 -9999.0 -9999.0 -9999.0 -9999.0 -9999.0 -9999.0 -9999.0 -9999.0 -9999.0 363.1638865 -9999.0 -9999.0 368.8964301 369.9695605 369.2428842 368.6324469 362.503536 -9999.0 -9999.0 -9999.0 339.363106 334.4221085 338.1931458 375.6560364 337.7349854 328.8980408 320.1327209 303.32547 301.4350281 308.4448242 311.7018127 303.5180359 301.0748291 302.2171631 302.5404968 303.4317017 304.2685852 304.7233276 305.4196777 305.4612122
-9999.0 -9999.0 -9999.0 -9999.0 -9999.0 -9999.0 -9999.0 -9999.0 -9999.0 -9999.0 -9999.0 -9999.0 -9999.0 -9999.0 -9999.0 -9999.0 -9999.0 -9999.0 -9999.0 -9999.0 -9999.0 -9999.0 -9999.0 -9999.0 352.9339243 362.7463786 368.6248452 368.4882483 331.9085822 360.1704437 370.0580791 376.5263283 373.878888 298.973999 317.1003418 371.4989014 302.2059631 303.3543701 301.0786438 299.1320496 300.9619446 304.1523743 320.684906 327.0651855 318.4313965 310.91922 304.4744263 301.4180603 301.8306274 302.3970337 303.2613831 303.7796631 304.3821716 304.5617676 304.627533 305.1690979
-9999.0 -9999.0 -9999.0 -9999.0 -9999.0 -9999.0 -9999.0 -9999.0 -9999.0 -9999.0 -9999.0 -9999.0 -9999.0 -9999.0 -9999.0 -9999.0 -9999.0 -9999.0 -9999.0 -9999.0 -9999.0 -9999.0 -9999.0 -9999.0 -9999.0 368.5626201 368.546505 353.4056336 294.3028242 368.5270087 292.5016261 348.0932953 352.4980329 375.1158781 356.472168 371.4779053 362.8460693 304.6861877 304.5620422 324.3476868 309.0938416 321.6920471 304.1774597 301.5878601 301.194458 301.9602051 301.0457458 300.8070984 301.4492187 302.3978882 302.6090393 303.3526611 303.4911499 304.1504822 304.1963196 304.0123596
-9999.0 -9999.0 -9999.0 -9999.0 -9999.0 -9999.0 -9999.0 -9999.0 -9999.0 -9999.0 -9999.0 -9999.0 -9999.0 -9999.0 -9999.0 -9999.0 -9999.0 -9999.0 -9999.0 -9999.0 -9999.0 -9999.0 343.6301795 337.7450978 -9999.0 -9999.0 -9999.0 -9999.0 -9999.0 334.1930317 340.9974109 362.9219866 306.436676 309.981842 345.8661804 372.2562866 324.0997009 325.6657104 310.7430725 310.4537048 310.0567932 304.6243286 307.7218323 301.6783752 299.7303772 300.1058655 299.9425964 299.8060303 300.4325867 300.7386475 300.8233337 301.1596375 301.7435913 302.1865234 302.3150635 303.0733948
-9999.0 -9999.0 -9999.0 -9999.0 -9999.0 -9999.0 -9999.0 -9999.0 -9999.0 -9999.0 -9999.0 -9999.0 -9999.0 -9999.0 -9999.0 -9999.0 -9999.0 -9999.0 -9999.0 -9999.0 -9999.0 -9999.0 339.2335124 328.8654498 292.8022458 317.8391316 336.5781202 349.3975273 346.4626205 -9999.0 -9999.0 -9999.0 -9999.0 328.086792 338.9678955 310.3796692 295.7947998 296.7047119 306.8354492 303.2058105 300.6377563 300.1499939 299.4186096 299.2143555 298.4841614 297.8737183 298.4403076 298.7621155 299.1594849 299.2377014 299.463501 299.7527466 300.175415 300.3213806 300.8034058 301.0796509
-9999.0 -9999.0 -9999.0 -9999.0 -9999.0 -9999.0 -9999.0 -9999.0 -9999.0 -9999.0 -9999.0 -9999.0 -9999.0 -9999.0 -9999.0 -9999.0 -9999.0 -9999.0 -9999.0 -9999.0 -9999.0 -9999.0 -9999.0 -9999.0 327.8996221 -9999.0 -9999.0 344.7005705 364.8258514 290.1506195 369.6490631 352.406723 -9999.0 -9999.0 -9999.0 337.3157959 375.9640198 306.4212036 302.1496887 302.1947021 298.9739075 297.9785767 299.0508728 297.5996399 297.6499329 297.7364197 298.6331787 298.1474915 298.1417236 298.3003845 298.7633972 299.1123657 299.3970947 299.668335 299.4804077 299.4910583
-9999.0 -9999.0 -9999.0 -9999.0 -9999.0 -9999.0 -9999.0 -9999.0 -9999.0 -9999.0 -9999.0 -9999.0 -9999.0 -9999.0 -9999.0 -9999.0 -9999.0 -9999.0 -9999.0 -9999.0 -9999.0 -9999.0 330.582186 335.9410992 371.082969 292.2743498 310.5333774 330.3059692 329.9108276 291.3752899 285.9880066 356.7250977 325.8718109 322.3305969 317.6373596 333.388031 378.1549072 317.6899109 309.4801941 300.8962402 298.8084412 298.5713806 297.5411987 297.5055542 297.2304688 297.2597961 297.3269348 297.8494873 297.8955994 298.2459106 299.5390625 296.9345703 297.1930847 298.1701355 298.5108948 298.4769592
-9999.0 -9999.0 -9999.0 -9999.0 -9999.0 -9999.0 -9999.0 -9999.0 -9999.0 -9999.0 -9999.0 -9999.0 -9999.0 -9999.0 -9999.0 -9999.0 -9999.0 -9999.0 -9999.0 -9999.0 -9999.0 338.1685978 340.5021437 354.4540305 366.1996081 370.0994463 296.2351918 301.3932719 307.7424622 299.4387512 301.5253906 303.6456909 301.4118652 299.5430603 294.7596741 296.8921814 296.9665833 296.9764404 300.3536987 300.737915 299.8121033 298.2782593 297.9959106 297.006012 296.8964539 296.427063 297.4566956 297.2574768 297.5932922 297.239502 297.1741028 297.1829529 297.0332031 296.2250366 294.51474 292.0973816
-9999.0 -9999.0 -9999.0 -9999.0 -9999.0 -9999.0 -9999.0 -9999.0 -9999.0 -9999.0 -9999.0 -9999.0 -9999.0 -9999.0 -9999.0 -9999.0 -9999.0 -9999.0 -9999.0 -9999.0 -9999.0 -9999.0 -9999.0 -9999.0 -9999.0 -9999.0 -9999.0 -9999.0 -9999.0 -9999.0 -9999.0 320.3070068 324.9127808 372.2830811 344.2893982 295.6606445 296.9648132 295.6034851 298.0220947 298.6662292 298.9616089 297.0541992 297.6111145 296.4477234 296.2891235 297.1741333 297.0985718 296.9885559 296.8710938 296.6570129 296.373291 295.1324158 292.3783569 292.110199 290.7099609 289.9517212
-9999.0 -9999.0 -9999.0 -9999.0 -9999.0 -9999.0 -9999.0 -9999.0 -9999.0 -9999.0 -9999.0 -9999.0 -9999.0 -9999.0 -9999.0 -9999.0 -9999.0 -9999.0 -9999.0 -9999.0 -9999.0 -9999.0 -9999.0 -9999.0 -9999.0 -9999.0 -9999.0 -9999.0 -9999.0 372.2560425 369.4720154 330.1333618 314.1544495 313.3874817 302.7770691 296.4542847 296.2355652 295.9335327 296.6798401 297.4438782 296.7202454 296.4769287 296.405304 296.3666077 296.8276367 296.8787231 297.0664978 296.6463623 296.2240906 293.8688965 294.8144836 291.6554871 290.2747498 289.6517334 289.3136902 288.7396545
-9999.0 -9999.0 -9999.0 -9999.0 -9999.0 -9999.0 -9999.0 -9999.0 -9999.0 -9999.0 -9999.0 -9999.0 -9999.0 -9999.0 365.4630418 366.0744243 -9999.0 -9999.0 -9999.0 -9999.0 -9999.0 -9999.0 -9999.0 -9999.0 323.2039258 328.7477199 341.1986558 368.2906189 356.7878113 307.4798279 303.0113831 302.5932617 299.7545471 295.3881226 297.5227661 297.1168823 297.1333923 295.4906921 296.0203552 296.2531738 296.591217 296.6043396 296.5834045 296.4671021 296.481842 296.215271 295.8346558 294.9575806 295.8704834 295.0871277 292.0788879 292.7464905 290.3865662 289.6184082 289.5046082 289.4986267
-9999.0 -9999.0 -9999.0 -9999.0 -9999.0 -9999.0 -9999.0 -9999.0 -9999.0 -9999.0 -9999.0 -9999.0 -9999.0 -9999.0 369.8673126 371.6438792 368.8733521 365.4489562 368.990331 368.7485657 369.3363342 370.8954773 351.8057556 296.4551086 294.0710144 323.8327026 297.1764526 298.704834 299.7705078 296.2161255 295.5166626 294.93396 283.4199829 294.7626343 294.9046936 295.7549438 297.0377502 297.1598511 297.2785034 297.0274353 297.3006592 297.3030701 297.3623047 297.2325745 296.9718018 296.4657898 296.3985901 295.8157959 295.6680603 295.3249207 295.6999512 291.2717896 290.9200745 289.9450989 289.3660889 288.8260193
-9999.0 -9999.0 -9999.0 -9999.0 -9999.0 -9999.0 -9999.0 -9999.0 -9999.0 -9999.0 -9999.0 -9999.0 -9999.0 368.5404663 369.4897461 356.2826843 275.5030212 275.7575989 278.2641602 281.7832947 281.5144653 281.9138489 285.6145935 285.5735779 292.5745544 293.3210754 296.0657959 297.3929749 296.5296936 295.1276855 258.0550232 293.7482605 295.6730042 297.1315918 297.6348267 297.8502502 298.0853882 298.4652405 298.3522644 298.7806091 299.0076904 299.0856018 298.9350586 299.1746216 298.9151001 299.1993103 298.9164124 298.3890991 298.5663452 297.7629089 297.8150024 296.6365051 294.650116 292.1343079 290.9167175 290.1013184
-9999.0 -9999.0 -9999.0 -9999.0 -9999.0 -9999.0 -9999.0 -9999.0 -9999.0 -9999.0 -9999.0 -9999.0 360.4120789 367.0891418 294.8233337 293.7770386 278.2958069 264.4759216 263.3166199 305.2633057 297.647644 286.7217102 284.3139648 289.1384583 291.5921326 294.0539551 295.7992249 297.1947327 297.5490417 296.4580688 297.8701172 298.2225647 297.8180542 298.1549072 298.0325623 297.8357849 298.9173584 298.6350403 298.8898621 298.642334 297.822052 299.1421814 297.520874 299.9616394 300.0030212 300.1584473 299.6266479 298.7922363 299.1230164 299.1832886 298.9506836 299.8813477 299.0055237 295.315918 294.9669189 294.2381592
-9999.0 -9999.0 -9999.0 -9999.0 -9999.0 -9999.0 -9999.0 -9999.0 -9999.0 -9999.0 -9999.0 350.4095154 317.7091064 279.3465576 276.3490906 276.1550293 277.0626221 276.7281189 266.8092651 276.1127014 279.2730408 277.7573547 286.5415039 289.4951782 291.4437866 295.5572815 298.6394958 299.6738892 300.5489502 301.2492371 299.5427246 300.9076538 302.1099854 305.8244324 311.5553589 307.6578369 301.8879395 305.5775757 297.6694946 297.3242188 299.5633545 296.1531067 298.0301514 296.1585999 296.3720703 297.3920593 304.9757385 299.8078918 300.039917 301.2785645 300.9939575 299.6802063 300.5835266 298.8927917 298.0031738 296.9810486
-9999.0 -9999.0 -9999.0 -9999.0 350.9099816 351.8736012 -9999.0 357.4391608 360.320956 361.2593291 321.471344 279.38974 272.5862732 276.8603516 276.4940491 276.4454041 277.4998169 277.63974 274.4820557 270.349762 280.5180664 281.9938965 282.8641663 281.2846375 287.3992615 290.7021179 299.8805847 301.0888672 290.6651917 293.6508484 295.848938 298.1482239 307.9147339 303.0766296 313.2420959 324.8835449 329.9691162 302.4120789 298.5050964 306.1951904 298.8262939 310.2324219 300.1583862 302.4087219 296.9786072 303.1174622 297.5317078 309.5484009 324.942627 338.1567993 309.1755676 297.1000977 296.9552002 299.8409729 296.3622131 294.4599609
352.734645 352.7160542 344.7074879 349.6809766 331.9175415 349.2612915 350.6070862 352.6665344 284.6402283 280.5409546 280.520752 280.4272156 272.3266602 276.5862732 275.9789429 281.6209106 278.8908386 279.5226135 278.0740662 272.6863403 279.916626 267.0437622 259.5298462 259.5500183 256.3208923 282.4267578 283.5800171 284.3723755 288.4028931 287.4081726 290.8933411 303.4353333 292.316864 308.6395423 308.57255 315.4301126 323.2410394 306.6782227 313.0980225 323.2106628 325.9190369 310.6680603 -9999.0 298.0937726 -9999.0 -9999.0 -9999.0 -9999.0 -9999.0 -9999.0 322.9074097 300.865448 295.4732056 292.0950012 288.3538513 289.3720093
355.8881836 337.2033081 301.051239 282.4074097 276.8202209 284.5641174 287.4048157 284.5945129 285.5050659 276.3659973 279.7150269 282.4178772 276.3817444 267.8791199 265.7216187 263.8848572 264.7915955 265.2371521 265.1295471 267.041748 265.3718872 266.2604065 268.0393372 267.175415 259.5524292 273.4441833 277.4180603 280.7313538 279.5043335 281.6722717 283.6979065 285.8636169 291.9484558 291.2530876 298.850458 306.9893111 313.9083223 322.4544016 315.8248683 -9999.0 -9999.0 -9999.0 -9999.0 -9999.0 -9999.0 -9999.0 -9999.0 -9999.0 -9999.0 -9999.0 -9999.0 -9999.0 320.4277344 288.8477783 289.0597229 288.3044434
