Environmental Parameters/RCP 26/2100/Sea-surface_salinity.asc
ncols 720
nrows 360
xllcorner -180.00
yllcorner -90.00
cellsize 0.5
NODATA_value -9999
[rows 100 to 124 of 360, columns 280 to 335 of 720]
36.42493057 36.39634323 36.39737701 36.41272736 36.41061401 36.37172318 36.32944489 36.25276947 36.19528198 36.17397308 36.18932343 36.22301102 36.2308197 36.20449829 36.10126877 35.96819687 35.86299515 35.82443237 35.86204529 35.95557785 36.04178619 36.08694077 36.09791946 36.08978271 36.07500839 36.05961609 36.0541153 36.03747559 36.0169487 36.00403214 35.92719269 35.87966156 35.9131279 35.95913315 36.03263092 36.07224274 36.07064819 36.05517197 35.99340439 35.93312073 35.91265488 35.86309052 35.81396484 35.79524994 35.82631302 35.86647034 35.88043213 35.88310623 35.87880325 35.88767242 35.90850067 35.94159317 35.97996902 36.0020752 36.01066589 35.99298859
36.50614548 36.48003387 36.49507141 36.52936172 36.57051849 36.50986481 36.39659882 36.27987289 36.20770645 36.18872452 36.20656967 36.24412537 36.27438354 36.23694611 36.12244415 35.99189758 35.88873291 35.84341049 35.9007988 35.99255753 36.08430099 36.13083649 36.13151932 36.1100502 36.09065628 36.07828903 36.05494308 36.03369904 35.99298477 35.97431183 35.95323944 35.92919922 35.92003632 35.9525032 36.0015831 36.0283165 36.04272461 36.02902222 35.98707199 35.95496368 35.92458725 35.88942719 35.86143494 35.84812546 35.86336136 35.86973572 35.87281418 35.87953186 35.89273834 35.91298294 35.94399261 35.98646164 36.02892303 36.05221176 36.06207275 36.03937149
36.5454216 36.54618454 36.56980896 36.61094284 36.62760925 36.54849243 36.39896011 36.27007294 36.20532608 36.19955826 36.22015762 36.27008438 36.28876495 36.23668289 36.13830185 36.03585434 35.94940567 35.91448212 35.9827919 36.06885147 36.14461899 36.16749954 36.13652802 36.08937073 36.05740356 36.04557419 36.03890228 36.02286148 35.98976517 35.97146225 35.98411179 36.00762558 36.00502014 36.00025177 36.01365662 36.02171707 36.02537537 36.0162468 35.98093414 35.95480347 35.9131279 35.89628601 35.88679123 35.87706757 35.87040329 35.87618637 35.88152313 35.88611221 35.90214539 35.93785477 35.9852066 36.03457642 36.07956696 36.1054306 36.11006927 36.08349991
36.60270309 36.61306381 36.62893677 36.62647629 36.61493301 36.53303528 36.32983398 36.23361588 36.19042206 36.20928192 36.25312042 36.30417633 36.30024719 36.23476791 36.15636063 36.0832634 36.04073715 36.01904297 36.06533813 36.12805939 36.17154694 36.16634369 36.11804199 36.0601387 36.02901077 36.0267601 36.02568054 36.03815079 36.02612686 35.99799347 36.01699448 36.07255554 36.09831238 36.0901947 36.07841492 36.05718613 36.04008102 36.0267334 36.0096817 35.97064209 35.9394989 35.92883682 35.93111038 35.92233658 35.90210724 35.90607071 35.91989517 35.92474365 35.93336105 35.96535873 36.01560593 36.07288742 36.11920166 36.14024353 36.14099121 36.1115303
36.63158035 36.63582993 36.612854 36.54751587 36.49747849 36.43022156 36.34234619 36.23988342 36.22895432 36.26324081 36.30741119 36.33517075 36.31542969 36.24394226 36.1774826 36.12585449 36.09786987 36.09500504 36.11832047 36.15867996 36.17048645 36.16102219 36.12791443 36.08161163 36.05279541 36.03608704 36.03593445 36.05821228 36.06231689 36.040802 36.05590439 36.11637497 36.15254974 36.15598679 36.13709641 36.09645081 36.06642914 36.06012726 36.05740738 36.04393768 36.02627945 36.01174927 36.00397491 35.99113464 35.96253967 35.95383835 35.9582901 35.96901321 35.98160172 36.00860977 36.05263519 36.10321045 36.13684845 36.14299774 36.13586044 36.11434555
36.58417892 36.58421326 36.51131058 36.46087265 36.40751648 36.37342072 36.35228729 36.3297081 36.31580734 36.32158661 36.33194351 36.33542633 36.31138611 36.25449753 36.19658279 36.17379379 36.17672348 36.18610001 36.20338821 36.21141815 36.2056694 36.1995163 36.1895256 36.17139816 36.13636398 36.10763168 36.09067917 36.08695984 36.09525681 36.09602737 36.10920715 36.14596939 36.18053818 36.20105743 36.19361115 36.16181183 36.1277504 36.12953186 36.12425995 36.13258743 36.12573242 36.10217285 36.0892601 36.07219696 36.0431633 36.02109146 36.01626968 36.02138138 36.03577805 36.05079651 36.08293152 36.11903 36.13624191 36.12442017 36.11949921 36.12198257
36.52499771 36.50984573 36.46887207 36.41892624 36.37842178 36.36883926 36.38476944 36.39732742 36.37386703 36.34670639 36.33699799 36.31801987 36.2828598 36.24263 36.21934128 36.23402023 36.266819 36.29846573 36.31132507 36.30746078 36.29233932 36.27756882 36.28166962 36.27243423 36.24269485 36.20830154 36.18676376 36.16333771 36.15712357 36.16341019 36.16900635 36.19442749 36.23738861 36.26630783 36.28613663 36.29914093 36.26842117 36.25906372 36.23106003 36.2084198 36.19651794 36.17642212 36.16246033 36.14472961 36.12273788 36.10694122 36.1096077 36.10296249 36.09485245 36.10497665 36.12792969 36.15393448 36.15676498 36.13673019 36.137043 36.15628052
36.54857635 36.52510452 36.47901535 36.4316597 36.40772247 36.41269684 36.43183899 36.44235611 36.40223312 36.37060928 36.34827805 36.32265472 36.29305649 36.2778244 36.28137207 36.33251953 36.36583328 36.39905548 36.40947723 36.40065384 36.37417603 36.34450531 36.3350029 36.31720352 36.2888031 36.27120209 36.27027512 36.26764679 36.27570343 36.27575302 36.28992462 36.32233047 36.37794495 36.4124527 36.43704987 36.45438385 36.41042709 36.36428833 36.32180405 36.28377914 36.25704193 36.24292374 36.23642349 36.21836472 36.19680405 36.18982315 36.19345856 36.18215942 36.16176224 36.1658783 36.17966843 36.1931839 36.18384552 36.16304016 36.16576767 36.19852829
36.57418823 36.5586853 36.51741028 36.48331451 36.46718979 36.46876526 36.48748398 36.48126221 36.44863892 36.4131546 36.38321304 36.35196304 36.33279419 36.34528351 36.38240433 36.43549728 36.46590042 36.48831558 36.48711014 36.46325302 36.42383575 36.3927803 36.37971497 36.35828018 36.33661652 36.32970428 36.34817123 36.37274551 36.3856926 36.39201355 36.40678024 36.47668457 36.53196335 36.54868698 36.55620956 36.5562706 36.49595261 36.43457031 36.39436722 36.35544205 36.31665802 36.30329895 36.30612183 36.28520966 36.26661682 36.27128601 36.27760696 36.2682457 36.24287415 36.23321152 36.23770142 36.24234772 36.22636414 36.20347214 36.2071228 36.26145172
36.60335541 36.58773041 36.56017303 36.53809738 36.52571487 36.53699112 36.54887772 36.53901672 36.53034973 36.49923706 36.478508 36.45827866 36.44670486 36.4589119 36.49239731 36.51599503 36.53658676 36.53886032 36.5275116 36.50406647 36.47117996 36.44510269 36.43490601 36.42845535 36.4171257 36.4254303 36.45674896 36.49115372 36.50912476 36.52299881 36.54755783 36.58625793 36.63159561 36.63134384 36.62191391 36.60321426 36.5382309 36.47986984 36.43984222 36.40613174 36.36535645 36.33876038 36.33836746 36.32968903 36.32688141 36.33997345 36.34627533 36.34389114 36.32481003 36.29838562 36.2866478 36.28581238 36.27854919 36.26704788 36.27086258 36.31543732
36.63296127 36.62850952 36.6306076 36.62098694 36.61313629 36.65593719 36.6633606 36.65677643 36.63484955 36.60507202 36.57490158 36.55753326 36.54404068 36.55221939 36.56695175 36.57952499 36.58074188 36.56716537 36.55430222 36.53408432 36.50699997 36.49814987 36.4958725 36.5003624 36.51700974 36.54441071 36.57395935 36.60615158 36.62983322 36.64406204 36.65307236 36.67380142 36.67539978 36.67219543 36.6724205 36.63908005 36.5811882 36.52532578 36.49205017 36.45903778 36.41939163 36.38458633 36.35543823 36.35582352 36.35795975 36.3721962 36.39120483 36.39829636 36.38347626 36.35345078 36.329216 36.32334518 36.32123184 36.32252502 36.33468246 36.36016464
36.69114685 36.70448303 36.72888947 36.73666382 36.75519562 36.77865982 36.77171707 36.75546265 36.72673798 36.70044327 36.66995621 36.64622116 36.6317215 36.63941193 36.65348434 36.66320419 36.65364456 36.61332321 36.58720398 36.56356049 36.5484848 36.53884888 36.5396347 36.56218338 36.59873199 36.62368393 36.65069199 36.68243408 36.70864105 36.71533585 36.7065506 36.69424057 36.67837524 36.67942047 36.70666504 36.68147659 36.62994003 36.57955551 36.54299927 36.50597 36.46453094 36.42314148 36.38567734 36.35674667 36.35242844 36.36621094 36.39306259 36.41149521 36.39486694 36.35950089 36.34250641 36.34589005 36.35094452 36.353508 36.36191177 36.37924194
36.7888031 36.81648636 36.85092545 36.87897491 36.89552307 36.89384842 36.87538147 36.85482788 36.82971954 36.80504227 36.77261353 36.75839996 36.75091553 36.7636261 36.77032471 36.76386261 36.74041367 36.70221329 36.65843582 36.62879181 36.60489273 36.5842247 36.5933876 36.61597824 36.64437485 36.66931534 36.70635986 36.72890472 36.74024963 36.74201584 36.72597885 36.69909668 36.67766953 36.66895676 36.69895172 36.69810867 36.66075134 36.62131882 36.57791901 36.53182602 36.49184799 36.44929123 36.39712906 36.36998367 36.37650299 36.39634705 36.41495514 36.42048645 36.39932632 36.36946869 36.36675262 36.37980652 36.39742661 36.40708923 36.42819977 36.47766876
36.85269928 36.89003754 36.92153931 36.956604 36.9809761 36.97613144 36.94032669 36.91703033 36.90314484 36.88898087 36.87597656 36.87450027 36.87998199 36.87974548 36.86298752 36.83903503 36.81103897 36.77584839 36.73963928 36.70238495 36.67977905 36.66324997 36.67103958 36.67697906 36.67579269 36.69456482 36.72622681 36.73801041 36.74770355 36.75357056 36.74755859 36.73306274 36.70640564 36.6870842 36.68984222 36.6854744 36.65593338 36.62046432 36.58248901 36.54492569 36.51568222 36.47284698 36.41874313 36.40496445 36.43299103 36.44134903 36.43164444 36.41786957 36.39840317 36.38217163 36.3897438 36.41643143 36.45932007 36.48797989 36.51058578 36.54117203
36.90034485 36.94031143 36.97146225 36.99263 37.00872421 37.00478745 36.99045181 36.97846603 36.98138428 36.97833252 36.98215866 36.98398209 36.98173904 36.96194077 36.91691971 36.88114548 36.867733 36.85229111 36.83732986 36.82267761 36.81158829 36.79426193 36.78005219 36.76430893 36.73963547 36.71923447 36.72662354 36.73897171 36.75610733 36.7728653 36.78480148 36.77669907 36.7530365 36.72108078 36.70567322 36.69061661 36.664608 36.63444901 36.60251236 36.5698204 36.53890991 36.50385284 36.46138763 36.45541763 36.48155975 36.47227478 36.43922043 36.41651917 36.40135956 36.39756012 36.41773605 36.46071625 36.51333237 36.53667068 36.54549789 36.53327942
36.95058441 36.98535919 37.01644516 37.02492905 37.02869797 37.03274918 37.04179764 37.04187012 37.05355835 37.06678391 37.07759094 37.07978439 37.06362534 37.02024841 36.95820236 36.92839813 36.93047333 36.94152069 36.95487595 36.94887161 36.92495346 36.90787506 36.89123917 36.86449432 36.82556152 36.79317856 36.78498077 36.78292084 36.80421829 36.83266068 36.85969925 36.85341644 36.82508469 36.80249405 36.77724457 36.76629257 36.74591446 36.71405029 36.68350601 36.64169312 36.59914398 36.56352234 36.52917862 36.51932526 36.52385712 36.49995422 36.45687866 36.4358902 36.42213821 36.42649078 36.45724106 36.49540329 36.52758026 36.53607178 36.52864838 36.5018959
36.97079086 37.00539017 37.03370285 37.04931641 37.06136322 37.0860405 37.105793 37.11826324 37.12548065 37.13634491 37.1523819 37.15657043 37.13955688 37.07530975 37.00875092 36.97670364 36.98499298 37.01784897 37.03084183 37.0243721 37.01036835 36.98662186 36.96870422 36.9485321 36.91752243 36.87825775 36.84714127 36.85108566 36.88510513 36.92043304 36.94897842 36.94371414 36.92310333 36.90692902 36.89002609 36.87309265 36.84885025 36.81125259 36.77694702 36.74251175 36.70162582 36.66189957 36.62200165 36.59173203 36.57810593 36.54581451 36.49517822 36.4637413 36.45007706 36.45917892 36.48575592 36.51197052 36.52724075 36.52586746 36.50384521 36.45992279
37.01708603 37.0640831 37.09629059 37.11704636 37.14064026 37.17148972 37.1876564 37.20483017 37.19963455 37.20564651 37.22649002 37.23391724 37.21419144 37.14485931 37.08439255 37.05108643 37.06437683 37.09246063 37.10140991 37.09195709 37.07256317 37.05047989 37.03998566 37.03117371 37.00629807 36.96380615 36.92538071 36.93332291 36.96470642 36.98618698 37.00246048 37.02017212 37.02784348 37.03000259 37.02484894 36.99771881 36.96108627 36.91646194 36.87716675 36.8424263 36.80516052 36.76114655 36.70680618 36.65673447 36.62680817 36.58779907 36.5321846 36.48820496 36.46870804 36.4717598 36.49739456 36.51980972 36.52176666 36.51010132 36.4822731 36.43546677
37.09718323 37.13694763 37.18990326 37.20846558 37.22195053 37.25230789 37.27486038 37.27998734 37.27424622 37.28313446 37.30076599 37.304142 37.29506302 37.25403214 37.20149612 37.17963791 37.18865967 37.19429398 37.18833923 37.17290878 37.15605545 37.14723587 37.14033508 37.12425995 37.0959816 37.052845 37.01113129 37.00236893 37.01818466 37.03799057 37.04912567 37.07142258 37.0994339 37.12634277 37.13607788 37.10155487 37.04844284 36.99274826 36.94693375 36.90084076 36.85463715 36.81466675 36.75808716 36.69369507 36.65058136 36.61764908 36.57609177 36.53609848 36.50921249 36.51131821 36.52752304 36.5463829 36.54478073 36.52308655 36.49361801 36.45663452
37.19061661 37.22864532 37.25878525 37.28395081 37.29758453 37.31700897 37.34135056 37.35048676 37.35004425 37.35747528 37.36952591 37.37358093 37.38064957 37.36992264 37.34358978 37.31468582 37.30742264 37.30747223 37.30415726 37.29711914 37.28180313 37.26335526 37.23863983 37.21037674 37.1761322 37.12710571 37.08101273 37.07123184 37.07427597 37.08234787 37.08107758 37.0838089 37.10030365 37.12542725 37.13309097 37.10110855 37.05430603 37.00902557 36.96151352 36.90824127 36.85396957 36.81779099 36.7752037 36.71331787 36.66201401 36.63487625 36.60925293 36.59506226 36.591362 36.59424973 36.59627533 36.59292603 36.57420731 36.54178238 36.51005554 36.47947311
37.29537201 37.32141495 37.33639145 37.36723709 37.39033127 37.39528656 37.41124725 37.42713165 37.43554688 37.45056915 37.47525406 37.49431992 37.50056458 37.4942894 37.47321701 37.44427872 37.43681335 37.4306221 37.42233276 37.41903305 37.39757919 37.36978531 37.3331871 37.29829788 37.26172638 37.20452499 37.15526581 37.13976288 37.14065552 37.14213181 37.11896896 37.0893631 37.0800705 37.08697891 37.09031677 37.05657196 37.02129745 36.98609924 36.94960403 36.90316391 36.85142899 36.81026459 36.77946091 36.74133301 36.71352768 36.69193649 36.67809677 36.67061996 36.66645432 36.65685272 36.63722992 36.60137939 36.55873489 36.52759933 36.50161743 36.47019577
37.40477371 37.42515182 37.4370575 37.45661163 37.4707222 37.46627808 37.4662056 37.48382187 37.51066971 37.54967117 37.58955383 37.60319519 37.5854454 37.55495834 37.53295898 37.51184464 37.50574112 37.4978981 37.483181 37.47198105 37.45934296 37.41129303 37.36935425 37.33716202 37.30400467 37.26617432 37.22886276 37.22061539 37.21959305 37.20308304 37.15710068 37.10157776 37.06747437 37.05998611 37.06369781 37.04893875 37.0055809 36.96748734 36.93539429 36.90596771 36.87093353 36.83550644 36.81283569 36.79085541 36.75789642 36.73171616 36.7276001 36.71779251 36.69200134 36.65686417 36.61135101 36.55252838 36.52045059 36.48082352 36.44964981 36.40044785
37.50326157 37.51900482 37.53673935 37.53513718 37.52373505 37.50972748 37.51473236 37.52305603 37.54299545 37.5843811 37.61554337 37.6276207 37.60214996 37.57415009 37.56531906 37.54969406 37.5390892 37.52783203 37.51616287 37.49772263 37.47250748 37.41771698 37.38346481 37.36099625 37.3270874 37.30026245 37.27662659 37.26036453 37.25015259 37.22809219 37.18466187 37.1315918 37.08655167 37.06646729 37.06221008 37.05361938 37.02182007 36.98455429 36.94514084 36.90586472 36.8759346 36.85256958 36.8327446 36.8046875 36.77107239 36.74125671 36.72518158 36.70572662 36.68470764 36.6484642 36.57963562 36.53288269 36.44941711 36.41833115 36.36392975 36.32371902
37.56088638 37.58034515 37.58098602 37.56590652 37.54103088 37.53187561 37.53933334 37.5411377 37.54357529 37.56691742 37.59611893 37.6074791 37.59380341 37.58112335 37.575737 37.56286621 37.55343628 37.54252625 37.52981186 37.50699997 37.4704895 37.42644882 37.4020462 37.3705864 37.33707047 37.31097794 37.29187393 37.27197647 37.25833511 37.24038315 37.20894241 37.17225266 37.13393021 37.10454178 37.08327103 37.06492233 37.03330994 36.99289703 36.94403839 36.89551544 36.8617363 36.84277725 36.82535553 36.80334091 36.77039337 36.73704147 36.70085526 36.67201614 36.66048431 36.62674713 36.54172516 36.50549698 36.42243195 36.36605072 36.32594681 36.29910278
37.60536194 37.61615753 37.61634064 37.60367203 37.5801239 37.57092667 37.56888962 37.56164551 37.55558395 37.5496788 37.5589447 37.58237076 37.59158325 37.59490967 37.59021759 37.57803345 37.56878281 37.55554581 37.53967667 37.51455688 37.4829483 37.44109726 37.41077042 37.384758 37.35726166 37.32883835 37.31472015 37.29858017 37.27635956 37.25793839 37.23416519 37.20722961 37.17703247 37.14799881 37.11690903 37.08062744 37.03090286 36.97931671 36.92762375 36.88063812 36.85206985 36.83734131 36.81941605 36.80738831 36.76406479 36.71231079 36.66178131 36.62722778 36.59912491 36.58000946 36.50172806 36.46696091 36.41057205 36.35636139 36.32295227 -9999.0
