Environmental Parameters/RCP 26/2100/Sea-surface_temperature.asc
ncols 720
nrows 360
xllcorner -180.00
yllcorner -90.00
cellsize 0.5
NODATA_value -9999
[rows 175 to 199 of 360, columns 112 to 167 of 720]
26.97291756 26.94704628 26.92686653 26.92899323 26.91206169 26.91508293 26.93325996 26.94151688 26.94247055 26.94997978 26.95015526 26.93942833 26.94267845 26.93952179 26.93121529 26.89171219 26.8692379 26.86215782 26.85705376 26.85188103 26.85196304 26.83549881 26.81350517 26.81814384 26.81472778 26.81011009 26.80343819 26.79946518 26.7890625 26.78767586 26.80301857 26.81332207 26.82408905 26.84899139 26.88628006 26.91545296 26.93230629 26.95436859 26.95887375 26.97349548 26.96887589 26.98130226 26.99875069 27.002882 27.01482582 27.01363945 27.0231781 27.04797173 27.07048035 27.08564949 27.09168625 27.10004044 27.09095383 27.06106949 27.06325722 27.08389282
26.72390556 26.69377708 26.67746735 26.66249657 26.64183044 26.63869476 26.6333065 26.62589455 26.62530899 26.62997246 26.6263504 26.61243439 26.58276367 26.54991913 26.52469635 26.4990654 26.46046638 26.42909813 26.41134644 26.40579605 26.39014435 26.38418198 26.3682518 26.37764168 26.37695694 26.37521172 26.36782455 26.354599 26.32979393 26.31402206 26.32621956 26.33070946 26.33489227 26.36342812 26.41209793 26.48251534 26.47905922 26.50104141 26.50316238 26.49830818 26.4993515 26.49862862 26.51166153 26.51420212 26.52626228 26.5304184 26.53962898 26.57664871 26.60138702 26.61846161 26.62914658 26.64647484 26.65444946 26.6294651 26.61760902 26.62503433
26.39318657 26.36218643 26.35199928 26.33080482 26.31497765 26.29123306 26.28111839 26.2694912 26.24863434 26.23799324 26.22994995 26.20567322 26.15751839 26.1126194 26.08193779 26.05427361 26.01165581 25.96852112 25.93649101 25.90109444 25.86619186 25.86001205 25.85713196 25.86111069 25.86152458 25.84813499 25.83629227 25.8136158 25.77866936 25.76422119 25.77109909 25.77865601 25.76399422 25.78011894 25.82767868 25.94628143 25.88902092 25.90372276 25.89631081 25.89621735 25.91440773 25.90408325 25.88971519 25.88981056 25.9068203 25.91528893 25.93203545 25.97161865 25.99330521 25.99175644 26.00211334 26.04624557 26.07512665 26.05261993 26.04681396 26.04320717
26.05065918 26.02622986 26.00533104 25.98116684 25.96332741 25.93525505 25.91464996 25.89010429 25.85406685 25.83192635 25.82282639 25.78775787 25.74361229 25.70527458 25.67285156 25.64148903 25.58380699 25.53309441 25.49350739 25.46558571 25.42772293 25.40834045 25.39390564 25.38767624 25.37044716 25.34391403 25.32809258 25.30648804 25.2752285 25.25125313 25.25674438 25.27035141 25.25378418 25.24543953 25.25810242 25.27186966 25.30454445 25.27161598 25.26535416 25.26490974 25.28368378 25.25879478 25.23671532 25.23650551 25.24952507 25.28458977 25.28925323 25.31199074 25.34845352 25.34185791 25.33558655 25.37423515 25.39212799 25.39043427 25.40158844 25.39417076
25.82319641 25.78489113 25.75907898 25.71662521 25.68920135 25.65221977 25.6109581 25.57896805 25.54407883 25.51894188 25.49205017 25.44638824 25.41046524 25.37226486 25.32372284 25.28944588 25.25708961 25.21366882 25.17632866 25.1314888 25.09674263 25.0726757 25.04818344 25.02444649 25.00047112 24.97907829 24.96267509 24.9440403 24.90506935 24.86694717 24.86039543 24.85782623 24.85282326 24.84792328 24.8315239 24.81210136 24.85192299 24.79195595 24.77336884 24.76082611 24.73943901 24.71794319 24.69066048 24.69763374 24.69809914 24.72399902 24.72905159 24.73546982 24.76987267 24.7643013 24.75612068 24.76774979 24.76221657 24.75933266 24.76182747 24.75333405
25.75982857 25.71958542 25.6644249 25.61693382 25.58243561 25.54345131 25.49905396 25.46095085 25.42402649 25.39107895 25.35682106 25.30660248 25.27199745 25.23796082 25.19512749 25.15717506 25.13066101 25.09522057 25.04556465 24.99125099 24.94691277 24.9185257 24.8927002 24.86227608 24.82725143 24.80174446 24.78884315 24.77993011 24.74728394 24.70371056 24.67461395 24.6550312 24.64402199 24.62911797 24.60848618 24.5821209 24.5631218 24.55165482 24.50760269 24.46340179 24.44737053 24.42098999 24.39745712 24.40012741 24.38831711 24.38697624 24.39559555 24.40053368 24.40660477 24.41009331 24.40057945 24.39348602 24.36420059 24.33454132 24.31766129 24.29911804
25.86973381 25.83130455 25.77518654 25.7316761 25.68950653 25.63499641 25.59206772 25.54029846 25.49090004 25.45408249 25.41573715 25.37202644 25.34435272 25.32386398 25.29444504 25.25624657 25.21754837 25.18057251 25.14266968 25.09854889 25.04955482 25.0044384 24.97813416 24.9396534 24.89761353 24.88027382 24.85879326 24.83525658 24.79508209 24.75155067 24.71274376 24.68118286 24.6403389 24.60626411 24.58730125 24.57765961 24.5564537 24.52718163 24.48834229 24.43032455 24.40097046 24.37552452 24.35028458 24.32813072 24.31694412 24.30930328 24.32811165 24.34319496 24.34753609 24.34901619 24.32525063 24.30867004 24.27072525 24.22670746 24.1893959 24.1561451
26.07332039 26.03322983 25.97550964 25.93298531 25.88566017 25.83112335 25.78554535 25.73536301 25.68324089 25.64078903 25.5995121 25.56733894 25.54652596 25.52719688 25.50790405 25.4730835 25.43431664 25.3939209 25.34934425 25.31163597 25.2592659 25.21922684 25.18971634 25.15671921 25.12028313 25.092453 25.05748367 25.02226067 24.9831543 24.94127846 24.9117527 24.87628555 24.8221283 24.78330421 24.76981544 24.76449966 24.72464371 24.68294907 24.639925 24.58213043 24.55088615 24.53188515 24.50401306 24.48483849 24.47412109 24.467453 24.4836731 24.48218155 24.48941994 24.47859383 24.46427917 24.43969727 24.38717842 24.33718681 24.2713604 24.2167511
26.303545 26.26390839 26.20563698 26.15405655 26.10747719 26.05677032 26.01614189 25.96838188 25.92374039 25.88536835 25.84679794 25.82178497 25.8031311 25.77673531 25.75170517 25.71445847 25.68215942 25.65205765 25.60803604 25.56927299 25.52579689 25.48128128 25.43818092 25.40734863 25.37993431 25.34432793 25.30998039 25.2760582 25.2433548 25.2093792 25.1636982 25.12345695 25.08403969 25.0539856 25.02501297 25.00873566 24.97285843 24.92048454 24.85609818 24.83559799 24.79633141 24.76063919 24.72932816 24.70266342 24.6919384 24.6845665 24.68698502 24.68521309 24.67656517 24.65299225 24.6211338 24.58622742 24.54240799 24.50006866 24.43206596 24.35484123
26.51099014 26.46744728 26.42518806 26.38482666 26.34625626 26.29724693 26.24926376 26.20223618 26.17397118 26.14214516 26.11005592 26.08022308 26.05482483 26.02782822 25.99474525 25.95391083 25.91003799 25.8865757 25.8487339 25.8024826 25.76340866 25.72179413 25.67225647 25.6362896 25.60015297 25.5621109 25.52674294 25.50743103 25.48984146 25.46192741 25.41556168 25.37014771 25.33367729 25.30318642 25.26436234 25.23177147 25.1993084 25.1536541 25.10137558 25.06292915 25.03125572 24.99669647 24.96014023 24.92912292 24.91132164 24.88525391 24.86815071 24.8651104 24.84749603 24.82859612 24.79926491 24.75669098 24.70775986 24.65408897 24.58378792 24.49274254
26.69771385 26.66672707 26.63638115 26.5981369 26.56524849 26.52366066 26.47464561 26.42630386 26.38986778 26.36114311 26.33320999 26.29927254 26.27181244 26.24108696 26.19913101 26.15589142 26.11296844 26.08217812 26.03815651 25.98698616 25.95093918 25.91752625 25.86120224 25.81394005 25.76855659 25.73122025 25.70937729 25.70874405 25.6961174 25.66791725 25.63924408 25.60005569 25.55682182 25.5198288 25.48653793 25.44150352 25.4007988 25.3535614 25.29400635 25.22963715 25.20814514 25.18845749 25.15428162 25.13643837 25.10124779 25.05294609 25.02347755 25.01773262 24.99152184 24.96848297 24.93961334 24.8891449 24.83774567 24.77923584 24.71354866 24.64595604
26.84675407 26.81583023 26.78412056 26.74689865 26.71683121 26.68227577 26.64198875 26.59262276 26.5483551 26.51172066 26.4730854 26.4350605 26.403162 26.3637619 26.31917381 26.27261162 26.23871613 26.21001434 26.17206764 26.12014771 26.07928467 26.04344368 25.98935127 25.9457283 25.90811157 25.86386108 25.8398056 25.83443451 25.82472992 25.78795433 25.76169968 25.73829079 25.70655823 25.66790962 25.63568306 25.59644127 25.5555954 25.50165939 25.44743919 25.39372253 25.35064125 25.33214378 25.30539322 25.28548622 25.23706627 25.19174385 25.15704536 25.13017273 25.09635544 25.07196236 25.02885437 24.98554039 24.94431114 24.89764786 24.84640121 24.80249596
26.9359169 26.88870049 26.85915375 26.82621956 26.78854752 26.75413895 26.72357178 26.68237686 26.6447506 26.60482407 26.55577278 26.50324631 26.4538269 26.40681648 26.3629055 26.32388115 26.29591942 26.26554298 26.22879601 26.17549324 26.14187813 26.10453606 26.05774117 26.01920128 25.99599266 25.95876312 25.92998314 25.91013718 25.87725639 25.8404541 25.82161331 25.79150581 25.76437187 25.7408638 25.70153236 25.66302299 25.6238308 25.57015038 25.5297966 25.49071503 25.43942642 25.4229908 25.38852501 25.3596344 25.32514763 25.29035759 25.2476368 25.20405769 25.17779732 25.16626358 25.13047981 25.09295845 25.05506516 25.02175331 24.98625755 24.96495247
26.9498558 26.91295242 26.88078308 26.84747505 26.81534576 26.77718353 26.74769211 26.71145058 26.65766525 26.61912918 26.57982826 26.52966499 26.47650146 26.43618584 26.40132523 26.37276268 26.34345627 26.30696106 26.27708435 26.23833656 26.19753838 26.15065956 26.1062603 26.07201576 26.04875374 26.02238464 25.98874283 25.94762993 25.90452003 25.86626625 25.8345623 25.80575752 25.78189468 25.76651764 25.73025322 25.68502998 25.64517403 25.60265732 25.56821251 25.54385948 25.50856972 25.47607231 25.4500103 25.418787 25.39040947 25.35604286 25.31912613 25.27539825 25.2462616 25.23595428 25.20994759 25.19399261 25.16223717 25.11291695 25.07810974 25.0742836
26.96420288 26.92539406 26.8855114 26.85003471 26.79223061 26.75211525 26.71560097 26.68247604 26.65686417 26.61510468 26.58103943 26.54367256 26.50324631 26.4533844 26.42759132 26.4159317 26.3900528 26.36617279 26.34362221 26.3102684 26.25868034 26.21003532 26.16347504 26.12697983 26.10162354 26.07538795 26.04315567 25.99531746 25.94630051 25.91718292 25.87584114 25.8258419 25.79733658 25.78194618 25.74631119 25.72559357 25.69010544 25.64670563 25.60951042 25.58551979 25.55565071 25.51735878 25.50171089 25.4817028 25.45633507 25.43579483 25.40717125 25.36731911 25.33476257 25.31994438 25.27913284 25.25660515 25.22784042 25.19886971 25.17648125 25.17385292
26.99461555 26.95738411 26.9158287 26.88030052 26.84107208 26.79808998 26.75397491 26.71593666 26.6748867 26.64140129 26.61349869 26.57507515 26.54202652 26.50849724 26.48033524 26.46775818 26.44477081 26.41287041 26.38686562 26.35317421 26.29662323 26.25676537 26.2242527 26.19071007 26.15904427 26.13035774 26.09124184 26.05115318 26.00988007 25.97615814 25.93711662 25.89550018 25.86437607 25.84005928 25.80450249 25.76279068 25.72483063 25.69593811 25.66683388 25.643507 25.63171577 25.59477997 25.57952118 25.55831718 25.53770638 25.51245308 25.47429466 25.44835091 25.41729736 25.39088631 25.34065247 25.31357956 25.29830551 25.28279877 25.272686 25.26716995
27.04839325 27.00098991 26.96829414 26.93289566 26.89671707 26.85501289 26.81017685 26.77391624 26.74227905 26.70928192 26.67802238 26.64467621 26.61460876 26.58485794 26.55780602 26.54010582 26.51477432 26.47351265 26.43831635 26.39448929 26.35111427 26.32184982 26.29028893 26.25514984 26.22150612 26.18442154 26.14002419 26.10361481 26.06493187 26.03774452 26.00947189 25.97054291 25.94195938 25.91079712 25.87747574 25.82700348 25.77799606 25.74835014 25.73347473 25.70758438 25.69046402 25.6620369 25.62690353 25.61107063 25.59562492 25.5616169 25.51944351 25.50753212 25.48189545 25.44083214 25.40285301 25.37982559 25.36415672 25.34204483 25.33307457 25.33994675
27.08791351 27.04805756 27.00764275 26.96352577 26.9288559 26.89359093 26.86800766 26.8367939 26.80205727 26.76222801 26.72861481 26.69745636 26.67468262 26.64839172 26.62576675 26.59797287 26.56011581 26.51460838 26.4768486 26.43939972 26.40308571 26.37220383 26.33369064 26.29804039 26.26530457 26.22162056 26.17950439 26.14918518 26.11493111 26.08929634 26.06917191 26.04835892 26.01989746 25.9792366 25.93974495 25.8966465 25.85232735 25.81632996 25.78742218 25.74992561 25.71969032 25.68431091 25.64031601 25.63012505 25.61353874 25.58647728 25.56101608 25.53117561 25.51410866 25.48524475 25.45973015 25.43721962 25.41216087 25.38434029 25.36495781 25.36478615
27.11872673 27.08031654 27.04467583 27.00201797 26.96883202 26.93369102 26.90784645 26.87483025 26.84020996 26.80571365 26.77400017 26.74916458 26.72759628 26.70308876 26.67731476 26.6378727 26.58825493 26.54480171 26.50699043 26.46938133 26.43461227 26.39251328 26.35939026 26.32693672 26.28892899 26.2497406 26.21767807 26.19200706 26.15902901 26.1320591 26.11306763 26.09602928 26.06022453 26.01638603 25.96751976 25.92232513 25.88588524 25.84984016 25.81283569 25.77298355 25.72634315 25.68336868 25.65156364 25.62833786 25.61252403 25.59387398 25.56846619 25.54756355 25.52689362 25.50501442 25.48205185 25.46629715 25.43698883 25.41721916 25.40016174 25.38657761
27.15234947 27.11913872 27.08360291 27.04492569 27.00545311 26.97543144 26.94844818 26.91329575 26.88136482 26.85114098 26.82217789 26.78934288 26.75412178 26.72137642 26.68936729 26.64857864 26.59926414 26.55385971 26.5155468 26.46982193 26.43346024 26.40248299 26.37832451 26.34367371 26.30353737 26.27042007 26.23953819 26.20583916 26.16775703 26.14563942 26.12700844 26.09741783 26.05189514 26.01068878 25.9686203 25.9241066 25.88279533 25.83955193 25.81230164 25.77754593 25.71882629 25.66984367 25.63637924 25.60949516 25.59878159 25.58754349 25.58404732 25.56871033 25.54436493 25.51879501 25.48812675 25.46291542 25.43097687 25.41460609 25.40974045 25.41889954
27.18318176 27.15496254 27.11206245 27.06952286 27.02797127 26.9979229 26.97255135 26.93863106 26.90141106 26.86252785 26.82584381 26.78115273 26.74716949 26.71084404 26.67355919 26.63547516 26.58944511 26.53411674 26.48819542 26.45983505 26.43046379 26.40476036 26.38139343 26.34412003 26.31134415 26.27105522 26.22668648 26.18324089 26.14845085 26.12265205 26.10158348 26.06419754 26.01332855 25.96664619 25.92828369 25.88228798 25.83064461 25.79283142 25.75910759 25.72981453 25.68311882 25.64380074 25.62207031 25.60070801 25.57867241 25.57279396 25.56341934 25.5422039 25.50868416 25.48378944 25.45506096 25.43421555 25.41696358 25.39899254 25.39422798 25.38815308
27.19162941 27.153759 27.11065102 27.06842232 27.02560425 26.98677254 26.9549942 26.92573357 26.89056206 26.85372162 26.80947113 26.7624054 26.72380257 26.68725395 26.64593506 26.60520935 26.5639782 26.51721191 26.48593521 26.46482849 26.43253136 26.40278625 26.37131882 26.33256149 26.29534531 26.24920273 26.20031166 26.15401459 26.11373329 26.08035278 26.04545212 26.00379562 25.94937134 25.90229416 25.86249542 25.81334877 25.76673317 25.72714996 25.6941185 25.66583443 25.63346481 25.61251068 25.59648132 25.57583427 25.55740356 25.53589439 25.51687813 25.485075 25.44158173 25.41578865 25.39964294 25.38372421 25.37153625 25.35550499 25.33485603 25.30001831
27.18750381 27.14489555 27.10318184 27.06107903 27.01424789 26.97371674 26.94098854 26.90709114 26.87167168 26.83605385 26.78987694 26.74586105 26.71160507 26.67907333 26.63415527 26.58546448 26.55066109 26.51763916 26.49062347 26.46393204 26.42975616 26.38642311 26.34128761 26.30020332 26.25988579 26.22068405 26.17986107 26.12839127 26.07905769 26.02741814 25.98404884 25.9391346 25.89477539 25.84931946 25.79547882 25.74735641 25.71281815 25.67945671 25.64452744 25.60512352 25.57775497 25.5565033 25.53549576 25.5148983 25.48810005 25.46125984 25.42799759 25.38080025 25.34755325 25.33123779 25.3223114 25.29104614 25.26809502 25.25061989 25.23065758 25.19340706
27.1630497 27.11817551 27.08147621 27.04011536 26.99593163 26.96176147 26.93139839 26.8948288 26.85712433 26.82074928 26.78044701 26.73647118 26.69441414 26.65902901 26.61359596 26.5669651 26.53059006 26.50178146 26.47331619 26.4357872 26.3941288 26.34531593 26.29063416 26.2446022 26.20085144 26.16540337 26.13279533 26.08688164 26.03833389 25.98151016 25.93515015 25.89012337 25.83772278 25.78740501 25.73726845 25.68670082 25.64560509 25.6108284 25.5790844 25.53499031 25.50404549 25.4772625 25.44629288 25.41754532 25.40076256 25.37631989 25.32204437 25.27439117 25.24715614 25.23130798 25.20428276 25.17029572 25.13892365 25.11919975 25.10357285 25.07259178
27.12641525 27.08385277 27.04708099 27.01205826 26.97356606 26.94332886 26.90742111 26.86999321 26.82725525 26.78162003 26.74295807 26.69985008 26.65233612 26.61294174 26.57350349 26.52988052 26.48950005 26.45707893 26.42086411 26.37330818 26.32695198 26.2841301 26.23800659 26.19253922 26.146698 26.10528374 26.06659317 26.0338974 25.98971558 25.93035126 25.87792778 25.8241539 25.76918221 25.71632767 25.66981125 25.62171364 25.57055092 25.52509117 25.49117279 25.45108414 25.4171772 25.38611984 25.3482151 25.31902695 25.30174255 25.26148987 25.21131516 25.16467285 25.14584923 25.13020515 25.08598518 25.04701233 25.00958824 24.97479439 24.94881821 24.91906357
