Environmental Parameters/RCP 26/2100/Sea-bottom_temperature.asc
ncols 720
nrows 360
xllcorner -180.00
yllcorner -90.00
cellsize 0.5
NODATA_value -9999
[rows 225 to 249 of 360, columns 448 to 503 of 720]
-9999.0 -9999.0 -9999.0 -9999.0 -9999.0 -9999.0 -9999.0 21.31307602 2.004019976 1.17046237 1.03058058 0.838537812 0.787361443 0.793513834 0.769382119 0.860308349 0.749964833 0.823990643 0.816679895 0.830245376 0.916329563 0.927933335 1.024418473 1.091290414 0.930638909 0.832284451 0.839575529 0.859823763 0.817155838 0.74189508 1.012621105 1.118859291 1.013878644 1.024131238 0.943282306 0.960123241 1.272605538 1.152077794 1.155255437 1.067459464 1.092007101 1.181178331 1.186563969 1.116938114 1.113506436 1.209868431 1.496771812 1.495174646 1.589961529 1.539959908 1.722396851 1.317727923 1.396743417 1.027402163 0.98719573 0.992121339
-9999.0 -9999.0 -9999.0 -9999.0 -9999.0 -9999.0 -9999.0 25.54937744 2.026127815 1.032004774 0.87129432 0.872702003 0.783283591 0.783503234 0.783736348 0.785989702 0.817733705 0.781860411 0.78191036 0.901655912 1.005002737 1.072413802 1.036617756 0.853867054 0.857627451 0.835637927 0.856531739 0.783065379 0.76343894 0.850226939 0.986706078 0.903574526 0.792525172 0.850090265 0.756628335 0.958369493 0.873747826 0.962774754 0.955505371 1.157974601 1.260872483 1.170268416 1.125559449 0.940485299 0.821449041 1.215349197 1.091832876 1.208297849 1.201553941 1.569635391 1.569849968 1.359501123 1.033149481 1.030404449 1.017356992 1.100826979
-9999.0 -9999.0 -9999.0 -9999.0 -9999.0 -9999.0 -9999.0 3.883297682 1.348419189 0.831907511 0.872584164 1.193016171 0.930047333 0.787148237 0.778777719 0.777355969 0.776725352 0.743798077 0.80126369 0.833654881 0.845349133 1.072336197 0.940422416 0.935621738 0.831150532 0.853928566 0.816092074 0.782584965 0.787107408 0.785469413 0.805619717 0.911570311 0.83533591 0.913777947 0.786886454 1.007528126 1.020382881 0.869588852 0.940460861 1.173828721 0.94323802 1.068200707 1.169170856 1.107084036 1.107203126 1.097293615 1.42659986 1.207584858 1.421500325 1.518535614 1.646449685 1.754352093 1.089851499 1.379734635 1.014683247 1.013270855
-9999.0 -9999.0 -9999.0 -9999.0 -9999.0 -9999.0 18.14407685 2.249400139 1.02963841 0.919297576 0.826821089 0.825078964 0.774682105 0.775502086 0.783364177 0.764813125 0.76434952 0.767427683 0.768817484 0.840307713 0.779739439 0.919780135 0.81592083 0.784777582 0.78266567 0.81396699 0.781791389 0.78239888 0.770210326 0.785097599 0.784894943 0.805458069 0.765717208 0.77934885 0.799757063 0.771357775 0.920005798 1.002519906 0.919988155 0.925924301 0.819053292 0.837054193 1.172858715 1.067480624 1.076323926 1.412527323 1.418866038 1.333084583 1.320406318 1.414289594 1.528041005 1.365145087 1.334190845 1.086132765 1.045624137 1.041482925
12.92524815 -9999.0 -9999.0 -9999.0 -9999.0 -9999.0 24.33193588 1.530373216 0.870293558 0.809750021 0.787588954 0.776232243 0.775368154 0.772720575 0.768123329 0.764850914 0.765348554 0.770343959 0.776340246 0.778322697 0.801670969 0.808916986 0.784128904 0.764296591 0.788014054 0.786046207 0.766583502 0.769012153 0.769886494 0.771203399 0.773806989 0.761761963 0.80624634 0.811851025 0.791481316 0.80308044 0.804962933 0.917008221 0.92638123 0.816938043 0.8273049 1.031856239 0.885599792 1.292049289 0.962980092 1.316058755 1.405009151 1.328989625 1.533071041 1.182541251 1.515703678 1.405072451 1.36668551 1.070614755 1.079543829 1.215297937
25.4591198 20.47532272 20.08254182 19.87587547 18.96577072 23.28389359 11.89184189 0.905822098 0.811732352 0.762041926 0.772985578 0.77343297 0.760408819 0.757543981 0.739482343 0.751267135 0.735593021 0.74469918 0.769242585 0.765098572 0.765455723 0.777169645 0.780577123 0.78530097 0.786252797 0.801540554 0.777361929 0.756267905 0.767540276 0.760900438 0.773787558 0.782875478 0.783324242 0.76038152 0.809259176 0.773875058 0.824354112 0.904397905 0.833317161 0.872514606 0.861711502 0.83583957 0.95197314 0.956126332 0.954568982 1.046910763 0.947955132 1.319986939 1.195223093 1.316009283 1.518938422 1.769818902 1.561003327 1.151814342 1.138911009 1.240365505
2.867629051 24.86734962 24.85272217 24.25198174 3.622994661 2.729435682 1.998657703 1.05480063 0.811937273 0.788980126 0.783673108 0.760130882 0.755694091 0.751462638 0.741377473 0.751825511 0.752280295 0.744498253 0.75433588 0.755873859 0.75998354 0.753617287 0.77298677 0.758821189 0.761524856 0.755352974 0.761878312 0.75568682 0.75809449 0.767155468 0.770214438 0.774104476 0.775968313 0.765337825 0.806614041 0.806765199 0.772890031 1.362672567 0.804448485 0.929647565 0.863973439 0.869169831 0.777959228 0.874626994 0.949685574 0.950025737 1.038551092 1.405544519 1.401157737 1.492590427 0.984908879 1.935449719 1.481264949 1.449018955 1.418928146 1.279198408
2.276412249 4.208940506 16.532341 3.457600117 2.385402679 2.157770634 1.857630968 1.189196944 0.784723401 0.814179361 0.782043636 0.754960835 0.749126315 0.741186917 0.741695642 0.74361223 0.744760334 0.744974852 0.746656299 0.747870326 0.744927227 0.755961061 0.75664866 0.759624958 0.756013632 0.756110549 0.755387068 0.755504847 0.757041872 0.760917187 0.764433742 0.767598808 0.777756333 0.788451314 0.767753303 0.77624917 0.757878602 0.813961864 0.786946595 0.911727548 0.755699694 0.755699694 0.8376472 1.035734534 1.35775125 1.141017675 1.362720847 1.37699306 0.804364324 1.391789675 1.429991484 1.367132187 1.415727139 1.355265617 1.662683487 1.110027194
1.727135062 2.743082762 3.089750051 2.677240133 2.648806334 2.358195782 2.149716377 1.724023938 0.834085822 0.783446789 0.755691826 0.759388566 0.7434659 0.742246449 0.741830528 0.743585229 0.744686842 0.744903624 0.745161057 0.746379495 0.749495327 0.752589583 0.753430367 0.750648677 0.75561893 0.752335489 0.752708673 0.753284037 0.75342828 0.75290668 0.752644122 0.77031368 0.393483728 0.772177339 0.780248702 0.79820168 0.771002352 0.835194111 0.838765144 1.544745803 1.027506828 0.864459515 1.039190769 1.023103654 1.324186444 1.356656313 0.717841625 1.418147326 1.413853049 1.408143163 1.33403182 1.170055628 1.162838936 1.398944974 1.465535045 1.453447819
1.992461205 2.984758615 3.537266731 2.938314915 3.646726608 2.867352009 2.47865057 2.439046621 1.039583206 0.832963228 0.76472348 0.759042323 0.745318472 0.744356334 0.743424952 0.744365275 0.745400727 0.745158672 0.745339632 0.747412443 0.748113632 0.747422576 0.752944291 0.754291534 0.75436908 0.749755502 0.750986874 0.752019942 0.391893432 0.749941587 0.749922335 0.384884253 0.768376589 0.889396727 0.774952888 0.821443081 0.786215901 0.790405869 1.200718522 1.020671427 1.001214743 1.313586712 1.420061111 1.227123857 1.330699444 0.773965418 1.333419681 1.425792456 0.564666867 0.821671903 0.567676574 0.817770541 1.323279262 1.329280376 1.331776023 1.384782076
1.907543778 2.548663616 2.661895514 2.381082535 3.283947706 2.313755751 2.308329582 2.24175024 2.128386974 1.719711781 0.780652642 0.759081542 0.746771693 0.746980429 0.749404311 0.751055181 0.75119859 0.75085777 0.749288797 0.747958541 0.747474909 0.746070206 0.755608976 0.755226433 0.752859175 0.750149369 0.752283871 0.768927336 0.747323453 0.448686779 0.745025218 0.798588276 0.765421033 0.78633827 0.835760415 0.753784001 1.673662663 1.170995235 1.31695044 1.021380007 0.854627907 1.315891266 0.768755317 1.429322362 1.415294409 0.622700334 1.143764496 0.58202672 0.565938801 0.57320115 1.151291847 0.574094117 1.173641205 1.40959084 1.333375573 1.331956387
2.194278479 2.221437931 2.850682259 2.220438242 2.133722067 1.787145019 1.786101937 2.077157259 2.306410551 2.141896963 1.734392643 0.794727862 0.757277966 0.754526556 0.753615975 0.753282309 0.752759755 0.751366258 0.749271512 0.743515491 0.747514367 0.75524497 0.760625601 0.762614846 0.754508615 0.754865944 0.754694641 0.745003581 0.742948532 0.738752842 0.736969888 0.743959308 0.751109302 0.768405676 1.055572689 0.887343645 0.897973418 0.710576892 0.664153934 1.405783176 1.426380634 0.810111523 1.545384765 0.82623142 0.46401006 0.779086649 0.477723956 0.494244397 0.566364437 0.523182958 0.588587582 0.586898685 1.348951459 1.337148428 1.361623049 0.827358842
2.419878721 2.287038088 2.102342129 2.094195366 1.605542064 1.576924086 1.760764241 1.883497357 1.863907695 1.851838827 1.181125045 0.759124517 0.751678705 0.754405439 0.763351977 0.762568355 0.751239657 0.735990822 0.729213059 0.730201125 0.737978935 0.750954032 0.764102995 0.77937454 0.761035323 0.757146895 0.758762777 0.803776145 0.734628558 0.390767306 0.725384772 0.712710619 1.242732167 0.772780299 1.591663122 0.552583992 1.113146663 1.299651027 1.131400228 1.28551805 0.445301354 0.464544266 0.458702385 0.459421694 0.747869492 0.471137911 0.546006888 0.546458393 0.506489992 0.557502806 0.514692336 0.388315648 1.14937067 0.808522224 0.81490016 0.825331867
2.302054405 2.175493717 1.858121753 2.076349258 2.113325357 1.577048182 1.266566396 1.679959059 2.121937037 1.333736897 0.87145716 1.22763586 0.750202119 0.751926243 0.746373951 0.750200987 0.73858583 0.72250706 0.71694088 0.730777919 0.737317085 0.7438972 0.78688997 0.781019509 0.78248173 0.787082314 0.765599012 0.760836601 0.740029871 0.729261339 0.758845508 0.71165359 1.358323336 0.68411392 1.824788928 0.51009798 1.307446957 0.45145607 0.458436668 0.461669564 0.435238555 0.724090695 0.438544959 0.436636001 0.434566677 0.425733119 0.416486844 0.459651262 0.547484189 0.550558299 0.561833173 0.576350033 0.482855797 1.132867157 1.134097636 0.565463513
2.211657047 2.082260609 2.181231976 2.260940075 2.33526659 1.982297778 1.547202349 1.642975569 1.531135321 0.887202442 0.824902833 0.811796606 0.7967453 0.745001197 0.736451685 0.732884824 0.729541957 0.728538871 0.739682913 0.705307305 0.753648043 0.784620285 0.799537778 0.805658698 0.7908957 0.78493768 0.757385135 0.745952964 0.806788802 0.899797559 0.871860921 0.713458896 1.192463994 0.575131923 1.33940959 0.47337836 0.5361166 0.427269995 0.527787477 0.462176114 0.457998723 0.432994187 0.427394748 0.456675082 0.432833821 0.422171697 0.447857231 0.446484894 0.552304089 0.55028069 0.771508217 0.560924232 0.477354348 0.496359348 0.392801389 0.345539033
2.028773785 2.305798769 2.403738737 2.560996056 2.687255621 1.88337779 1.633369207 1.135772467 0.89018786 0.840176105 0.81825155 0.810626388 0.80857563 0.762711048 0.753178 0.738986373 0.729197979 0.734775305 0.731781363 0.869036555 0.809798658 0.794479609 0.792570889 0.722527564 0.78343147 0.74948585 0.728849888 0.721275926 0.917300105 0.813431442 1.229373455 1.236429811 1.041598558 0.777148426 0.497657925 0.533557773 0.455509722 0.517687351 0.44578436 0.460158646 0.442763209 0.434741735 0.424844861 0.733809471 0.422853604 0.417842448 0.415360242 0.567187548 0.443268836 0.453176439 0.372723043 0.397684604 0.479285419 0.389283106 0.577847272 0.807123303
2.311594009 2.447492838 2.445949078 2.847785473 2.634784222 1.978224039 1.870074034 1.34862709 0.868609905 0.820571721 0.819831431 0.814354897 0.805229604 0.754393935 0.76423943 0.753563881 0.745336235 0.733558774 0.762506366 0.781782389 0.781930327 0.767712176 0.800633252 0.898590147 0.804729939 0.718774676 0.742865145 0.74665767 1.074376702 1.864956141 0.805074215 1.62808907 1.78860414 0.57977125 0.654026479 0.480987489 0.478376597 0.68353343 0.440971091 0.461145461 0.432265714 0.427702114 0.436845109 0.411582276 0.566760033 0.451103866 0.402891695 0.407899633 0.410985559 0.586450219 0.797474265 0.580905378 0.574692994 0.800403655 0.512795031 0.518838286
2.481879473 2.315425873 2.545991898 2.524601698 2.142452002 1.644303083 0.909038007 0.867217541 0.866765022 0.82079345 0.819141746 0.773213923 0.81052947 0.7730636 0.769442797 0.758703053 0.748584509 0.771599293 0.875091016 0.784806907 0.770069063 0.779246807 0.790046394 0.830866396 0.809774637 0.80278194 0.915307045 1.59933269 0.972697258 1.419008017 1.252259016 1.518214941 0.612988144 0.57971257 0.525126576 0.467365295 0.425695151 0.420794278 0.447577506 0.423119113 0.413173884 0.418011352 0.466704816 0.410252064 0.390328467 0.420457229 0.407090515 0.438392311 0.597727716 0.445497334 0.375270814 0.582586825 0.57710889 0.578665167 0.795765162 0.402377218
2.613101721 2.538429737 2.736128092 2.535939455 1.74770999 1.299731493 0.951560318 1.086089253 0.96910584 0.937681615 0.898357391 0.892719328 0.82938236 0.827420056 0.792250276 0.78012085 0.784175813 0.805612743 0.722580969 0.690261722 0.799775779 0.807428479 0.696650922 0.792612851 0.863139808 1.296318293 1.162809968 1.460127831 0.548346728 1.628588557 0.548979521 0.458371043 1.224321365 0.465429366 0.461523384 0.435295209 0.357353181 0.405841112 0.395641193 0.394794434 0.433733597 0.407664597 0.413711205 0.414346591 0.385077313 0.386603191 0.398830593 0.389398336 0.391314611 0.400962353 0.401121423 0.434869766 0.400268763 0.402375653 0.276457138 0.792090774
3.715871334 3.337780476 2.849769354 2.549230337 1.899709702 1.408132553 1.296728849 1.07569921 1.054461896 0.924436033 0.950976014 1.075579047 0.958462596 0.875192344 0.865127027 0.867382824 0.757070422 0.807661474 0.827811539 0.874351561 1.000208974 0.877364695 0.825232267 0.794239163 1.207931161 1.053003132 1.725329638 2.188228369 0.312513635 1.347994924 1.837995529 0.466272682 0.468603447 0.420352951 0.413973615 0.416467249 0.400259122 0.394198269 0.392463788 0.398784637 0.395014286 0.403200582 0.395831212 0.404744685 0.364862934 0.382765934 0.381075338 0.365461946 0.368163943 0.366538137 0.3999926 0.36506173 0.41049175 0.412363306 0.587515086 0.476819336
7.643436432 5.125024796 3.395284891 2.554255486 1.904106379 1.589679122 1.248395801 1.083816946 0.961301327 0.910759687 0.885152757 0.901036561 0.897631466 0.877230942 0.853382587 0.75402844 0.84703207 0.844586849 0.837995529 0.819346428 0.885416746 1.134377837 0.89749819 0.805529535 1.375484824 1.560611606 2.930631876 1.430740356 0.356291711 0.414624661 1.087397158 0.379078835 0.453583926 0.394928828 0.407770261 0.394171387 0.383276567 0.39294593 0.378018752 0.409917146 0.290668212 0.394500032 0.391569823 0.393248752 0.362781644 0.378181934 0.370854482 0.375848398 0.370728612 0.432861775 0.397710249 0.407901466 0.410758793 0.809874296 0.443545789 1.07964009
12.89983368 7.646555424 5.224095345 2.698134184 2.054788351 1.610978484 1.044508219 0.970587373 0.915764749 0.895455658 0.885666966 0.904733598 0.886272788 0.855056345 0.860442638 0.864060104 0.755056262 0.85082978 0.938661277 0.732100725 0.824008346 0.898004353 1.74627316 0.958332717 2.690192461 1.915953636 1.760317326 0.545679986 0.302614361 0.425617963 0.624858856 0.432120845 0.488820016 0.367570996 0.362780318 0.357267931 0.350940004 0.366935685 0.360098496 0.394410461 0.382900938 0.385171026 0.382834643 0.382915705 0.36983639 0.354258046 0.366722509 0.364265129 0.383345962 0.38980554 0.400406674 0.37898469 0.456537187 0.43782267 0.589760065 0.414169014
7.857784748 7.773777008 5.307842731 2.821672916 2.209522486 1.922617674 1.307557583 0.930622637 0.907175243 0.925137222 0.894401133 0.861664057 0.882996142 0.856324673 0.912187517 0.865099967 0.916323781 0.980496824 1.033315122 0.884263217 0.940009654 1.163639545 2.545987129 0.890324771 1.457552314 0.58846882 0.690641344 1.634671926 0.376311272 0.472340047 0.827728868 0.355046406 0.364501059 0.352441907 0.301677898 0.359820276 0.3403375 0.352159396 0.369923115 0.339306712 0.380243778 0.322231263 0.384464294 0.370031357 0.366599113 0.358959377 0.359469473 0.368567958 0.382808194 0.439914495 0.400177851 0.478871882 0.477796584 0.348527521 0.414412618 0.625551283
3.926828146 4.493268013 4.453981876 2.923680067 2.231613398 1.813994884 1.059077263 0.949258208 0.960514247 0.914560199 0.921203196 0.914492011 0.999909937 0.961068332 0.944846213 0.8005988 0.803402841 0.856142163 1.057438254 1.638723254 1.222018003 1.352634907 1.851938844 1.26051414 1.409324288 0.608968616 0.40380533 0.485242277 1.222112298 0.36821717 0.336131476 0.313072719 0.313646935 0.352876782 0.34724623 0.328807473 0.333679423 0.326107755 0.338262767 0.349650711 0.419494703 0.356438532 0.362204924 0.363944933 0.364027113 0.358589381 0.363202378 0.372234002 0.392148525 0.393621132 0.477701813 0.501036555 0.420125261 0.492910564 0.441217452 0.515832841
2.296328306 2.569696426 2.562156677 2.176965237 1.999768853 1.630533695 1.029671669 0.991616905 1.019393682 0.885008693 0.928504705 0.888554573 0.947637916 1.157233834 1.026082098 1.16726017 1.125311613 1.090160728 1.140437245 2.021558285 1.048451245 1.134342909 2.017553806 0.648114562 0.248799801 0.492352128 0.336759478 0.39534381 0.485006064 0.342623889 0.333123632 0.348863564 0.340574533 0.346180871 0.337563023 0.323832378 0.329953507 0.31319578 0.339762852 0.40160495 0.334403247 0.36603947 0.36276564 0.390673622 0.44599995 0.396501482 0.402455449 0.404794648 0.409467995 0.404665366 0.496458024 0.83809787 0.494971424 0.489962161 0.497164249 0.46519202
