Environmental Parameters/RCP 26/2100/Sea-surface_salinity.asc
ncols 720
nrows 360
xllcorner -180.00
yllcorner -90.00
cellsize 0.5
NODATA_value -9999
[rows 175 to 199 of 360, columns 56 to 111 of 720]
35.02576447 35.0229187 35.01983261 35.0132637 35.00943756 35.00593567 35.003582 34.99956131 34.99468994 34.99006271 34.98441315 34.97875977 34.97181702 34.96689606 34.96141815 34.95706177 34.95364761 34.9492836 34.94311523 34.93469238 34.92478561 34.91058731 34.89798355 34.88506317 34.87558746 34.87037277 34.8674736 34.86454391 34.8612175 34.85822678 34.85513306 34.85134125 34.85052872 34.84614182 34.84036255 34.834095 34.82673645 34.81984711 34.81043243 34.8024559 34.79008102 34.78162003 34.77153015 34.75914764 34.74582672 34.73334885 34.72297287 34.71042252 34.70500183 34.69684601 34.6939621 34.68722534 34.68241501 34.6795311 34.67674637 34.67166138
35.05646515 35.05642319 35.05523682 35.05383682 35.05063629 35.04798126 35.04453278 35.04031754 35.03567886 35.03074265 35.02491379 35.01856613 35.0146904 35.00686646 35.00053406 34.99614716 34.99381638 34.99039078 34.98496628 34.9782486 34.97016144 34.96329117 34.95166397 34.94007111 34.93068314 34.92444992 34.92124939 34.91835785 34.9135704 34.90764236 34.90421295 34.89866257 34.89431381 34.8897438 34.88489914 34.87998581 34.87436676 34.86844254 34.86109161 34.85460663 34.8432579 34.83430862 34.82548523 34.81597137 34.80494308 34.79347229 34.78252411 34.77225494 34.76362228 34.7567215 34.74965668 34.74255371 34.73690796 34.73337173 34.73056793 34.72832108
35.08849335 35.08876419 35.08852386 35.08777618 35.08766937 35.08610535 35.08263397 35.08008957 35.07670593 35.07252502 35.06785202 35.06438065 35.0586853 35.05415726 35.04767227 35.03866959 35.03323364 35.02872086 35.02376556 35.01797867 35.01286697 35.00407791 34.99712753 34.99042892 34.98252869 34.97748184 34.97344971 34.96975327 34.96528625 34.96230316 34.95582962 34.95109177 34.94241333 34.93648148 34.93209839 34.92869949 34.92491913 34.92045212 34.9169693 34.90864182 34.90222168 34.8932724 34.88580322 34.87757874 34.86889267 34.85905457 34.84776306 34.83944702 34.82863235 34.82114029 34.81141663 34.80190277 34.79324722 34.78813934 34.78634262 34.78695679
35.13015747 35.12903595 35.1295433 35.13093567 35.1321907 35.13200378 35.13054657 35.13081741 35.12880325 35.12368774 35.1197319 35.11536026 35.11014557 35.10471344 35.09867859 35.09210968 35.08864594 35.08355713 35.07623291 35.07086563 35.06472778 35.05715561 35.0487442 35.04062271 35.03407288 35.03079605 35.02654648 35.0220871 35.01890182 35.01542664 35.01109314 35.00714874 35.00273895 34.99761581 34.99539566 34.98995209 34.98311234 34.97957611 34.97542953 34.97034073 34.96395874 34.95809937 34.95216751 34.94838715 34.94148254 34.93090439 34.9203949 34.90947342 34.89909363 34.88872147 34.87853622 34.86924744 34.86383438 34.85931778 34.85637283 34.85779953
35.19430161 35.19236755 35.19086075 35.19025803 35.19442749 35.19630051 35.19595337 35.1937294 35.190979 35.18740845 35.18310928 35.17894363 35.17392349 35.17089844 35.16631317 35.15987015 35.15326309 35.14709091 35.14122391 35.13467407 35.12718582 35.11731339 35.11097717 35.10403824 35.09794617 35.09394455 35.09140015 35.08885193 35.08637238 35.08360291 35.07863235 35.07689667 35.07353973 35.06923676 35.06396866 35.05833435 35.05320358 35.04886246 35.04484177 35.03932571 35.0358963 35.03136063 35.02751541 35.02402496 35.01864624 35.0117569 35.00227356 34.99173355 34.98008347 34.9719696 34.96296692 34.9532547 34.94433975 34.93761444 34.935009 34.9367981
35.2608757 35.25988007 35.25997162 35.26286316 35.26391602 35.26547241 35.26538467 35.26330185 35.25963211 35.25499725 35.25053787 35.24656677 35.24369049 35.23867035 35.23503113 35.22926331 35.22227859 35.21445847 35.20690536 35.19905853 35.19148254 35.18559647 35.17734909 35.17050171 35.16543198 35.16356277 35.1632576 35.16246796 35.16080856 35.15851212 35.15633774 35.15179443 35.14818954 35.14345551 35.13771057 35.13165283 35.1265564 35.12242889 35.11938095 35.11706161 35.11273956 35.1091423 35.10547256 35.10217285 35.09732437 35.09033203 35.08246231 35.07381058 35.0651741 35.05461502 35.04615784 35.03702164 35.02732468 35.01809311 35.01187897 35.01020813
35.30979156 35.30957031 35.30995178 35.31034851 35.31121063 35.31180573 35.3122673 35.30934143 35.30683517 35.30514908 35.30028534 35.29463196 35.28970337 35.2851944 35.28096771 35.27473068 35.26552963 35.25852203 35.25426102 35.24798965 35.24126434 35.23519897 35.2298851 35.22484207 35.22085571 35.21716309 35.21677399 35.21765518 35.21505356 35.21307373 35.21100616 35.20858765 35.20529556 35.20068741 35.19330978 35.18780518 35.18434906 35.18065262 35.17787552 35.17491913 35.17241287 35.16997528 35.16658783 35.15989304 35.15467453 35.15064621 35.14356995 35.13554382 35.12641525 35.11719513 35.10844803 35.09950638 35.08815002 35.07839584 35.07254791 35.06842804
35.34370041 35.34259415 35.33995438 35.34077072 35.34020233 35.34166718 35.34145355 35.34004974 35.33656311 35.33191299 35.3267746 35.32012939 35.31657028 35.31256485 35.30970764 35.30252838 35.29560471 35.29116821 35.28733444 35.2820015 35.27506638 35.27098083 35.26461029 35.26026154 35.25655365 35.25407028 35.2517662 35.24996185 35.24656677 35.24214172 35.24014664 35.23784637 35.23640442 35.23266602 35.228508 35.22447968 35.22067642 35.21806335 35.21471024 35.21356201 35.21196747 35.21057129 35.20639038 35.20068359 35.19593048 35.19087601 35.18291473 35.17170715 35.16213226 35.15130234 35.14360046 35.13402557 35.12508011 35.11628723 35.10912323 35.1059227
35.36461258 35.36275864 35.36082077 35.35943604 35.36013412 35.35884857 35.35762405 35.35483932 35.35052872 35.34550476 35.34175873 35.3392601 35.33583069 35.33292389 35.32686234 35.31989288 35.31460953 35.31123734 35.30805206 35.30337143 35.29729843 35.28927231 35.28082275 35.27400208 35.2709198 35.26964951 35.26849365 35.26743317 35.26535416 35.26223755 35.25917435 35.25743484 35.25453186 35.25055695 35.24731064 35.24534607 35.24370956 35.24278259 35.24126053 35.23921585 35.23802185 35.23430252 35.22963333 35.22431946 35.21917343 35.21286011 35.2036438 35.19385147 35.18391418 35.17552948 35.16679001 35.15575027 35.1439476 35.13304138 35.12700272 35.12711334
35.37952423 35.37796021 35.37658691 35.3768425 35.37636566 35.37291336 35.37046051 35.36743164 35.36320114 35.35925293 35.35612488 35.35286331 35.34935379 35.34410095 35.33673477 35.3306427 35.32663345 35.32413101 35.320961 35.31482697 35.30528259 35.29444122 35.28499603 35.27897644 35.27852631 35.27967453 35.28084183 35.28114319 35.27960968 35.27604294 35.27314758 35.27080154 35.26777267 35.26496887 35.26223373 35.2600975 35.2594223 35.25941086 35.25814819 35.25737762 35.25627518 35.25107574 35.24619293 35.24096298 35.23445511 35.22711182 35.22045898 35.21427536 35.20652008 35.19804001 35.18491364 35.16963196 35.15316391 35.14189529 35.14029312 35.14552689
35.39676285 35.39560699 35.39373016 35.39081955 35.3875351 35.3843956 35.38114548 35.37771988 35.37446213 35.37181854 35.36762238 35.36334991 35.35950089 35.35443115 35.34874725 35.34292984 35.33856583 35.33349991 35.32797241 35.32053757 35.31047821 35.30000305 35.29069138 35.2870636 35.28746033 35.28950882 35.29071808 35.29085922 35.28931427 35.2854538 35.28193665 35.27986526 35.27851105 35.27702332 35.27628326 35.27592468 35.27498627 35.27390289 35.27200699 35.27065277 35.26796722 35.2633667 35.2596283 35.25585556 35.25027847 35.24505997 35.2402916 35.23308563 35.22351837 35.21187592 35.19779587 35.18206787 35.16836548 35.1624527 35.16421127 35.16930389
35.41224289 35.40977478 35.40559387 35.40118408 35.39877701 35.39487457 35.39047241 35.38675308 35.38420868 35.38132477 35.37618256 35.37121201 35.36720276 35.36343002 35.35752487 35.35153961 35.34671021 35.33979416 35.33187103 35.32348251 35.31339264 35.3027153 35.29558563 35.29380417 35.29542542 35.29766846 35.29819489 35.29730606 35.29490662 35.2909317 35.28688812 35.28475571 35.28363419 35.28385544 35.28494644 35.28642273 35.2861557 35.28401184 35.28184891 35.27957535 35.27641678 35.27222824 35.2685318 35.26437759 35.25920868 35.25281525 35.24600983 35.23910522 35.23041153 35.22206116 35.21215439 35.20220947 35.1954155 35.19275284 35.1926651 35.19389343
35.42182541 35.41899872 35.41452026 35.40943146 35.40517807 35.40290833 35.39997101 35.39639664 35.39256668 35.38758469 35.38210678 35.37621689 35.37134933 35.36782074 35.36318588 35.35793686 35.35180283 35.34345245 35.33480072 35.32495499 35.31509018 35.30734253 35.30136871 35.29888916 35.2999115 35.30065918 35.30012894 35.29912567 35.29716873 35.29372406 35.29125595 35.28840256 35.28777695 35.28832245 35.29030991 35.29141617 35.29010773 35.28778458 35.2860527 35.28462601 35.27991486 35.27466583 35.26936722 35.26345444 35.25712967 35.25150681 35.24729156 35.24254608 35.23701477 35.23013687 35.22304535 35.21718597 35.21449661 35.21385956 35.21277237 35.21237564
35.42787933 35.4251976 35.42139435 35.41652679 35.41290665 35.41041946 35.40637589 35.40184784 35.397892 35.39271164 35.38812256 35.38234329 35.37788391 35.37559128 35.37251282 35.36626434 35.3572464 35.34848785 35.33973312 35.32850647 35.31821442 35.31033325 35.30363083 35.29982758 35.29850006 35.29769897 35.29659271 35.29579163 35.29600525 35.29356003 35.29032898 35.28811646 35.28788376 35.28852844 35.29024887 35.29037094 35.2889595 35.28705215 35.28481674 35.28298187 35.28005981 35.27540588 35.26887131 35.26262665 35.25669098 35.25215912 35.24804306 35.24201584 35.23622894 35.23086548 35.22608566 35.2220726 35.22094727 35.22224426 35.22348022 35.22374725
35.43259811 35.43135071 35.43033981 35.42778015 35.42540741 35.42295456 35.41959 35.415802 35.41220093 35.40871811 35.40342712 35.39743805 35.39232254 35.38702393 35.38043594 35.37285614 35.36397934 35.35539627 35.34602737 35.33455276 35.32374573 35.31361771 35.3055954 35.30121613 35.2987709 35.29593277 35.293293 35.29128265 35.29008102 35.28711319 35.28403091 35.28279877 35.28275681 35.28450394 35.28489304 35.28500366 35.28575516 35.28387451 35.28234863 35.28036499 35.27642822 35.27124405 35.26583862 35.26013184 35.25588608 35.25311279 35.2496376 35.2463913 35.24201202 35.23734665 35.23212814 35.22894669 35.2275238 35.22956467 35.23129272 35.22937012
35.44092941 35.44179916 35.44258499 35.44220352 35.4413414 35.43824387 35.43421936 35.43077087 35.42835617 35.42538452 35.42035675 35.4144516 35.40729523 35.39955521 35.39054489 35.38240814 35.37325668 35.3632431 35.353405 35.34328842 35.33285522 35.32184601 35.31389618 35.30936432 35.30620193 35.30183792 35.29637146 35.29247284 35.29026794 35.2877655 35.28487778 35.28163528 35.28055191 35.2818222 35.28298569 35.28480148 35.28707123 35.28673935 35.2849617 35.28166199 35.27805328 35.2730751 35.26771927 35.26320648 35.26094055 35.26096344 35.26095581 35.2587471 35.25403214 35.25002289 35.24524689 35.24142456 35.2397728 35.2398262 35.23941803 35.23911285
35.45614624 35.45776367 35.4580307 35.45749283 35.45724106 35.45591736 35.45378876 35.45123672 35.44926834 35.44638824 35.44104767 35.43387985 35.42449951 35.41596985 35.40660095 35.3982811 35.38894653 35.37703705 35.36650467 35.356884 35.34727478 35.33859634 35.33086395 35.32497025 35.31990051 35.31537628 35.3094101 35.30400085 35.29946899 35.29580307 35.29272461 35.29070663 35.28926468 35.28835678 35.28855133 35.29063797 35.29327774 35.29380035 35.29232407 35.290802 35.28749847 35.28403091 35.2800293 35.27721405 35.27590942 35.27623749 35.27655029 35.27549744 35.27370071 35.27029037 35.26691437 35.26321793 35.25863647 35.25444412 35.25110245 35.24937057
35.47768784 35.47891617 35.48006439 35.48101807 35.4807663 35.47939682 35.47799683 35.47704697 35.47692871 35.47514343 35.47000885 35.46266174 35.45151901 35.43897247 35.42663574 35.41550827 35.40459442 35.39216614 35.38252258 35.37368393 35.36700439 35.36209106 35.35569382 35.34892273 35.34187698 35.3359375 35.33067703 35.32539749 35.31927109 35.31492615 35.31222534 35.3105545 35.30646515 35.30195236 35.29972839 35.30044556 35.30420303 35.30482483 35.30318069 35.30163956 35.30057526 35.30122375 35.30007935 35.29851151 35.29683304 35.29898453 35.30088806 35.30065536 35.29926682 35.29615784 35.29176712 35.28700256 35.28052902 35.27364731 35.26874924 35.26500702
35.50756836 35.50683975 35.5071106 35.50771713 35.50656891 35.50694275 35.50636292 35.50677872 35.50836182 35.50735855 35.50361633 35.49716949 35.48658371 35.47016907 35.45327759 35.43591309 35.42090607 35.4106369 35.40479279 35.39933014 35.39471436 35.39172363 35.38515854 35.37662506 35.36730957 35.35944366 35.35321808 35.34744263 35.34218216 35.33885193 35.33822632 35.33538437 35.33024216 35.3252182 35.32180023 35.32053375 35.32186127 35.32335663 35.32234955 35.32146454 35.3223877 35.32569885 35.32567978 35.32442093 35.32511902 35.32800293 35.32975388 35.32830048 35.32636642 35.32131195 35.3128624 35.30316925 35.29401779 35.28835678 35.2868309 35.28500748
35.53953934 35.5358429 35.53289032 35.53124619 35.53014374 35.52975464 35.52991486 35.53171921 35.53516769 35.53725433 35.53720474 35.53283691 35.52165985 35.50398636 35.48287964 35.46215439 35.44551849 35.43574524 35.43188095 35.42838669 35.42547989 35.42238998 35.41748428 35.40909195 35.3977356 35.38842773 35.3819809 35.37621307 35.3719101 35.36923218 35.3675766 35.36562729 35.36088562 35.35619354 35.35218811 35.35002136 35.35274506 35.35626221 35.3555069 35.35205841 35.35184097 35.35302734 35.35334015 35.35135651 35.35280609 35.35638809 35.35768127 35.35464859 35.34957886 35.3431015 35.33141708 35.31708527 35.3037262 35.29662323 35.29725266 35.29999924
35.56458664 35.55881119 35.55453491 35.55381393 35.55328369 35.55392456 35.55327988 35.55461502 35.55932617 35.56327057 35.56702042 35.56625748 35.55875397 35.5411377 35.51873398 35.49734497 35.48149109 35.47222137 35.4681778 35.4646492 35.46120071 35.45844269 35.45370865 35.44622803 35.43574524 35.42673874 35.4222641 35.41881561 35.41692352 35.41783142 35.41681671 35.41557693 35.40937424 35.40268707 35.39592361 35.39051056 35.39183044 35.3946228 35.39163589 35.38702011 35.38467789 35.38604736 35.38622284 35.38610458 35.38718414 35.38790512 35.38567352 35.38048553 35.37584686 35.36756134 35.35758591 35.34309006 35.32837677 35.32068634 35.32138824 35.3250351
35.57886505 35.57736969 35.57786942 35.58124161 35.58326721 35.58382416 35.58164597 35.57832336 35.58083344 35.58731842 35.59233856 35.59517288 35.59096146 35.57637024 35.55566025 35.536026 35.51961899 35.50616074 35.49913788 35.49588776 35.49481201 35.49341965 35.49001312 35.48382568 35.47675323 35.47276306 35.47036362 35.4682045 35.47112656 35.4753685 35.47498703 35.47152328 35.46554184 35.45662308 35.4454422 35.43472672 35.42998886 35.42942047 35.42810059 35.42575455 35.42618942 35.42769623 35.42816544 35.42637253 35.4258461 35.42591095 35.42090225 35.41431046 35.40916061 35.40296936 35.39433289 35.38101578 35.36412048 35.35585022 35.35912323 35.36377716
35.58407211 35.58740997 35.59475327 35.60367966 35.60979462 35.61486435 35.61547089 35.61477661 35.61392593 35.61542511 35.62059021 35.62524033 35.62189102 35.60971832 35.59325409 35.57686234 35.56020355 35.54396439 35.53147888 35.52386856 35.52187729 35.52297974 35.52141953 35.51783371 35.51591873 35.5149498 35.51351547 35.51520538 35.52098083 35.5251503 35.5241127 35.51903915 35.51220322 35.50212479 35.48961639 35.47882462 35.47019577 35.4660759 35.46537018 35.46665192 35.46937943 35.47251892 35.47602844 35.47357941 35.46983719 35.46708298 35.46051025 35.45389557 35.44797134 35.43959427 35.43037033 35.42009735 35.40827942 35.40050507 35.40322876 35.41006088
35.58910751 35.5916748 35.60299683 35.61349869 35.62491608 35.63320923 35.63920212 35.6428566 35.64416504 35.64253235 35.64729309 35.65587997 35.65929794 35.65114212 35.63193512 35.61662674 35.60230637 35.58416367 35.57055283 35.55975723 35.55406189 35.5513382 35.54831314 35.54783249 35.5513382 35.55348206 35.55351639 35.55467987 35.56038666 35.56415176 35.56203079 35.55802155 35.55141068 35.54317474 35.53239822 35.52399063 35.51596832 35.51089478 35.50891495 35.50780869 35.51023865 35.51579285 35.52091217 35.52083588 35.51821518 35.51192856 35.50230026 35.49612045 35.48734665 35.47941971 35.47301483 35.4673233 35.45965195 35.45085144 35.44861984 35.45038605
35.59770966 35.59498596 35.60360718 35.61416626 35.62015915 35.62995911 35.64545822 35.66015625 35.66609955 35.66595078 35.6721344 35.68365097 35.69304276 35.68452072 35.66492462 35.65037918 35.64173889 35.62730408 35.612957 35.60223007 35.59305191 35.58516693 35.57978058 35.57487106 35.57487869 35.58115005 35.58319473 35.58525848 35.59111023 35.5928421 35.59305191 35.59122849 35.58493042 35.57871246 35.57511139 35.5668602 35.5591774 35.55502319 35.55374146 35.55336761 35.55353546 35.56037903 35.56482315 35.56290054 35.55617142 35.54698563 35.54121399 35.5424881 35.53746033 35.52544022 35.51820755 35.510952 35.50513077 35.49530792 35.48429108 35.47933578
