Environmental Parameters/RCP 26/2100/Sea-bottom_salinity.asc
ncols 720
nrows 360
xllcorner -180.00
yllcorner -90.00
cellsize 0.5
NODATA_value -9999
[rows 150 to 174 of 360, columns 616 to 671 of 720]
34.44594574 34.44150162 34.43610764 34.43763733 34.43494034 34.43130493 34.42882156 34.42589951 34.42380142 34.42122269 34.41891479 34.41771317 34.40752029 34.40803146 34.40963364 34.40682602 34.40808487 34.40749741 34.41729355 34.41832733 34.41965103 34.42037201 34.41187286 34.41982651 34.42012787 34.41961288 34.42028046 34.42121506 34.42084122 34.4053154 34.40982056 34.39637756 34.40491486 34.38106537 34.29868698 34.37353134 34.40030289 34.40093994 34.40135956 34.38834763 34.39582062 34.39217758 34.38926315 34.38731766 34.38617325 34.38705063 34.38753891 34.38814926 34.38864899 34.38899231 34.38938522 34.38951111 34.39478302 34.39988327 34.40356827 34.40501404
34.44195557 34.43858337 34.43543625 34.43196106 34.42835617 34.42588043 34.42449951 34.42255402 34.41960144 34.41356277 34.4112854 34.40742493 34.40164566 34.39693832 34.39524841 34.39481735 34.39653397 34.40129471 34.40485764 34.4062233 34.40366364 34.40201569 34.40269852 34.40534973 34.40744781 34.40904617 34.41307068 34.41623306 34.41170502 34.3360939 34.41324234 34.40618515 34.40489578 34.36889267 34.13311005 34.38469696 34.40102768 34.40161133 34.40077972 34.35684586 34.39583588 34.39107132 34.38716507 34.38326263 34.38064194 34.37855148 34.37837982 34.37985229 34.37970734 34.37999344 34.38015747 34.38349152 34.38844681 34.39482117 34.39971161 34.39630127
34.43778992 34.43692017 34.43392181 34.430439 34.42669296 34.42427826 34.42335129 34.42184448 34.41822052 34.41330338 34.40829468 34.40203857 34.39801788 34.39082718 34.39035797 34.38866806 34.38692856 34.38930511 34.38821411 34.38840866 34.38853073 34.38275528 34.3899231 34.39372635 34.39718246 34.40286255 34.40866852 34.4080658 34.3923111 34.40759277 34.39888 34.3959465 34.39201355 34.19405365 34.33744049 34.39702606 34.40358353 34.40223694 34.40116501 34.39949799 34.39438629 34.38978577 34.38355637 34.37874985 34.37492752 34.37349319 34.37400436 34.37483215 34.37501526 34.37674713 34.37923431 34.38290405 34.38790894 34.39228058 34.39575958 34.39901733
34.43676376 34.43317032 34.43049622 34.42809296 34.42596054 34.42398071 34.42316055 34.42087936 34.41572571 34.40963364 34.40379333 34.3968277 34.39230728 34.38870239 34.38584137 34.38330841 34.37491226 34.37554169 34.37379837 34.37283325 34.37381363 34.37563324 34.3704071 34.38749313 34.39474106 34.39912796 34.40684128 34.39836502 34.35041428 34.40374756 34.3962822 34.39383316 34.39046478 34.26270294 34.37785339 34.40805435 34.40432358 34.40124512 34.39881516 34.39201355 34.39317322 34.3895874 34.38370895 34.37860489 34.37340164 34.37111664 34.3708992 34.37284088 34.37537766 34.37902069 34.3829689 34.38628006 34.38860321 34.39051819 34.3925209 34.39441299
34.43283081 34.429039 34.42542267 34.42006683 34.4179039 34.41689682 34.41749191 34.41313553 34.40797806 34.39985657 34.39450073 34.38976669 34.37037659 34.38235474 34.38354111 34.38037491 34.37487411 34.36618042 34.35771942 34.36042404 34.35307693 34.36329651 34.36875153 34.3766098 34.37533188 34.38546753 34.37995529 34.34569931 34.40229797 34.40326309 34.38386536 34.38108826 34.25106049 34.40632248 34.40525436 34.40227509 34.39797974 34.39484024 34.38570786 34.37714386 34.38611984 34.38486862 34.38323212 34.38087463 34.37568665 34.37195206 34.37043381 34.37239456 34.37539291 34.38013077 34.38542557 34.38983917 34.39228058 34.3924408 34.39164352 34.39198303
34.43211365 34.42636108 34.42022705 34.41226578 34.40606308 34.4026413 34.40061569 34.39905167 34.39441299 34.38976669 34.38616562 34.38284302 34.37271118 34.37003326 34.37677765 34.37477493 34.36901093 34.36050415 34.35135651 34.35274124 34.34982681 34.35474396 34.34901428 34.35453033 34.36266327 34.36835861 34.40193176 34.36667633 34.37019348 34.40073776 34.40092468 34.40494919 34.40794754 34.40512848 34.40222168 34.39690018 34.39097595 34.36566162 34.38011932 34.37420654 34.38103104 34.38065338 34.38052368 34.38122177 34.38090134 34.37565994 34.37266541 34.37228012 34.37398148 34.37793732 34.38284302 34.38837433 34.3927536 34.39385223 34.3927803 34.39213562
34.42596817 34.42222595 34.41502762 34.40364838 34.39184952 34.38337708 34.37919617 34.37748337 34.37229156 34.3705368 34.36950684 34.37014008 34.36912918 34.36727905 34.36551285 34.35798645 34.3536377 34.34884262 34.34528732 34.34064484 34.33237457 34.34123611 34.34558105 34.33123016 34.3437233 34.35203934 34.36099243 34.39270401 34.39512253 34.40357971 34.4089241 34.40935898 34.40670776 34.40365601 34.40035629 34.39553452 34.38550949 34.37958145 34.37916565 34.37958145 34.38072205 34.3816452 34.38197708 34.38274002 34.38428879 34.38479996 34.38033676 34.37789154 34.37647629 34.37719727 34.37972641 34.38355255 34.38837814 34.39080811 34.3908844 34.38939667
34.41212082 34.41024017 34.40526581 34.39510345 34.38118362 34.36880493 34.35414124 34.3461113 34.34331894 34.34112167 34.3392868 34.34266663 34.3429985 34.33408737 34.3299675 34.33567047 34.33402634 34.33068466 34.33091736 34.33041 34.30476761 34.3360939 34.32413483 34.32698059 34.3343811 34.3270607 34.36407089 34.37532425 34.38357162 34.39135361 34.39822388 34.4017868 34.39388657 34.37682343 34.38983917 34.37570572 34.3797493 34.33208847 34.37507629 34.3767662 34.37909317 34.38159561 34.38310242 34.38359451 34.38456345 34.38508606 34.38457108 34.38262177 34.37924194 34.37679672 34.3761673 34.37661362 34.37748337 34.38302231 34.38900757 34.38731766
34.40015411 34.39556885 34.39175415 34.38469696 34.36925888 34.35616302 34.34247208 34.33021164 34.32239914 34.31629944 34.31666946 34.31138229 34.30862045 34.29232407 34.30538559 34.30508041 34.30306244 34.30495453 34.30639648 34.30812836 34.3018837 34.32574463 34.32289505 34.3025322 34.29981613 34.32330322 34.33076859 34.34006882 34.35877228 34.36909866 34.37878799 34.38303375 34.37630844 34.36767197 34.37138367 34.37409973 34.36411667 34.36529922 34.36527252 34.37076569 34.37409592 34.37739563 34.38006973 34.3801384 34.37998199 34.37801743 34.37669373 34.37701416 34.37606812 34.37418747 34.37093353 34.36783218 34.36590195 34.36715698 34.37558365 34.38058472
34.39220428 34.38278198 34.37030029 34.3627739 34.35438538 34.34506226 34.33470917 34.32255173 34.31253052 34.30430984 34.29502106 34.28936768 34.28271103 34.27470016 34.28055954 34.27998734 34.28420639 34.28947449 34.28215027 34.28406525 34.27490616 34.31233597 34.31002808 34.19131088 34.20629501 34.28339005 34.28842545 34.29453659 34.31122208 34.33215714 34.34383392 34.35210037 34.36009979 34.3382988 34.34470367 34.35224915 34.35931778 34.35200119 34.3474617 34.34729767 34.19547272 34.35263062 34.3658905 34.36947632 34.3712616 34.36963654 34.36691666 34.3651886 34.36175537 34.36103058 34.3595047 34.35613632 34.35161209 34.34841537 34.34986115 34.35427475
34.38482666 34.36680603 34.3572464 34.34708786 34.33531952 34.32543564 34.31847382 34.31155396 34.30441666 34.29437637 34.28535461 34.27870178 34.26880264 34.25120926 34.2603035 34.25202942 34.26358414 34.26435852 34.26306152 34.25027084 34.24603653 34.28497696 34.27379608 34.21512222 34.22305679 34.21803665 34.21204376 34.24103546 34.27024841 34.29322433 34.30098724 34.30426025 34.31454849 34.30615234 34.3282814 34.32494354 34.33692932 34.32070541 34.32809448 34.30595398 34.22602463 34.32321548 34.33338928 34.33678436 34.34631348 34.35126877 34.34896088 34.33734894 34.33983994 34.33954239 34.33916855 34.33794022 34.33558655 34.33115387 34.32962799 34.32519913
34.37707138 34.36001205 34.34932327 34.3379364 34.32386017 34.31083679 34.30244064 34.29705048 34.28708267 34.28269577 34.27519989 34.27280807 34.2703743 34.25818634 34.25528336 34.25354767 34.2503624 34.25118256 34.22676849 34.22415924 34.25245285 34.25356674 34.24462891 34.25413132 34.24257278 34.22989273 34.24517059 34.23068619 34.16044235 34.23438263 34.26598358 34.27484131 34.28508377 34.28669739 34.27371216 34.29087448 34.27662659 34.30920029 34.31328201 34.27997971 34.20668793 34.29552078 34.29690552 34.2879982 34.30768967 34.31427765 34.31310654 34.30740356 34.30511475 34.3071785 34.31405258 34.31470108 34.31406021 34.31162643 34.30791855 34.29351807
34.3776207 34.36053848 34.34671402 34.33221054 34.31657028 34.29777527 34.28730011 34.2811203 34.27501678 34.27153015 34.26934814 34.265625 34.26168823 34.26799774 34.26620865 34.25631332 34.24240875 34.24832535 34.20938873 34.2249794 34.2408905 34.18437958 34.23825073 34.25732803 34.25099945 34.23207855 34.21142578 34.20304108 34.19635773 34.17074966 34.21528625 34.24232483 34.25192642 34.26075745 34.24826431 34.27079391 34.26667023 34.24795914 34.27079773 34.2600174 34.21799469 34.12557602 34.2692337 34.10623932 33.82089233 34.26985168 34.28262329 34.227005 33.69776917 34.28769684 34.29097366 34.29256821 34.29858017 34.29031372 34.28448486 34.28047562
34.3777504 34.35952377 34.34473419 34.32873917 34.30888367 34.29224014 34.27838135 34.26886749 34.26576233 34.26436996 34.26265335 34.25463104 34.26040649 34.2400589 34.26192856 34.26651001 34.26295853 34.20417023 34.21672058 34.23355865 34.21417999 34.2039566 34.21170425 34.19498825 34.18174362 34.2458992 34.24842453 34.22003937 34.14937973 34.16054153 34.16390991 34.19769287 34.22856903 34.21307755 34.18096161 34.12107086 34.2211647 34.22231293 34.13153839 34.15330887 34.11400223 33.77080536 34.2455864 34.23418808 34.24332047 34.25708771 34.25338364 34.24325562 34.26528168 34.27388763 34.2786293 34.28148651 34.17670441 34.27949524 34.27523422 34.27194595
34.38900375 34.36601639 34.35123062 34.32955933 34.30295181 34.28294754 34.2674675 34.25536346 34.24824142 34.24552155 34.24030304 34.24092865 34.2337532 34.25219727 34.25669861 34.25806427 34.24634171 34.23460007 34.233078 34.23404694 34.21754074 34.21043777 34.20226669 34.22402954 34.22742462 34.2089119 34.1720314 34.22018051 34.19827271 34.14628601 34.15319824 34.15834427 34.20479965 34.17338562 34.16628265 34.11839294 34.21160126 34.19791031 34.09608841 34.10456085 34.10120392 33.7285881 34.19871902 34.18936539 34.22496414 34.22011566 34.21662521 34.0993042 34.23915482 34.25191879 34.26060104 34.26565552 34.2686615 34.26278305 34.22849274 34.25765991
34.38970566 34.37698364 34.35428619 34.32356644 34.28770447 34.26042175 34.24372864 34.22970963 34.22120667 34.21567154 34.21231461 34.19490433 33.50328827 34.22774124 34.23588943 34.22958755 34.22375488 34.20537567 34.2077446 34.21008301 34.19916153 34.1968956 34.19152832 34.20579529 34.20046234 34.1950264 34.18373108 34.15950394 34.183815 34.18037415 34.16384506 34.13367462 34.14564133 34.17277145 34.18732071 34.17806244 34.16664124 34.12875366 34.16822433 34.13047409 34.16167831 34.13710022 34.04648209 34.18664932 34.19585419 34.18220901 34.19275284 34.0623436 34.18148804 34.21499634 34.23852539 34.24614716 34.25244141 34.25531387 34.22922134 34.24575424
34.3819046 34.35995865 34.31969833 34.27275467 34.23097229 34.21707535 34.17492294 34.16684341 34.16768646 34.1641655 34.16970062 34.15597534 34.1654129 34.18186188 34.18367004 34.18657303 34.19017029 34.18019485 34.17093277 34.17368317 34.17946625 34.17675018 34.18071747 34.18765259 34.18753815 34.19011688 34.19186401 34.18681717 34.13744736 34.1015892 34.1350441 34.14598465 34.14606094 34.13130569 34.1333046 34.15185547 34.15147018 34.15826416 34.15974426 34.16357422 34.13748932 34.13864136 34.21680069 34.17043304 34.17505264 34.17931747 34.18701172 34.18909073 34.1955452 34.17300797 34.18200684 34.23207474 34.24007416 34.24520493 34.24734116 34.24859238
34.3129158 34.26366806 34.21805573 34.15250778 34.12362671 34.10868454 34.10180664 34.09264374 34.09376907 34.10703659 34.10486603 34.11186218 34.11316681 34.1255188 34.1400032 34.15344238 34.15697861 34.153862 34.14871979 34.14690018 34.14526749 34.15201569 34.16172791 34.16646957 34.17306519 34.17892075 34.16861725 34.15964508 34.12434769 34.108078 34.11523437 34.11156082 34.0593071 34.06526184 34.11943054 34.13541794 34.12749863 34.12677383 34.13237 34.13180161 34.14238358 34.13140106 34.13622665 34.0656395 34.13082504 34.16464996 34.1671524 34.17211151 34.17795181 34.18312454 34.19618607 34.20954514 34.20814896 34.2526207 34.26714706 34.27976227
34.15323257 34.13152313 34.10697174 34.09872437 34.09111786 34.08912277 34.09049988 34.08455658 34.07245255 34.02179337 34.06463623 34.04925156 34.08761978 34.10272598 34.11904526 34.13716507 34.14295578 34.14243317 34.13952637 34.13200378 34.13039017 34.13514709 34.14425278 34.15346527 34.15089417 34.16059875 34.15713501 34.13710022 34.10066605 34.09307861 34.10108566 34.11300278 34.11066818 34.1090889 34.05522919 34.10542679 34.1055069 34.1101799 34.11166763 34.11859512 34.12117386 34.13473892 34.12765121 34.11927414 34.15493774 34.1871109 34.18629837 34.19273376 34.2029686 34.21130753 34.21661758 34.2243042 34.27629852 34.29693985 34.32344055 34.33526993
34.09732819 34.09777069 34.09537506 34.08783722 34.08728027 34.09097672 34.09547424 34.09383392 34.07504272 34.06414795 34.06191635 34.0714798 34.08552933 34.09526443 34.11132812 34.11769485 34.13132477 34.13466644 34.13486099 34.13222885 34.11902237 34.12214279 34.12273788 34.13880157 34.14096069 34.13873672 34.11712265 34.11198807 34.08661652 34.0849762 34.08184052 34.09847641 34.09958267 34.09796524 34.09571838 34.10765076 34.09844208 34.10814285 34.11637878 34.13070297 34.14845276 34.15304565 34.16222 34.20110321 34.19501877 34.21144867 34.23002625 34.25282669 34.28032684 34.30236816 34.32850647 34.33884811 34.38131332 34.40573883 34.41187286 34.4255867
34.10181046 34.09732437 34.08524323 34.09764862 34.12241364 34.06258011 34.12983322 34.10604095 34.0886879 34.06402588 34.06436157 34.05078506 34.07877731 34.08857727 34.10058975 34.12654877 34.14838409 34.16553116 34.1765976 34.17597961 34.16936874 34.16384125 34.16366577 34.18730927 34.18749237 34.16911316 34.16188049 34.13813782 34.13621902 34.14435959 34.14693451 34.15585327 34.15964127 34.16242981 34.16391754 34.1473732 34.15359879 34.17053223 34.18043518 34.19509506 34.22321701 34.25387955 34.26542664 34.27823639 34.27887726 34.28347015 34.3189621 34.34432602 34.40663147 34.44306564 34.46728897 34.49620056 34.51648712 34.53312302 34.52424622 34.55319595
34.08659363 34.07248306 34.07558441 34.11259842 34.14860916 34.17533875 34.18661499 34.16859055 34.07806015 34.10207748 34.06127548 34.07337952 34.12537384 34.1603241 34.18638992 34.215065 34.23816681 34.2575531 34.2639389 34.2604866 34.27062225 34.2675705 34.26848602 34.27209091 34.27592087 34.2774086 34.26111603 34.24603271 34.22989655 34.26123047 34.25836563 34.25865936 34.24907684 34.24974823 34.25122452 34.25124741 34.2586174 34.2615509 34.29281235 34.30152893 34.32967377 34.34157181 34.37254333 34.3895607 34.39683533 34.42192841 34.44839478 34.50027847 34.53113556 34.56155396 34.58008575 34.60291672 34.62012482 34.63897324 34.6574173 34.6685524
33.98809433 34.06152725 34.07687759 34.11408615 34.15685654 34.19166946 34.21022034 34.21306229 34.19704819 34.19058609 34.20821762 34.20959854 34.23286057 34.25746536 34.28091049 34.30530167 34.32361221 34.33526993 34.35016632 34.36932373 34.35925674 34.35751724 34.35993958 34.36511993 34.3718605 34.37888718 34.35721207 34.3633194 34.39894867 34.39594269 34.40104675 34.3945694 34.37991714 34.37290573 34.37405014 34.37775421 34.38206863 34.40593338 34.39945221 34.40568161 34.41920853 34.44277573 34.46456528 34.49621964 34.51483154 34.5430603 34.58340454 34.6102829 34.63503265 34.65742493 34.66814804 34.67494583 34.6754303 34.66953659 34.67136002 34.6729393
34.07608032 34.07833481 34.07183075 34.10232925 34.15113068 34.19049835 34.21375656 34.18101883 34.22626495 34.24001312 34.2576561 34.25183487 34.29902649 34.32508469 34.34800339 34.37269974 34.39183807 34.40903091 34.43697739 34.44744873 34.45531464 34.44149017 34.44265747 34.44464111 34.45120621 34.45246124 34.45878601 34.44641876 34.49336243 34.51562881 34.51505661 34.51160049 34.51130676 34.51449585 34.52235794 34.53218842 34.56352234 34.55448914 34.56126022 34.5592804 34.54078674 34.55302429 34.56826019 34.59479904 34.63820648 34.63922882 34.66982269 34.68900299 34.69405365 34.69566727 34.68372726 34.67956543 34.6780777 34.65716553 34.66783905 34.66933823
34.07601166 34.08260727 34.08454514 34.04358292 34.10297012 34.1500473 34.18044662 34.14331436 34.18106079 34.18448257 34.18969345 34.20493317 34.23018265 34.26553345 34.29446793 34.31060791 34.37713242 34.41470337 34.44566345 34.47866821 34.4850502 34.48620224 34.48830414 34.4879303 34.49324417 34.49378204 34.49430847 34.49037552 34.52022552 34.54247665 34.55269623 34.56164551 34.57325363 34.59199142 34.61164093 34.60647202 34.602005 34.59866333 34.5981636 34.60052109 34.60283661 34.5990448 34.60441971 34.62520599 34.63122559 34.64034271 34.65441513 34.66581726 34.6676178 34.67276382 34.67016983 34.66788483 34.66489029 34.66446686 34.66285324 34.66067123
