Environmental Parameters/RCP 26/2100/Sea-bottom_dissolved_oxygen.asc
ncols 720
nrows 360
xllcorner -180.00
yllcorner -90.00
cellsize 0.5
NODATA_value -9999
[rows 225 to 249 of 360, columns 56 to 111 of 720]
198.5007248 153.4598846 191.4758224 190.4056015 189.8750229 192.2720032 187.849823 188.083519 187.1229401 187.0253067 186.5673981 186.3122406 203.5834961 207.038887 205.5192337 184.3883286 183.9260788 183.671608 183.5825272 184.511795 182.8897781 182.2257843 181.7935715 181.3885269 177.0406418 179.4220734 179.306427 179.0953445 177.5876617 174.2379608 175.9228668 175.9935226 177.1212616 174.2385406 174.2688828 175.9273987 154.5281982 168.3818741 169.8943787 169.2898407 167.8907547 168.009758 169.0449753 169.0285645 169.2119598 169.0699234 168.7512589 168.946846 168.9486694 168.9144135 168.9092865 168.8584976 168.7590408 168.5815964 168.2897568 167.6336746
201.4876251 198.2116852 158.5024567 207.3123779 171.2113266 185.5748901 174.0354614 182.9099426 187.2903671 187.4352722 206.4811859 186.8876038 182.6031189 185.4510345 182.8223572 184.5896988 200.9021301 184.232933 184.1226654 183.9743729 183.4643555 182.8765793 182.7577972 182.5106506 182.3866882 180.2366638 179.9051666 180.2711105 179.2243347 165.9023514 177.7828979 180.6323242 177.3747787 154.7965393 171.037384 178.023262 178.3489304 176.3321152 172.6546021 168.538269 168.8062363 167.3829117 162.1208115 170.3606796 168.4285736 169.1079407 169.2841415 169.1495132 169.0187607 168.8433838 169.0138626 168.973114 168.8959885 168.7246246 168.4811859 168.2306824
199.0400238 201.4820557 199.6983185 197.9478455 192.5287476 183.4109955 207.5938416 207.6641922 155.5786667 179.3119049 187.0543442 186.763504 186.5028458 186.2826004 180.8510284 185.4854965 185.2972946 185.1758194 185.0521927 184.9481583 184.9003906 184.9162598 184.1204834 182.595726 182.878746 182.5296097 181.9730225 182.9598618 182.7764435 181.1723251 181.5551453 181.7395325 177.6834412 179.0509109 179.4081802 182.7360916 166.2282257 168.5428085 177.7390442 178.4593887 157.0581207 173.8396835 173.4569855 171.5168991 171.9885178 166.921814 169.1184921 169.7099991 169.5143433 168.6675873 168.5425873 168.8049393 168.0911179 167.7868958 167.5343628 168.2565308
206.9172668 198.8948669 206.9235382 207.3568573 196.5197601 190.4976654 173.8865356 169.0394745 158.457428 177.6507416 177.6737213 187.3337708 187.0650482 187.5994644 186.068573 187.6336136 186.1568069 185.8396606 185.8948441 185.949234 185.9938126 185.736908 184.4510651 185.2703323 184.9854584 183.7811661 183.2583618 182.936615 181.9835129 182.5446854 181.3403702 181.1731949 183.1352844 179.40345 177.5346375 178.3299789 178.3223038 178.4115448 178.8491058 175.2220764 175.9553833 174.7175751 175.7377625 175.4354401 169.8729553 172.8848801 168.9838333 162.0142441 169.9179459 170.6840973 170.3264923 168.943512 168.5707397 161.0695267 163.1077271 168.1268692
201.3916473 206.8803558 201.394043 197.3376312 197.2645874 185.4769135 193.3207855 186.6396027 181.2192078 180.6612091 179.0379486 176.8649902 174.6369781 185.8625641 185.0129089 185.4816589 185.3500519 185.2745132 185.0464401 184.9653244 184.888916 185.0574265 184.477066 184.2066193 184.9274063 183.9990768 177.4345322 183.1971359 184.019371 182.9086838 182.6400223 182.44207 182.4216537 182.0294266 179.9679108 178.3933105 179.4630585 179.5306244 179.5078049 179.5268707 179.6440659 175.9797516 176.6722336 174.4951019 175.9492798 173.3442535 172.8225632 176.8400421 174.0178223 172.2574158 173.8793564 173.967804 172.9700928 175.249794 170.2990189 163.8937225
197.0581818 198.4601135 201.5313416 197.1961212 196.0566711 195.1324463 191.2816315 169.1060028 190.8304596 187.0858459 187.2180786 184.9991608 159.0556335 183.3311005 184.8246765 185.2241516 184.8170776 184.77034 185.0148163 184.8937073 184.7326126 184.4695587 184.051918 183.8401184 183.4652939 182.732811 181.65522 183.8916168 183.9907455 183.963562 183.8526917 183.7595825 182.8576508 181.0754395 180.4850693 178.9175034 181.317482 180.2081757 181.1654663 181.2236862 179.6018906 179.7452621 177.452919 175.6690063 173.2959976 171.0307465 177.3524399 175.0353012 175.024765 174.8896942 174.8573837 177.7475815 177.8539124 177.7659073 174.0889206 173.9746017
197.0986633 198.64328 195.6669159 192.3562012 193.088028 191.6628571 191.6264191 188.3001099 183.0451965 188.3381958 159.0435028 179.4925079 182.7919464 177.2600861 183.3496704 184.6719208 184.6554565 185.1047974 184.6267853 185.2293854 184.3224182 184.3086548 184.0159378 183.7580032 183.3998108 183.3722992 182.6258087 181.7982407 183.2225189 183.8132629 184.7132874 183.5566711 183.3845825 182.7445221 180.8752594 180.6249237 181.5410614 183.9311676 181.1121521 179.9425888 181.3633881 179.6577072 180.1121902 177.4393311 179.9135971 179.5667419 179.3534622 179.1416245 177.8746643 175.8566513 177.9895477 178.9393234 174.9271317 175.8397675 175.9372711 176.1217117
199.9173279 199.1029968 195.6443634 194.7661591 193.8122864 196.3368378 196.1900177 189.7657471 189.3412933 179.7750549 160.4003296 167.3331604 161.370224 165.6973114 180.8354034 183.5405273 183.6063995 183.6007538 181.4173737 184.5814819 184.7222443 184.8887329 184.0263519 183.5246582 183.3606186 183.3443604 183.4801559 183.1465225 183.8129578 183.4357681 183.3732452 183.3015213 183.1030426 182.829071 182.6884613 182.482933 181.1955948 184.105011 181.5611725 180.3687363 180.1262665 180.1755524 177.2221756 178.3851852 178.4439163 178.4176025 178.4158478 179.2511902 179.0285416 178.9452362 178.1275635 178.0634842 178.9066238 176.6465988 176.7194977 176.851181
200.5129852 199.7292328 195.6170959 194.9951935 202.0677185 192.3745422 191.9144287 191.7206268 184.5375214 191.4725037 160.3410034 169.3856201 181.5381927 169.9139862 162.5617676 172.1651306 181.4539032 181.5123901 181.5719604 181.5606842 183.5744324 184.5857697 183.8842163 183.946991 183.4448395 182.9563446 183.5943146 183.736084 183.812439 183.7643585 183.2919846 183.1547165 182.9397736 182.9653168 182.7571945 182.5868683 182.4403381 182.2649918 181.026062 180.7513275 180.6354599 177.6400375 182.9122314 181.0349045 180.6239853 180.1375732 178.912262 178.6496048 179.1799927 182.5912247 182.7009735 178.1375275 178.7383499 178.806282 175.7169495 177.0203018
201.8597565 205.7852631 169.8169556 193.1061859 193.0714264 195.5139465 197.7723999 196.0885162 181.1043396 180.9850922 170.2732239 177.5682068 178.5178223 169.1668243 167.4549255 168.044281 158.0910797 175.9296265 173.4389038 173.8195343 176.9909058 167.5986938 184.0696259 182.8216553 184.0776367 183.7424622 183.8273163 183.8446655 183.7736816 183.6332855 183.4696198 183.0602112 182.985054 182.9112396 182.8462677 184.0220795 181.7306824 182.7622757 182.8113174 182.7904358 181.0894775 179.737709 181.1013107 182.899025 182.8143005 182.5789642 182.4036484 179.9331665 178.6503754 178.8622513 178.2880707 178.5574646 178.5270996 177.0687714 177.5975037 177.5124893
194.7467499 197.519165 197.1062622 185.3716125 196.0458374 196.2580261 197.8121796 196.5837555 193.4724121 193.571701 183.1478271 193.3855438 178.8530121 197.9970703 192.826355 158.1936951 160.8219757 158.6132965 158.6125031 173.8390808 179.382431 179.2706604 183.177124 183.0877533 184.0014954 184.0503082 184.0925903 183.9753876 183.8595123 183.3258362 183.7779999 183.7298584 183.9045868 183.0593567 184.1706696 182.9779358 182.9797821 182.9478302 182.9451447 182.8978424 181.2023773 181.2116241 182.8009033 184.5942993 179.8548584 178.0312042 180.4358826 177.5926819 179.9488678 178.4800949 178.1399765 177.9840393 177.0339584 178.598587 175.7678299 175.8294296
206.0161591 202.8921661 194.9731903 205.2933502 204.7991638 197.9224396 204.5130005 197.9838409 198.067688 198.3456268 197.1318054 193.5201874 198.001236 198.0555267 187.5273132 187.6092377 175.5645294 167.7968292 162.8721466 176.7581787 177.1472321 182.6900177 177.1980743 179.4516449 183.7157745 183.78479 184.3872528 184.2680359 184.0869293 184.0092926 184.0721283 180.2439575 183.5682526 184.434082 183.3869781 183.2986603 183.2281952 183.1424866 184.457077 182.7187805 184.4147644 184.4559326 182.6096954 181.3682404 181.2663116 179.824295 181.9456024 180.594223 180.3738861 178.7052307 178.2370758 175.283493 177.5234222 177.1150589 176.8983765 176.7804031
206.1472015 203.1548004 203.1813354 197.6050415 195.151535 195.1921539 198.1199188 205.2935486 198.3373871 197.312851 194.3614655 194.249939 201.0669403 197.9872437 193.5615845 188.634079 194.6497498 188.8490448 193.7759094 188.937561 177.2233734 177.557312 174.8533325 179.8697815 186.6271515 182.765625 184.3200684 192.2895508 193.116745 184.239502 183.9829254 184.5885315 194.5868988 194.3232117 184.530899 184.4867249 183.5970154 184.3677979 183.1842194 184.3044739 182.635788 179.8804474 182.4632263 182.5799713 182.446106 181.3656006 181.9217834 181.7128448 183.5356445 181.4710693 179.5988922 174.9944611 178.6615906 176.1025543 174.6605988 176.5834503
206.2436829 206.2099609 203.5430603 195.8425903 204.9256744 196.9339752 206.9759674 198.5483856 198.7695465 202.3675385 199.2615662 199.4242249 199.5592651 202.0710907 195.0119324 198.4785004 198.5316772 189.8949432 189.5271606 193.4799347 193.2963867 188.4874115 184.7654266 184.2221527 186.3084412 185.5237885 195.8631744 195.6032257 184.7904358 184.3797455 184.7081757 184.8762817 194.713028 184.5922089 184.6490173 184.5660248 183.9837036 184.3451691 183.4364014 183.1203613 182.9129639 182.8009949 182.7459106 194.2651062 183.7912598 180.0927277 183.6424255 181.628891 183.192337 179.8199463 178.2858887 176.5495911 177.4970551 178.1973419 176.5368042 175.3605042
206.9878998 204.7077942 207.0510406 170.3765869 198.6006165 197.3229828 198.5306702 193.0462952 199.1348267 196.1607819 198.4900208 199.6832733 199.6272736 201.2553406 199.754776 201.5510101 200.0442505 200.2606201 200.3756409 198.0017853 197.4262695 193.1815338 188.3534698 190.9047241 196.4518127 178.2506866 185.3209991 184.9173431 185.217392 184.7826385 184.9598846 185.0007782 185.052475 185.09021 184.9916534 184.6383362 184.2370605 183.9506836 184.1241608 184.0273437 183.8987122 183.7633209 182.9173737 182.725174 182.47258 182.2146759 183.074646 181.4817505 178.8871155 180.9950256 178.1647949 178.513031 177.9672089 176.7276917 176.324585 175.9516144
207.094986 207.075058 206.3505096 197.2325134 196.5646057 197.8045654 193.113205 197.6820068 199.4322052 199.6420593 200.0115814 198.8848724 198.8033142 199.9197235 198.7630768 200.0443573 200.2112274 200.3292694 200.4099121 198.0309753 197.5579071 193.6130219 196.6358032 188.645813 187.5410614 186.3372955 185.6107025 185.9447327 185.2432556 184.7033539 184.8044891 184.8733673 185.7226563 185.7170868 186.1101227 185.3283234 184.4052582 184.0619812 184.0685272 183.8828278 183.7489929 183.6151886 193.7856293 193.744812 183.083252 182.7979584 181.5020905 181.1224976 179.8775482 180.7822723 178.841629 178.1222534 177.481842 180.1542511 176.1504059 175.0624847
207.1875153 207.6802521 204.2109222 206.280838 199.3758087 196.4116211 193.1228943 201.3922882 198.2199707 199.8090668 200.9289093 208.0595703 200.3196259 198.9296875 200.2419128 200.3297424 200.4480133 202.4284058 201.3035126 200.266449 200.1108856 194.2180939 193.654953 196.8361053 192.7934418 184.992569 184.6794739 182.9295044 185.1418762 185.2832184 185.3188934 185.2378693 188.0857086 188.0145264 185.9949646 185.3020782 184.7647552 193.6227875 182.4285736 182.1446838 183.1157074 182.9277039 183.3186188 183.2001038 182.7068634 181.6802063 180.2840729 180.8314667 180.5328674 180.3674622 178.5508575 177.7394409 177.0828247 176.9016418 176.7897949 175.7209167
207.611496 207.2709198 207.731842 206.1950378 199.65065 193.1587524 201.0356293 197.9199066 198.2923737 200.7322693 200.8594208 201.798584 201.3362122 199.1464539 200.5526581 200.6020813 200.6554413 200.6255493 201.278595 201.1533813 199.9807892 197.7363129 199.4344788 197.0291595 193.7312012 189.2041321 171.0074768 182.9799957 185.8833923 190.8318176 189.9002075 195.2778015 188.4640808 188.103653 188.3840332 178.0751801 184.8360138 182.6532898 184.8060913 183.3134003 180.1892853 181.4932556 181.3765717 182.8369446 181.5150146 180.2183075 179.7723541 176.3553772 177.5326843 178.6095428 176.9583282 176.60849 174.7408447 175.9003448 175.6998596 176.6222687
207.6551056 207.7503967 207.3610077 207.3497467 206.0289459 205.767334 205.4391632 200.5568542 199.6254883 200.6032257 200.7593842 201.7008057 201.7147675 205.9564514 202.1602173 205.1967773 205.0730438 204.7485046 201.4234161 202.0754547 202.0513458 199.6164551 200.8214111 200.6760254 197.1655731 193.7235565 193.6627808 193.1248322 189.3065186 191.216095 188.7041321 188.484436 188.2312317 189.4053192 187.40271 186.4740143 193.7814331 182.935379 180.9091034 178.2346039 181.8764038 181.5583496 182.479126 181.7709351 181.1097717 180.5830536 182.1548462 179.8961334 173.6778259 173.2935944 169.4985199 172.6209564 172.5575256 173.9147644 173.8342285 175.1537933
207.5527802 207.5309906 207.7736969 207.7688751 207.2888489 203.3382568 205.346817 204.8746185 193.553009 200.8687134 200.6623383 200.9224701 201.2268066 201.5478821 202.2189331 201.9177246 204.809082 204.5539398 202.1064911 200.548584 204.286087 199.9441833 200.7513428 200.5849609 200.4977264 198.9852295 198.4779053 198.0368347 196.4105225 192.392334 192.0484467 191.6580658 194.7654266 191.0171661 194.2208099 193.9272766 187.1874084 187.0244751 193.6520538 188.4877472 188.1977386 181.9803467 177.1040192 180.9956055 181.1945343 179.8148651 180.2463074 179.9814606 182.6484222 174.8968201 171.4736023 173.7902069 173.3316193 172.3763275 175.8889465 171.307663
207.7751923 207.7251434 207.6282196 207.7724457 207.6025085 207.8677063 205.2310181 206.5067596 203.9851532 200.2174072 197.3254242 199.2184143 205.1962891 200.9111176 202.4541016 202.5318451 202.4966888 202.3785553 201.7583771 201.476532 200.567276 201.0123901 200.0192719 200.50177 199.5029144 200.2908325 198.5588684 198.0263824 194.2473297 193.58815 195.8322754 192.5421448 192.2575684 194.5737915 194.1851807 193.96138 191.0651093 190.3655701 189.3495178 188.5431366 188.570816 184.643158 159.9766235 161.8068542 174.4101257 170.1289368 177.8229218 180.0955811 177.5580597 161.8354645 178.7913055 178.0644379 175.0185089 183.59021 172.4185181 173.3423309
208.1461182 208.0654755 207.9260254 207.8446808 207.293457 207.5159302 205.375824 202.8031158 200.0369415 197.6684723 200.4860229 200.3907776 200.6159363 201.0737305 202.7757416 201.4943237 204.513031 202.158371 201.874588 202.2703857 200.7603455 202.1249542 202.1188202 199.901474 202.0006256 199.4144745 198.9634247 198.42836 197.001236 198.0021057 197.7953644 197.2567596 196.7457581 196.3140717 194.4002991 193.9990997 193.6042938 193.5103455 189.8534088 188.9101715 185.4276581 181.6741943 181.1014404 176.2734528 174.9076843 173.9423065 177.2159576 175.4408722 177.0196075 175.9729919 175.3513947 175.1877441 174.9035492 185.575592 171.2606201 173.4908752
208.1117554 208.1026306 207.8800354 207.6218414 207.3870087 207.6240082 206.1393127 205.8376312 207.2741699 201.6145782 199.6716309 199.5993805 200.881485 203.1092224 203.1250305 200.3703308 202.5083008 180.9185333 200.0217285 202.4152679 201.2802124 200.4765778 200.8647003 200.5536957 201.5692902 199.9141388 199.8250732 199.5420685 198.4463196 198.1183624 196.4756927 197.343338 198.8117523 195.1934662 194.6856995 194.0899811 193.5169373 191.131134 186.4192657 182.2102356 182.0601959 172.3938446 173.4694366 175.6288147 175.7177124 173.6472473 173.9494324 181.9980164 181.4467773 187.1404419 172.0165558 174.6864166 174.9858093 173.7200012 172.9304657 179.3989105
208.0224457 208.0080261 207.7693939 207.5148926 207.2546234 207.4906921 207.4115906 205.3905029 206.9054871 204.75737 203.9116364 202.3561859 200.2803955 203.3780518 203.4130096 203.4139252 204.4541016 203.1102753 202.8965302 201.5973969 201.1911469 200.2984009 200.5820007 201.2869415 199.3764343 199.8287506 198.8808594 198.6451569 199.1340942 199.0196533 199.0067596 197.3880615 196.9038544 197.941803 194.7085571 192.2417297 195.6169128 191.1780396 172.0155334 181.9250336 189.2845764 173.9509888 167.4327393 161.7986603 163.187561 169.9538879 188.2733765 185.2367859 175.5318298 172.4645844 174.8127441 180.3612061 175.478363 176.6672821 177.6892853 177.3538818
207.9100952 207.8267059 207.6126709 207.3664703 207.1266022 205.999054 205.5564117 204.4883575 203.8551331 203.2129059 205.7116241 202.8386993 203.7305756 203.6334991 203.6196594 203.5493011 204.3492432 202.4095917 201.9984741 202.2420197 200.9861755 200.0596466 200.3761597 200.1428833 199.0631104 199.498291 198.6678162 198.4385529 198.9628601 198.8192596 198.6693115 197.2789917 187.3831787 196.676178 196.3610229 196.0430298 173.8195038 190.975708 163.5097504 167.0834656 182.3310242 161.5515137 178.0016785 173.0309601 174.9486847 175.4080811 174.0829926 174.3258362 172.5027313 178.17659 176.3044128 182.4052124 173.9960785 178.0414124 178.0643768 177.8060913
