Environmental Parameters/RCP 26/2100/Sea-surface_salinity.asc
ncols 720
nrows 360
xllcorner -180.00
yllcorner -90.00
cellsize 0.5
NODATA_value -9999
[rows 225 to 249 of 360, columns 56 to 111 of 720]
35.83856583 35.8388443 35.84135056 35.84135056 35.83210373 35.82578278 35.82976532 35.83238983 35.83874893 35.84690475 35.84279251 35.85456467 35.86716843 35.8649559 35.85319519 35.85188675 35.84695435 35.84200287 35.83526993 35.82868195 35.83572388 35.84475708 35.8544693 35.86301041 35.87454224 35.88920975 35.90814209 35.93058777 35.95286179 35.97211075 35.98420715 35.9864006 35.99518204 36.01200485 36.02475357 36.04075623 36.04491043 36.04135895 36.04647446 36.05363083 36.05234909 36.05223083 36.07898331 36.1090126 36.12646484 36.13237 36.14561844 36.18473434 36.2270546 36.24805832 36.28155136 36.31939697 36.3422966 36.36376953 36.40458298 36.43743134
35.83883667 35.8416481 35.84606171 35.83829117 35.83150101 35.83181 35.83362961 35.84092331 35.84918594 35.85488892 35.86188889 35.87216568 35.87701416 35.88495255 35.87468719 35.86286926 35.85544205 35.84833527 35.8430481 35.84417343 35.84888077 35.84605026 35.85291672 35.85718536 35.85904312 35.86432266 35.87285233 35.88967514 35.91518784 35.93982315 35.95649338 35.9635582 35.96813965 35.97585678 35.98485565 35.99895477 36.0103302 36.01449966 36.01884079 36.0272522 36.0332756 36.03195953 36.05058289 36.07987595 36.1031456 36.10670471 36.10440826 36.11989212 36.14818192 36.17364502 36.20547867 36.24092865 36.2684288 36.2922821 36.33010101 36.37469864
35.84218979 35.84511948 35.84397507 35.83845139 35.82791901 35.83595276 35.83960342 35.84534836 35.85347748 35.85808945 35.85702896 35.86169052 35.87453079 35.88362885 35.88844299 35.88174057 35.87276077 35.86726761 35.86589432 35.86721802 35.87202454 35.87319183 35.8615036 35.85865021 35.85702896 35.85400772 35.85745239 35.87821198 35.90176773 35.92527008 35.94454575 35.94771576 35.94696426 35.95552063 35.97082901 35.9865303 35.99794769 35.99826813 35.9972229 36.01196289 36.01876831 36.02240753 36.03394699 36.05295563 36.07518005 36.07940292 36.06977081 36.07300186 36.09733582 36.12238312 36.15602112 36.1905632 36.2139473 36.23645782 36.27106857 36.31417465
35.82834625 35.82837296 35.82397079 35.82077026 35.81708908 35.82672882 35.83938217 35.84177017 35.84099579 35.84268951 35.84050369 35.84241867 35.85376358 35.86768341 35.88009644 35.88230515 35.87289429 35.87633133 35.8884697 35.8924675 35.89425278 35.88776016 35.88430786 35.88079071 35.87753677 35.86213684 35.86738586 35.89696884 35.91796494 35.93787384 35.9515419 35.95415497 35.94875717 35.94479752 35.95611191 35.98040771 36.00507355 36.01344681 36.01903534 36.01786423 36.00021744 35.99596405 36.00444794 36.02090073 36.03593063 36.0463295 36.04185867 36.04339981 36.06588745 36.09003448 36.11903 36.1557579 36.18435669 36.20461655 36.23198318 36.26548386
35.78878021 35.78746033 35.78190613 35.78513336 35.79250336 35.80280304 35.81689072 35.82769012 35.83040619 35.82583618 35.82573318 35.82695389 35.83530807 35.84846115 35.86190414 35.87155914 35.87373352 35.87478638 35.88358307 35.89147568 35.8925209 35.89177322 35.88545227 35.88008499 35.87982559 35.87922287 35.88733673 35.90797806 35.9293251 35.94652176 35.95391464 35.95798492 35.94946671 35.93512726 35.94159698 35.96602249 35.98971176 36.01355743 36.02314377 36.0093689 35.97936249 35.96545029 35.96909332 35.98482513 36.00886154 36.02651215 36.027771 36.02153015 36.03652573 36.05630875 36.08005524 36.11131668 36.14146805 36.16220093 36.17650986 36.19607544
35.75222015 35.75471115 35.75770569 35.76024628 35.76422501 35.77245331 35.78647614 35.8029213 35.8087616 35.80613327 35.81033325 35.81607819 35.82427216 35.83276749 35.84096527 35.8537178 35.86201477 35.86240005 35.86897278 35.88014984 35.88724136 35.8904953 35.87611389 35.86688232 35.86529541 35.86481857 35.86972427 35.88468933 35.90457916 35.92632675 35.94347763 35.9483223 35.93942642 35.92749405 35.92129135 35.93770981 35.96065521 35.98596954 35.99492264 35.984478 35.95536423 35.94240952 35.93981934 35.94602966 35.96094513 35.97868347 35.99514008 36.00411987 36.01016235 36.00764084 36.01720428 36.04985046 36.0884819 36.11232758 36.12498856 36.13589478
35.73783493 35.74196625 35.75188065 35.76036835 35.7614212 35.75982285 35.77199554 35.78662491 35.79393387 35.79531097 35.80161667 35.80834961 35.81328964 35.82120132 35.82575607 35.8338623 35.83995438 35.84485245 35.85345459 35.8643074 35.86777115 35.86610794 35.86061478 35.85293198 35.8498497 35.84571457 35.8457222 35.84893417 35.85749817 35.87701416 35.90071869 35.91483307 35.91386414 35.90417099 35.89453125 35.89993668 35.91952896 35.93809128 35.94923401 35.94234467 35.92974472 35.91731262 35.91587067 35.91754913 35.92424774 35.93423462 35.94998932 35.97250748 35.9788475 35.97203064 35.96623611 35.99369431 36.03086472 36.06028748 36.07684326 36.08773422
35.74255753 35.74921036 35.76190186 35.77227783 35.7706337 35.76789856 35.7748642 35.78609467 35.79161453 35.79613113 35.80186081 35.80331039 35.80569839 35.80737305 35.80928802 35.81306839 35.82006073 35.82466507 35.83054733 35.83997345 35.84690094 35.8484993 35.84526825 35.84155655 35.83833694 35.83308029 35.82762527 35.82031631 35.82217026 35.83137512 35.84986496 35.87229919 35.8805542 35.87628937 35.8731308 35.87745667 35.88103867 35.89616776 35.91164398 35.91101837 35.90390396 35.90300369 35.90427399 35.9141655 35.91624832 35.9162674 35.92664337 35.93770981 35.94343185 35.93961334 35.93900299 35.95987701 35.99522018 36.02158356 36.03409195 36.04637527
35.7495575 35.76335526 35.77823257 35.7885704 35.78825378 35.78294373 35.78177261 35.78686523 35.79274368 35.79844666 35.80247116 35.80695343 35.80244446 35.79785156 35.79848099 35.80056763 35.80434418 35.80721664 35.81083679 35.81796646 35.82429504 35.8272438 35.82416534 35.82338333 35.82266235 35.81397247 35.81015015 35.80947113 35.81243896 35.81512451 35.81955719 35.83109283 35.83711243 35.83879852 35.84104538 35.84391022 35.85309982 35.86679459 35.87712097 35.87956619 35.88362503 35.88575363 35.88969803 35.89426422 35.89699554 35.90133667 35.90726089 35.91154099 35.91041565 35.91297913 35.92202377 35.94179535 35.96196747 35.98202133 35.99658203 36.00773621
35.74646759 35.76383972 35.77768326 35.79171753 35.79616547 35.78948593 35.78658676 35.79030228 35.79278183 35.79617691 35.80213165 35.80801773 35.80418777 35.79975891 35.79813385 35.79459763 35.79314041 35.79631805 35.8000679 35.80475998 35.80562592 35.80236053 35.79575729 35.79494476 35.79399109 35.79294968 35.79486847 35.79761887 35.79847336 35.7954483 35.79083252 35.79104996 35.79727936 35.80458069 35.80480957 35.80834579 35.82164383 35.83711624 35.84731293 35.85460663 35.85836411 35.86107635 35.86368942 35.86636734 35.87098312 35.88133621 35.89800644 35.90671158 35.90749741 35.89844513 35.91106033 35.92289352 35.93647385 35.94886017 35.95378876 35.96398163
35.74382782 35.75344849 35.76338196 35.77472305 35.78482819 35.78644943 35.7884903 35.78894043 35.78771591 35.78865433 35.78926086 35.78976822 35.79373169 35.79786301 35.79336166 35.78692245 35.78426361 35.7871933 35.78789139 35.78223419 35.77830505 35.77581024 35.76543427 35.75510406 35.76013565 35.77127838 35.77803421 35.78109741 35.77800369 35.76954269 35.76078033 35.75889587 35.76871872 35.78007126 35.78212357 35.78646469 35.79837036 35.8116188 35.82088089 35.82051849 35.81881332 35.83108139 35.8364296 35.83382797 35.84009552 35.86425781 35.89500427 35.91316605 35.91158676 35.89995193 35.9008255 35.90530014 35.91736984 35.92524338 35.92628098 35.93068695
35.73170471 35.73373413 35.7419014 35.74757767 35.75557327 35.76487732 35.7616272 35.76041794 35.75930023 35.75688171 35.75135422 35.75129318 35.75903702 35.768013 35.7615509 35.74938965 35.74371338 35.74393463 35.74290848 35.74403381 35.74330139 35.73754501 35.73315811 35.72103119 35.71926498 35.73062134 35.74025726 35.74629211 35.75023651 35.74857712 35.73778152 35.72852325 35.73241425 35.73606491 35.735569 35.74015427 35.75040054 35.7600708 35.76347733 35.75730133 35.76438904 35.78182983 35.79090881 35.79378891 35.80231476 35.82857895 35.86389923 35.88913345 35.89152908 35.87747574 35.8649292 35.87546158 35.89502716 35.90555573 35.90743637 35.9021225
35.71414566 35.71773529 35.72104645 35.72220612 35.71785736 35.71877289 35.71926117 35.71809006 35.71847153 35.7166748 35.70816422 35.70611191 35.71394348 35.71445847 35.70546341 35.6902504 35.68284225 35.68053818 35.6831131 35.68911743 35.68964386 35.68880463 35.67864227 35.67604828 35.67826462 35.68808365 35.69896317 35.70700836 35.70546722 35.70148087 35.69418716 35.68023682 35.68520355 35.68648911 35.68099594 35.68922806 35.70412827 35.70946884 35.69908905 35.68846893 35.69440842 35.70866394 35.71845627 35.73513412 35.7538681 35.77466965 35.80496979 35.82476425 35.82362747 35.81209946 35.80233383 35.80817032 35.82959366 35.84580231 35.85607147 35.85852051
35.69264221 35.6956749 35.6945076 35.68196869 35.67521667 35.66682816 35.66226959 35.66258621 35.6633606 35.65953445 35.65098953 35.64868546 35.65089417 35.65122986 35.63267136 35.60548019 35.59182739 35.58845901 35.59364319 35.6046524 35.6069603 35.59872437 35.5983429 35.60189438 35.60975647 35.62097931 35.63043594 35.63421249 35.62558365 35.61845016 35.60757446 35.60185242 35.61642075 35.62207031 35.62094498 35.63331223 35.65229797 35.65735245 35.6375618 35.61754227 35.62623978 35.64032745 35.64936829 35.66575241 35.68588638 35.69972229 35.71139526 35.71713638 35.71153641 35.70882797 35.70807266 35.71218872 35.73310089 35.7586441 35.78046036 35.80336761
35.65482712 35.6548996 35.65172958 35.64319611 35.63679504 35.61777496 35.59841537 35.59169769 35.59077072 35.58623505 35.5797081 35.5761528 35.58062744 35.5688591 35.53637695 35.49774551 35.48032761 35.48406982 35.49809647 35.51547623 35.52753067 35.52701187 35.52002716 35.51154709 35.5159874 35.52305603 35.52269363 35.5230751 35.52227783 35.52811813 35.53252029 35.53797913 35.54552841 35.55644989 35.56258011 35.57366562 35.57716751 35.57048798 35.55036926 35.54297256 35.56670761 35.57499313 35.57083893 35.57414627 35.59324265 35.59996414 35.59970856 35.60025406 35.60734177 35.61164474 35.61912918 35.62844849 35.64183044 35.6671257 35.69678879 35.72874451
35.6037178 35.60415268 35.60209274 35.58995438 35.57965088 35.54623413 35.5304985 35.51830673 35.51518631 35.51109314 35.50721359 35.50697708 35.4967804 35.47986221 35.44616318 35.41713715 35.40199661 35.40284348 35.41703796 35.43603516 35.45595932 35.4567337 35.44347382 35.4395752 35.44895172 35.45037842 35.43836594 35.43309021 35.44139099 35.4607811 35.48191071 35.49020767 35.49522781 35.5123024 35.53149414 35.53523636 35.52018738 35.50351334 35.48828506 35.49196243 35.51318741 35.52443695 35.50869751 35.50246811 35.50621414 35.51454926 35.51715469 35.51784134 35.53275299 35.53969955 35.55787277 35.55695343 35.54397583 35.54566956 35.55720139 35.57684708
35.54850388 35.54312134 35.521492 35.47834396 35.46759033 35.45438385 35.44506454 35.44116974 35.4461441 35.45034027 35.44630051 35.44363785 35.42957687 35.41029739 35.39438248 35.37773895 35.36556625 35.36062622 35.36563873 35.37801361 35.39676285 35.40463638 35.40703583 35.41732025 35.42372131 35.40844727 35.38132477 35.37067795 35.37984085 35.40198517 35.40565109 35.41118622 35.42378616 35.45144653 35.47719574 35.48215103 35.47340012 35.45957565 35.44669342 35.45448685 35.48126984 35.48432159 35.46150589 35.44285583 35.43024063 35.42207336 35.42395782 35.43120956 35.45075607 35.46576691 35.48223877 35.46845245 35.4306488 35.41030121 35.41440582 35.44193649
35.49587631 35.47642517 35.42800522 35.39502335 35.37230301 35.36212921 35.35155487 35.35274887 35.37038803 35.38489914 35.38731384 35.38303757 35.38179016 35.3718338 35.36267853 35.35440826 35.34368896 35.33675385 35.34331894 35.35526276 35.37677002 35.38798141 35.39294815 35.40013885 35.40288544 35.38792419 35.36146927 35.34701157 35.33996201 35.33090973 35.31737518 35.30595016 35.32693863 35.35626984 35.37872314 35.38820267 35.3908844 35.38941956 35.39562988 35.41457367 35.42660141 35.4307518 35.41022491 35.39121246 35.3663826 35.34268188 35.33024979 35.34415817 35.37120819 35.38634491 35.39133453 35.36006546 35.31511688 35.28983688 35.29367065 35.33327103
35.43793106 35.41395569 35.38133621 35.34897995 35.33034897 35.30849457 35.28452301 35.27332306 35.27879715 35.29201889 35.30791855 35.319561 35.32647324 35.33210373 35.3384552 35.34495926 35.34846497 35.34550095 35.35440063 35.36352539 35.38179779 35.38938141 35.39632034 35.39009476 35.39655685 35.3961792 35.38323975 35.35229874 35.30945969 35.27487183 35.24844742 35.23528671 35.24948883 35.27604294 35.29508972 35.30625534 35.31015778 35.32106018 35.33224106 35.34794617 35.36174011 35.37281418 35.36654282 35.36153412 35.34908676 35.32608032 35.29301453 35.2814827 35.29103088 35.30004501 35.3055687 35.29483414 35.27690125 35.26096344 35.26438904 35.28916931
35.41455841 35.38688278 35.3645134 35.3348999 35.31687546 35.28948212 35.26042175 35.23941422 35.23208237 35.23340988 35.23709488 35.2508316 35.26796341 35.29433441 35.30878448 35.31788635 35.32865524 35.32846832 35.33653259 35.35053635 35.36749649 35.38061523 35.38674545 35.37694168 35.36974335 35.36830139 35.34876633 35.31571579 35.28166199 35.25426483 35.21927261 35.20877457 35.21204376 35.22228241 35.23991013 35.25455475 35.2566185 35.25818253 35.26794815 35.28993988 35.31655502 35.31908798 35.31531906 35.31554031 35.31245804 35.28999329 35.25750351 35.22927856 35.21603012 35.21801758 35.22785187 35.23180008 35.22359085 35.2108345 35.21524048 35.23484039
35.39684296 35.3734169 35.35463715 35.34227753 35.31442642 35.28823853 35.25728989 35.23275375 35.22511673 35.21857452 35.21763992 35.22542953 35.2533989 35.27322388 35.28937912 35.30072784 35.31137085 35.30987549 35.31121826 35.31930923 35.32530975 35.32910156 35.32386017 35.31795883 35.31781769 35.31003952 35.2888298 35.26615524 35.23880005 35.22058487 35.21116257 35.19112015 35.18153763 35.18798447 35.20542145 35.21321487 35.20788193 35.20536041 35.2221756 35.25383759 35.26455307 35.25848007 35.25061417 35.246418 35.24108505 35.21728516 35.18746185 35.15710831 35.14154816 35.14609528 35.15838623 35.16168594 35.1584549 35.14499664 35.14151764 35.15361023
35.40142441 35.39608383 35.36999512 35.35318375 35.33277893 35.30962753 35.26613617 35.25081253 35.24983215 35.24678421 35.26648712 35.26766205 35.28007889 35.29012299 35.30251694 35.30884171 35.29498291 35.28956985 35.28620148 35.29777527 35.28224182 35.27139664 35.25818634 35.25239563 35.25168991 35.23957443 35.22348785 35.21481705 35.20078278 35.18964767 35.17915726 35.17285538 35.1823349 35.1935463 35.19747925 35.1964798 35.18534851 35.1701622 35.17581558 35.18770218 35.19189835 35.18827438 35.17045975 35.16128922 35.14936066 35.12083435 35.10153198 35.07415771 35.0600853 35.0667038 35.07928467 35.07735443 35.06704712 35.05220795 35.04247284 35.05437469
35.44291687 35.41814423 35.3890152 35.37100983 35.35243225 35.33377457 35.3140564 35.30662918 35.30530167 35.30934143 35.31786346 35.31835556 35.3238678 35.32938385 35.33462906 35.32112503 35.29935837 35.28113937 35.26461792 35.2452507 35.22013092 35.2011795 35.18432999 35.17920303 35.18087387 35.18228912 35.17607117 35.17308044 35.16493988 35.15587997 35.15591049 35.15487289 35.16525269 35.16809845 35.16864395 35.15591431 35.12376022 35.09789658 35.07827377 35.06767654 35.06760406 35.06884766 35.05266571 35.03242111 35.01227188 35.00175858 34.99323273 34.97813416 34.97604752 34.98886871 34.99637604 34.9846611 34.96219635 34.94787979 34.94607925 34.94541931
35.44564819 35.42593384 35.40839005 35.38283539 35.37353897 35.3526535 35.333992 35.32141495 35.31034088 35.31372833 35.32450867 35.33444977 35.34297562 35.36111069 35.34548569 35.31335068 35.28331375 35.25619888 35.22691345 35.20525742 35.18987274 35.15868759 35.14339828 35.13799286 35.13280869 35.12457657 35.11946487 35.12437439 35.12926102 35.13214874 35.12479782 35.10900879 35.0953331 35.08223724 35.07264709 35.05512238 35.03094101 35.00650787 34.97346115 34.95208359 34.9559021 34.95360565 34.9401741 34.91838455 34.90151596 34.89500046 34.89492035 34.89680862 34.90673828 34.91963959 34.92123032 34.90577316 34.88592529 34.87537766 34.87567139 34.86695862
35.40841675 35.40504456 35.40515137 35.39409256 35.38231277 35.35118103 35.32840347 35.31350327 35.3052063 35.30482483 35.31310272 35.33282089 35.33938599 35.33612823 35.31783295 35.28370667 35.24766541 35.22021484 35.1959877 35.17379379 35.14922714 35.13046646 35.12024689 35.11573029 35.11189651 35.09918594 35.08810043 35.08186722 35.07730865 35.07275772 35.05089188 35.02782822 35.00712204 34.9895134 34.97803116 34.96147156 34.94213104 34.91494751 34.87808228 34.85453796 34.8423996 34.8364296 34.82284927 34.79843521 34.79230499 34.79842758 34.80643463 34.81534958 34.83251953 34.84513855 34.83714294 34.82271576 34.81160355 34.81001282 34.81190109 34.79518509
