Environmental Parameters/RCP 26/2100/Sea-bottom_temperature.asc
ncols 720
nrows 360
xllcorner -180.00
yllcorner -90.00
cellsize 0.5
NODATA_value -9999
[rows 25 to 49 of 360, columns 168 to 223 of 720]
-0.698432922 -0.363727927 -1.165455818 -1.31437254 -0.230330855 -0.31742242 0.100627892 0.142679721 -0.043298803 -1.345601797 -0.405608863 -0.167462036 -0.052438043 0.143717736 0.220512971 0.0596896 0.065480981 -0.025889263 -9999.0 -9999.0 -9999.0 -0.108320348 -0.108727269 -0.070718057 -0.006974392 -9999.0 -9999.0 -9999.0 0.054967187 0.041002661 0.028967805 0.011222906 -0.002821296 -0.003028557 0.00368429 0.12695469 0.038490042 0.026193943 -0.04525274 -0.065703914 -0.085803259 -0.127684105 0.195882857 0.173526138 -0.183873825 -0.095168753 0.039226882 0.214657307 0.352213204 0.59758687 0.492618978 0.475090981 0.507463992 0.195749983 0.266079128 0.35791085
-9999.0 -9999.0 -9999.0 -1.078773975 -0.893376648 -0.73936373 -0.176749125 -0.368459761 -0.680655241 -0.09057831 -0.590751946 -0.504670322 -0.423376083 -0.340089619 -9999.0 -0.245398566 -9999.0 -9999.0 -9999.0 -9999.0 -9999.0 -0.195612676 -0.22310853 -9999.0 -9999.0 -9999.0 -9999.0 0.134608161 -9999.0 0.076062452 -9999.0 -9999.0 -9999.0 -0.088669188 -0.179423004 -0.107245967 -0.07677751 -0.290755302 -0.333660096 -0.252351105 -0.075421236 -0.107449293 -0.105242483 -0.087003089 -0.06308778 0.066125194 0.123280119 0.076971877 0.680193126 0.15082024 0.414140165 0.536723047 0.514031619 0.453904808 0.387331504 0.428290099
-0.860759974 -0.985515833 -0.960562825 -0.970070601 -0.938139319 -1.354192495 -0.724869907 -9999.0 -9999.0 -9999.0 -0.505097389 -0.62236923 -0.687883198 -0.748492122 -0.698899806 -0.524682045 -0.643541992 -0.764268696 -0.390732557 -0.746118546 -0.262218118 -0.144634157 -0.240599811 -0.530265927 0.03884735 0.162861129 0.230001785 0.146450828 0.245584048 0.06151063 0.104073323 0.073977306 -0.03275089 -0.264995158 -0.840702415 -0.245575935 0.007571969 0.010783283 -0.18566753 -0.119035468 -0.036770552 0.018373545 0.036335729 0.117995664 0.179217217 0.286474988 0.290033653 0.250823468 0.428364187 0.446147174 0.201097004 0.409712374 0.352753356 0.428031385 0.47064057 0.517298967
-1.069090724 -0.869108796 -0.969676971 -1.021500826 -0.476710379 -0.648662865 -1.145756364 -0.966061771 -9999.0 -9999.0 -9999.0 -9999.0 -0.79457866 -0.984051585 -1.303506374 -1.077618361 -0.726114511 -0.610587716 -0.042852774 0.031026749 0.054667486 0.061256883 0.039701924 -0.139176786 -0.101520419 0.02510491 0.08065711 0.153246813 0.188778885 0.171570867 0.166558899 0.256615713 0.102933502 -0.398187935 -0.136433855 -0.247159839 -0.151169017 -0.130375564 -0.020087812 0.128479488 0.187878318 0.298911033 0.301491105 0.33111223 0.348446082 0.321754294 0.330827881 0.313492429 0.360907488 0.35781759 0.363244385 0.52540502 0.509001195 0.603560835 0.647532076 0.665662557
-1.128047705 -9999.0 -9999.0 -9999.0 -0.883974791 -0.940916717 -1.031374693 -0.981132329 -9999.0 -9999.0 -9999.0 -9999.0 -9999.0 -9999.0 -1.188256681 -9999.0 -9999.0 -9999.0 -9999.0 0.088729457 -9999.0 -9999.0 -9999.0 -9999.0 -9999.0 -9999.0 -9999.0 -9999.0 -9999.0 -9999.0 -9999.0 -0.214960515 -0.05456461 0.244971275 0.229332268 0.065831028 0.00791337 0.111625697 0.167105787 0.273016144 0.391325235 0.499883682 0.551092923 0.550362512 0.577704728 0.623459369 0.673826307 0.695150286 0.685868502 0.710518241 0.742393345 0.781141698 0.806127727 0.843429923 0.875864267 0.816653848
-1.289428711 -1.325862288 -1.067340851 -0.926876545 -0.842502296 -0.847273648 -0.872661829 -0.991309762 -0.449920416 -0.266980916 -0.318176627 -0.488662779 -0.705531657 -1.092380285 -1.125507474 -1.063688159 -0.407984324 -0.077893965 0.100471277 0.159097537 0.176125735 0.193380833 0.201593101 0.144497864 -7.10547E-4 -0.271926284 0.046636365 0.200873449 0.272744298 0.267749242 0.038883954 -0.567412496 -0.224109054 0.093649264 0.120850228 0.114763558 0.099617533 0.109631084 0.221492544 0.347886786 0.518727481 0.598662466 0.619631931 0.640083387 0.743306607 0.79781577 0.80076915 0.90789324 0.943324804 1.046804547 1.142088652 1.171008348 1.228325844 1.265736699 1.283310771 1.270879328
-0.834531069 -0.844352424 -0.840342045 -0.862229764 -0.845918834 -0.813646615 -0.77560252 -0.545984387 0.108485373 0.155070454 -0.316072732 -0.300073832 -0.235806525 0.068202801 0.154954344 0.198318496 0.212081216 0.215079904 0.213173628 0.19931794 0.204571307 0.245841563 0.263853207 0.287615001 0.279848173 0.292062759 0.31335558 0.295821667 0.31674403 0.31921196 0.330815643 0.314874664 0.312123954 0.325799137 0.293723643 0.282838598 0.226176977 0.275626943 0.288389891 0.346742049 0.47417289 0.546967566 0.664627969 0.736520976 0.767371356 0.851267308 0.942474306 1.048880219 1.17059207 1.25337106 1.319060802 1.379410863 1.387765706 1.387227952 1.372281313 1.365977645
-0.847121835 -1.096253395 -0.982592583 -9999.0 -9999.0 -9999.0 -9999.0 -9999.0 -9999.0 -9999.0 -0.30299741 -0.758651495 0.120989738 0.154414296 0.152471311 0.141394366 -0.264724851 -1.021464705 -0.662353814 -0.550504982 -0.945973396 -0.959648967 -0.774523497 -0.144223034 0.202615656 0.235686138 0.211973883 0.257240534 0.259514377 0.246697158 0.226510972 0.268369272 0.296978638 0.287089542 0.283371702 0.674915075 0.350404054 0.348468989 0.401208371 0.393954948 0.428923875 0.429497361 0.489302635 0.615135968 0.683880776 0.808195859 0.884913564 1.077272773 1.112887442 1.208499014 1.287465453 1.375273824 1.404974639 1.397432446 1.348375201 1.324501038
-0.826340556 -9999.0 -9999.0 -9999.0 -9999.0 -9999.0 -9999.0 -9999.0 -0.456269979 -1.162436366 0.137394067 0.139193051 0.138131239 -0.11595428 -1.133316875 -9999.0 -9999.0 -9999.0 -9999.0 -1.113268733 0.259709284 -0.188677467 -1.029621243 -0.788934469 -0.95288825 -9999.0 -9999.0 -9999.0 -9999.0 -0.947115228 -0.997915231 -0.519460879 -9999.0 -9999.0 -9999.0 -9999.0 -9999.0 0.148639087 -0.637902856 0.349603876 0.395285487 0.405270219 0.452072203 0.517363608 0.521864533 0.743770927 0.878202558 1.014253199 1.032964051 1.142559946 1.238404095 1.30558902 1.313877463 1.320077658 1.288590372 1.240190446
-0.904923677 -0.964239538 -9999.0 -1.028919533 -1.026973128 -1.039101124 -0.785743713 -0.474207878 -0.078066245 0.136394236 0.14525754 0.117828932 -1.089710593 -1.192242742 -9999.0 -9999.0 -9999.0 -9999.0 -1.156685054 0.08107499 -0.987943456 -0.703298219 -0.895135723 -9999.0 -9999.0 -9999.0 -9999.0 -9999.0 -9999.0 -9999.0 -1.049553022 -1.079726398 -1.079305112 -0.438692078 0.268887602 0.474872887 0.485410884 0.304307625 0.305333763 0.238602787 0.322714999 0.345819086 0.359315246 0.362581402 0.379481912 0.497588903 0.548136741 0.749813497 0.896010637 0.950210989 1.062686563 1.099784017 1.156331539 1.19746846 1.200461507 1.210627198
-0.728933215 -0.976497293 -9999.0 -1.054603934 -1.081243515 -1.028300405 -0.943052769 -0.860918283 0.039452102 0.095767375 0.009529062 -1.121092081 -1.060030699 -9999.0 -9999.0 -9999.0 -9999.0 -9999.0 -9999.0 -0.785223648 0.001270607 -0.805469081 -0.965930037 -9999.0 -9999.0 -9999.0 -9999.0 -9999.0 -9999.0 -9999.0 -1.090627424 -1.075184487 -1.013066813 -0.963037714 -0.927356198 -0.883332402 -9999.0 -9999.0 -9999.0 -9999.0 -0.204583228 -0.406201899 -1.023378849 -0.995923281 -0.757052839 -0.009466648 0.403070569 0.672662377 0.795500219 0.834250927 0.908744454 0.964679241 0.982869864 1.03432405 1.052877963 1.086956739
-0.846558928 -1.035120964 -1.014423013 -1.038546085 -1.107968092 -1.041620016 -1.042344809 -0.683254957 0.063822873 0.02151832 -0.48652041 -1.100428939 -1.191230297 -9999.0 -9999.0 -9999.0 -9999.0 -9999.0 -9999.0 -1.137770325 -0.95152241 -0.974853382 -1.068465456 -9999.0 -9999.0 -9999.0 -9999.0 -9999.0 -9999.0 -9999.0 -9999.0 -9999.0 -9999.0 -9999.0 -9999.0 -9999.0 -9999.0 -9999.0 -9999.0 -9999.0 -9999.0 -9999.0 -0.674676724 -0.797726929 -0.863219917 0.359042421 0.172210205 -0.748188913 -0.403994322 0.359173223 0.713287354 0.837420106 0.886666894 0.90784198 0.946388304 0.956391573
-1.021443248 -9999.0 -9999.0 -9999.0 -9999.0 -1.040131927 -0.985491037 -0.05925259 -0.638169348 -0.654080689 -0.88633436 -1.053192616 -1.22592485 -1.340780735 -1.310991406 -1.156608582 -1.156802416 -1.136088312 -1.104679167 -1.060320809 -1.063051432 -1.140266225 -1.168085471 -9999.0 -9999.0 -9999.0 -9999.0 -9999.0 -9999.0 -9999.0 -9999.0 -9999.0 -9999.0 -9999.0 -9999.0 -9999.0 -9999.0 -9999.0 -9999.0 -9999.0 -9999.0 -9999.0 -9999.0 -9999.0 -0.70300781 -0.661182955 -9999.0 -0.555467263 -0.559091926 -0.55904007 0.507878035 -0.977770209 -0.718317866 -0.791093588 0.05612218 0.734439313
-9999.0 -9999.0 -9999.0 -9999.0 -9999.0 -9999.0 -1.069482565 -0.835806131 -0.76846385 -0.881658554 -0.898799896 -0.911536574 -0.990821362 -1.274209976 -1.245818615 -1.118441224 -1.156325519 -9999.0 -9999.0 -9999.0 -9999.0 -9999.0 -1.180748463 -9999.0 -9999.0 -9999.0 -9999.0 -9999.0 -9999.0 -9999.0 -9999.0 -9999.0 -9999.0 -0.810653448 -0.804735303 -9999.0 -9999.0 -9999.0 -9999.0 -9999.0 -9999.0 -9999.0 -9999.0 -9999.0 -9999.0 -9999.0 -9999.0 -0.523850232 -0.529060796 -0.522426948 -0.376260251 -0.641493976 -0.932168961 -1.156262994 -1.024626613 -0.974174738
-9999.0 -9999.0 -9999.0 -9999.0 -9999.0 -9999.0 -9999.0 -0.903915524 -0.983551264 -0.806551337 -0.828177929 -0.757559061 -0.877463579 -0.872117639 -0.878094316 -1.105107665 -1.168859839 -1.184277177 -0.857789516 -0.763606787 -0.946216837 -1.16807425 -1.213449001 -1.117824942 -9999.0 -0.966589525 -9999.0 -1.012085989 -1.035289764 -0.99775818 -0.89335946 -0.816943817 -9999.0 -0.721129179 -0.739288151 -0.829730153 -0.86330846 -9999.0 -9999.0 -9999.0 -9999.0 -9999.0 -9999.0 -9999.0 -9999.0 -9999.0 -9999.0 -9999.0 -9999.0 -0.557374269 -9999.0 -9999.0 -0.734316811 -0.655863427 -1.07912302 -1.077563047
-0.647392005 -0.5009152 -0.481473953 -0.52559647 -0.623834759 -9999.0 -0.738348246 -0.720137119 -0.959628344 -0.68614471 -0.788946748 -0.699587941 -0.838989258 -0.807922482 -0.838039398 -0.845886946 -0.848924041 -0.85917151 -0.864947796 -0.116472602 -0.875304818 -1.268986344 -1.243966579 -1.130835891 -1.007272243 -0.907224417 -0.894648433 -0.801884174 -1.326798797 -0.925969839 -0.856773853 -0.760053277 -0.712885618 -0.751937449 -1.134009123 -0.856619716 -0.923823118 -0.849701524 -0.745421708 -9999.0 -9999.0 -9999.0 -9999.0 -9999.0 -9999.0 -9999.0 -9999.0 -9999.0 -9999.0 -9999.0 -9999.0 -0.642794624 -0.666486241 -0.75470661 -0.909530979 -0.898887251
-0.473588675 -0.209090233 -0.202430934 -0.369228512 -0.34895578 -9999.0 -9999.0 -9999.0 -9999.0 -9999.0 -1.027971268 -0.861560345 -0.643787324 -1.048237085 -0.736308575 -0.783642769 -0.726947784 -0.791439295 -0.808703065 -0.820006013 0.187674232 -0.966501594 -1.096329331 -9999.0 -9999.0 -9999.0 -9999.0 -0.920029521 -1.032464862 -0.919392824 -1.234031439 -0.86551255 -0.956810415 -1.08543241 -0.891149879 -0.925902724 -1.142398715 -1.028620005 -0.744305015 -0.836382031 -0.618855178 -0.655018926 -9999.0 -9999.0 -9999.0 -9999.0 -9999.0 -9999.0 -9999.0 -9999.0 -9999.0 -9999.0 -9999.0 -9999.0 -9999.0 -0.803218728
-0.285734028 -0.448861212 -0.240655482 -0.289400011 -0.299194366 -9999.0 -9999.0 -9999.0 -9999.0 -9999.0 -9999.0 -0.792427778 -0.95760715 -9999.0 -9999.0 -0.854632616 -0.813259482 -0.636949062 -0.752796531 -0.797658324 -0.815388799 -1.079115033 -1.05010587 -9999.0 -9999.0 -9999.0 -0.859829649 -0.792933345 -0.836325288 -0.825164557 -0.818059981 -1.20394218 -1.115738511 -0.865920961 -0.844387054 -1.116150856 -1.059362054 -0.982942104 -0.864303052 -0.774489462 -0.786659777 -0.571922779 -0.740655303 -0.770350516 -0.616907537 -9999.0 -9999.0 -9999.0 -9999.0 -9999.0 -9999.0 -9999.0 -9999.0 -0.7809778 -0.786584755 -0.788841307
-0.577315032 -0.665452421 -0.703611672 -0.232989609 -9999.0 -9999.0 -9999.0 -9999.0 -9999.0 -9999.0 -9999.0 -0.55322808 -9999.0 -9999.0 -9999.0 -1.126536012 -0.987645984 -1.111566544 -1.146366239 -0.759053349 -0.837332964 -9999.0 -9999.0 -9999.0 -9999.0 -9999.0 -9999.0 -0.733873665 -0.749281108 -1.108438969 -1.263854027 -1.215903521 -1.031876683 -0.970460415 -0.814627588 -0.916313589 -1.032481551 -0.953558564 -0.853183568 -0.708596826 -0.644631922 -0.596992433 -0.404081762 -0.524283469 -0.413329303 -0.302225232 -0.234015584 -9999.0 -9999.0 -9999.0 -9999.0 -9999.0 -9999.0 -9999.0 -9999.0 -9999.0
-0.144382179 -0.364737004 -9999.0 -9999.0 -9999.0 -9999.0 -9999.0 -9999.0 -9999.0 -9999.0 -9999.0 -9999.0 -9999.0 -9999.0 -9999.0 -1.152666807 -0.83893013 -1.02774477 -1.126749396 -0.846718788 -9999.0 -9999.0 -9999.0 -9999.0 -9999.0 -9999.0 -9999.0 -0.770768873 -0.662413538 -1.248796701 -1.104797363 -1.264047265 -1.270704865 -1.190284729 -1.123328924 -0.988078475 -0.931022525 -0.722211242 -9999.0 -9999.0 -9999.0 -0.769338727 -0.433143914 -0.753753722 -0.709547222 -0.420696706 -0.62591958 -0.613148808 -9999.0 -9999.0 -9999.0 -9999.0 -9999.0 -9999.0 -9999.0 -9999.0
-0.125154436 -0.139031798 -9999.0 -9999.0 -9999.0 -9999.0 -9999.0 -9999.0 -9999.0 -9999.0 -9999.0 -9999.0 -9999.0 -9999.0 -9999.0 -9999.0 -0.878641397 -1.035447359 -0.965598464 -9999.0 -9999.0 -9999.0 -9999.0 -9999.0 -9999.0 -9999.0 -9999.0 -9999.0 -9999.0 -1.203525543 -0.95404923 -1.018638611 -1.123135209 -1.151613235 -1.210766435 -1.095548987 -0.947830319 -0.780197918 -0.667907953 -0.590190172 -0.606193185 -0.389716864 -0.397223711 -0.364777714 -0.308258802 -0.213427186 -0.146924138 -0.452703774 -9999.0 -9999.0 -9999.0 -9999.0 -9999.0 -9999.0 -9999.0 -9999.0
-9999.0 -9999.0 -9999.0 -9999.0 -9999.0 -9999.0 -9999.0 -9999.0 -9999.0 -9999.0 -9999.0 -9999.0 -9999.0 -9999.0 -9999.0 -9999.0 -9999.0 -9999.0 -0.885898083 -0.809154242 -0.766937912 -0.786166951 -0.837632075 -0.870354578 -0.874641985 -9999.0 -0.895624772 -0.864207983 -0.863047063 -0.878883004 -0.859560013 -0.800887048 -0.872724056 -0.936982512 -1.063989282 -1.114445925 -1.052518487 -0.843719423 -0.813634515 -0.620873272 -0.299492031 -0.221919388 -0.225843728 -0.182604492 -0.1416457 -0.079816192 -0.196738809 -9999.0 -9999.0 -9999.0 -9999.0 -9999.0 -9999.0 -9999.0 -9999.0 -9999.0
-9999.0 -9999.0 -9999.0 -9999.0 -9999.0 -9999.0 -9999.0 -9999.0 -9999.0 -9999.0 -9999.0 -9999.0 -9999.0 -9999.0 -9999.0 -9999.0 -9999.0 -9999.0 -0.781474948 -0.750890493 -0.659268498 -0.766237497 -0.850895524 -0.870475292 -0.971952319 -0.849274755 -1.109799266 -0.618027151 -0.955042958 -0.681120813 -0.429445922 -0.567459524 -0.541537881 -0.628362775 -0.742776275 -0.846951008 -0.833043814 -0.715299726 -0.647604585 -0.343259692 -0.148874044 0.039600402 0.066480398 -0.137170315 0.073785156 -9999.0 -9999.0 -9999.0 -9999.0 -9999.0 -9999.0 -9999.0 -9999.0 -9999.0 -9999.0 -0.474613072
-9999.0 -9999.0 -9999.0 -9999.0 -9999.0 -9999.0 -9999.0 -9999.0 -9999.0 -9999.0 -9999.0 0.848845288 1.046368197 0.963238493 0.590053409 0.271756433 -9999.0 -9999.0 -0.623758294 -0.763957858 -0.7006042 -0.755807698 -0.788558841 -0.798162222 -0.767124236 -0.870496988 -0.436515093 -0.385016203 -0.307099342 -0.270673811 -0.287297428 -0.336999357 -0.446874321 -0.548973918 -0.639238656 -0.781208038 -0.682633102 -0.51249069 -0.319279432 -0.114363074 0.071265757 0.269396812 0.399468005 0.440674394 0.491030663 -9999.0 -9999.0 -9999.0 -9999.0 -9999.0 -9999.0 -9999.0 -9999.0 -9999.0 -9999.0 -0.446844131
-9999.0 -9999.0 -9999.0 -9999.0 -9999.0 -9999.0 -9999.0 -9999.0 -9999.0 -9999.0 -9999.0 -9999.0 -9999.0 0.780895665 0.838157684 0.524518743 0.273060083 -0.126015365 -0.902536929 -0.322340429 -9999.0 -0.549326345 -0.798576072 -0.721550286 -0.298124075 -0.29556489 -0.387215912 -0.299515069 -0.13286227 -0.239338219 -0.274014652 -0.287866652 -0.346804142 -0.416798234 -0.57267946 -0.69982177 -0.533866167 -0.420380592 -0.156127572 -0.130741179 0.001359046 0.066085398 0.212797165 0.516520798 -9999.0 -9999.0 -9999.0 -9999.0 -9999.0 -9999.0 -9999.0 -9999.0 -9999.0 -9999.0 -9999.0 -9999.0
