Environmental Parameters/RCP 26/2100/Sea-bottom_temperature.asc
ncols 720
nrows 360
xllcorner -180.00
yllcorner -90.00
cellsize 0.5
NODATA_value -9999
[rows 250 to 274 of 360, columns 56 to 111 of 720]
0.726957262 0.729635715 0.738276482 0.758763373 0.736832201 0.766939223 0.836433589 0.746860564 0.750027061 0.820587039 0.76093632 0.796478748 0.797112942 0.801375031 0.79913646 0.761645555 0.777352929 0.853648603 0.886325955 0.862574279 0.845004201 0.873230875 0.840216815 0.90410316 0.933881223 0.910746157 0.91341567 0.916381299 0.931394637 0.931378245 0.912520826 0.929931819 0.997433186 0.892274141 1.02224195 0.969601631 1.041272521 1.044952631 1.03447032 0.945547163 1.136618614 1.218507051 1.218071222 1.307418346 1.10451746 1.036810279 1.036147594 1.032921433 1.101045966 1.322500348 1.275988817 1.329446673 1.02041322 1.246284008 1.050708532 1.244104028
0.731728256 0.73037982 0.739076197 0.743607402 0.747903824 0.758818328 0.78508842 0.771280468 0.752932668 0.855836332 0.861771762 0.76552248 0.772801876 0.776469946 0.798969746 0.813479185 0.778275847 0.782124639 0.850228846 0.859360158 0.858583152 0.817578912 0.833957434 1.035837829 0.883820415 0.906043828 0.936412394 0.881897092 0.93208617 0.884374917 1.125772595 0.895273447 0.904635906 0.903373003 0.887410223 1.01786375 0.957157671 1.118896365 1.129976869 1.128706574 1.128988862 1.118604898 1.097554088 1.097704887 1.200669169 1.101588964 0.992570877 1.104394674 1.038962245 0.979815364 1.119616628 1.640330553 1.386269212 1.296937108 1.250625849 1.185408592
0.730420411 0.731601715 0.733099997 0.734340787 0.73450309 0.747339308 0.762206197 0.752220571 0.732651055 0.77658999 0.782154262 0.782546341 0.768774033 0.767810106 0.859178483 0.808124423 0.77339977 0.853418648 0.795053542 0.859431684 0.858555973 0.858895838 0.888566017 0.924797177 0.878417552 0.903496623 0.906186402 0.980500162 0.928485513 0.913428962 0.911211491 0.905866265 0.888178468 0.926661551 0.900747359 0.900306821 1.011421561 0.935085475 0.94074136 0.947810948 1.021905243 0.965592742 0.970976233 0.979739785 1.035581112 1.089690089 1.034054995 0.989413798 0.98627156 0.984584093 1.042254567 1.144024372 1.094121456 1.548341155 1.12326014 1.22564137
0.734151959 0.73516506 0.7364133 0.736903608 0.737727642 0.736188471 0.735220313 0.75074476 0.753058493 0.757276535 0.758397996 0.776905537 0.769316733 0.771164477 0.822702408 0.791315198 0.860764146 0.850476801 0.854045868 0.855179131 0.829175591 0.85594821 0.858059049 0.918962657 0.893642128 0.845408857 0.899384141 0.86348635 0.924793184 0.872274399 0.906191707 0.904411793 0.853380561 0.899327695 0.886460423 0.931990683 0.886556983 0.902140379 0.905067265 0.950225055 0.906108499 0.877536714 0.907083571 1.073088288 1.158214688 0.920887113 0.922396958 1.02562511 1.033761263 1.037739873 1.040481448 1.000896752 1.109769106 1.144807339 1.203992128 1.16420114
0.732650638 0.734097779 0.736965418 0.737460852 0.739567935 0.737252235 0.739501297 0.749958754 0.733377397 0.766755104 0.759690523 0.775314927 0.765692294 0.780382872 0.766680956 0.785139322 0.831967473 0.807509482 0.890855789 0.81690371 0.825743496 0.83415097 0.82389605 0.831825137 0.914327681 0.82585758 0.863177061 0.866267085 0.843785405 0.875236928 0.899098098 0.898988485 0.899770081 0.897896826 0.883775055 0.88165766 0.883912921 0.886789501 0.826750696 0.945524931 0.952732384 0.906175315 1.074116826 1.02563709 1.019966185 0.923268616 0.924419045 1.023974538 1.100709796 1.109324694 1.208078504 1.217095017 1.187263966 1.14622426 1.194169879 1.160275459
0.739480078 0.741431057 0.735660315 0.737577915 0.737761021 0.74727124 0.748899937 0.736769438 0.76183188 0.753958762 0.772300839 0.744101822 0.765728295 0.744025528 0.743965507 0.749899805 0.788242757 0.832536042 0.814414382 0.825037718 0.828013897 0.841305494 0.827496111 0.82784915 0.878151238 0.842948616 0.843513489 0.862036645 0.866792619 0.873202503 0.894333482 0.895884871 0.896824658 0.89573735 0.876967311 0.876375258 0.879101872 0.900114179 0.904821694 0.910151362 0.871671617 0.906162441 0.959442139 1.019042552 0.96023196 0.965231717 0.966341555 1.02055794 1.025754452 1.113357425 1.20394218 1.212721944 1.178258896 1.045423269 1.179962516 1.213423848
0.726234972 0.741969049 0.73684907 0.740228772 0.74211657 0.736989081 0.750145078 0.750751317 0.75210762 0.766934454 0.786843359 0.772666156 0.768045187 0.744048536 0.748141468 0.766231775 0.789576411 0.763394952 0.814503074 0.832048953 0.819200039 0.827740252 0.827821374 0.828311324 0.829240978 0.857354045 0.841455281 0.838765562 0.864202797 0.868066549 0.872241318 0.872462332 0.845818043 0.856292486 0.863200963 0.872406483 0.868224621 0.878691077 0.90569365 0.909266174 0.912578285 0.915584564 0.962385654 0.963801801 0.928792 0.932568908 0.93482101 0.957982838 1.026646435 1.193035245 1.350948811 1.243593216 1.103513241 1.11973536 1.119652629 1.128350496
0.736989558 0.740570307 0.735088348 0.73828876 0.74020803 0.740980566 0.740097821 0.780398369 0.752322078 0.750127256 0.762632906 0.783666074 0.782640636 0.78443253 0.750320017 0.765221834 0.764696836 0.766223907 0.807165802 0.771432221 0.810104847 0.821726918 0.828262091 0.829727352 0.786046207 0.854200363 0.82967329 0.828954756 0.827951074 0.837622285 0.837601364 0.838804841 0.867796242 0.869773328 0.863116264 0.868436277 0.868387103 0.826450109 0.87601161 0.879257798 0.90841639 0.912456989 0.881475031 0.919681251 0.956772566 0.959052503 0.933971703 0.883127153 0.973705173 1.191651464 1.19395566 1.243866205 1.23974514 1.033022761 1.110103726 1.09471035
0.752216697 0.741338253 0.734556496 0.738482833 0.741059482 0.742486835 0.756702185 0.775663078 0.754417956 0.746274292 0.759254575 0.78215611 0.761597812 0.76178515 0.758927703 0.758951962 0.761729002 0.76153636 0.86894697 0.764077365 0.779816866 0.808642864 0.817484438 0.822909474 0.82390815 0.833463073 0.871477425 0.829089642 0.827698052 0.827670932 0.826550722 0.837047577 0.889362812 0.867959082 0.868421435 0.858826518 0.861124873 0.864585876 0.752778828 0.868997693 0.878223896 0.878559709 0.879104555 0.91335237 0.921286643 0.881973505 0.932974279 0.963942945 0.925822914 1.03908813 1.047330976 1.011218429 1.028602421 1.144877195 1.100043416 1.172944307
0.753748238 0.75348711 0.752664864 0.739495397 0.740542233 0.753468096 0.753270566 0.746241093 0.746796012 0.745873868 0.749231458 0.757316053 0.751633048 0.751181066 0.754663825 0.751731753 0.760344207 0.760040998 0.773216903 0.776921928 0.780642331 0.788334608 0.781385124 0.827919543 0.822312891 0.827904046 0.841427088 0.835054696 0.833840132 0.799730301 0.825656235 0.825310647 0.836562693 0.843537033 0.84865278 0.850411832 0.888403535 0.859957337 0.86718291 0.865450501 0.864575148 0.861910343 0.861271083 0.908339143 0.880897641 0.921445668 0.961749554 0.925498009 0.975016952 0.987500906 0.926479101 1.055279493 1.027220011 1.035822153 1.054312706 1.172515512
0.840788305 0.756339133 0.756478369 0.745677292 0.745812237 0.742256165 0.744281232 0.744398236 0.743462265 0.743474662 0.744392514 0.752263963 0.748244345 0.746101081 0.752978206 0.756009698 0.760974228 0.759250641 0.76777041 0.774629772 0.794762254 0.801755905 0.794261575 0.799297929 0.817418277 0.807728946 0.839084566 0.84111917 0.891153157 0.761562407 0.824522913 0.824305475 0.822837293 0.857759535 0.817284882 0.817081034 0.846507251 0.850009382 0.889067948 0.867033958 0.890434504 0.8691203 0.875325739 0.880458593 0.908114851 0.914286017 0.882468462 0.92552942 0.977116942 0.993202686 1.008871496 1.017187715 1.030909181 1.090452313 1.047473907 1.247974992
0.790083528 0.78876549 0.786011457 0.740546942 0.750599623 0.748672426 0.743691385 0.742838502 0.742303014 0.741289914 0.743349552 0.743822157 0.742426693 0.743605733 0.81205368 0.754726112 0.752225041 0.763292968 0.758731782 0.771933019 0.777979434 0.78221947 0.790566385 0.820248961 0.762727559 0.805241585 0.790133357 0.826311946 0.826062977 0.837399662 0.823948324 0.823017895 0.83157593 0.832167149 0.814324021 0.843379617 0.819494486 0.84687072 0.859941304 0.847253263 0.848664939 0.85157454 0.868816435 0.87641573 0.881644547 0.907633185 0.884677112 0.923578978 0.882427514 0.997130811 1.013652205 1.026196659 1.033383727 1.149261951 1.039314866 1.163248062
0.785145581 0.765167415 0.843404412 0.750391304 0.752628744 0.781520128 0.746856332 0.743857205 0.742960751 0.740886152 0.740864694 0.740983784 0.741647601 0.753235817 0.74901104 0.740684867 0.759804428 0.764268816 0.76844734 0.758130431 0.770996094 0.773323357 0.784645557 0.792324483 0.798399031 0.813961804 0.817707896 0.81022191 0.85899061 0.835467041 0.823801935 0.820655227 0.763594091 0.827931345 0.850864589 0.879464388 0.811244011 0.847394943 0.820382833 0.846400917 0.848261952 0.848717809 0.848717213 0.850474775 0.877416432 0.884418845 0.889081001 0.888070405 0.976712942 1.056673169 0.99496007 1.070592165 1.076230884 1.032838941 1.034132361 1.036108971
0.793157458 0.776558995 0.77444911 0.760210335 0.755595982 0.784133017 0.758916497 0.74178803 0.744351208 0.741593719 0.741090238 0.743897855 0.751747131 0.741872191 0.74159348 0.753801405 0.742446065 0.763118982 0.76709348 0.769676387 0.770498395 0.77164489 0.772595823 0.760945916 0.778232217 0.783426642 0.822317421 0.825815439 0.794718087 0.83211416 0.82052207 0.821264863 0.818878174 0.826999903 0.813589692 0.85225755 0.84459722 0.844263613 0.852526963 0.84494251 0.847095788 0.847836316 0.860523105 0.865219653 0.875237346 0.885564268 0.906609058 0.912579715 0.919558525 0.923394084 1.048402309 1.12489593 1.064641476 1.021924555 1.033430994 1.164920211
0.787042916 0.796018541 0.794158518 0.771100879 0.758725643 0.769839883 0.751781166 0.742841899 0.770631611 0.742811501 0.743016899 0.746452987 0.74330461 0.761517406 0.760400236 0.75061357 0.75875926 0.759350955 0.763147593 0.768983364 0.770622611 0.769479454 0.772186875 0.776364565 0.789992452 0.787862539 0.801599383 0.805727124 0.789580703 0.806177855 0.830444336 0.76433295 0.823707819 0.827744842 0.83319521 0.81326735 0.840752661 0.841154695 0.852775037 0.844021261 0.858181119 0.879886568 0.847640812 0.864717484 0.855184972 0.88381356 0.890879095 0.912436783 0.91904366 0.925381899 0.891317248 0.939128458 0.992486417 1.021076083 1.029876351 1.168272734
0.785709143 0.785159826 0.798263192 0.797203124 0.763974607 0.752971053 0.757824063 0.748587072 0.747293651 0.745883882 0.744375169 0.744209707 0.744261801 0.744462729 0.744661391 0.743807495 0.753297806 0.776979983 0.765883863 0.763147354 0.76904124 0.772305787 0.77035749 0.771907508 0.77665633 0.760169089 0.790851891 0.79576081 0.80598563 0.804576039 0.799969077 0.835110843 0.821938932 0.827680528 0.83247596 0.850654483 0.852276444 0.840767324 0.8553195 0.85804975 0.848112166 1.222026467 0.855694234 0.8589288 0.891940296 0.881782591 0.890030146 0.896237314 0.91514504 0.921313405 0.960318625 0.890972018 0.982608199 1.015917122 1.36581409 1.115986347
0.7865026 0.786227942 0.786813259 0.777357817 0.767642438 0.755241156 0.772151053 0.760059178 0.757594168 0.753976226 0.757982194 0.74441129 0.751948059 0.761927366 0.745410681 0.745794117 0.755223453 0.763534427 0.759377062 0.762981355 0.763014734 0.764538527 0.766420186 0.75930196 0.777885973 0.760094523 0.761269748 0.785303771 0.794618905 0.883773565 0.807564259 0.894119263 0.837980092 0.828731596 0.833654881 0.808053076 0.839489758 0.83955735 0.840550363 0.847454369 0.863012671 0.866629064 0.868669152 0.870861351 0.865581691 0.880569279 0.938414574 0.869104028 0.915319562 0.919359684 0.923835397 0.962870479 0.978673935 1.013959408 1.021722674 1.17328155
0.793699563 0.786219478 0.791744232 0.789026082 0.772460282 0.781918228 0.769528031 0.775494576 0.773025155 0.761446297 0.755576909 0.755799234 0.755643487 0.756597579 0.757348061 0.757425666 0.752517283 0.759321153 0.760581493 0.762150526 0.76124382 0.769196808 0.764877021 0.76955086 0.78093183 0.777480125 0.781989515 0.784237802 0.797663808 0.823183537 0.802725613 0.835590184 0.841679633 0.860285819 0.847264409 0.836117744 0.851544619 0.855126202 0.859916508 0.863586307 0.814370573 0.86585021 0.864910483 0.868762136 0.87333411 0.896677971 0.888445497 0.895968556 0.896472275 0.915648282 0.897006392 0.921937466 0.976729512 1.083916068 1.09961617 1.118417382
0.807822704 0.828194201 0.829883993 0.854278982 0.776691437 0.77609843 0.789090693 0.771780133 0.769307792 0.765811086 0.761489034 0.757829785 0.782419801 0.782335341 0.777867913 0.775349319 0.752049088 0.768042147 0.758736551 0.761636078 0.761570156 0.764770508 0.765436411 0.77017802 0.771878839 0.784747183 0.78612119 0.783665597 0.795160532 0.760745406 0.827623487 0.795403838 0.838669598 0.842865705 0.830349326 0.849796593 0.864469171 0.856518447 0.863658607 0.870292246 0.8713063 0.868730307 0.821558118 0.867357194 0.874967933 0.898005366 0.875409305 0.915079534 1.010316193 0.896555543 0.925243556 0.963820755 0.922887385 1.081265092 1.022966683 1.105704188
0.82183367 0.842425883 0.843895733 0.841747999 0.810902238 0.778700769 0.776010215 0.776087582 0.771106184 0.800629139 0.823049128 0.804914415 0.797966242 0.793901682 0.762710929 0.764004588 0.779185534 0.775523424 0.762542307 0.762898445 0.76469779 0.782044947 0.769110143 0.771961033 0.774578929 0.791187704 0.79248631 0.793265045 0.785424471 0.760465741 0.885303736 0.813907683 0.80878067 0.823085546 0.842542768 0.846089184 0.860801339 0.894269347 0.864358425 0.871081591 0.876959562 0.87435174 0.873845875 0.869807005 0.87108773 0.898314536 0.90895015 0.944129169 0.92385298 0.926607728 0.959026515 0.96620965 1.053458452 1.079338431 1.021571994 1.029167831
0.862957776 0.838604927 0.859394133 0.790598392 0.782154441 0.821752489 0.818275154 0.819013178 0.818273246 0.818586409 0.77087009 0.832211256 0.810210884 0.798871636 0.76399529 0.793670595 0.807552814 0.803480744 0.803041756 0.787318647 0.786682963 0.793109596 0.80177784 0.804752648 0.78131038 0.813853204 0.802199602 0.80039376 0.79756099 0.802801371 0.792375267 0.821469963 0.814911902 0.853268266 0.94380933 0.76209569 0.830348372 0.846422374 0.861163855 0.883226693 0.919065595 0.887673199 0.880359352 0.881035566 0.882632792 0.884389579 0.883965135 0.946869433 0.890560687 0.962237298 0.96513176 0.981012285 1.063733935 1.144670606 1.090946674 1.269291997
0.899827361 0.904865026 0.878887713 0.847424209 0.839325905 0.833631396 0.829815209 0.831101656 0.829668701 0.847391605 0.842496634 0.832874477 0.824582815 0.830668628 0.799868822 0.765434265 0.795455933 0.765894771 0.766257763 0.793882608 0.799106121 0.809002697 0.810263872 0.810332119 0.798829377 0.817812383 0.808746874 0.808190763 0.812276006 0.812893987 0.813983619 0.817382038 0.763844192 0.83499229 0.84111619 0.845066369 0.851463318 0.859369874 0.862520814 0.885706544 0.877619684 0.882232845 0.884140432 0.898172915 0.903210461 0.906762183 0.911137819 0.961015105 0.971335888 0.970843077 1.114251614 1.321925282 1.071325302 1.0121907 1.095189571 1.224448681
0.915049016 0.924238026 0.932837844 0.912716627 0.872544765 0.869571984 0.868775547 0.867217183 0.864952862 0.861069202 0.842965901 0.777268708 0.841180265 0.832161725 0.82187742 0.813317299 0.806300223 0.769831538 0.800696313 0.813287437 0.811124861 0.813639939 0.796333611 0.81362164 0.814236104 0.813533843 0.81282264 0.991369426 0.763983786 0.816070676 0.840867996 0.76132679 0.814597785 0.859490931 0.848082721 0.851083398 0.857825518 0.862498224 0.926589549 0.967973709 0.890409231 0.893838942 0.897533059 0.900440097 0.905517876 0.898414493 0.964856029 0.973564804 0.976827025 0.979898393 0.986448228 1.071960568 1.256950021 1.314837337 1.09391737 1.100035429
0.937536776 0.939144254 0.939612985 0.941581428 0.948360026 0.920061827 0.881934285 0.909504592 0.850513041 0.876822472 0.873936117 0.897238255 0.786662579 0.846431553 0.839016914 0.849103868 0.822542846 0.831857383 0.810970247 0.788301528 0.816661 0.800140679 0.802006364 0.807744622 0.811779916 0.816497684 0.816584229 0.826913416 0.764264941 0.880153954 0.816148639 0.827237487 0.893976629 0.852794766 0.830582738 0.833034039 0.835367143 0.893253505 0.899073303 0.938495517 0.926621377 0.964454591 0.967884898 0.940262556 0.889870644 0.894162774 0.976758361 1.020236909 1.03241688 1.182180166 1.070034981 1.121957064 1.188948512 1.14370358 1.089350224 1.168048024
0.951701283 0.94672811 0.951199591 0.947349131 0.867961347 0.942193806 0.940442026 0.938525379 0.920151353 0.856577694 0.91444689 0.933098376 1.122032404 0.857392192 0.877082884 0.841643095 0.835446715 0.830708742 0.827363968 0.846927166 0.826945961 0.828262329 0.829348862 0.635369122 0.639263511 0.819612801 0.837211788 0.629285634 0.859351993 0.851105809 0.860361695 0.863512039 0.890338719 0.890419245 0.872125268 0.871719897 0.879289031 0.88363719 0.926867425 0.934968829 0.92521441 0.93206507 0.938016593 0.943420827 0.891608775 0.962013185 1.004520416 1.16283977 0.995679319 0.910272777 1.065837264 1.066918731 1.139113188 1.148778915 1.201138973 1.208465338
