Environmental Parameters/RCP 26/2100/Sea-surface_temperature.asc
ncols 720
nrows 360
xllcorner -180.00
yllcorner -90.00
cellsize 0.5
NODATA_value -9999
[rows 0 to 24 of 360, columns 168 to 223 of 720]
-1.717812181 -1.717798114 -1.717784166 -1.717827082 -1.717841148 -1.717855096 -1.71788311 -1.717926145 -1.718011141 -1.718096137 -1.718182087 -1.718224168 -1.718253136 -1.718311667 -1.718340635 -1.718396664 -1.718453646 -1.718524694 -1.718538642 -1.718538642 -1.71856761 -1.718553662 -1.718595624 -1.718652606 -1.718681693 -1.718780637 -1.718823671 -1.718851686 -1.71887958 -1.718851686 -1.718823671 -1.718766689 -1.718723655 -1.718666673 -1.718638659 -1.718638659 -1.718638659 -1.718666673 -1.718695641 -1.718695641 -1.718695641 -1.71868062 -1.718681693 -1.718709588 -1.718695641 -1.718681693 -1.718652606 -1.718624592 -1.718666673 -1.718709588 -1.718766689 -1.718823671 -1.718794584 -1.718752623 -1.718752623 -1.718737602
-1.709977627 -1.709963679 -1.70996213 -1.709933162 -1.709891081 -1.709820151 -1.709632635 -1.709533572 -1.709490657 -1.709505558 -1.7096591 -1.709773064 -1.709816098 -1.70987618 -1.709848166 -1.709891081 -1.709917665 -1.70994556 -1.709943056 -1.709957123 -1.710029125 -1.71005559 -1.710026622 -1.709982038 -1.709911108 -1.709837556 -1.709792972 -1.709792972 -1.709866524 -1.709833503 -1.70984745 -1.709731936 -1.709632039 -1.70954442 -1.709488511 -1.709460497 -1.709401011 -1.709315896 -1.709187984 -1.709046006 -1.708816409 -1.708645463 -1.708461404 -1.708274961 -1.708466053 -1.708324075 -1.708239079 -1.708182096 -1.708111048 -1.708068132 -1.707971573 -1.707814574 -1.707643628 -1.707459569 -1.707374573 -1.707305074
-1.698940039 -1.698670983 -1.69847095 -1.698243976 -1.698073983 -1.697918057 -1.697790027 -1.69770503 -1.697605968 -1.697590947 -1.697492003 -1.697392941 -1.697321057 -1.697221994 -1.697136998 -1.69710803 -1.697008967 -1.696993947 -1.696938038 -1.696797013 -1.696681976 -1.696383953 -1.696113944 -1.695870996 -1.695659041 -1.695502996 -1.695431948 -1.69540298 -1.695291042 -1.695191026 -1.695075989 -1.694877982 -1.694722056 -1.694577456 -1.694435477 -1.694308519 -1.694236517 -1.694221497 -1.694194436 -1.694237471 -1.69422245 -1.694137454 -1.694037437 -1.693867445 -1.693781495 -1.693710446 -1.693640471 -1.69351244 -1.693383455 -1.693199515 -1.692917466 -1.692744493 -1.692516446 -1.692291498 -1.692205429 -1.692049503
-1.695899487 -1.695487499 -1.695043445 -1.694560528 -1.694108486 -1.693710446 -1.693185449 -1.692574501 -1.692003489 -1.691477537 -1.690956473 -1.690528512 -1.690072536 -1.689677954 -1.689280987 -1.688812971 -1.688382983 -1.687929988 -1.687605023 -1.687335014 -1.686995029 -1.686498046 -1.685997963 -1.685553432 -1.685159445 -1.684890509 -1.684660435 -1.684391499 -1.684152484 -1.684008479 -1.683781505 -1.68352747 -1.683339477 -1.68314147 -1.683001518 -1.682817459 -1.68254745 -1.68216145 -1.681721449 -1.681406498 -1.681125522 -1.680829525 -1.680528522 -1.68017149 -1.679748535 -1.679406524 -1.679148436 -1.678923488 -1.678684473 -1.678399444 -1.678026438 -1.677615523 -1.677289486 -1.677020431 -1.676736474 -1.676438451
-1.687556505 -1.686888456 -1.686139464 -1.685566425 -1.68503952 -1.684604526 -1.684264541 -1.683894515 -1.683551431 -1.68312943 -1.682659507 -1.682200432 -1.681677461 -1.681182504 -1.680669427 -1.680072427 -1.679474473 -1.678838015 -1.678364992 -1.677845955 -1.67733705 -1.676862955 -1.676224947 -1.675780058 -1.675469041 -1.675151944 -1.67494905 -1.674592018 -1.674208999 -1.673936009 -1.673683047 -1.673447013 -1.673061967 -1.672642946 -1.672186971 -1.671892047 -1.671682 -1.671455979 -1.671141982 -1.670714974 -1.670356989 -1.670045972 -1.669821024 -1.669595003 -1.669337034 -1.669080019 -1.668825984 -1.668655038 -1.668444037 -1.668202043 -1.667932034 -1.667631984 -1.667250037 -1.666864991 -1.666494012 -1.666098952
-1.689843535 -1.689215541 -1.68868947 -1.688145518 -1.687523484 -1.686842442 -1.686003447 -1.685280442 -1.684574485 -1.683932424 -1.68336153 -1.682732463 -1.682080507 -1.681236506 -1.680364013 -1.679399967 -1.678385019 -1.677453995 -1.676597953 -1.675865054 -1.67523396 -1.674579024 -1.673876047 -1.673262 -1.672727942 -1.67226398 -1.671903014 -1.671481013 -1.671113014 -1.670783043 -1.670348048 -1.669931054 -1.669530034 -1.669191957 -1.668828011 -1.668388009 -1.667966962 -1.667446017 -1.667090058 -1.666887999 -1.666614056 -1.66644001 -1.666169047 -1.66576004 -1.665372014 -1.664890051 -1.664409041 -1.663910985 -1.663285971 -1.662654996 -1.661973953 -1.661270022 -1.660501003 -1.659659028 -1.658735037 -1.657770038
-1.691134453 -1.690397501 -1.689616442 -1.688840508 -1.688227534 -1.687588453 -1.686956525 -1.686295509 -1.685601473 -1.68502748 -1.68443954 -1.683804512 -1.683089495 -1.682272434 -1.681569457 -1.680887461 -1.68017447 -1.679477453 -1.678731441 -1.677840471 -1.677065492 -1.676395535 -1.675744057 -1.675228 -1.674631953 -1.673948526 -1.673306465 -1.67257154 -1.671803474 -1.670946479 -1.670051455 -1.669116497 -1.668192506 -1.667336464 -1.666503429 -1.665696502 -1.66485548 -1.663929462 -1.662976503 -1.662119508 -1.661289454 -1.6604985 -1.659753442 -1.659040451 -1.658366442 -1.657756448 -1.657226443 -1.656580448 -1.65582943 -1.65498054 -1.653835535 -1.652376533 -1.650744438 -1.648834467 -1.646834493 -1.644787431
-1.689319491 -1.688599467 -1.687926531 -1.687179446 -1.686371446 -1.685657501 -1.685034513 -1.684489489 -1.683978438 -1.683314443 -1.682610989 -1.681892037 -1.681095958 -1.680343986 -1.679512978 -1.678536057 -1.677672982 -1.676720023 -1.675863981 -1.675016999 -1.674157977 -1.673514962 -1.672814012 -1.672337055 -1.671913028 -1.671365023 -1.670853019 -1.670207977 -1.669345021 -1.668478012 -1.667595983 -1.666538954 -1.665563464 -1.664626479 -1.663660526 -1.662838459 -1.662065506 -1.661258459 -1.660490513 -1.65969646 -1.65893054 -1.658190489 -1.657495499 -1.656639457 -1.655599475 -1.654297471 -1.65266645 -1.650803447 -1.648531437 -1.645938516 -1.643055439 -1.639866471 -1.636517525 -1.633134484 -1.629893541 -1.627165437
-1.686419964 -1.685250044 -1.684201956 -1.683171034 -1.682250977 -1.681421995 -1.680503964 -1.679573059 -1.678815007 -1.678069949 -1.677366972 -1.676743031 -1.676017046 -1.675418019 -1.674779058 -1.674150944 -1.673563957 -1.672832012 -1.672199011 -1.671671033 -1.671033025 -1.670477986 -1.669873953 -1.669227004 -1.668625951 -1.668012023 -1.667385459 -1.666587472 -1.665779471 -1.664870501 -1.663937449 -1.663167477 -1.662396431 -1.661646485 -1.66077745 -1.659954429 -1.659083486 -1.658289433 -1.657557487 -1.656628489 -1.655742526 -1.654782534 -1.653769016 -1.652580023 -1.651144028 -1.649366975 -1.647269011 -1.644966006 -1.642308474 -1.639401436 -1.636208534 -1.632704496 -1.629161477 -1.625745535 -1.622682452 -1.620165467
-1.677542448 -1.676556468 -1.675690532 -1.674860477 -1.674026489 -1.673175454 -1.672254443 -1.671310425 -1.670378447 -1.66951251 -1.668572426 -1.667605519 -1.666667461 -1.665918469 -1.66534853 -1.66494751 -1.664595485 -1.664189458 -1.66376543 -1.663412452 -1.663104534 -1.662734032 -1.662353992 -1.661857009 -1.66129005 -1.660732508 -1.660078526 -1.659415483 -1.658691525 -1.657974005 -1.657376051 -1.656857014 -1.656373978 -1.65593195 -1.655341029 -1.654742956 -1.654098988 -1.653288007 -1.652539968 -1.65181601 -1.651116967 -1.650298953 -1.649258971 -1.647956967 -1.646355033 -1.644314051 -1.641863465 -1.639145494 -1.636104465 -1.632688522 -1.629079461 -1.625436425 -1.622230053 -1.619675994 -1.617594957 -1.616042018
-1.664345503 -1.663470507 -1.662644506 -1.661792517 -1.661035538 -1.660377502 -1.659551978 -1.658816934 -1.658082008 -1.657378912 -1.65684092 -1.656368971 -1.655916929 -1.655569911 -1.655088425 -1.654389977 -1.653735995 -1.65309 -1.652745008 -1.652565002 -1.652326941 -1.652045965 -1.651567936 -1.651105523 -1.650661469 -1.650102496 -1.649497509 -1.648885489 -1.648223519 -1.647536516 -1.646912456 -1.64636004 -1.645807981 -1.645311952 -1.644850969 -1.64429903 -1.643702507 -1.643170953 -1.642546058 -1.641873956 -1.641190052 -1.640375972 -1.63952899 -1.638787031 -1.637981057 -1.637081027 -1.636051059 -1.63488698 -1.633558989 -1.632006049 -1.630164981 -1.62798202 -1.625475049 -1.622647047 -1.619567037 -1.616207004
-1.648061991 -1.647246957 -1.646425962 -1.645581007 -1.644768 -1.64396596 -1.64317596 -1.64239502 -1.641686916 -1.640954018 -1.640393972 -1.64014101 -1.640046954 -1.64000237 -1.639927387 -1.639649391 -1.639334917 -1.639003873 -1.638785362 -1.638669372 -1.638327837 -1.638118386 -1.637679458 -1.637124419 -1.636724353 -1.636244416 -1.63587141 -1.635566473 -1.635125399 -1.634744406 -1.634324431 -1.63379848 -1.633071423 -1.63220489 -1.631263971 -1.630330443 -1.629506469 -1.628494501 -1.627359986 -1.626164913 -1.625071526 -1.624277472 -1.62379992 -1.623600483 -1.623276472 -1.622986436 -1.622565508 -1.62193346 -1.621220946 -1.620254517 -1.61945045 -1.618743539 -1.618180513 -1.617496014 -1.616332054 -1.614868045
-1.628597498 -1.627905011 -1.627225399 -1.62665844 -1.626020432 -1.625303507 -1.624668479 -1.624006867 -1.623699903 -1.623487949 -1.623264432 -1.623206854 -1.623293877 -1.623401284 -1.623440742 -1.623453259 -1.623302221 -1.623164773 -1.622842193 -1.622675657 -1.622722149 -1.622668624 -1.622693062 -1.622877121 -1.622794151 -1.622799158 -1.622599602 -1.622328639 -1.621925116 -1.621310711 -1.620359659 -1.618802547 -1.617379069 -1.616139531 -1.615717053 -1.615862608 -1.6165061 -1.617040038 -1.617554426 -1.618129015 -1.61818552 -1.61806643 -1.617741466 -1.617256522 -1.616382957 -1.614345074 -1.612400889 -1.609861851 -1.607267499 -1.60400641 -1.60088551 -1.598054528 -1.594882131 -1.593271017 -1.591146469 -1.589718461
-1.606286883 -1.60547328 -1.604939938 -1.603800058 -1.603350043 -1.603029013 -1.603182197 -1.602903128 -1.602965236 -1.603081346 -1.602791667 -1.602739096 -1.602745652 -1.602711678 -1.602016807 -1.602805138 -1.602888703 -1.603048682 -1.603202105 -1.603137612 -1.602097034 -1.601842403 -1.601501822 -1.601222157 -1.601027608 -1.601491928 -1.601722956 -1.601415277 -1.600999475 -1.600711703 -1.601308107 -1.597081542 -1.596283555 -1.595612526 -1.593598485 -1.595525384 -1.595990658 -1.596460342 -1.596884608 -1.597516179 -1.597300768 -1.597987294 -1.598218083 -1.598238707 -1.598216057 -1.59750247 -1.596794009 -1.597210169 -1.598005056 -1.598825455 -1.599250197 -1.599013209 -1.597991347 -1.597709298 -1.593601704 -1.590548635
-1.584039927 -1.583372831 -1.582991362 -1.58276093 -1.580503106 -1.580554008 -1.580676556 -1.58091414 -1.581081152 -1.581206679 -1.579020023 -1.580108047 -1.580165982 -1.578191638 -1.578349829 -1.578270674 -1.578019381 -1.577754855 -1.578534365 -1.577129245 -1.576467991 -1.572028041 -1.572693944 -1.572444201 -1.572516799 -1.573409796 -1.57523644 -1.578125954 -1.580087662 -1.573292732 -1.569625139 -1.563765168 -1.561955214 -1.561120391 -1.561092734 -1.560486555 -1.555653214 -1.548850775 -1.54087925 -1.535359621 -1.53365171 -9999.0 -9999.0 -9999.0 -1.543268996 -1.544199714 -9999.0 -9999.0 -9999.0 -9999.0 -9999.0 -9999.0 -9999.0 -9999.0 -9999.0 -1.560980003
-1.578494906 -1.578074932 -1.578135729 -1.56949842 -1.574525952 -1.573000431 -1.571750641 -1.571599364 -1.568915129 -1.574039936 -1.574240208 -1.57235682 -1.572447062 -1.573305488 -1.576102972 -1.565387726 -1.56776619 -1.571412086 -1.571918726 -1.573642373 -1.571277022 -1.556750774 -1.549426794 -1.541535974 -1.55013907 -1.574595094 -1.553867579 -1.544525266 -1.54047358 -1.547199996 -1.550426406 -1.551695106 -9999.0 -9999.0 -9999.0 -9999.0 -9999.0 -9999.0 -9999.0 -9999.0 -9999.0 -9999.0 -9999.0 -9999.0 -9999.0 -9999.0 -9999.0 -9999.0 -9999.0 -9999.0 -9999.0 -9999.0 -9999.0 -9999.0 -9999.0 -9999.0
-1.594361544 -1.593773961 -1.590026379 -1.590296984 -1.596976638 -1.595714211 -1.597186565 -1.598080516 -1.591068149 -1.581114531 -1.575600624 -1.571629286 -1.568904757 -1.574187875 -1.548068576 -1.532385408 -9999.0 -1.524217491 -9999.0 -9999.0 -9999.0 -9999.0 -9999.0 -9999.0 -9999.0 -9999.0 -9999.0 -9999.0 -9999.0 -9999.0 -9999.0 -9999.0 -9999.0 -9999.0 -9999.0 -9999.0 -9999.0 -9999.0 -9999.0 -9999.0 -9999.0 -9999.0 -9999.0 -9999.0 -9999.0 -9999.0 -9999.0 -9999.0 -9999.0 -9999.0 -9999.0 -9999.0 -9999.0 -9999.0 -9999.0 -9999.0
-1.588733196 -1.587119341 -1.587529421 -1.592934251 -1.587611794 -1.58675921 -1.584215999 -1.555464983 -1.532678008 -1.531344175 -1.529936075 -1.533362031 -1.525419712 -1.520621538 -1.511880875 -1.492476845 -1.482549343 -1.478496727 -1.478572224 -1.481869513 -1.487017927 -1.492220759 -1.495420015 -1.497393506 -9999.0 -9999.0 -9999.0 -9999.0 -9999.0 -9999.0 -9999.0 -9999.0 -9999.0 -1.501761509 -1.476484166 -1.445110969 -1.416756984 -1.392850045 -9999.0 -9999.0 -9999.0 -9999.0 -9999.0 -9999.0 -9999.0 -9999.0 -9999.0 -9999.0 -9999.0 -9999.0 -9999.0 -9999.0 -9999.0 -1.460988384 -1.46295297 -1.46689395
-1.571729541 -1.576005816 -1.58343029 -1.571574729 -9999.0 -9999.0 -9999.0 -9999.0 -9999.0 -1.494899511 -1.486067176 -1.482312679 -1.477730155 -1.472738624 -1.453689098 -1.44422245 -1.437572598 -1.431819916 -1.431591392 -1.437381983 -1.443342686 -1.46116519 -1.464369416 -1.468432188 -1.473904729 -1.483444696 -1.486112217 -1.486577261 -1.488564217 -1.49212604 -1.49808488 -1.490708356 -1.479244833 -1.473748572 -1.429268166 -1.391960207 -1.360398371 -1.334072087 -1.314097837 -9999.0 -9999.0 -9999.0 -9999.0 -9999.0 -9999.0 -9999.0 -9999.0 -9999.0 -9999.0 -9999.0 -9999.0 -9999.0 -9999.0 -1.427303102 -1.426825285 -1.434422731
-1.610687137 -1.614459157 -1.567225575 -9999.0 -9999.0 -9999.0 -9999.0 -9999.0 -9999.0 -9999.0 -9999.0 -9999.0 -9999.0 -1.426506758 -1.414900064 -1.410089254 -1.400753498 -1.398057461 -1.393775582 -1.404494643 -1.410447598 -1.418907642 -1.429980278 -1.435938001 -1.443141699 -1.45630455 -1.461591482 -1.466766 -1.468735933 -1.472415686 -1.471540451 -9999.0 -9999.0 -9999.0 -9999.0 -9999.0 -9999.0 -9999.0 -9999.0 -9999.0 -9999.0 -9999.0 -9999.0 -9999.0 -9999.0 -9999.0 -9999.0 -9999.0 -9999.0 -1.356055316 -1.370161295 -1.376789331 -1.392894983 -1.403650045 -1.399430513 -1.391639948
-1.539267659 -1.554342091 -1.537032902 -1.51787742 -9999.0 -9999.0 -9999.0 -9999.0 -9999.0 -9999.0 -9999.0 -9999.0 -9999.0 -9999.0 -9999.0 -9999.0 -9999.0 -1.31668555 -1.334907865 -1.328343712 -1.331396246 -1.343257071 -1.35825704 -9999.0 -9999.0 -9999.0 -9999.0 -1.400896002 -1.407302834 -1.393210075 -1.379710275 -1.358108275 -1.33190896 -9999.0 -9999.0 -9999.0 -9999.0 -9999.0 -9999.0 -9999.0 -9999.0 -9999.0 -1.190873347 -1.206509411 -1.216528773 -1.222217202 -1.215702534 -1.26572156 -1.315270901 -1.318914652 -1.335347056 -1.313712597 -1.289550304 -1.260851264 -1.233797193 -1.216292739
-1.51290071 -1.504013181 -1.49710834 -1.482790709 -1.47804594 -1.471795559 -1.459812164 -1.439837098 -9999.0 -9999.0 -9999.0 -9999.0 -9999.0 -9999.0 -9999.0 -9999.0 -9999.0 -9999.0 -1.238746762 -1.245353371 -1.251030073 -1.268854193 -1.29013424 -1.301598834 -1.309541145 -9999.0 -9999.0 -9999.0 -1.311421083 -9999.0 -9999.0 -9999.0 -9999.0 -9999.0 -9999.0 -9999.0 -1.152398691 -1.130959198 -1.11202012 -1.096265212 -1.08654952 -1.108633518 -1.140240192 -1.14772737 -1.155662179 -1.196854472 -1.198490262 -1.196443558 -1.217042804 -1.21872592 -1.210993409 -1.209584475 -1.208218932 -1.211891294 -1.201690435 -1.211049557
-1.459391356 -1.44327271 -1.439249635 -1.436173916 -1.428504109 -1.415427327 -1.400717854 -1.357729215 -9999.0 -9999.0 -9999.0 -9999.0 -1.201368503 -9999.0 -1.170222253 -1.146753468 -1.126629747 -1.132039823 -1.144810013 -1.153147928 -1.163726121 -1.190295786 -1.21357023 -1.228638753 -1.235136677 -1.23637614 -1.235532384 -1.230247363 -1.218745232 -9999.0 -9999.0 -9999.0 -9999.0 -9999.0 -9999.0 -9999.0 -9999.0 -9999.0 -9999.0 -1.02644074 -1.01028657 -1.025939465 -1.10986948 -1.20899272 -1.213493824 -1.2109586 -1.195899606 -1.183734417 -1.197228432 -1.210779071 -1.233565807 -1.153042436 -1.108845115 -1.097538114 -9999.0 -9999.0
-9999.0 -1.381909557 -1.365226746 -1.383569598 -1.375110626 -1.345771432 -1.330847383 -1.262288213 -1.219184756 -1.184045315 -1.144986987 -1.132628679 -1.124982238 -1.117626905 -1.092506051 -1.063166142 -1.026809692 -1.05166328 -1.070020795 -1.062613845 -1.067840934 -1.116541445 -1.142026924 -9999.0 -9999.0 -9999.0 -1.153587088 -9999.0 -9999.0 -9999.0 -9999.0 -9999.0 -9999.0 -9999.0 -9999.0 -9999.0 -9999.0 -9999.0 -9999.0 -0.972261146 -1.084608555 -1.090983748 -1.146669507 -1.114060879 -1.058852315 -1.006669641 -0.851858497 -0.787541211 -9999.0 -9999.0 -9999.0 -9999.0 -9999.0 -9999.0 -9999.0 -9999.0
-1.333417177 -1.324204087 -1.325348496 -1.326229453 -1.304898858 -1.262833714 -1.23075521 -1.214038968 -1.188348532 -1.15106523 -1.128316879 -1.123467684 -1.102513552 -1.096481323 -1.089785099 -1.091878891 -1.102899909 -1.091557026 -1.081780076 -1.078241229 -1.083201408 -1.083114386 -1.083378911 -1.084436774 -1.0832633 -1.079574227 -1.072302625 -9999.0 -1.04012645 -9999.0 -9999.0 -9999.0 -9999.0 -9999.0 -9999.0 -0.897849321 -0.897133231 -0.884450436 -0.910592318 -0.905183971 -0.903168499 -0.920369804 -0.887842357 -0.846989751 -0.749976099 -0.651493788 -0.558210015 -0.489708483 -0.48100242 -0.648493737 -0.714246273 -0.745954037 -0.749423087 -0.706655979 -0.737454355 -0.75454574
