Environmental Parameters/RCP 26/2100/Sea-bottom_salinity.asc
ncols 720
nrows 360
xllcorner -180.00
yllcorner -90.00
cellsize 0.5
NODATA_value -9999
[rows 275 to 299 of 360, columns 392 to 447 of 720]
34.67277527 34.65484238 34.6632576 34.65012741 34.64845657 34.65499496 34.65114594 34.6426506 34.65018845 34.64425278 34.65260315 34.65316391 34.65006256 34.65207291 34.65195465 34.64735031 34.63297653 34.64777374 34.62691879 34.64144897 34.63462067 34.61830139 34.63456345 34.64116669 34.65963745 34.6638031 34.6830101 34.65546799 34.65642929 34.60845566 34.63228989 34.57679749 34.66841507 34.64985275 34.62311172 34.71615982 34.74382401 34.69401932 34.65696716 34.71637344 34.63383102 34.65313721 34.65260315 34.65301132 34.63077164 34.65693283 34.65779877 34.65750504 34.6565361 34.65576553 34.65540314 34.65391922 34.65196228 34.65005875 34.67736053 34.73083496
34.65227509 34.64933777 34.64859772 34.66014862 34.65623856 34.64093781 34.65226364 34.63898468 34.64068222 34.64332962 34.64570236 34.65459061 34.63253021 34.64916229 34.64668274 34.64687347 34.62999344 34.62726974 34.63813782 34.63651276 34.62185669 34.64204025 34.65087509 34.64360046 34.65007782 34.66420364 34.66823959 34.66883469 34.65568542 34.63916016 34.59014893 34.58565903 34.67221069 34.61252975 34.6762886 34.64561844 34.68912888 34.64290619 34.65795517 34.63792038 34.65549469 34.65471268 34.65442657 34.63293839 34.63409042 34.63668823 34.66082764 34.66043472 34.65879822 34.67648697 34.63538742 34.65360641 34.65211105 34.65108109 34.65140152 34.6523056
34.64800262 34.6468811 34.6471405 34.66387558 34.64482117 34.65738297 34.64189148 34.64125061 34.64068985 34.64742661 34.64479446 34.64459229 34.64736176 34.64370346 34.64512253 34.6424675 34.65195084 34.63972092 34.6401062 34.6382103 34.64391708 34.65250015 34.6612587 34.66419601 34.66230774 34.65837097 34.66242981 34.66686249 34.65692902 34.64870834 34.60519409 34.63192749 34.63162231 34.63425827 34.64535904 34.64439392 34.641922 34.64023209 34.65697861 34.63961411 34.63840485 34.63722992 34.65593719 34.63563538 34.63600922 34.63764191 34.65800095 34.63618469 34.63476944 34.63418198 34.63439941 34.65235901 34.65180206 34.65229797 34.6397934 34.64416122
34.64402771 34.67661285 34.64555359 34.64774704 34.64746094 34.65808487 34.64490128 34.64997482 34.64735794 34.64459229 34.64575577 34.64393616 34.64185715 34.64198685 34.64809799 34.64406586 34.64497375 34.64722824 34.64575958 34.6352005 34.65546799 34.66423035 34.66769409 34.66708374 34.6613121 34.66350555 34.65789413 34.67110443 34.66371536 34.67097855 34.63189316 34.64719772 34.6284523 34.64012146 34.63630676 34.64836502 34.63392258 34.63587189 34.63742447 34.64108658 34.6404686 34.6394577 34.64159393 34.63707733 34.63633347 34.65367889 34.63234711 34.64648056 34.6281395 34.62866211 34.64645004 34.6663208 34.65109253 34.65277863 34.65458679 34.74411392
34.64093781 34.64273453 34.64476013 34.64677811 34.64738464 34.64664078 34.6533432 34.64580536 34.64855194 34.64772797 34.65537262 34.64338684 34.64038086 34.63940048 34.63960648 34.64659119 34.65097046 34.64522934 34.65612411 34.6593399 34.6567955 34.67091751 34.67537308 34.67440033 34.66189957 34.66101837 34.66046524 34.6586647 34.67334747 34.66687393 34.71623993 34.63819885 34.62940216 34.62891388 34.63300323 34.63516998 34.62627792 34.63772583 34.64019394 34.64250183 34.6463623 34.64441681 34.64500809 34.63925171 34.63611603 34.63120651 34.6247673 34.62049484 34.61968231 34.63666916 34.64136505 34.64643097 34.63761139 34.64021683 34.64483643 34.64925766
34.66143417 34.64505005 34.66495895 34.64900208 34.64962006 34.64856339 34.65497208 34.64751434 34.64792633 34.64820099 34.64427185 34.64297867 34.63866043 34.63497925 34.63504028 34.64419174 34.65266418 34.6624527 34.66560364 34.67136002 34.67874527 34.67865372 34.68003845 34.66553116 34.67324448 34.66243362 34.6545639 34.65535736 34.65915298 34.6590004 34.65287399 34.61977768 34.64159012 34.62401581 34.63807297 34.66246414 34.63960648 34.63142776 34.64287186 34.6398735 34.64913177 34.65057373 34.64714432 34.64271927 34.6349411 34.62911987 34.63749313 34.63290405 34.62099838 34.62585831 34.64332962 34.64651871 34.64894485 34.65142441 34.64601898 34.65023422
34.6664505 34.66745377 34.66831207 34.66805649 34.66624451 34.66348648 34.67274475 34.65999222 34.65755463 34.64978409 34.65069962 34.64313126 34.64064026 34.63616943 34.63660812 34.63615799 34.64221191 34.65692902 34.66427994 34.66560364 34.68245697 34.68992615 34.6901474 34.68048096 34.68136215 34.66993332 34.63482666 34.65072632 34.63055801 34.63441849 34.62866592 34.62781525 34.63244247 34.64069748 34.64696503 34.64046097 34.64578629 34.64241791 34.64450836 34.64897537 34.65356445 34.65407944 34.65142822 34.64458466 34.63951492 34.64822388 34.63273239 34.65378952 34.65386581 34.6568222 34.65975571 34.66131973 34.65024567 34.65206528 34.65291214 34.6531868
34.68350601 34.67222214 34.67366028 34.67347717 34.67156982 34.66965866 34.66412735 34.66506958 34.65692902 34.65908813 34.65221024 34.65101624 34.64856339 34.64169312 34.64056396 34.64050293 34.64300156 34.64818192 34.6544838 34.65522766 34.66989136 34.67295074 34.69272995 34.69059372 34.69205856 34.65270996 34.65023422 34.63838196 34.6423912 34.63797379 34.62458038 34.63134003 34.63840103 34.64991379 34.65447617 34.64748383 34.65218353 34.64659882 34.64582062 34.64910507 34.65187836 34.64989853 34.64339066 34.64009857 34.63914108 34.65116882 34.66250992 34.66178131 34.66841507 34.66268158 34.66382599 34.66320801 34.66587448 34.66767883 34.66060638 34.66175842
34.68576813 34.68385696 34.67296219 34.67269135 34.68232346 34.67506409 34.67346191 34.67198944 34.67015839 34.66819763 34.66358185 34.66227341 34.66044998 34.65795517 34.65570831 34.65260315 34.64868164 34.64735794 34.64826202 34.65188217 34.66078949 34.67304993 34.68336487 34.68457413 34.66638947 34.65291977 34.6489296 34.66469955 34.64894867 34.64183426 34.63989639 34.63565826 34.63991165 34.65048218 34.65407944 34.64526367 34.65224838 34.64950943 34.6488266 34.64724731 34.64531326 34.64218521 34.63957214 34.64003372 34.65156174 34.6542778 34.66630554 34.66724396 34.66855621 34.67013931 34.66662598 34.66270065 34.71136093 34.66381836 34.66687012 34.6699028
34.67776108 34.66627121 34.68341827 34.68013763 34.68754578 34.68308258 34.68268967 34.68265915 34.68260574 34.68024063 34.67804718 34.67720032 34.67331696 34.67214584 34.67603302 34.67516327 34.66584396 34.65316391 34.65424347 34.65841675 34.66506195 34.67019653 34.67353821 34.67512512 34.65130234 34.65543365 34.64759445 34.66425705 34.65407944 34.65143204 34.64479828 34.6425972 34.64186859 34.64188004 34.64715195 34.64597321 34.64480972 34.64324188 34.65275192 34.65073395 34.63925171 34.63666153 34.6350174 34.63688278 34.65006256 34.65564728 34.66809464 34.66898346 34.67255783 34.73833847 34.72623825 34.73112106 34.68274307 34.68418503 34.68541336 34.66949463
34.67933273 34.68781281 34.67499161 34.68687439 34.67084503 34.66483307 34.68683624 34.68839264 34.69796371 34.69113541 34.6897049 34.69350815 34.68149567 34.68498611 34.68937302 34.68275452 34.68018723 34.68501663 34.66674042 34.65013885 34.69615173 34.66823959 34.66913605 34.65218735 34.65849686 34.65270233 34.65244675 34.65686417 34.65019989 34.65024948 34.64651871 34.64146423 34.63955688 34.64421082 34.63973236 34.6446991 34.63982391 34.63762283 34.64050293 34.63382339 34.63309097 34.63132477 34.63134384 34.63714218 34.65207291 34.65650177 34.66778564 34.67330933 34.67169189 34.68910599 34.68423843 34.68087006 34.68037415 34.6810379 33.99543762 34.67058182
34.68266678 34.67681503 34.68253326 34.68797302 34.68793106 34.69110107 34.69378662 34.69519043 34.70200348 34.68641281 34.69886017 34.68948364 34.6918335 34.67421722 34.67186737 34.67735672 34.68246841 34.66615295 34.66418457 34.66877747 34.66911316 34.66551971 34.66966248 34.66008377 34.65504074 34.66034317 34.65444946 34.650177 34.64968109 34.64857864 34.64611816 34.64251328 34.64007568 34.64395523 34.64453888 34.64189911 34.64172363 34.64298248 34.63998032 34.63686371 34.63585663 34.63279724 34.63393402 34.63903046 34.65388489 34.66563416 34.66866302 34.67359161 34.69041061 34.68745804 34.68328476 34.68080902 34.66617203 34.66352463 34.67507172 34.69844818
34.69876862 34.69511032 34.70919037 34.68969345 34.68856049 34.69710159 34.68703461 34.70104218 34.69835663 34.6954689 34.68392944 34.6880722 34.68331146 34.67272568 34.6777153 34.67655182 34.67409134 34.66501999 34.6718483 34.65528107 34.6733017 34.65739441 34.65742111 34.6564064 34.66121674 34.65875626 34.65224457 34.64860153 34.64823532 34.64665604 34.64456177 34.64719772 34.64642334 34.64333344 34.64464188 34.64489746 34.64454651 34.64736176 34.64852524 34.64251328 34.63977051 34.63853455 34.64132309 34.64321899 34.64681625 34.66493225 34.67398071 34.69028091 34.68693542 34.68420792 34.67054749 34.66976547 34.66842651 34.6659584 34.66270447 34.66167831
34.6855011 34.69457626 34.69192505 34.68994141 34.68811798 34.69019699 34.6968956 34.68539429 34.68179703 34.68302155 34.67406464 34.6833992 34.67607498 34.67216873 34.67292786 34.67223358 34.67007065 34.67007828 34.67291641 34.67477036 34.66464996 34.66210175 34.65881729 34.66876984 34.65055466 34.64447784 34.64426041 34.64021683 34.64311981 34.64415359 34.64426804 34.64380264 34.64358139 34.64360428 34.64383698 34.64524078 34.64682007 34.65077972 34.65075684 34.64883804 34.64624405 34.64519119 34.64493179 34.64752197 34.65724945 34.67218018 34.66492844 34.6719017 34.68412781 34.68148422 34.6666832 34.66945267 34.66810226 34.66491318 34.66399384 34.66336823
34.6803627 34.68753815 34.6855545 34.67804337 34.68727493 34.68150711 34.67385483 34.68553162 34.67560959 34.67409897 34.67353058 34.67374802 34.67782211 34.67654419 34.67440033 34.66240311 34.66439819 34.66959381 34.661026 34.66378784 34.66380692 34.6641922 34.65823746 34.66705322 34.64318085 34.63739014 34.63788223 34.63597488 34.63864899 34.64141464 34.64696503 34.64356232 34.64317703 34.64426422 34.64606476 34.64871597 34.65327072 34.65278244 34.65324402 34.65376663 34.65081406 34.64824677 34.64812851 34.65089417 34.65942383 34.65911102 34.67100143 34.66268158 34.66947174 34.66474915 34.65435028 34.65468979 34.65483856 34.66466141 34.65349579 34.65217972
34.6739502 34.67261887 34.67265701 34.68200684 34.67692566 34.67554855 34.67817307 34.67086029 34.67556 34.66805267 34.6687088 34.67087936 34.68621063 34.67962265 34.67501831 34.67058945 34.66772842 34.65716171 34.6677742 34.66082001 34.65995407 34.65911484 34.65619659 34.64990997 34.6435585 34.63934326 34.64134598 34.64071274 34.64409637 34.64697647 34.64860153 34.64823914 34.64809799 34.64929581 34.65075302 34.65233994 34.65194321 34.65459442 34.65044785 34.65136337 34.65466309 34.65114594 34.64864349 34.65145111 34.66282654 34.65871048 34.66225052 34.66196442 34.65571976 34.65526962 34.65178299 34.65129852 34.65522385 34.65494919 34.65390778 34.64995956
34.67219162 34.67216873 34.67186737 34.67767715 34.67237091 34.67155075 34.68360519 34.67726135 34.6686821 34.66988754 34.67873764 34.68523788 34.68308258 34.6823616 34.68026733 34.67456436 34.65888214 34.65703964 34.66279221 34.66011429 34.66005325 34.65713501 34.65419388 34.65114975 34.6490593 34.64815521 34.64783096 34.65000534 34.652668 34.65764999 34.65802383 34.65642166 34.65463638 34.65345383 34.65359497 34.65396881 34.65349197 34.6557579 34.65548325 34.65162277 34.65145493 34.65373993 34.6508522 34.65882111 34.65749741 34.65154648 34.65591049 34.65555954 34.65595245 34.65635681 34.65365219 34.65365601 34.65559387 34.65279388 34.65208435 34.65868759
34.67179108 34.67335129 34.6760788 34.67996216 34.67600632 34.68271637 34.6795845 34.66878128 34.66846848 34.67757416 34.67131424 34.68228531 34.67544937 34.69264984 34.67797852 34.67372894 34.65826035 34.65570831 34.65702438 34.65816498 34.65872574 34.65587616 34.6543045 34.65431976 34.65618896 34.65866089 34.66292953 34.66384506 34.66461182 34.66545486 34.66519928 34.66236496 34.65906143 34.65790176 34.65850067 34.65948105 34.66231155 34.66261292 34.65598679 34.65518188 34.65374756 34.65193939 34.64999771 34.6523819 34.65148544 34.65151215 34.65239716 34.65362167 34.65517807 34.65623474 34.65692139 34.65761566 34.65604782 34.66001511 34.66094208 34.66241074
34.69018555 34.68566513 34.69047546 34.69137573 34.68988419 34.68157578 34.67232513 34.66809464 34.67802048 34.66840363 34.66747284 34.66759491 34.66719437 34.67490005 34.66853714 34.66199112 34.65846634 34.65393448 34.6538887 34.65508652 34.65681458 34.65530014 34.65659332 34.66166306 34.66565704 34.6684227 34.66942215 34.66875458 34.66851044 34.66901016 34.66819 34.6657486 34.66408539 34.66385269 34.66478348 34.66447449 34.66316223 34.66267014 34.66142654 34.65834808 34.65380859 34.6548233 34.65442276 34.64922333 34.65538788 34.65582275 34.65690994 34.65871811 34.65981674 34.65995026 34.65975952 34.65970993 34.6605072 34.66178131 34.66277695 34.66422272
34.69936752 34.7021637 34.70333099 34.70819092 34.69072342 34.67788696 34.66571426 34.6637764 34.64998627 34.64850616 34.64919281 34.64117432 34.64799881 34.63840103 34.64048767 34.65151215 34.64910126 34.65359116 34.65644455 34.65647125 34.65904999 34.65808105 34.66446686 34.66879272 34.67122269 34.67202377 34.67181015 34.67103577 34.67040253 34.66984558 34.66836548 34.66651535 34.66666031 34.66666412 34.66574097 34.6644516 34.66347122 34.66234589 34.66041565 34.65639877 34.65229416 34.65279007 34.65828705 34.6530571 34.65298843 34.65339661 34.66115189 34.65265274 34.6593895 34.65716934 34.65728378 34.65834427 34.64742661 34.66123962 34.6628952 34.64941406
34.70641708 34.70660782 34.71002579 34.69419861 34.67960358 34.65927887 34.64286041 34.62459946 34.62290192 34.62137985 34.62300873 34.63112259 34.6419487 34.65265274 34.65699768 34.65939331 34.66441345 34.66640472 34.66369629 34.66161346 34.66549301 34.66534042 34.66865158 34.67060471 34.67137909 34.67191696 34.6722908 34.67149734 34.66946793 34.66805649 34.66687775 34.66622162 34.66613388 34.66494751 34.66176224 34.65832138 34.65645981 34.65602493 34.65481949 34.65336609 34.65355301 34.65641403 34.65822983 34.66376495 34.66508102 34.66624451 34.66215515 34.6498909 34.64640808 34.65515137 34.65685654 34.64803696 34.64905167 34.64984894 34.66426468 34.65010071
34.69506836 34.68930817 34.68340683 34.66972733 34.65174103 34.63083649 34.60972977 34.60907745 34.60987473 34.6218071 34.62857819 34.6499939 34.66333771 34.67181015 34.67554855 34.67604446 34.67550278 34.67353821 34.67061615 34.66590118 34.66412735 34.6636734 34.66561508 34.6677475 34.66932297 34.67002487 34.66975403 34.66826248 34.66577148 34.66366959 34.66234207 34.66190338 34.6611824 34.65737534 34.65417099 34.65166473 34.65082169 34.65059662 34.65009689 34.65028 34.65240097 34.6555748 34.65808487 34.65937424 34.65969849 34.66478729 34.66118622 34.64957047 34.6555748 34.64762878 34.65996933 34.66316223 34.65348816 34.65344238 34.66529083 34.65166092
34.66850662 34.65474319 34.64007187 34.62663651 34.61391068 34.60373688 34.59960175 34.60625458 34.6174469 34.62216187 34.63932037 34.65593338 34.66970444 34.67747116 34.679245 34.67871475 34.67750931 34.67582321 34.67224503 34.66810608 34.66449356 34.66282654 34.66439438 34.66655731 34.66730881 34.66598892 34.66466522 34.66319656 34.66056061 34.65838242 34.65673828 34.65626526 34.65546036 34.65268326 34.65021133 34.64907837 34.64880371 34.6476593 34.64693451 34.6464386 34.64860916 34.65153122 34.6544342 34.65552139 34.65463257 34.65196991 34.64902878 34.64728546 34.64694595 34.64887238 34.65095901 34.65303421 34.65397263 34.65391541 34.65326691 34.6526947
34.64773941 34.63037491 34.61514664 34.60432816 34.59749985 34.60101318 34.60642624 34.61796188 34.62410736 34.63902664 34.64716339 34.66083908 34.6705246 34.67350388 34.67453003 34.67261505 34.67285919 34.67287445 34.67076111 34.67022705 34.66555786 34.66612244 34.66853333 34.66919327 34.66706848 34.66305161 34.65988159 34.65668869 34.65376282 34.65175247 34.64904022 34.64969254 34.65012741 34.64875793 34.64714813 34.64667892 34.64675522 34.6463089 34.64492035 34.64571762 34.64877319 34.6513176 34.652668 34.65282059 34.65140915 34.64958191 34.64860535 34.64850998 34.64927673 34.65054321 34.65198898 34.65317154 34.65351105 34.65369797 34.65364456 34.65370941
34.63341141 34.61950302 34.60589218 34.60097122 34.59999084 34.60733414 34.61268616 34.62647629 34.63764191 34.64406204 34.65482712 34.66127777 34.65960312 34.6612854 34.65657043 34.65583038 34.65307999 34.6488533 34.65234756 34.65614319 34.66511154 34.66840363 34.66637802 34.66487503 34.661026 34.65585327 34.64757156 34.64663315 34.64332962 34.63997269 34.64102554 34.64415741 34.64627838 34.64595795 34.64427567 34.64297104 34.64331818 34.64331055 34.64321899 34.64487839 34.64753342 34.64924622 34.64978027 34.64949799 34.64855194 34.64849472 34.6494751 34.65206146 34.65388107 34.65528488 34.65588379 34.6557045 34.65498734 34.65437698 34.65428162 34.65518951
