Environmental Parameters/RCP 26/2100/Sea-bottom_dissolved_oxygen.asc
ncols 720
nrows 360
xllcorner -180.00
yllcorner -90.00
cellsize 0.5
NODATA_value -9999
[rows 25 to 49 of 360, columns 448 to 503 of 720]
317.2561035 317.7933655 317.8363037 318.270813 318.8572693 320.951416 321.9658203 322.7453003 323.2172852 323.9043274 324.2770081 325.1356506 325.1493225 325.6226196 325.7806396 326.1564026 326.3600769 326.7393188 326.874115 327.2434082 328.2797852 329.770752 329.8050232 330.1769104 332.4957275 329.2573853 330.6344299 330.2734375 327.5829468 327.0068054 326.5445862 326.860199 326.7690735 325.4463196 326.4290771 328.6699219 330.4746399 332.1518555 334.5855408 333.4735107 331.7897949 328.2102051 330.1971741 333.6811523 332.2314453 329.9090881 328.1515503 327.3685303 328.524231 320.9003906 324.3568115 325.4985657 331.0616455 332.2103577 332.0487061 332.9491577
318.3543091 318.5004578 318.7420654 319.1009827 319.1843567 320.4942017 320.8817749 321.6172485 322.2268677 323.2911072 324.3751526 325.227356 325.1717224 325.1947632 325.1076355 324.5359802 325.3199158 325.9177551 326.4725037 326.659729 328.2159424 329.9533386 330.5857544 332.8818359 331.7978821 329.9250793 330.6273193 332.08255 331.5784607 330.0930176 327.5379944 326.3570557 329.0350952 328.6079712 328.3447876 331.4274597 332.4457397 327.2504272 333.0467834 327.3023987 330.3241272 332.1981506 336.5857239 336.6192932 334.1609192 332.3047791 330.6825867 -9999.0 -9999.0 334.3465881 335.5231934 328.729248 327.2449951 327.8962402 329.3944702 335.2051697
320.2309875 319.5160217 319.2376099 319.9188843 320.5266418 322.5662537 322.4995117 322.821228 322.3047485 323.1641541 323.8267212 324.041748 324.6456604 325.3468018 324.9355774 325.5872498 327.2871399 330.9684143 338.1929932 338.1795959 338.3539124 338.9519043 344.1330872 346.6080017 349.2714233 350.0250549 347.2667542 344.0048523 334.7108459 331.1994629 332.6742859 335.6617432 342.9219666 350.9348145 340.0549622 335.3815918 332.1361389 326.2027588 324.4707947 323.4566956 324.2484131 328.6766968 -9999.0 -9999.0 -9999.0 335.236072 334.273468 331.8673401 336.495697 346.7686157 342.1737976 341.8431091 340.779541 339.9848633 341.255188 340.9432678
319.8349915 321.0679321 319.8406372 317.8140259 317.5092163 317.2669067 320.4469604 322.2565308 322.5434875 323.0961304 323.8859558 326.1610107 326.1947021 326.2037659 327.5821838 332.7279968 336.0990906 341.8721619 342.9954224 346.3747864 347.702179 347.3991699 347.380127 343.9049072 343.2217407 340.1201172 340.8391418 347.7989197 355.201355 342.4320984 339.4098816 343.042124 -9999.0 -9999.0 -9999.0 -9999.0 -9999.0 335.9917603 332.3943481 329.4576721 330.4582214 333.1769104 336.932373 342.271637 338.1306458 337.5171814 338.0724182 332.9375305 332.6018372 332.5300598 337.3749695 337.8748474 340.9037781 343.1693726 347.3217773 341.9953003
317.7292175 317.8204956 319.8771973 317.6375427 320.5973206 320.8652649 320.7746277 319.8903809 322.5847168 322.9723511 326.8294678 327.3387451 329.5379028 330.2972717 334.9596252 337.0858765 340.7856445 342.4165344 344.5744019 341.4832764 342.3817749 340.363739 340.4196167 346.7512512 348.0698242 342.5287476 344.7407532 350.7655199 -9999.0 -9999.0 -9999.0 -9999.0 353.1578882 345.7296143 339.9539795 338.5576477 341.6784973 333.8953857 326.850708 326.9778748 327.0227966 332.1638794 332.1356506 336.0922241 340.854187 341.1805725 340.4606018 341.715271 341.5001831 342.1997681 345.6214905 348.1400452 349.6225586 354.4540405 353.2460022 362.927002
317.0286255 316.740448 319.6115417 317.9299011 320.016571 323.7330017 324.5835266 324.3483582 327.4425964 327.2354736 329.3197937 330.0440063 332.0844727 335.0376587 335.2181396 337.012085 336.0771484 336.3433533 336.6505432 338.06073 340.9837952 342.6109619 342.7661438 348.1243591 342.4229126 -9999.0 -9999.0 -9999.0 -9999.0 -9999.0 346.700748 349.0570374 365.0970459 337.0785828 332.2953491 327.2944641 326.7844543 326.9267578 335.6920776 341.1454468 351.3674622 354.7244263 342.2973022 347.6903381 346.7319946 346.5401306 347.9263 345.6921082 344.2181091 361.3643494 367.9593201 353.7650452 372.8108521 369.5701294 372.5378113 369.0456848
310.8154297 311.5819397 315.5022583 315.775116 320.2291565 319.9146423 315.6991577 316.7019958 323.86026 326.9766846 328.9669189 330.165802 330.4322205 328.0514526 326.2529602 325.0002136 322.9082031 328.3765564 334.0610962 336.4734497 336.2550354 338.4214783 339.7569275 339.5168762 -9999.0 -9999.0 -9999.0 359.3507385 356.8028564 360.0659485 338.5176086 332.1174011 325.8086243 321.4065247 324.1355286 329.1864319 330.9873047 334.2278442 349.1080933 344.4812317 350.4401855 351.1634521 352.1778259 352.8803101 352.9880981 360.5847168 360.0697327 351.497467 367.7112427 370.2572021 377.7183838 373.3730774 369.6878357 372.1995239 372.1274414 372.3336792
296.2711182 310.6542053 310.9656067 314.9796448 314.8280334 316.3417664 316.2511902 319.2760925 318.7312927 320.4921875 323.3472595 322.9753418 323.6591797 325.0997009 324.0390015 326.4389343 331.7154541 328.8604736 333.1177063 338.9241028 337.0198975 338.6387115 -9999.0 -9999.0 -9999.0 359.3248313 364.8325195 365.1201782 327.6169739 319.8465576 316.3677368 317.9484558 320.397644 335.6418762 343.3153381 334.6360474 338.0736694 345.0502625 349.269165 349.8946228 349.6566162 350.1919861 352.6841431 360.7715149 370.9493103 359.8464661 369.1446533 370.9521484 378.5457764 379.2950439 370.8656921 371.0201721 371.9152527 372.3126831 373.5657959 373.3318481
309.9693298 310.4035339 310.7224731 311.1984863 314.5270386 314.2627258 314.399231 314.4399414 316.2859802 318.0014038 316.2263184 319.7825928 320.2030029 324.5178833 326.9312744 330.5843201 333.8417053 336.8686218 338.1077881 338.5682068 338.16745 341.2773519 -9999.0 359.8757442 362.9166565 363.7855225 313.0865173 312.0917358 314.7093506 313.9009705 328.5648804 318.9253845 323.510498 341.6391296 337.4050293 349.8285522 347.4986877 344.0103149 349.1417236 349.6959534 351.1604004 349.041626 353.122345 362.5544434 370.7076416 374.2419739 373.9585266 371.6408997 373.7911072 374.5731201 376.0856323 371.9039307 370.412384 369.4704895 369.3141785 376.1033325
313.197052 314.010498 314.4494629 314.7296753 314.5937195 314.3283386 315.2281799 315.3845825 316.5711365 318.1659851 320.3909607 322.4842529 323.6121826 325.0209351 326.7299194 331.0466919 349.9759521 340.2377014 338.7619629 -9999.0 -9999.0 -9999.0 -9999.0 361.114624 359.31073 325.7231445 308.6976318 313.7511292 319.6973267 313.1722107 314.5629578 320.2158813 336.9278564 327.3256226 339.812439 340.7735901 343.2633667 344.5067749 344.5402832 353.5023499 366.5308228 373.2750549 366.0266724 364.1751404 359.6722107 349.8657837 360.4049988 375.3335571 381.1855164 374.5694885 371.1228333 372.067627 367.4153748 368.2745056 369.686676 371.8422546
314.7937012 314.3935547 314.78302 314.6531067 314.7096252 315.4481812 316.1497803 318.236084 321.106781 324.5382996 327.2073364 329.0639648 329.2238159 329.2470398 337.6460571 345.6037903 344.15271 341.6013794 -9999.0 -9999.0 -9999.0 -9999.0 360.1105042 354.1072388 303.7299194 307.9509888 319.0505371 318.8679504 312.84198 323.7644653 334.9688721 325.9561157 324.5620422 326.6723633 330.4310913 335.5924072 339.9098206 342.4153748 349.0810547 348.6879578 340.0644531 340.0444946 343.7579956 341.649231 342.392334 344.9934387 354.5726624 372.7613525 381.0004272 378.3767395 -9999.0 -9999.0 -9999.0 -9999.0 -9999.0 -9999.0
316.7471924 318.4475403 317.6829529 320.3665466 321.4033508 324.1522522 329.5012512 330.8654785 330.129364 325.9570923 327.0122375 329.717926 330.4914551 334.2763672 349.1533203 336.249939 336.8518066 338.9961386 338.3020134 -9999.0 -9999.0 -9999.0 351.3945618 357.4119263 315.6207886 308.9282227 308.9129944 308.2871399 330.9894104 314.2601624 312.7225647 328.5207825 338.9181519 340.4278259 337.3404541 336.8491821 347.9516602 349.3570251 336.8710022 335.1313477 338.4454651 338.6557617 336.2357483 337.2800598 363.2981873 373.8881226 378.5864868 375.357666 375.8545837 365.2430725 -9999.0 -9999.0 -9999.0 -9999.0 -9999.0 368.2258692
316.6803894 315.2763367 323.6366272 324.2863464 326.0007324 329.4509888 325.5762329 328.7572327 330.0585632 330.1031494 331.6724854 333.2175598 334.7871094 332.6410217 331.9815674 333.9573059 350.4466248 334.2876282 335.7518311 336.5794067 -9999.0 -9999.0 -9999.0 350.4463806 354.1912537 323.6478271 307.8493347 307.4821472 307.3552551 309.0132446 308.9721985 313.1751404 334.7535706 348.3561707 343.1591797 334.8631897 332.7002563 323.7604675 323.7366333 335.7713013 362.9694824 339.0123901 338.7947388 370.7615356 374.485199 363.7675476 362.6776733 358.4013672 -9999.0 -9999.0 -9999.0 -9999.0 -9999.0 -9999.0 -9999.0 366.9774952
319.8388672 321.0742188 323.598938 325.5892639 327.4619141 328.5705261 326.9619446 328.6792297 330.4730225 331.1536865 331.7438049 332.3335266 333.8920898 335.3573608 335.4532776 333.2096252 334.0528564 341.0379639 352.3352661 348.0498962 348.3057251 344.0230408 338.5653381 338.6827698 340.6859436 335.9830627 351.6231384 326.9501038 310.5883484 311.1099548 310.2971802 321.1071167 320.8106689 335.4269714 334.8811646 324.1395874 323.5690613 320.1878052 326.2647705 334.2893677 341.3170471 359.7566528 367.9303894 360.5322876 351.3486328 348.1502991 348.7026978 -9999.0 -9999.0 -9999.0 -9999.0 -9999.0 -9999.0 -9999.0 -9999.0 -9999.0
322.42276 322.1531372 325.5439758 326.1835327 326.45755 327.4687195 329.4893188 328.540741 331.3023987 334.7665405 335.921051 332.3855896 333.0018616 330.9606018 332.8032837 334.4999084 336.0549622 336.6741638 336.3511658 338.2363281 335.5592651 332.2458801 331.7228699 332.1145935 339.9415283 348.0985718 344.6877441 338.068573 351.407135 335.5740662 347.2012024 329.7444153 316.9533691 324.8658142 318.1902161 319.9566956 320.8982239 320.8665466 323.8660278 324.073822 331.6658936 356.2778015 361.4833069 356.1295471 355.9410706 349.7620239 350.6358948 -9999.0 -9999.0 -9999.0 -9999.0 -9999.0 -9999.0 -9999.0 -9999.0 -9999.0
325.0260315 324.8080444 329.5581665 327.280304 327.3676758 328.7496643 333.4147949 334.0432434 335.5666199 339.8908997 334.8233032 335.6630554 341.4889526 336.6904602 337.3727417 339.7426147 349.0870056 342.9734802 341.7702332 339.8564758 341.0390625 346.6615906 349.3768311 348.8270874 343.6106567 347.1059265 344.8074341 347.2659302 350.3354187 347.1387329 344.1227417 333.4003906 330.929657 359.3731079 360.0089111 361.0002441 364.7155151 364.9712524 366.4035339 356.6742859 353.1878662 355.7397156 357.2895203 353.9071045 357.0322266 349.9403381 351.3833923 352.6462841 353.5733423 -9999.0 -9999.0 -9999.0 -9999.0 -9999.0 -9999.0 -9999.0
335.6311646 331.7839355 333.1593628 333.4701233 330.7133789 335.6473999 344.1138611 350.0968933 339.063446 339.1052604 -9999.0 342.2523193 350.5310364 339.3710938 339.3248901 344.4870911 350.203949 352.9239502 350.3569336 351.2996216 351.9931641 352.4634705 352.5205078 350.8282166 350.3620911 350.8890076 350.7377319 350.3624878 349.5005188 344.6903687 345.624939 345.8406372 346.0196533 346.4659119 -9999.0 -9999.0 -9999.0 -9999.0 -9999.0 -9999.0 -9999.0 349.8540344 355.0186157 357.6380615 357.5792236 357.5306091 353.4263 353.4819336 352.52005 -9999.0 -9999.0 -9999.0 -9999.0 -9999.0 -9999.0 -9999.0
332.8609619 332.1859436 331.2481384 330.5615845 330.4754028 330.2865601 337.657196 339.366394 338.0517578 341.6018066 339.8844299 344.234375 347.9122009 347.9125977 354.4327393 352.1278381 350.2066345 348.2467041 346.8778076 348.4107971 348.7688599 349.9057617 351.8670044 351.2129517 350.8573914 349.4497375 347.5969543 346.2622681 345.6030378 344.8461304 344.3808594 345.0739746 345.0482178 345.5771484 -9999.0 -9999.0 -9999.0 -9999.0 -9999.0 -9999.0 -9999.0 -9999.0 -9999.0 -9999.0 350.8354025 351.2509155 349.8795471 352.696106 352.0522156 350.9794312 351.5582581 -9999.0 -9999.0 -9999.0 -9999.0 -9999.0
340.0231934 -9999.0 -9999.0 333.925354 337.383667 333.6325684 335.7049255 344.657135 350.9801636 351.3658447 351.9298401 354.0145874 354.3603516 341.824585 343.5853271 -9999.0 344.8616052 346.7504063 348.5387511 349.4318848 351.9060059 352.0022888 350.7507744 -9999.0 -9999.0 -9999.0 -9999.0 -9999.0 -9999.0 -9999.0 345.1412544 344.9440136 -9999.0 -9999.0 -9999.0 -9999.0 -9999.0 -9999.0 -9999.0 -9999.0 -9999.0 -9999.0 -9999.0 -9999.0 -9999.0 -9999.0 -9999.0 348.7310543 347.5237904 348.8475952 -9999.0 -9999.0 -9999.0 -9999.0 -9999.0 -9999.0
343.3668213 -9999.0 338.8896484 339.3100891 339.8566284 344.0704346 338.2044983 351.1621704 348.8555298 338.6392517 340.755127 -9999.0 -9999.0 -9999.0 -9999.0 -9999.0 -9999.0 -9999.0 -9999.0 -9999.0 -9999.0 -9999.0 -9999.0 -9999.0 -9999.0 -9999.0 -9999.0 -9999.0 -9999.0 -9999.0 -9999.0 -9999.0 -9999.0 -9999.0 -9999.0 -9999.0 -9999.0 -9999.0 -9999.0 -9999.0 -9999.0 -9999.0 -9999.0 -9999.0 -9999.0 -9999.0 -9999.0 -9999.0 -9999.0 -9999.0 -9999.0 -9999.0 -9999.0 -9999.0 -9999.0 -9999.0
346.3508606 345.1817932 340.8812256 341.7232361 344.73703 345.3107605 342.8456116 339.2753601 -9999.0 -9999.0 -9999.0 -9999.0 -9999.0 -9999.0 -9999.0 -9999.0 -9999.0 -9999.0 -9999.0 -9999.0 -9999.0 -9999.0 -9999.0 -9999.0 -9999.0 -9999.0 -9999.0 -9999.0 -9999.0 -9999.0 -9999.0 -9999.0 -9999.0 -9999.0 -9999.0 -9999.0 -9999.0 -9999.0 -9999.0 -9999.0 -9999.0 -9999.0 -9999.0 -9999.0 -9999.0 -9999.0 -9999.0 -9999.0 -9999.0 -9999.0 -9999.0 -9999.0 -9999.0 -9999.0 -9999.0 347.7118387
352.381012 -9999.0 -9999.0 341.5807636 338.6493905 338.54599 338.6895377 338.8154238 -9999.0 -9999.0 -9999.0 -9999.0 -9999.0 -9999.0 -9999.0 -9999.0 -9999.0 -9999.0 -9999.0 -9999.0 -9999.0 -9999.0 -9999.0 -9999.0 -9999.0 -9999.0 -9999.0 -9999.0 -9999.0 -9999.0 -9999.0 -9999.0 -9999.0 -9999.0 -9999.0 -9999.0 -9999.0 -9999.0 -9999.0 -9999.0 -9999.0 -9999.0 -9999.0 -9999.0 -9999.0 -9999.0 -9999.0 -9999.0 -9999.0 -9999.0 -9999.0 -9999.0 344.0597124 343.8547106 345.2994671 347.1846056
348.7290763 -9999.0 -9999.0 -9999.0 -9999.0 -9999.0 -9999.0 -9999.0 -9999.0 -9999.0 -9999.0 -9999.0 -9999.0 -9999.0 -9999.0 -9999.0 -9999.0 -9999.0 -9999.0 -9999.0 -9999.0 -9999.0 -9999.0 -9999.0 -9999.0 -9999.0 -9999.0 -9999.0 -9999.0 -9999.0 -9999.0 -9999.0 -9999.0 -9999.0 -9999.0 -9999.0 -9999.0 -9999.0 -9999.0 -9999.0 -9999.0 -9999.0 -9999.0 -9999.0 -9999.0 -9999.0 -9999.0 -9999.0 -9999.0 -9999.0 -9999.0 -9999.0 344.1138678 344.5999928 345.1020002 345.6335564
-9999.0 -9999.0 -9999.0 -9999.0 -9999.0 -9999.0 -9999.0 -9999.0 -9999.0 -9999.0 -9999.0 -9999.0 -9999.0 -9999.0 -9999.0 -9999.0 -9999.0 -9999.0 -9999.0 -9999.0 -9999.0 -9999.0 -9999.0 -9999.0 -9999.0 -9999.0 -9999.0 -9999.0 -9999.0 -9999.0 -9999.0 -9999.0 -9999.0 -9999.0 -9999.0 -9999.0 -9999.0 -9999.0 -9999.0 -9999.0 -9999.0 -9999.0 -9999.0 -9999.0 -9999.0 -9999.0 -9999.0 -9999.0 -9999.0 -9999.0 -9999.0 -9999.0 -9999.0 -9999.0 -9999.0 -9999.0
-9999.0 -9999.0 -9999.0 -9999.0 -9999.0 -9999.0 -9999.0 -9999.0 -9999.0 -9999.0 -9999.0 -9999.0 -9999.0 -9999.0 -9999.0 -9999.0 -9999.0 -9999.0 -9999.0 -9999.0 -9999.0 -9999.0 -9999.0 -9999.0 -9999.0 -9999.0 -9999.0 -9999.0 -9999.0 -9999.0 -9999.0 -9999.0 -9999.0 -9999.0 -9999.0 -9999.0 -9999.0 -9999.0 -9999.0 -9999.0 -9999.0 -9999.0 -9999.0 -9999.0 -9999.0 -9999.0 -9999.0 -9999.0 -9999.0 -9999.0 -9999.0 -9999.0 -9999.0 -9999.0 -9999.0 -9999.0
