Environmental Parameters/RCP 26/2100/Sea-surface_temperature.asc
ncols 720
nrows 360
xllcorner -180.00
yllcorner -90.00
cellsize 0.5
NODATA_value -9999
[rows 100 to 124 of 360, columns 616 to 671 of 720]
13.98329544 14.19507122 14.33513069 14.3608427 14.20499897 14.39188194 14.55424786 14.65365505 14.72740173 14.86711693 15.03709602 15.0772419 14.96069145 14.84060192 14.80711842 15.09847832 15.5835743 15.96821213 16.19932652 16.42074013 16.62037468 16.68275833 16.73399734 16.70445442 15.97266388 -9999.0 -9999.0 14.18330039 13.77106476 13.89143658 14.40770912 14.86146927 14.96957588 14.66894245 13.74772263 12.88191128 12.9475193 13.68050194 14.52304173 15.26257038 15.95612717 16.6517458 17.00713158 16.92184448 16.35576534 15.72245789 15.45775414 15.43329048 15.60125446 15.79156971 15.84409237 15.85800552 15.76766396 15.64966297 15.5158205 15.4580698
14.73514557 15.18243027 15.37255383 15.39263058 15.42344952 15.42114735 15.38310528 15.39764118 15.49273014 15.72507858 15.93155384 16.11852741 16.21653366 16.2264185 16.2362709 16.29234886 16.46873474 16.5926609 16.75506783 16.92190552 17.06744766 17.08158302 17.03075981 16.96812534 16.35776499 -9999.0 -9999.0 14.6985321 14.54544449 14.98848629 15.58526707 16.16582966 16.50570488 16.37778473 15.67094612 14.9987011 14.84183693 15.37701797 15.96271896 16.41402626 16.79857445 17.1753521 17.42918968 17.40851212 17.12811279 16.68871689 16.40702629 16.34363937 16.38864136 16.44620323 16.45475578 16.43616486 16.38282967 16.34240532 16.33003616 16.36570358
15.37096119 15.90365219 16.06499672 16.13385582 16.224967 16.35092163 16.43861675 16.3812809 16.34931278 16.496521 16.79676819 17.05587006 17.12410927 17.08350563 17.07205582 16.99089813 16.95486641 16.99417114 17.07963181 17.22260666 17.37711525 17.41577721 17.30779362 16.90544796 -9999.0 -9999.0 15.66618729 15.15467358 15.3415041 15.74489975 16.26965714 16.85754776 17.37451553 17.62244415 17.31371307 16.67495346 16.37159729 16.55334091 16.89627647 17.17987061 17.35870171 17.54369164 17.62482834 17.72348404 17.66127396 17.45936394 17.30858994 17.2800045 17.26581001 17.24821091 17.21861649 17.2044487 17.17259598 17.14660072 17.12277794 17.07531738
15.84860992 16.45161438 16.74139595 16.90728951 16.91868401 16.93497658 17.01311684 16.99827671 16.96818733 17.13446426 17.48045444 17.72354984 17.73418903 17.61731148 17.48817253 17.27649879 17.25571632 17.36008835 17.45392227 17.54734421 17.56927872 17.52408981 17.41572952 -9999.0 -9999.0 16.4287529 15.78295135 15.73309231 15.91294384 16.32771111 16.86762428 17.27889824 17.5874176 17.83196259 18.02456284 17.90241814 17.45882034 17.38356209 17.54170609 17.72867775 17.83559227 17.94233131 18.0337677 18.13385773 18.24218369 18.22719383 18.12373734 18.03793907 17.98273277 17.95905685 17.95365334 17.9275856 17.89467812 17.83931923 17.76729012 17.65165901
-9999.0 16.64473319 17.04627991 17.409832 17.40200996 17.32786179 17.31086349 17.31258965 17.34865379 17.55708504 17.94242477 18.17581654 18.10206699 17.91710949 17.72641277 17.52206993 17.67770004 17.81717873 17.84014702 17.82686424 17.70670891 17.63892174 17.59055519 -9999.0 -9999.0 16.75481758 16.15006638 16.42291069 16.67921829 17.10613251 17.55782509 17.94640732 18.24498177 18.39242363 18.55604553 18.48825836 18.19789124 17.98017502 17.98141098 18.12797165 18.3230648 18.48812294 18.64303207 18.77190781 18.87735367 18.89665794 18.81790161 18.72260284 18.67525673 18.61555099 18.5788765 18.54135323 18.51002502 18.41792488 18.26713562 18.12130928
-9999.0 -9999.0 17.3962841 17.75233459 17.76553917 17.64517975 17.62072182 17.62155914 17.59334946 17.94470596 18.31906509 18.39713192 18.26620197 18.09326267 17.95637321 17.91910934 18.05120277 18.0197525 17.97718811 17.91102409 17.77051735 17.95123799 -9999.0 -9999.0 -9999.0 17.3329826 17.0881691 17.366745 17.70719337 18.23750496 18.67293167 18.9799366 19.2088623 19.29015541 19.30160713 19.17026329 18.89863014 18.62174606 18.50461769 18.59765625 18.80743408 19.0548172 19.2768364 19.43252945 19.51537704 19.47091675 19.39815712 19.30457306 19.21239471 19.13267899 19.10306358 19.08385277 19.03003693 18.91545105 18.71182442 18.56094551
-9999.0 -9999.0 17.75783539 18.06383705 18.03842354 17.87769699 17.85070801 17.83431053 17.9594574 18.37896729 18.66288567 18.58071709 18.3795948 18.25263405 18.20115471 18.26819992 18.31530571 18.368536 18.35837364 18.37081883 -9999.0 -9999.0 -9999.0 -9999.0 -9999.0 17.94585609 18.25037575 18.57141113 18.97200584 19.54727364 19.94477844 20.15796661 20.26582527 20.2035656 20.05220795 19.84402275 19.56715012 19.29853821 19.16490746 19.23868752 19.52140617 19.78501701 19.99671936 20.08969688 20.08474731 20.00444031 19.87059593 19.74689674 19.63685226 19.56894302 19.53422737 19.51111031 19.45323753 19.34020615 19.15241432 19.01174355
-9999.0 -9999.0 18.1930294 18.40252113 18.48649216 18.18599319 18.13304138 18.25261116 18.55742073 18.92881775 18.97691345 18.81952477 18.6219635 18.54470444 18.55673409 18.5692215 18.69207001 -9999.0 -9999.0 -9999.0 -9999.0 -9999.0 -9999.0 -9999.0 -9999.0 18.62769318 19.28914452 19.93229294 20.50872231 20.95093346 21.11369896 21.13727188 21.08016205 20.94692993 20.75858307 20.54781532 20.28092575 20.00842094 19.89001083 20.02787018 20.32319832 20.55347443 20.66914177 20.68792915 20.61637688 20.47764206 20.30885696 20.14103317 20.00851631 19.93089485 19.8666687 19.83282852 19.8123455 19.74966049 19.62004471 19.4607811
-9999.0 -9999.0 18.71663475 19.09771347 19.10424232 18.85993004 18.81281281 18.90308571 19.12991333 19.29775429 19.18220901 19.054636 18.94194603 18.84049797 18.81409454 18.79265022 19.08218575 -9999.0 -9999.0 -9999.0 -9999.0 -9999.0 -9999.0 19.72155018 19.65808296 19.46025467 20.56085396 21.50251198 21.87498093 21.93618393 21.81509018 21.74392128 21.61580276 21.41690826 21.25649452 21.13554573 20.96307564 20.77413559 20.699543 20.79687691 20.97205734 21.1087265 21.17301941 21.16180992 21.06313896 20.89123154 20.68922615 20.50336075 20.38874245 20.33180618 20.2798996 20.24448776 20.21559906 20.17701721 20.06277847 19.90006828
18.08674249 18.6471386 19.32239914 19.74317932 19.70121193 19.65507889 19.65613937 19.60985565 19.56612015 19.43264961 -9999.0 -9999.0 -9999.0 -9999.0 -9999.0 -9999.0 -9999.0 19.71015985 -9999.0 -9999.0 -9999.0 20.05521274 20.13605499 20.09062195 20.72200775 21.30410576 22.15209579 22.42208862 22.47594833 22.37003136 22.17710495 22.06575966 21.94464684 21.72198486 21.55309677 21.46988487 21.44659996 21.42615128 21.39496613 21.39102936 21.44048882 21.49900627 21.52412033 21.49238777 21.41206932 21.28963089 21.09945869 20.94690895 20.84909058 20.79999352 20.7759304 20.74502563 20.69181252 20.6103878 20.48133659 20.33249474
18.20698929 18.96302986 19.89910889 20.10567093 20.13720322 20.06266022 19.87800217 19.70544434 19.48547173 -9999.0 -9999.0 19.73662296 19.80357921 19.70697409 19.8389284 -9999.0 -9999.0 20.22575989 20.31773186 20.43708801 20.52372932 20.60720062 20.82143402 21.24283218 21.84623909 22.40024376 22.64982986 22.67412949 22.63732719 22.55895424 22.42229843 22.31216431 22.16873169 21.96482468 21.77707291 21.70720863 21.74383545 21.82302284 21.82161522 21.74782372 21.70926285 21.73648071 21.75660515 21.73133278 21.688797 21.63081741 21.51141548 21.39935684 21.32340813 21.29905891 21.28702354 21.24763107 21.17422485 21.06261826 20.91865921 20.76034355
19.56808853 20.1416893 20.42503929 20.38327789 20.21316338 19.93678284 19.72866975 19.50395782 19.26580441 19.34527418 19.95014539 20.39310178 20.62161291 20.36722174 20.9987027 -9999.0 21.18925285 20.97924995 20.95290184 21.03674126 21.13466263 21.36359596 21.70092201 22.16710281 22.51696205 22.76679039 22.8616581 22.79898643 22.72489548 22.63259506 22.49251938 22.39311218 22.2659893 22.13149261 22.00670433 21.94060135 22.01532173 22.12704086 22.13381577 22.04091454 21.95429993 21.96198654 21.96151543 21.9476757 21.92693901 21.87483978 21.82790375 21.75951767 21.72120857 21.70700073 21.69122314 21.64494896 21.56317139 21.45372391 21.31298256 21.14386368
20.94373894 20.82372475 20.4190979 19.91475677 19.75707054 19.76080894 19.62151346 19.30467623 19.26684755 20.37505846 21.20383745 21.57176581 21.82071304 21.96778297 22.39744186 22.25268173 21.76665688 21.82826042 21.80439758 21.79807663 21.89909935 22.15135193 22.50033569 22.73160172 22.85844612 22.95759201 22.99464035 22.9175663 22.78365707 22.6594944 22.49114227 22.36631775 22.25628853 22.19142914 22.16027451 22.16698456 22.24962234 22.33028221 22.31601906 22.22799301 22.17564392 22.17348289 22.17752075 22.15662575 22.13630676 22.08495903 22.04958344 22.01473618 21.98463249 21.96508217 21.95319939 21.91866112 21.84917641 21.75141144 21.62631798 21.4835968
21.26682281 20.73174477 20.2759037 20.36274477 20.32254164 -9999.0 -9999.0 20.16870372 20.56054497 21.6256485 22.61092758 22.8112011 23.12260818 23.49887085 23.71607399 23.70436859 23.6622467 23.55242348 23.26865768 22.99946976 22.80233574 22.80163574 22.94210625 22.96746445 23.0380497 23.10222626 23.09817314 23.00465393 22.87220764 22.71512604 22.49204254 22.33516121 22.25790024 22.26060867 22.30261803 22.35488319 22.41373444 22.4378624 22.39487648 22.33955002 22.33148384 22.33643341 22.3242569 22.31822395 22.30623245 22.2599411 22.21520615 22.17657852 22.15070534 22.12472343 22.10440826 22.0766449 22.03324318 21.96360397 21.87627029 21.77088737
21.69104767 21.4908123 21.23161507 20.90849113 20.89083792 21.15734005 -9999.0 22.21959114 22.77507782 23.20024681 23.53302765 24.08042336 24.24335289 24.17669678 24.05611992 23.95098495 23.92873573 23.90334511 23.79901505 23.56685638 23.34225845 23.22414017 23.22407341 23.21329689 23.21660614 23.21327972 23.17542648 23.07359314 22.96331024 22.82211685 22.62265587 22.45097733 22.39551544 22.40969658 22.46155739 22.51247215 22.5464592 22.53975105 22.47853279 22.43214035 22.41422653 22.40439034 22.40331841 22.40630913 22.39683723 22.37346077 22.3405323 22.30544853 22.28164482 22.26297569 22.23949814 22.21265411 22.19669724 22.17990875 22.12943077 22.04483604
22.35344887 22.31686401 22.15173912 21.7059269 21.32922363 21.86725254 -9999.0 23.08572388 23.89358902 24.28746033 24.39115524 24.24271584 23.97003937 23.7460289 23.58572769 23.51072693 23.49542046 23.5234127 23.54024315 23.50426483 23.42976379 23.38668251 23.37147522 23.37229919 23.33813286 23.29434776 23.21667862 23.11238098 22.99863243 22.88538742 22.73770523 22.62884903 22.59940147 22.61880302 22.64702797 22.67585564 22.69825935 22.68181038 22.61905861 22.55574989 22.51724243 22.48728371 22.47698021 22.50598907 22.53369331 22.52988434 22.51800156 22.49711609 22.47226143 22.45079231 22.44757462 22.42950821 22.41867828 22.41038704 22.37052917 22.32946968
22.83822441 22.84788132 22.72776031 22.40348244 22.30476379 22.57385196 23.13067627 23.79602623 24.44329834 24.42540169 24.18589401 23.85627365 23.58346367 23.38515854 23.25387573 23.20478249 23.18828773 23.20094681 23.25617027 23.31554985 23.37876892 23.41889954 23.43155479 23.42299843 23.40275002 23.34807777 23.23158646 23.12953186 23.04470825 22.95295334 22.86308289 22.78803253 22.7525444 22.77030754 22.80741119 22.84699821 22.86202812 22.84405899 22.7845211 22.71162415 22.66622925 22.64506531 22.67220497 22.71901131 22.75780678 22.76482391 22.76245117 22.74289513 22.7208786 22.71612358 22.72303772 22.71383095 22.67436218 22.62732124 22.58901787 22.58031654
23.27850151 23.31534195 23.39241028 23.34481812 23.08344078 23.25523949 23.47285652 24.39665413 24.58646965 24.32372475 23.97469139 23.65789223 23.44291878 23.26474762 23.13238525 23.05550575 23.06233978 23.10052681 23.16148949 23.23975372 23.32350349 23.39597893 23.44075012 23.43248558 23.41511726 23.37075424 23.26312828 23.19158363 23.13107872 23.06149483 23.0050869 22.97204018 22.95305824 22.95631981 22.9815712 23.01278877 23.03063202 23.0016861 22.95998573 22.92957687 22.90423393 22.90380096 22.93694878 23.00440979 23.02472496 23.03337479 23.0357914 23.0138073 23.00276947 23.01695824 23.0232029 22.989645 22.92612076 22.85920906 22.83389854 22.84567642
23.77139664 23.98033905 24.22253227 24.23968887 23.9910984 23.74251366 24.18502617 24.70748329 24.60352135 24.25371552 23.89454079 23.6609478 23.4927597 23.33181572 23.19969177 23.10477638 23.1004982 23.1476059 23.20842743 23.27481651 23.32479477 23.39078712 23.44003677 23.44398499 23.42046738 23.39142799 23.3256073 23.26612854 23.21094513 23.16846275 23.15944862 23.16914177 23.17471695 23.18473434 23.20028687 23.21650505 23.21842194 23.20691872 23.20001793 23.20521545 23.21430969 23.23121643 23.25888252 23.30726624 23.31534004 23.3230381 23.32052231 23.29193115 23.28679085 23.3067627 23.30258751 23.26526833 23.21305656 23.16825867 23.15046883 23.17518425
24.47770309 24.81663132 25.07335663 25.06305122 24.64692497 24.34803772 24.689785 24.84219551 24.59560204 24.22230148 23.91229057 23.73634338 23.59244728 23.45242691 23.33168221 23.24862671 23.25092888 23.29679489 23.34893036 23.38267326 23.40922356 23.47433853 23.49838448 23.50744629 23.49277878 23.48741913 23.45152092 23.41983414 23.38932991 23.3883419 23.41610718 23.44377518 23.44491005 23.44421577 23.46290016 23.48592186 23.48924637 23.49329185 23.51270866 23.53219223 23.5515728 23.57234764 23.5970974 23.63327789 23.64670181 23.63316154 23.61223221 23.5736866 23.56933975 23.6015625 23.60134888 23.5742588 23.55090714 23.5482769 23.54163361 23.5753479
25.26693344 25.43492699 25.40590096 25.31712532 25.20435524 25.08157349 24.98246193 24.82164001 24.55437279 24.21715355 23.97996712 23.86174774 23.76637459 23.67415047 23.55838013 23.47402191 23.46860504 23.49198723 23.51510429 23.54457855 23.56010437 23.59807396 23.61884499 23.64087105 23.64866638 23.64507675 23.62635422 23.63764191 23.64408302 23.66373825 23.70848656 23.7319622 23.75341034 23.76585579 23.79386902 23.82530212 23.84144974 23.8464489 23.86800575 23.88466835 23.90105247 23.91132927 23.92061043 23.9449482 23.94811249 23.93218613 23.91888428 23.90548706 23.90714073 23.92162323 23.9319191 23.92041206 23.89975357 23.9210186 23.95076561 23.99759674
25.5365448 25.33428192 25.19480133 25.2511158 25.23328781 25.12954521 24.9300518 24.73791122 24.52304649 24.24873543 24.05086517 23.95804214 23.90524673 23.84603882 23.77313995 23.72360039 23.70724678 23.71209526 23.71366692 23.7358532 23.74908447 23.78145218 23.81657982 23.8331337 23.8394146 23.83453751 23.84215736 23.87248421 23.87153435 23.88525963 23.92647552 23.98817062 24.03882408 24.0666256 24.10718155 24.14617348 24.17220879 24.17368126 24.17030525 24.18873596 24.22241783 24.25060844 24.25974846 24.29133987 24.3078537 24.3107872 24.30377007 24.31181526 24.31572533 24.32372665 24.33110237 24.28022957 24.2430172 24.26356697 24.30243301 24.33654022
25.32553482 25.05525398 24.885355 24.84869957 24.95410156 24.88721085 24.75637817 24.65583038 24.53450966 24.32653046 24.17954254 24.1301651 24.10625076 24.06396103 24.01132011 23.98319054 23.98846054 24.00615692 24.01064301 24.02142525 24.03523254 24.04136467 24.0305748 24.01613998 24.00927353 24.02135277 24.04447556 24.09457397 24.12672424 24.15060616 24.1813221 24.23143387 24.26693153 24.29825592 24.32586861 24.36908913 24.39682388 24.3880558 24.40415382 24.43115997 24.488554 24.55072403 24.58840561 24.62604332 24.64752007 24.64892387 24.66173553 24.68582344 24.70269394 24.72007179 24.70223427 24.65430832 24.6127758 24.60852432 24.62501907 24.64137077
25.07806587 24.73161125 24.58917618 24.73070908 24.83651161 24.79168701 24.70381165 24.6700592 24.60902786 24.4629612 24.3640213 24.35427094 24.37345886 24.37064552 24.33673477 24.30946732 24.35913849 24.3685112 24.36854744 24.38357162 24.37560463 24.32687759 24.24642754 24.18417931 24.1511879 24.21752167 24.29005051 24.32039642 24.34654617 24.4578495 24.52379227 24.53061867 24.5303688 24.53660965 24.56144333 24.60505104 24.63279915 24.61950302 24.63140106 24.67448807 24.75078201 24.84042168 24.90559578 24.94247055 24.95911407 24.98078918 25.02699089 25.05905724 25.06009102 25.05534363 25.0490303 25.01560402 24.97615623 24.93703461 24.91510963 24.91880798
24.90862846 24.73242569 24.89908791 25.0145359 24.95817184 24.87451172 24.77637863 24.73652267 24.72870636 24.6381855 24.57301712 24.57505417 24.61416435 24.65412331 24.68469048 24.68488884 24.70529366 24.72339249 24.73181725 24.72014427 24.68197823 24.61740875 24.54059601 24.46294212 24.43954849 24.50371361 24.5884037 24.51119804 24.44271469 24.72302246 24.86462593 24.88158035 24.87898827 24.89669228 24.93894005 24.96583557 24.94333649 24.91000175 24.92264175 24.99168396 25.0900383 25.18502045 25.24152374 25.2640686 25.28411102 25.32506561 25.39674377 25.41394615 25.40021133 25.37166023 25.33261299 25.25153542 25.21124268 25.15728951 25.12938118 25.14526558
